0  1  
1  2  
4  8  
6  10  
9  21  
10  20  
14  15  
16  25  
17  23  
18  27  
20  28  
21  14  
22  13  
23  18  
24  19  
25  26  
27  34  
30  30  
31  29  
33  31  
34  33  
36  48  
38  32  
41  42  
42  36  
43  38  
44  45  
46  51  
47  50  
49  41  
50  37  
51  55  
52  56  
53  39  
54  53  
55  40  
56  60  
57  43  
58  52  
60  49  
62  46  
63  54  
66  59   
73  71  
74  57  
75  58  
76  70  
78  66  
79  73  
80  72  
81  61  
82  63  
83  62  
84  74  
86  64  
87  65  
88  75  
90  67  
