0  2  
1  3  
10  28  
15  1  
16  0  
18  14  
19  15  
20  16  
21  7  
22  20  
23  19  
24  45  
28  35  
29  27  
31  46  
33  40  
35  18  
36  25  
37  26  
40  23  
44  31  
45  29  
49  69  
51  32  
52  58  
54  42  
55  59  
56  39  
57  62  
58  34  
59  50  
60  70  
61  55  
63  48  
65  47  
66  53  
69  33  
70  67  
71  57  
72  61  
73  65  
75  72  
79  63  
82  75  
86  76  
91  64  
94  80  
95  73  
99  79  
101  91  
102  85  
107  88  
115  89  
116  101  
118  100  
120  95  
127  97  
128  99  
129  102  
131  98  
