0  20  
4  7  
5  14  
7  27  
14  25  
16  21  
17  10  
18  34  
20  1  
22  18  
23  6  
25  8  
26  12  
27  17  
28  0  
30  13  
31  37  
32  23  
35  15  
36  16  
37  19  
38  35  
42  39  
43  46  
44  48  
47  22  
49  55  
50  28  
51  32  
53  60  
55  26  
56  24  
57  52  
58  67  
59  68  
60  56  
62  33  
63  51  
64  45  
67  57  
69  41  
70  53  
71  30  
72  54  
73  78  
74  43  
77  61  
78  66  
79  47  
83  49  
84  77  
86  65  
88  93  
91  50  
93  74  
94  76  
95  79  
97  70  
98  69  
102  71  
103  89  
105  64  
106  96  
110  88  
111  81  
112  99  
113  95  
115  84  
119  106  
120  102  
