2  41    
7  0  
12  21  
13  29  
15  30  
16  22  
19  16  
21  8  
22  13  
23  14  
25  34  
27  58  
32  38  
33  48  
34  27  
35  45  
36  44  
40  54  
42  42    
45  50  
46  52  
47  40  
50  43  
52  59  
53  74  
62  57  
63  67  
64  62  
65  56  
69  87  
70  85  
71  82  
74  81  
75  98  
77  70   
80  72  
81  64  
82  99  
84  66  
86  91  
87  80  
89  101  
90  77  
92  109  
94  83  
98  92    
101  88  
102  103  
105  95  
106  105  
107  89  
108  122  
109  126  
110  129  
112  117  
116  119   
126  111  
127  124  
130  128  
132  104  
133  137  
136  114  
137  131  
140  125  
141  138  
142  116    
151  133  
153  136  
160  144  
161  141  
