62  
23  20  24  25  60  20  42  46  91  101  383  377  32  32  27  42  24  350  52  53  22  47  49  46  105  81  86  137  102  71  54  30  30  22  53  114  93  44  76  47  22  30  39  40  99  46  51  35  37  32  26  23  83  65  33  23  20  20  21  22  29  24  
394  37  
395  37  
396  37  
397  37  
386  38  
387  38  
388  38  
389  38  
390  38  
391  38  
392  38  
393  38  
398  38  
399  38  
382  39  
383  39  
384  39  
385  39  
377  40  
378  40  
379  40  
380  40  
381  40  
314  53  
314  54  
314  55  
314  56  
314  57  
314  58  
314  59  
314  60  
314  61  
314  62  
314  63  
314  64  
314  65  
314  66  
314  67  
314  68  
314  69  
314  70  
314  71  
314  72  
317  54  
317  55  
317  56  
317  57  
317  58  
317  59  
317  60  
317  61  
317  62  
317  63  
317  64  
317  65  
317  66  
317  67  
317  68  
317  69  
317  70  
317  71  
317  72  
317  73  
317  74  
317  75  
317  76  
317  77  
353  59  
353  60  
353  61  
353  62  
353  63  
353  64  
353  65  
353  66  
353  67  
353  68  
353  69  
353  70  
353  71  
353  72  
353  73  
353  74  
353  75  
353  76  
353  77  
353  78  
353  79  
353  80  
354  81  
354  82  
354  83  
406  84  
407  84  
408  84  
409  84  
410  84  
411  84  
412  84  
413  84  
414  84  
415  84  
416  84  
417  84  
418  84  
419  84  
420  84  
421  84  
422  84  
395  85  
396  85  
397  85  
398  85  
399  85  
400  85  
401  85  
402  85  
403  85  
404  85  
405  85  
386  86  
387  86  
388  86  
389  86  
390  86  
391  86  
392  86  
393  86  
394  86  
378  87  
379  87  
380  87  
381  87  
382  87  
383  87  
384  87  
385  87  
370  88  
371  88  
372  88  
373  88  
374  88  
375  88  
376  88  
377  88  
363  89  
364  89  
365  89  
366  89  
367  89  
368  89  
369  89  
353  90  
354  90  
355  90  
346  91  
347  91  
348  91  
349  91  
350  91  
351  91  
352  91  
336  92  
337  92  
338  92  
339  92  
340  92  
341  92  
342  92  
343  92  
344  92  
345  92  
366  102  
367  102  
368  102  
369  102  
354  103  
355  103  
356  103  
357  103  
358  103  
359  103  
360  103  
361  103  
362  103  
363  103  
364  103  
365  103  
339  104  
345  104  
346  104  
347  104  
348  104  
349  104  
350  104  
351  104  
352  104  
353  104  
332  105  
333  105  
334  105  
335  105  
336  105  
337  105  
338  105  
340  105  
341  105  
342  105  
343  105  
344  105  
328  106  
329  106  
330  106  
331  106  
349  108  
350  108  
351  108  
352  108  
353  108  
336  109  
337  109  
338  109  
339  109  
340  109  
341  109  
342  109  
343  109  
344  109  
345  109  
346  109  
347  109  
348  109  
327  110  
328  110  
329  110  
330  110  
331  110  
332  110  
333  110  
334  110  
335  110  
317  111  
318  111  
319  111  
320  111  
321  111  
322  111  
323  111  
324  111  
325  111  
326  111  
308  112  
309  112  
310  112  
311  112  
312  112  
313  112  
314  112  
315  112  
316  112  
207  114  
207  115  
207  116  
207  117  
207  118  
207  119  
207  120  
207  121  
207  122  
207  123  
207  124  
207  125  
207  126  
207  127  
207  128  
207  129  
207  130  
207  131  
206  132  
206  133  
207  134  
207  135  
207  136  
207  137  
207  138  
207  139  
207  140  
207  141  
207  142  
207  143  
207  144  
207  145  
207  146  
207  147  
207  148  
207  149  
207  150  
207  151  
207  152  
207  153  
207  154  
207  155  
207  156  
207  157  
207  158  
207  159  
207  160  
207  161  
207  162  
207  163  
207  164  
208  165  
208  166  
208  167  
208  168  
208  169  
208  170  
208  171  
208  172  
208  173  
208  174  
208  175  
208  176  
208  177  
208  178  
208  179  
208  180  
208  181  
208  182  
208  183  
208  184  
208  185  
208  186  
208  187  
208  188  
208  189  
208  190  
208  191  
208  192  
208  193  
208  194  
208  195  
208  196  
208  197  
208  198  
208  199  
208  200  
208  201  
208  202  
208  203  
208  204  
210  115  
210  116  
210  117  
210  118  
210  119  
210  120  
210  121  
210  122  
210  123  
210  124  
210  125  
210  126  
210  127  
210  128  
210  129  
210  130  
210  131  
210  132  
210  133  
210  134  
210  135  
210  136  
210  137  
210  138  
210  139  
210  140  
210  141  
210  142  
210  143  
210  144  
210  145  
210  146  
210  147  
210  148  
210  149  
210  150  
211  151  
211  152  
211  153  
211  154  
211  155  
211  156  
211  157  
211  158  
211  159  
211  160  
211  161  
211  162  
211  163  
211  164  
211  165  
211  166  
211  167  
211  168  
211  169  
211  170  
211  171  
211  172  
211  173  
211  174  
211  175  
211  176  
211  177  
211  178  
211  179  
211  180  
211  181  
211  182  
211  183  
211  184  
211  185  
211  186  
211  187  
211  188  
211  189  
211  190  
211  191  
211  192  
211  193  
211  194  
211  195  
211  196  
211  197  
211  198  
211  199  
211  200  
211  201  
211  202  
211  203  
211  204  
211  205  
211  206  
211  207  
211  208  
211  209  
211  210  
211  211  
211  212  
211  213  
211  214  
211  215  
236  123  
236  124  
236  125  
236  126  
236  127  
236  128  
236  129  
236  130  
236  131  
237  132  
237  133  
237  134  
236  135  
236  136  
236  137  
237  138  
237  139  
237  140  
237  141  
237  142  
237  143  
237  144  
237  145  
237  146  
237  147  
237  148  
237  149  
237  150  
237  151  
237  152  
237  153  
237  154  
237  155  
237  156  
237  157  
237  158  
237  159  
237  160  
237  161  
237  162  
237  163  
237  164  
237  165  
237  166  
237  167  
237  168  
237  169  
237  170  
237  171  
237  172  
237  173  
237  174  
237  175  
237  176  
237  177  
237  178  
237  179  
237  180  
237  181  
237  182  
237  183  
237  184  
237  185  
237  186  
237  187  
237  188  
237  189  
238  190  
238  191  
238  192  
238  193  
238  194  
238  195  
238  196  
238  197  
238  198  
237  199  
237  200  
237  201  
237  202  
237  203  
237  204  
237  205  
237  206  
237  207  
238  208  
238  209  
238  210  
238  211  
238  212  
238  213  
238  214  
238  215  
238  216  
238  217  
238  218  
238  219  
238  220  
238  221  
238  222  
238  223  
238  224  
238  225  
238  226  
238  227  
238  228  
238  229  
238  230  
238  231  
238  232  
238  233  
238  234  
238  235  
238  236  
238  237  
238  238  
238  239  
238  240  
238  241  
238  242  
238  243  
238  244  
238  245  
238  246  
238  247  
238  248  
238  249  
238  250  
238  251  
238  252  
238  253  
238  254  
238  255  
238  256  
238  257  
238  258  
238  259  
238  260  
238  261  
238  262  
238  263  
238  264  
238  265  
238  266  
238  267  
238  268  
239  269  
239  270  
238  271  
238  272  
238  273  
239  274  
239  275  
239  276  
239  277  
239  278  
239  279  
239  280  
239  281  
239  282  
239  283  
239  284  
239  285  
239  286  
239  287  
239  288  
239  289  
239  290  
239  291  
239  292  
239  293  
239  294  
239  295  
239  296  
239  297  
239  298  
239  299  
239  300  
239  301  
239  302  
239  303  
239  304  
239  305  
239  306  
239  307  
239  308  
239  309  
239  310  
239  311  
239  312  
239  313  
239  314  
239  315  
239  316  
239  317  
239  318  
240  319  
240  320  
240  321  
239  322  
239  323  
239  324  
239  325  
240  326  
240  327  
240  328  
240  329  
240  330  
240  331  
240  332  
240  333  
240  334  
240  335  
240  336  
240  337  
240  338  
240  339  
240  340  
240  341  
240  342  
240  343  
240  344  
240  345  
240  346  
240  347  
240  348  
240  349  
240  350  
240  351  
240  352  
240  353  
240  354  
240  355  
240  356  
240  357  
240  358  
240  359  
240  360  
240  361  
240  362  
240  363  
240  364  
240  365  
240  366  
240  367  
240  368  
240  369  
240  370  
240  371  
240  372  
240  373  
240  374  
240  375  
240  376  
240  377  
240  378  
240  379  
240  380  
240  381  
240  382  
240  383  
240  384  
240  385  
240  386  
240  387  
240  388  
240  389  
240  390  
241  391  
240  392  
240  393  
240  394  
240  395  
240  396  
240  397  
241  398  
241  399  
241  400  
241  401  
241  402  
241  403  
241  404  
241  405  
241  406  
241  407  
241  408  
241  409  
241  410  
241  411  
241  412  
241  413  
241  414  
241  415  
241  416  
241  417  
241  418  
241  419  
241  420  
241  421  
241  422  
241  423  
241  424  
241  425  
241  426  
241  427  
241  428  
241  429  
241  430  
241  431  
241  432  
241  433  
241  434  
241  435  
241  436  
241  437  
241  438  
241  439  
241  440  
241  441  
241  442  
241  443  
241  444  
241  445  
241  446  
241  447  
241  448  
241  449  
241  450  
241  451  
241  452  
241  453  
241  454  
241  455  
241  456  
241  457  
241  458  
241  459  
241  460  
241  461  
241  462  
241  463  
241  464  
241  465  
241  466  
241  467  
241  468  
241  469  
242  470  
242  471  
241  472  
241  473  
241  474  
241  475  
241  476  
241  477  
241  478  
241  479  
241  480  
241  481  
241  482  
241  483  
242  484  
242  485  
242  486  
242  487  
241  488  
241  489  
241  490  
241  491  
241  492  
241  493  
241  494  
241  495  
242  496  
242  497  
242  498  
242  499  
241  500  
241  501  
241  502  
241  503  
242  504  
241  505  
240  123  
240  124  
240  125  
240  126  
240  127  
240  128  
240  129  
240  130  
240  131  
240  132  
240  133  
240  134  
240  135  
240  136  
240  137  
240  138  
240  139  
240  140  
240  141  
240  142  
240  143  
240  144  
240  145  
240  146  
240  147  
240  148  
240  149  
240  150  
240  151  
240  152  
240  153  
240  154  
240  155  
240  156  
240  157  
240  158  
240  159  
240  160  
240  161  
240  162  
240  163  
241  164  
241  165  
241  166  
241  167  
241  168  
241  169  
241  170  
241  171  
241  172  
241  173  
241  174  
241  175  
241  176  
241  177  
241  178  
241  179  
241  180  
241  181  
241  182  
241  183  
241  184  
241  185  
241  186  
241  187  
241  188  
241  189  
241  190  
241  191  
241  192  
241  193  
241  194  
241  195  
241  196  
241  197  
241  198  
241  199  
241  200  
241  201  
241  202  
241  203  
241  204  
241  205  
241  206  
241  207  
241  208  
241  209  
241  210  
241  211  
241  212  
241  213  
241  214  
241  215  
241  216  
241  217  
241  218  
241  219  
241  220  
241  221  
241  222  
241  223  
241  224  
241  225  
242  226  
242  227  
242  228  
242  229  
242  230  
242  231  
242  232  
242  233  
242  234  
242  235  
242  236  
242  237  
242  238  
242  239  
242  240  
242  241  
242  242  
242  243  
242  244  
242  245  
242  246  
242  247  
242  248  
242  249  
242  250  
242  251  
242  252  
242  253  
242  254  
242  255  
242  256  
242  257  
242  258  
242  259  
242  260  
242  261  
242  262  
242  263  
242  264  
242  265  
242  266  
242  267  
242  268  
242  269  
242  270  
242  271  
242  272  
242  273  
242  274  
242  275  
242  276  
242  277  
242  278  
242  279  
242  280  
242  281  
242  282  
242  283  
242  284  
242  285  
242  286  
242  287  
242  288  
242  289  
242  290  
243  291  
243  292  
243  293  
243  294  
243  295  
243  296  
243  297  
243  298  
243  299  
243  300  
243  301  
243  302  
243  303  
243  304  
243  305  
243  306  
243  307  
243  308  
243  309  
243  310  
243  311  
243  312  
243  313  
243  314  
243  315  
243  316  
243  317  
243  318  
243  319  
243  320  
243  321  
243  322  
243  323  
243  324  
243  325  
243  326  
243  327  
243  328  
243  329  
243  330  
243  331  
243  332  
243  333  
243  334  
243  335  
243  336  
243  337  
243  338  
243  339  
243  340  
243  341  
243  342  
243  343  
243  344  
243  345  
243  346  
243  347  
243  348  
243  349  
243  350  
243  351  
243  352  
243  353  
243  354  
243  355  
243  356  
243  357  
243  358  
244  359  
244  360  
243  361  
243  362  
243  363  
243  364  
243  365  
244  366  
244  367  
244  368  
244  369  
244  370  
244  371  
244  372  
244  373  
244  374  
244  375  
244  376  
244  377  
244  378  
244  379  
244  380  
244  381  
244  382  
244  383  
244  384  
244  385  
244  386  
244  387  
244  388  
244  389  
244  390  
244  391  
244  392  
244  393  
244  394  
244  395  
244  396  
244  397  
244  398  
244  399  
244  400  
244  401  
244  402  
244  403  
244  404  
244  405  
244  406  
244  407  
244  408  
244  409  
244  410  
244  411  
244  412  
244  413  
244  414  
244  415  
244  416  
244  417  
244  418  
244  419  
244  420  
244  421  
244  422  
244  423  
244  424  
244  425  
244  426  
244  427  
244  428  
244  429  
244  430  
244  431  
244  432  
244  433  
244  434  
244  435  
244  436  
244  437  
244  438  
244  439  
244  440  
244  441  
244  442  
244  443  
245  444  
245  445  
245  446  
245  447  
245  448  
245  449  
245  450  
245  451  
245  452  
245  453  
245  454  
245  455  
245  456  
245  457  
245  458  
245  459  
245  460  
245  461  
245  462  
245  463  
245  464  
245  465  
245  466  
245  467  
245  468  
245  469  
245  470  
245  471  
245  472  
245  473  
245  474  
245  475  
245  476  
245  477  
245  478  
245  479  
245  480  
245  481  
245  482  
245  483  
245  484  
245  485  
245  486  
245  487  
245  488  
245  489  
245  490  
245  491  
245  492  
245  493  
245  494  
245  495  
245  496  
245  497  
245  498  
246  499  
367  127  
351  128  
352  128  
353  128  
354  128  
355  128  
356  128  
357  128  
358  128  
359  128  
360  128  
361  128  
362  128  
363  128  
364  128  
365  128  
366  128  
344  129  
345  129  
346  129  
347  129  
348  129  
349  129  
350  129  
336  130  
337  130  
338  130  
339  130  
340  130  
341  130  
342  130  
343  130  
182  131  
182  132  
182  133  
182  134  
182  135  
182  136  
182  137  
182  138  
182  139  
182  140  
182  141  
182  142  
182  143  
182  144  
182  145  
182  146  
182  147  
182  148  
182  149  
182  150  
182  151  
182  152  
182  153  
182  154  
182  155  
182  156  
182  157  
182  158  
182  159  
182  160  
182  161  
182  162  
220  137  
220  138  
220  139  
220  140  
220  141  
221  142  
221  143  
221  144  
221  145  
221  146  
221  147  
221  148  
221  149  
221  150  
221  151  
221  152  
220  153  
220  154  
220  155  
220  156  
220  157  
220  158  
221  159  
221  160  
221  161  
221  162  
221  163  
245  145  
245  146  
245  147  
245  148  
245  149  
245  150  
245  151  
245  152  
245  153  
245  154  
245  155  
245  156  
245  157  
245  158  
245  159  
245  160  
245  161  
245  162  
245  163  
245  164  
245  165  
245  166  
245  167  
245  168  
245  169  
245  170  
245  171  
245  172  
245  173  
245  174  
245  175  
245  176  
245  177  
245  178  
245  179  
245  180  
246  181  
246  182  
246  183  
246  184  
246  185  
246  186  
341  161  
342  161  
343  161  
348  161  
349  161  
350  161  
351  161  
352  161  
353  161  
354  161  
355  161  
356  161  
357  161  
358  161  
359  161  
360  161  
337  162  
338  162  
339  162  
340  162  
344  162  
345  162  
346  162  
347  162  
234  168  
234  169  
234  170  
234  171  
234  172  
234  173  
234  174  
234  175  
234  176  
234  177  
234  178  
234  179  
234  180  
234  181  
234  182  
234  183  
234  184  
234  185  
234  186  
234  187  
234  188  
234  189  
234  190  
234  191  
234  192  
234  193  
234  194  
234  195  
234  196  
234  197  
234  198  
234  199  
234  200  
234  201  
234  202  
234  203  
234  204  
234  205  
234  206  
234  207  
234  208  
234  209  
234  210  
234  211  
234  212  
234  213  
234  214  
234  215  
234  216  
234  217  
234  218  
234  219  
234  220  
234  221  
234  222  
234  223  
234  224  
234  225  
234  226  
234  227  
234  228  
234  229  
235  230  
235  231  
235  232  
235  233  
235  234  
235  235  
235  236  
235  237  
235  238  
235  239  
235  240  
235  241  
235  242  
235  243  
235  244  
235  245  
235  246  
235  247  
235  248  
235  249  
235  250  
235  251  
235  252  
235  253  
235  254  
235  255  
235  256  
235  257  
235  258  
235  259  
235  260  
235  261  
235  262  
235  263  
235  264  
235  265  
235  266  
235  267  
235  268  
235  269  
235  270  
235  271  
235  272  
235  273  
235  274  
235  275  
235  276  
235  277  
235  278  
235  279  
235  280  
235  281  
235  282  
235  283  
235  284  
235  285  
235  286  
235  287  
235  288  
235  289  
235  290  
235  291  
235  292  
235  293  
236  294  
236  295  
235  296  
235  297  
235  298  
235  299  
235  300  
235  301  
235  302  
235  303  
236  304  
236  305  
236  306  
236  307  
236  308  
236  309  
236  310  
236  311  
236  312  
236  313  
236  314  
236  315  
236  316  
236  317  
236  318  
236  319  
236  320  
236  321  
236  322  
236  323  
236  324  
236  325  
236  326  
236  327  
236  328  
236  329  
236  330  
236  331  
236  332  
236  333  
236  334  
236  335  
236  336  
236  337  
236  338  
236  339  
236  340  
236  341  
236  342  
236  343  
236  344  
236  345  
236  346  
236  347  
236  348  
236  349  
236  350  
236  351  
236  352  
236  353  
236  354  
236  355  
236  356  
236  357  
236  358  
236  359  
236  360  
237  361  
236  362  
236  363  
236  364  
236  365  
236  366  
236  367  
236  368  
236  369  
236  370  
236  371  
236  372  
237  373  
237  374  
237  375  
237  376  
237  377  
237  378  
237  379  
237  380  
237  381  
237  382  
237  383  
237  384  
237  385  
237  386  
237  387  
237  388  
237  389  
237  390  
237  391  
237  392  
237  393  
237  394  
237  395  
237  396  
237  397  
237  398  
237  399  
237  400  
237  401  
237  402  
237  403  
237  404  
237  405  
237  406  
237  407  
237  408  
237  409  
237  410  
237  411  
237  412  
237  413  
237  414  
237  415  
237  416  
237  417  
237  418  
237  419  
237  420  
237  421  
237  422  
237  423  
237  424  
237  425  
237  426  
237  427  
237  428  
237  429  
237  430  
237  431  
237  432  
237  433  
237  434  
237  435  
237  436  
237  437  
237  438  
237  439  
237  440  
237  441  
238  442  
238  443  
238  444  
238  445  
238  446  
238  447  
238  448  
237  449  
237  450  
238  451  
238  452  
238  453  
238  454  
238  455  
238  456  
238  457  
238  458  
238  459  
238  460  
238  461  
238  462  
238  463  
238  464  
238  465  
238  466  
238  467  
238  468  
238  469  
238  470  
238  471  
238  472  
238  473  
238  474  
238  475  
238  476  
238  477  
238  478  
238  479  
238  480  
238  481  
238  482  
238  483  
238  484  
238  485  
238  486  
238  487  
238  488  
238  489  
238  490  
238  491  
238  492  
238  493  
238  494  
238  495  
238  496  
238  497  
238  498  
238  499  
238  500  
238  501  
238  502  
238  503  
238  504  
238  505  
238  506  
238  507  
238  508  
238  509  
238  510  
238  511  
238  512  
238  513  
238  514  
238  515  
238  516  
238  517  
346  189  
347  189  
348  189  
349  189  
350  189  
351  189  
352  189  
353  189  
336  190  
337  190  
338  190  
339  190  
340  190  
341  190  
342  190  
343  190  
344  190  
345  190  
322  191  
323  191  
324  191  
325  191  
326  191  
327  191  
328  191  
329  191  
330  191  
331  191  
332  191  
333  191  
334  191  
335  191  
309  192  
310  192  
311  192  
312  192  
313  192  
314  192  
315  192  
316  192  
317  192  
318  192  
319  192  
320  192  
321  192  
302  193  
303  193  
304  193  
305  193  
306  193  
307  193  
308  193  
223  198  
224  199  
224  200  
225  201  
225  202  
224  203  
224  204  
224  205  
224  206  
224  207  
224  208  
224  209  
224  210  
223  211  
223  212  
223  213  
223  214  
223  215  
223  216  
223  217  
224  218  
224  219  
224  220  
224  221  
224  222  
224  223  
224  224  
224  225  
224  226  
224  227  
224  228  
224  229  
224  230  
224  231  
224  232  
225  233  
225  234  
224  235  
224  236  
224  237  
224  238  
224  239  
224  240  
225  241  
224  242  
224  243  
224  244  
224  245  
224  246  
225  247  
225  248  
225  249  
225  250  
353  209  
354  209  
355  209  
356  209  
357  209  
358  209  
337  210  
338  210  
339  210  
340  210  
341  210  
342  210  
343  210  
344  210  
345  210  
346  210  
347  210  
348  210  
349  210  
350  210  
351  210  
352  210  
308  211  
309  211  
310  211  
311  211  
312  211  
313  211  
314  211  
315  211  
316  211  
317  211  
318  211  
319  211  
320  211  
321  211  
322  211  
323  211  
324  211  
325  211  
279  212  
280  212  
281  212  
284  212  
285  212  
286  212  
287  212  
288  212  
289  212  
290  212  
291  212  
292  212  
293  212  
294  212  
295  212  
296  212  
297  212  
298  212  
299  212  
300  212  
301  212  
302  212  
303  212  
304  212  
305  212  
306  212  
307  212  
282  213  
283  213  
366  213  
367  213  
368  213  
369  213  
370  213  
371  213  
372  213  
373  213  
374  213  
375  213  
376  213  
377  213  
378  213  
379  213  
380  213  
381  213  
382  213  
334  214  
335  214  
336  214  
337  214  
338  214  
339  214  
340  214  
341  214  
342  214  
343  214  
344  214  
345  214  
346  214  
347  214  
348  214  
349  214  
350  214  
351  214  
352  214  
353  214  
354  214  
355  214  
356  214  
357  214  
358  214  
359  214  
360  214  
361  214  
362  214  
363  214  
364  214  
365  214  
246  223  
246  224  
246  225  
246  226  
246  227  
246  228  
246  229  
246  230  
246  231  
246  232  
246  233  
246  234  
246  235  
246  236  
246  237  
246  238  
246  239  
246  240  
246  241  
246  242  
246  243  
247  244  
247  245  
247  246  
247  247  
247  248  
247  249  
247  250  
247  251  
247  252  
247  253  
247  254  
247  255  
247  256  
247  257  
247  258  
247  259  
247  260  
247  261  
247  262  
247  263  
247  264  
247  265  
247  266  
247  267  
246  268  
212  226  
212  227  
212  228  
212  229  
212  230  
212  231  
212  232  
212  233  
212  234  
212  235  
212  236  
212  237  
212  238  
212  239  
212  240  
212  241  
212  242  
212  243  
212  244  
212  245  
212  246  
212  247  
212  248  
212  249  
212  250  
212  251  
212  252  
212  253  
212  254  
212  255  
212  256  
212  257  
212  258  
212  259  
212  260  
212  261  
212  262  
212  263  
212  264  
212  265  
212  266  
212  267  
212  268  
212  269  
212  270  
212  271  
212  272  
212  273  
212  274  
212  275  
212  276  
213  277  
213  278  
213  279  
213  280  
212  281  
212  282  
212  283  
212  284  
213  285  
213  286  
213  287  
213  288  
213  289  
213  290  
213  291  
213  292  
213  293  
213  294  
213  295  
213  296  
213  297  
213  298  
213  299  
213  300  
213  301  
213  302  
213  303  
213  304  
213  305  
213  306  
213  307  
213  308  
213  309  
213  310  
213  311  
213  312  
213  313  
213  314  
213  315  
213  316  
213  317  
213  318  
213  319  
213  320  
213  321  
213  322  
213  323  
213  324  
213  325  
213  326  
213  327  
213  328  
213  329  
213  330  
341  269  
342  269  
343  269  
344  269  
345  269  
346  269  
347  269  
348  269  
349  269  
350  269  
351  269  
352  269  
353  269  
354  269  
355  269  
356  269  
357  269  
358  269  
359  269  
360  269  
361  269  
362  269  
321  270  
322  270  
323  270  
324  270  
325  270  
326  270  
327  270  
328  270  
329  270  
330  270  
331  270  
332  270  
333  270  
334  270  
335  270  
336  270  
337  270  
338  270  
339  270  
340  270  
300  271  
301  271  
302  271  
303  271  
304  271  
305  271  
306  271  
307  271  
308  271  
309  271  
310  271  
311  271  
312  271  
313  271  
314  271  
315  271  
316  271  
317  271  
318  271  
319  271  
320  271  
289  272  
290  272  
291  272  
292  272  
293  272  
294  272  
295  272  
296  272  
297  272  
298  272  
299  272  
282  273  
283  273  
284  273  
285  273  
286  273  
287  273  
288  273  
207  275  
207  276  
207  277  
207  278  
207  279  
207  280  
207  281  
207  282  
207  283  
207  284  
207  285  
207  286  
207  287  
207  288  
207  289  
207  290  
207  291  
207  292  
207  293  
207  294  
207  295  
207  296  
207  297  
207  298  
207  299  
207  300  
207  301  
207  302  
207  303  
207  304  
207  305  
207  306  
207  307  
207  308  
207  309  
207  310  
207  311  
207  312  
207  313  
207  314  
207  315  
207  316  
207  317  
207  318  
207  319  
207  320  
207  321  
207  322  
207  323  
207  324  
207  325  
208  326  
208  327  
208  328  
208  329  
208  330  
208  331  
208  332  
208  333  
208  334  
208  335  
208  336  
208  337  
208  338  
208  339  
208  340  
208  341  
208  342  
208  343  
208  344  
208  345  
208  346  
208  347  
208  348  
208  349  
208  350  
208  351  
208  352  
208  353  
208  354  
208  355  
208  356  
208  357  
208  358  
208  359  
208  360  
209  275  
209  276  
210  277  
210  278  
210  279  
210  280  
210  281  
210  282  
210  283  
210  284  
210  285  
210  286  
210  287  
210  288  
210  289  
210  290  
210  291  
210  292  
210  293  
210  294  
210  295  
210  296  
210  297  
210  298  
210  299  
210  300  
210  301  
210  302  
210  303  
210  304  
210  305  
210  306  
210  307  
210  308  
210  309  
210  310  
210  311  
210  312  
210  313  
210  314  
210  315  
210  316  
210  317  
210  318  
210  319  
210  320  
210  321  
210  322  
210  323  
210  324  
210  325  
210  326  
210  327  
210  328  
210  329  
210  330  
210  331  
210  332  
210  333  
210  334  
210  335  
210  336  
210  337  
210  338  
210  339  
210  340  
210  341  
210  342  
210  343  
211  344  
211  345  
211  346  
211  347  
211  348  
211  349  
211  350  
211  351  
211  352  
211  353  
211  354  
211  355  
211  356  
211  357  
211  358  
211  359  
211  360  
211  361  
211  362  
211  363  
211  364  
211  365  
211  366  
211  367  
211  368  
211  369  
211  370  
211  371  
211  372  
211  373  
211  374  
211  375  
211  376  
211  377  
211  378  
211  379  
211  380  
211  381  
211  382  
211  383  
211  384  
211  385  
211  386  
211  387  
211  388  
211  389  
211  390  
211  391  
211  392  
211  393  
211  394  
211  395  
211  396  
211  397  
211  398  
211  399  
211  400  
211  401  
211  402  
211  403  
211  404  
211  405  
211  406  
211  407  
211  408  
211  409  
211  410  
211  411  
340  289  
341  289  
342  289  
343  289  
344  289  
345  289  
346  289  
347  289  
348  289  
349  289  
350  289  
351  289  
352  289  
353  289  
354  289  
355  289  
356  289  
357  289  
358  289  
359  289  
360  289  
361  289  
362  289  
363  289  
364  289  
365  289  
366  289  
367  289  
368  289  
369  289  
370  289  
371  289  
372  289  
373  289  
374  289  
375  289  
376  289  
377  289  
378  289  
379  289  
380  289  
381  289  
382  289  
281  290  
282  290  
283  290  
284  290  
285  290  
286  290  
287  290  
288  290  
289  290  
290  290  
291  290  
292  290  
293  290  
294  290  
295  290  
296  290  
297  290  
298  290  
299  290  
300  290  
301  290  
302  290  
303  290  
304  290  
305  290  
306  290  
307  290  
308  290  
309  290  
310  290  
311  290  
312  290  
313  290  
314  290  
315  290  
316  290  
317  290  
318  290  
319  290  
320  290  
321  290  
322  290  
323  290  
324  290  
325  290  
326  290  
327  290  
328  290  
329  290  
330  290  
331  290  
332  290  
333  290  
334  290  
335  290  
336  290  
337  290  
338  290  
339  290  
225  290  
225  291  
225  292  
225  293  
225  294  
225  295  
225  296  
225  297  
225  298  
225  299  
225  300  
225  301  
225  302  
225  303  
225  304  
225  305  
225  306  
225  307  
225  308  
225  309  
225  310  
225  311  
225  312  
225  313  
225  314  
225  315  
225  316  
225  317  
225  318  
225  319  
225  320  
225  321  
225  322  
225  323  
225  324  
225  325  
225  326  
225  327  
225  328  
225  329  
225  330  
225  331  
225  332  
225  333  
225  334  
225  335  
225  336  
225  337  
226  338  
226  339  
226  340  
226  341  
226  342  
226  343  
226  344  
226  345  
226  346  
226  347  
225  348  
225  349  
225  350  
225  351  
226  352  
226  353  
226  354  
226  355  
226  356  
226  357  
226  358  
226  359  
226  360  
247  300  
247  301  
247  302  
247  303  
247  304  
247  305  
247  306  
247  307  
247  308  
247  309  
247  310  
248  311  
248  312  
248  313  
248  314  
248  315  
248  316  
248  317  
248  318  
248  319  
248  320  
248  321  
248  322  
248  323  
248  324  
248  325  
248  326  
248  327  
248  328  
248  329  
248  330  
248  331  
248  332  
248  333  
248  334  
248  335  
248  336  
248  337  
248  338  
248  339  
248  340  
248  341  
248  342  
248  343  
248  344  
247  345  
247  346  
247  347  
247  348  
248  349  
248  350  
248  351  
248  352  
248  353  
130  305  
130  306  
130  307  
130  308  
130  309  
130  310  
130  311  
130  312  
130  313  
130  314  
130  315  
130  316  
130  317  
130  318  
130  319  
130  320  
130  321  
130  322  
130  323  
130  324  
130  325  
130  326  
130  327  
130  328  
130  329  
131  330  
131  331  
131  332  
131  333  
131  334  
253  306  
253  307  
253  308  
253  309  
253  310  
253  311  
253  312  
253  313  
253  314  
253  315  
253  316  
253  317  
253  318  
253  319  
253  320  
253  321  
253  322  
253  323  
253  324  
253  325  
253  326  
253  327  
253  328  
253  329  
253  330  
253  331  
253  332  
253  333  
253  334  
253  335  
351  317  
351  318  
351  319  
351  320  
351  321  
351  322  
351  323  
351  324  
351  325  
351  326  
351  327  
351  328  
351  329  
351  330  
351  331  
352  332  
352  333  
352  334  
352  335  
351  336  
351  337  
351  338  
213  347  
213  348  
213  349  
213  350  
213  351  
214  352  
214  353  
214  354  
214  355  
214  356  
214  357  
213  358  
213  359  
214  360  
214  361  
214  362  
214  363  
214  364  
214  365  
214  366  
214  367  
214  368  
214  369  
214  370  
214  371  
214  372  
214  373  
214  374  
214  375  
214  376  
214  377  
214  378  
214  379  
214  380  
214  381  
214  382  
214  383  
214  384  
214  385  
214  386  
214  387  
214  388  
214  389  
214  390  
214  391  
214  392  
214  393  
214  394  
214  395  
214  396  
214  397  
214  398  
214  399  
391  348  
392  348  
294  349  
295  349  
296  349  
297  349  
298  349  
299  349  
300  349  
301  349  
302  349  
303  349  
304  349  
305  349  
306  349  
307  349  
308  349  
309  349  
310  349  
311  349  
312  349  
313  349  
314  349  
315  349  
316  349  
317  349  
318  349  
319  349  
320  349  
321  349  
322  349  
323  349  
324  349  
325  349  
326  349  
327  349  
328  349  
329  349  
330  349  
331  349  
332  349  
333  349  
334  349  
335  349  
336  349  
337  349  
338  349  
339  349  
340  349  
341  349  
342  349  
343  349  
344  349  
345  349  
346  349  
347  349  
348  349  
349  349  
350  349  
351  349  
352  349  
353  349  
354  349  
355  349  
356  349  
357  349  
358  349  
359  349  
360  349  
361  349  
362  349  
363  349  
364  349  
365  349  
366  349  
367  349  
368  349  
369  349  
370  349  
371  349  
372  349  
373  349  
374  349  
375  349  
376  349  
377  349  
378  349  
379  349  
380  349  
381  349  
382  349  
383  349  
384  349  
385  349  
386  349  
387  349  
388  349  
389  349  
390  349  
393  349  
394  349  
395  349  
396  349  
283  350  
284  350  
285  350  
286  350  
287  350  
288  350  
289  350  
290  350  
291  350  
292  350  
293  350  
284  367  
285  367  
286  367  
287  367  
288  367  
289  367  
290  367  
291  367  
292  367  
293  367  
294  367  
295  367  
296  367  
297  367  
298  367  
299  367  
300  368  
301  368  
302  368  
303  368  
304  368  
305  368  
306  368  
307  368  
308  368  
309  368  
310  368  
311  368  
312  368  
313  368  
314  368  
315  368  
316  368  
317  368  
318  368  
319  368  
320  368  
321  368  
322  368  
323  368  
324  368  
325  368  
326  368  
327  368  
328  368  
329  368  
330  368  
331  368  
332  368  
333  368  
334  368  
335  368  
336  368  
337  368  
338  369  
339  369  
340  369  
341  369  
342  369  
343  369  
344  369  
345  369  
346  369  
347  369  
348  369  
349  369  
350  369  
351  369  
352  369  
353  369  
354  369  
355  369  
356  369  
357  369  
358  369  
359  369  
360  369  
361  369  
362  369  
363  369  
364  369  
365  369  
366  369  
367  369  
368  369  
369  369  
370  369  
371  369  
372  369  
373  369  
374  369  
375  369  
376  369  
249  376  
249  377  
249  378  
249  379  
249  380  
249  381  
249  382  
249  383  
249  384  
249  385  
249  386  
249  387  
249  388  
249  389  
249  390  
249  391  
249  392  
249  393  
249  394  
249  395  
249  396  
249  397  
249  398  
249  399  
249  400  
249  401  
249  402  
249  403  
249  404  
249  405  
249  406  
249  407  
249  408  
249  409  
249  410  
249  411  
249  412  
249  413  
249  414  
249  415  
249  416  
249  417  
249  418  
249  419  
214  407  
214  408  
214  409  
215  410  
215  411  
215  412  
215  413  
214  414  
214  415  
214  416  
214  417  
215  418  
215  419  
215  420  
215  421  
215  422  
215  423  
214  424  
214  425  
214  426  
215  427  
215  428  
215  429  
215  430  
215  431  
215  432  
215  433  
215  434  
215  435  
215  436  
215  437  
215  438  
215  439  
215  440  
215  441  
215  442  
215  443  
215  444  
215  445  
215  446  
215  447  
215  448  
215  449  
215  450  
215  451  
215  452  
215  453  
215  454  
215  455  
215  456  
215  457  
215  458  
215  459  
215  460  
215  461  
215  462  
215  463  
215  464  
215  465  
215  466  
215  467  
215  468  
215  469  
215  470  
215  471  
215  472  
215  473  
215  474  
215  475  
215  476  
215  477  
215  478  
215  479  
215  480  
215  481  
215  482  
212  415  
212  416  
212  417  
211  418  
211  419  
211  420  
211  421  
212  422  
212  423  
212  424  
212  425  
212  426  
212  427  
212  428  
212  429  
212  430  
212  431  
212  432  
212  433  
212  434  
212  435  
212  436  
212  437  
212  438  
212  439  
212  440  
212  441  
212  442  
212  443  
212  444  
212  445  
212  446  
212  447  
212  448  
212  449  
212  450  
212  451  
212  452  
212  453  
212  454  
212  455  
212  456  
212  457  
212  458  
212  459  
212  460  
212  461  
209  418  
209  419  
209  420  
209  421  
209  422  
209  423  
209  424  
209  425  
209  426  
209  427  
209  428  
209  429  
209  430  
209  431  
209  432  
209  433  
209  434  
209  435  
209  436  
209  437  
209  438  
209  439  
338  423  
339  423  
340  423  
341  423  
342  423  
343  423  
344  423  
345  423  
346  423  
347  423  
348  423  
349  423  
350  423  
351  423  
352  423  
353  423  
354  423  
355  423  
356  423  
357  423  
358  423  
359  423  
360  423  
361  423  
362  423  
363  423  
364  423  
365  423  
366  423  
367  423  
282  427  
283  427  
284  427  
285  427  
286  427  
287  427  
288  427  
289  427  
290  427  
291  427  
292  427  
293  427  
294  427  
295  427  
296  427  
297  427  
298  427  
299  427  
300  427  
301  427  
302  427  
303  427  
304  427  
305  427  
306  427  
307  427  
308  427  
309  427  
310  427  
311  427  
312  427  
313  427  
314  427  
315  427  
316  427  
317  427  
318  427  
319  427  
320  427  
337  428  
338  428  
339  428  
340  428  
341  428  
342  428  
343  428  
344  428  
345  428  
346  428  
347  428  
348  428  
349  428  
350  428  
351  428  
352  428  
353  428  
354  428  
355  428  
356  429  
357  429  
358  429  
359  429  
360  429  
361  429  
362  429  
363  429  
364  429  
365  429  
366  429  
367  429  
368  429  
369  429  
373  429  
374  429  
375  429  
376  429  
370  430  
371  430  
372  430  
283  444  
284  444  
285  444  
286  444  
287  444  
288  444  
289  444  
290  444  
291  444  
292  444  
293  444  
294  445  
295  445  
296  445  
297  445  
298  445  
299  445  
300  445  
301  445  
302  445  
303  445  
304  445  
305  445  
306  445  
307  445  
308  446  
309  446  
310  446  
311  446  
312  446  
313  446  
314  446  
315  446  
316  446  
317  446  
318  446  
319  446  
320  446  
321  446  
322  446  
323  447  
324  447  
325  447  
326  447  
327  447  
328  447  
329  447  
330  447  
331  447  
332  447  
333  447  
334  447  
335  447  
336  447  
337  447  
338  448  
339  448  
340  448  
341  448  
342  448  
343  448  
344  448  
345  448  
346  448  
347  448  
348  448  
349  448  
350  448  
351  448  
352  448  
353  448  
354  448  
355  449  
356  449  
357  449  
358  449  
359  449  
360  449  
361  449  
362  449  
363  449  
364  449  
365  449  
366  449  
367  449  
368  449  
369  449  
370  449  
371  449  
372  450  
373  450  
374  450  
375  450  
376  450  
377  450  
378  450  
379  450  
380  450  
381  450  
249  448  
249  449  
249  450  
249  451  
249  452  
249  453  
249  454  
250  455  
250  456  
250  457  
250  458  
250  459  
250  460  
249  461  
250  462  
250  463  
250  464  
250  465  
250  466  
250  467  
250  468  
250  469  
250  470  
250  471  
250  472  
250  473  
250  474  
250  475  
250  476  
250  477  
250  478  
250  479  
250  480  
250  481  
250  482  
250  483  
250  484  
250  485  
250  486  
250  487  
250  488  
250  489  
250  490  
250  491  
250  492  
250  493  
331  472  
332  472  
333  472  
334  472  
335  472  
336  472  
337  472  
338  472  
339  472  
340  472  
341  472  
342  472  
343  472  
344  472  
345  472  
346  472  
347  473  
348  473  
349  473  
350  473  
351  473  
352  473  
353  473  
354  473  
355  473  
356  473  
357  473  
358  473  
359  473  
360  473  
361  473  
362  473  
363  473  
364  474  
365  474  
366  474  
367  474  
368  474  
369  474  
370  474  
371  474  
372  474  
373  474  
374  474  
375  474  
376  474  
377  474  
378  474  
379  474  
380  474  
381  474  
186  474  
186  475  
187  476  
187  477  
187  478  
187  479  
187  480  
187  481  
187  482  
187  483  
187  484  
188  485  
188  486  
188  487  
188  488  
188  489  
188  490  
188  491  
188  492  
188  493  
188  494  
188  495  
188  496  
188  497  
188  498  
188  499  
188  500  
188  501  
188  502  
188  503  
188  504  
188  505  
188  506  
188  507  
188  508  
361  496  
362  496  
363  496  
364  496  
365  496  
366  496  
367  496  
368  496  
369  496  
370  496  
371  496  
372  496  
373  497  
374  497  
375  497  
376  497  
377  497  
378  497  
379  497  
380  497  
381  497  
382  497  
383  497  
384  498  
385  498  
386  498  
387  498  
388  498  
389  498  
390  498  
391  498  
392  498  
393  498  
394  498  
395  498  
396  498  
397  498  
361  499  
362  499  
363  499  
364  499  
365  499  
366  499  
367  499  
368  499  
369  499  
370  500  
371  500  
372  500  
373  500  
374  500  
375  500  
376  500  
377  500  
378  500  
379  500  
380  500  
381  500  
382  500  
383  500  
384  501  
385  501  
386  501  
387  501  
388  501  
389  501  
390  501  
391  501  
392  501  
399  499  
400  499  
401  499  
402  499  
403  499  
404  499  
405  499  
406  499  
407  499  
408  499  
409  499  
410  499  
411  500  
412  500  
413  500  
414  500  
415  500  
416  500  
417  500  
418  500  
419  500  
420  500  
421  500  
422  500  
423  501  
424  501  
284  502  
285  502  
286  502  
287  502  
288  502  
289  502  
290  503  
291  503  
292  503  
293  503  
294  503  
295  503  
296  503  
297  503  
298  503  
299  503  
300  503  
301  503  
302  503  
303  503  
304  503  
305  503  
306  503  
314  504  
315  504  
316  504  
317  505  
318  505  
319  505  
320  505  
321  505  
322  505  
323  505  
324  505  
325  505  
326  505  
327  505  
328  505  
329  505  
330  505  
331  505  
332  505  
333  505  
334  505  
335  505  
336  505  
337  506  
338  506  
339  506  
340  506  
341  506  
342  506  
343  506  
344  506  
345  506  
346  506  
347  506  
348  506  
349  506  
350  507  
351  507  
352  507  
353  507  
354  507  
355  507  
356  507  
357  507  
358  507  
359  507  
360  507  
361  507  
362  507  
363  507  
364  507  
365  508  
366  508  
367  508  
368  508  
369  508  
370  508  
371  508  
372  508  
373  508  
374  508  
375  509  
376  509  
377  509  
378  509  
379  509  
380  509  
381  509  
382  509  
383  509  
384  509  
385  509  
386  509  
387  509  
388  510  
389  510  
390  510  
391  510  
392  510  
393  510  
394  510  
395  510  
396  510  
296  523  
297  523  
298  523  
299  523  
300  523  
301  523  
302  523  
303  523  
304  523  
305  523  
306  523  
307  523  
308  523  
309  523  
310  523  
311  523  
312  523  
313  523  
314  524  
315  524  
316  524  
317  524  
318  524  
319  524  
320  524  
321  524  
322  524  
323  524  
324  524  
325  524  
326  524  
327  524  
328  524  
329  524  
330  525  
331  525  
332  525  
333  525  
334  525  
335  525  
336  525  
337  525  
338  525  
339  525  
340  526  
341  526  
342  526  
343  526  
344  526  
345  526  
346  526  
347  526  
348  526  
349  526  
350  526  
351  526  
352  526  
353  526  
354  527  
355  527  
356  527  
357  527  
358  527  
359  527  
360  527  
299  527  
300  527  
301  527  
302  527  
303  527  
304  527  
305  527  
306  527  
307  528  
308  528  
309  528  
310  528  
311  528  
312  528  
313  528  
314  528  
315  528  
316  528  
317  528  
318  528  
319  528  
320  528  
321  528  
322  528  
323  528  
324  528  
325  528  
326  528  
327  528  
328  528  
329  529  
330  529  
331  529  
347  551  
347  552  
347  553  
347  554  
347  555  
347  556  
347  557  
347  558  
347  559  
347  560  
347  561  
347  562  
347  563  
347  564  
347  565  
347  566  
347  567  
347  568  
347  569  
347  570  
347  571  
347  572  
347  573  
338  553  
338  554  
338  555  
338  556  
338  557  
338  558  
338  559  
338  560  
338  561  
338  562  
338  563  
338  564  
338  565  
338  566  
338  567  
338  568  
338  569  
338  570  
338  571  
338  572  
320  554  
320  555  
320  556  
320  557  
320  558  
320  559  
320  560  
320  561  
320  562  
320  563  
320  564  
320  565  
320  566  
320  567  
320  568  
320  569  
320  570  
320  571  
320  572  
320  573  
322  554  
322  555  
323  556  
323  557  
323  558  
323  559  
323  560  
323  561  
323  562  
323  563  
323  564  
323  565  
323  566  
323  567  
323  568  
323  569  
323  570  
323  571  
323  572  
323  573  
323  574  
317  557  
317  558  
317  559  
317  560  
317  561  
317  562  
317  563  
317  564  
317  565  
317  566  
317  567  
317  568  
317  569  
317  570  
317  571  
317  572  
317  573  
317  574  
317  575  
317  576  
317  577  
317  578  
395  560  
396  560  
397  560  
398  560  
399  560  
400  560  
401  560  
402  560  
403  561  
404  561  
405  561  
406  561  
407  561  
408  561  
409  561  
410  561  
411  561  
412  561  
413  561  
414  562  
415  562  
416  562  
417  562  
418  562  
419  562  
420  562  
421  562  
422  562  
423  562  
377  579  
378  579  
379  579  
380  579  
381  580  
382  580  
383  580  
384  580  
385  580  
386  580  
387  580  
388  580  
389  580  
390  580  
391  580  
392  580  
393  580  
394  581  
395  581  
396  581  
397  581  
398  581  
399  581  
400  581  
