55  
21  46  21  75  32  44  38  74  30  20  72  45  83  31  66  30  24  54  41  55  120  29  27  26  34  71  27  88  242  56  25  71  51  27  20  53  45  41  24  96  25  92  33  58  20  22  20  25  21  29  20  23  22  367  35  
430  2  
430  3  
430  4  
430  5  
430  6  
430  7  
430  8  
430  9  
430  10  
430  11  
430  12  
430  13  
430  14  
430  15  
430  16  
430  17  
430  18  
430  19  
430  20  
430  21  
429  22  
479  2  
479  3  
479  4  
479  5  
479  6  
479  7  
479  8  
479  9  
479  10  
479  11  
479  12  
479  13  
479  14  
479  15  
479  16  
479  17  
479  18  
479  19  
479  20  
479  21  
479  22  
479  23  
479  24  
479  25  
479  26  
479  27  
479  28  
479  29  
479  30  
479  31  
479  32  
479  33  
479  34  
479  35  
479  36  
479  37  
479  38  
479  39  
479  40  
479  41  
479  42  
479  43  
479  44  
479  45  
479  46  
479  47  
425  25  
424  26  
424  27  
424  28  
424  29  
423  30  
423  31  
423  32  
423  33  
423  34  
422  35  
422  36  
422  37  
422  38  
421  39  
421  40  
421  41  
421  42  
421  43  
420  44  
420  45  
470  51  
471  51  
472  51  
473  51  
474  51  
475  51  
464  52  
465  52  
466  52  
467  52  
468  52  
469  52  
457  53  
458  53  
459  53  
460  53  
461  53  
462  53  
463  53  
450  54  
451  54  
452  54  
453  54  
454  54  
455  54  
456  54  
444  55  
445  55  
446  55  
447  55  
448  55  
449  55  
437  56  
438  56  
439  56  
440  56  
441  56  
442  56  
443  56  
430  57  
431  57  
432  57  
433  57  
434  57  
435  57  
436  57  
423  58  
424  58  
425  58  
426  58  
427  58  
428  58  
429  58  
416  59  
417  59  
418  59  
419  59  
420  59  
421  59  
422  59  
405  60  
406  60  
407  60  
408  60  
409  60  
410  60  
411  60  
412  60  
413  60  
414  60  
415  60  
401  61  
402  61  
403  61  
404  61  
392  54  
393  54  
394  54  
395  54  
388  55  
389  55  
390  55  
391  55  
382  56  
383  56  
384  56  
385  56  
386  56  
387  56  
376  57  
377  57  
378  57  
379  57  
380  57  
381  57  
372  58  
373  58  
374  58  
375  58  
364  59  
365  59  
366  59  
367  59  
368  59  
369  59  
370  59  
371  59  
479  60  
479  61  
479  62  
479  63  
479  64  
479  65  
479  66  
479  67  
479  68  
479  69  
479  70  
479  71  
479  72  
479  73  
479  74  
479  75  
479  76  
479  77  
479  78  
479  79  
479  80  
479  81  
479  82  
479  83  
479  84  
479  85  
479  86  
479  87  
479  88  
479  89  
479  90  
479  91  
479  92  
479  93  
479  94  
479  95  
479  96  
479  97  
479  98  
479  99  
479  100  
479  101  
479  102  
479  103  
463  61  
464  61  
465  61  
457  62  
458  62  
459  62  
460  62  
461  62  
462  62  
449  63  
450  63  
451  63  
452  63  
453  63  
454  63  
455  63  
456  63  
444  64  
445  64  
446  64  
447  64  
448  64  
437  65  
438  65  
439  65  
440  65  
441  65  
442  65  
443  65  
430  66  
431  66  
432  66  
433  66  
434  66  
435  66  
436  66  
428  67  
429  67  
389  62  
390  62  
391  62  
392  62  
393  62  
380  63  
381  63  
382  63  
383  63  
384  63  
385  63  
386  63  
387  63  
388  63  
372  64  
373  64  
374  64  
375  64  
376  64  
377  64  
378  64  
379  64  
364  65  
365  65  
366  65  
367  65  
368  65  
369  65  
370  65  
371  65  
357  66  
358  66  
359  66  
360  66  
361  66  
362  66  
363  66  
349  67  
350  67  
351  67  
352  67  
353  67  
354  67  
355  67  
356  67  
339  68  
340  68  
341  68  
342  68  
343  68  
344  68  
345  68  
346  68  
347  68  
348  68  
320  69  
331  69  
332  69  
333  69  
334  69  
335  69  
336  69  
337  69  
338  69  
321  70  
322  70  
323  70  
324  70  
325  70  
326  70  
327  70  
328  70  
329  70  
330  70  
352  74  
353  74  
354  74  
355  74  
356  74  
357  74  
347  75  
348  75  
349  75  
350  75  
351  75  
339  76  
340  76  
341  76  
342  76  
343  76  
344  76  
345  76  
346  76  
332  77  
333  77  
334  77  
335  77  
336  77  
337  77  
338  77  
328  78  
329  78  
330  78  
331  78  
167  76  
168  76  
169  76  
170  76  
164  77  
165  77  
166  77  
161  78  
162  78  
163  78  
157  79  
158  79  
159  79  
160  79  
154  80  
155  80  
156  80  
151  81  
152  81  
153  81  
474  107  
475  107  
462  108  
463  108  
464  108  
465  108  
466  108  
467  108  
468  108  
469  108  
470  108  
471  108  
472  108  
473  108  
451  109  
452  109  
453  109  
454  109  
455  109  
456  109  
457  109  
458  109  
459  109  
460  109  
461  109  
438  110  
439  110  
440  110  
441  110  
442  110  
443  110  
444  110  
445  110  
446  110  
447  110  
448  110  
449  110  
450  110  
426  111  
427  111  
428  111  
429  111  
430  111  
431  111  
432  111  
433  111  
434  111  
435  111  
436  111  
437  111  
414  112  
415  112  
416  112  
417  112  
418  112  
419  112  
420  112  
421  112  
422  112  
423  112  
424  112  
425  112  
404  113  
405  113  
406  113  
407  113  
408  113  
409  113  
410  113  
411  113  
412  113  
413  113  
462  112  
463  112  
464  112  
465  112  
466  112  
467  112  
468  112  
469  112  
470  112  
471  112  
472  112  
450  113  
451  113  
452  113  
453  113  
454  113  
455  113  
456  113  
457  113  
458  113  
459  113  
460  113  
461  113  
436  114  
437  114  
438  114  
439  114  
440  114  
441  114  
442  114  
443  114  
444  114  
445  114  
446  114  
447  114  
448  114  
449  114  
428  115  
429  115  
430  115  
431  115  
432  115  
433  115  
434  115  
435  115  
388  114  
389  114  
390  114  
391  114  
392  114  
393  114  
394  114  
395  114  
396  114  
374  115  
375  115  
376  115  
377  115  
378  115  
379  115  
380  115  
381  115  
382  115  
383  115  
384  115  
385  115  
386  115  
387  115  
363  116  
364  116  
365  116  
366  116  
367  116  
368  116  
369  116  
370  116  
371  116  
372  116  
373  116  
351  117  
352  117  
353  117  
354  117  
355  117  
356  117  
357  117  
358  117  
359  117  
360  117  
361  117  
362  117  
339  118  
340  118  
341  118  
342  118  
343  118  
344  118  
345  118  
346  118  
347  118  
348  118  
349  118  
350  118  
322  119  
323  119  
324  119  
325  119  
326  119  
327  119  
328  119  
329  119  
330  119  
331  119  
332  119  
333  119  
334  119  
335  119  
336  119  
337  119  
338  119  
314  120  
315  120  
316  120  
317  120  
318  120  
319  120  
320  120  
321  120  
412  116  
413  116  
414  116  
415  116  
416  116  
417  116  
418  116  
419  116  
420  116  
396  117  
397  117  
398  117  
399  117  
400  117  
401  117  
402  117  
403  117  
404  117  
405  117  
406  117  
407  117  
408  117  
409  117  
410  117  
411  117  
390  118  
391  118  
392  118  
393  118  
394  118  
395  118  
296  121  
297  121  
298  121  
299  121  
300  121  
301  121  
302  121  
303  121  
304  121  
305  121  
306  121  
285  122  
286  122  
287  122  
288  122  
289  122  
290  122  
291  122  
292  122  
293  122  
294  122  
295  122  
272  123  
273  123  
274  123  
275  123  
276  123  
277  123  
278  123  
279  123  
280  123  
281  123  
282  123  
283  123  
284  123  
264  124  
265  124  
266  124  
267  124  
268  124  
269  124  
270  124  
271  124  
252  125  
253  125  
254  125  
255  125  
256  125  
257  125  
258  125  
259  125  
260  125  
261  125  
262  125  
263  125  
241  126  
242  126  
243  126  
244  126  
245  126  
246  126  
247  126  
248  126  
249  126  
250  126  
251  126  
472  131  
473  131  
474  131  
457  132  
458  132  
459  132  
460  132  
461  132  
462  132  
463  132  
464  132  
465  132  
466  132  
467  132  
468  132  
469  132  
470  132  
471  132  
445  133  
446  133  
447  133  
448  133  
449  133  
450  133  
451  133  
452  133  
453  133  
454  133  
455  133  
456  133  
425  134  
426  134  
427  134  
428  134  
429  134  
430  134  
431  134  
432  134  
433  134  
434  134  
435  134  
436  134  
437  134  
414  135  
415  135  
416  135  
417  135  
418  135  
419  135  
420  135  
421  135  
422  135  
423  135  
424  135  
392  136  
393  136  
394  136  
395  136  
396  136  
397  136  
398  136  
399  136  
400  136  
401  136  
402  136  
403  136  
404  136  
405  136  
406  136  
380  137  
381  137  
382  137  
383  137  
384  137  
385  137  
386  137  
387  137  
388  137  
389  137  
390  137  
391  137  
373  138  
374  138  
375  138  
376  138  
377  138  
378  138  
379  138  
353  139  
354  139  
355  139  
356  139  
357  139  
358  139  
359  139  
360  139  
361  139  
362  139  
363  139  
364  139  
365  139  
366  139  
367  139  
368  139  
369  139  
370  139  
371  139  
372  139  
341  140  
342  140  
343  140  
344  140  
345  140  
346  140  
347  140  
348  140  
326  141  
327  141  
328  141  
329  141  
330  141  
331  141  
332  141  
333  141  
334  141  
335  141  
336  141  
337  141  
338  141  
339  141  
340  141  
308  142  
316  142  
317  142  
318  142  
319  142  
320  142  
321  142  
322  142  
323  142  
324  142  
325  142  
309  143  
310  143  
311  143  
312  143  
313  143  
314  143  
315  143  
479  142  
479  143  
479  144  
479  145  
479  146  
479  147  
479  148  
479  149  
479  150  
479  151  
479  152  
479  153  
479  154  
479  155  
479  156  
479  157  
479  158  
479  159  
479  160  
479  161  
479  162  
479  163  
479  164  
479  165  
479  166  
479  167  
479  168  
479  169  
479  170  
479  171  
479  172  
479  173  
479  174  
479  175  
479  176  
479  177  
479  178  
479  179  
479  180  
479  181  
479  182  
479  183  
479  184  
479  185  
479  186  
479  187  
479  188  
479  189  
479  190  
479  191  
479  192  
479  193  
479  194  
479  195  
479  196  
444  154  
445  154  
446  154  
447  154  
448  154  
449  154  
452  154  
419  155  
420  155  
421  155  
422  155  
423  155  
424  155  
425  155  
426  155  
427  155  
428  155  
429  155  
430  155  
431  155  
432  155  
433  155  
434  155  
435  155  
436  155  
437  155  
438  155  
439  155  
440  155  
441  155  
442  155  
443  155  
450  155  
451  155  
396  156  
397  156  
398  156  
399  156  
400  156  
401  156  
402  156  
403  156  
404  156  
405  156  
406  156  
407  156  
408  156  
409  156  
410  156  
411  156  
412  156  
413  156  
414  156  
415  156  
416  156  
417  156  
418  156  
381  157  
382  157  
385  157  
386  157  
387  157  
388  157  
389  157  
390  157  
391  157  
392  157  
393  157  
394  157  
395  157  
339  158  
340  158  
341  158  
342  158  
343  158  
344  158  
353  158  
354  158  
355  158  
356  158  
357  158  
358  158  
359  158  
360  158  
361  158  
362  158  
363  158  
364  158  
365  158  
366  158  
367  158  
368  158  
369  158  
370  158  
371  158  
372  158  
373  158  
374  158  
375  158  
376  158  
377  158  
378  158  
379  158  
380  158  
383  158  
384  158  
333  159  
334  159  
335  159  
336  159  
337  159  
338  159  
345  159  
346  159  
347  159  
348  159  
349  159  
350  159  
351  159  
352  159  
305  159  
306  159  
307  159  
308  159  
309  159  
310  159  
311  159  
321  159  
322  159  
323  159  
324  159  
302  160  
303  160  
304  160  
312  160  
313  160  
314  160  
315  160  
316  160  
317  160  
318  160  
319  160  
320  160  
325  160  
297  161  
298  161  
299  161  
300  161  
301  161  
237  163  
238  163  
239  163  
240  163  
241  163  
242  163  
243  163  
244  163  
245  163  
246  163  
247  163  
248  163  
226  164  
227  164  
228  164  
229  164  
230  164  
231  164  
232  164  
233  164  
234  164  
235  164  
236  164  
222  165  
223  165  
224  165  
225  165  
101  169  
100  170  
99  171  
99  172  
99  173  
99  174  
99  175  
99  176  
99  177  
99  178  
100  179  
100  180  
100  181  
100  182  
100  183  
100  184  
100  185  
100  186  
100  187  
100  188  
100  189  
100  190  
100  191  
100  192  
101  193  
101  194  
157  188  
157  189  
157  190  
157  191  
158  192  
158  193  
158  194  
159  195  
159  196  
159  197  
160  198  
160  199  
160  200  
160  201  
161  202  
161  203  
161  204  
162  205  
162  206  
162  207  
163  208  
163  209  
163  210  
163  211  
164  212  
164  213  
164  214  
164  215  
165  216  
165  217  
165  218  
166  219  
166  220  
166  221  
105  191  
105  192  
105  193  
105  194  
105  195  
105  196  
105  197  
105  198  
106  199  
106  200  
106  201  
106  202  
106  203  
106  204  
106  205  
106  206  
106  207  
106  208  
107  209  
107  210  
107  211  
107  212  
107  213  
107  214  
107  215  
107  216  
107  217  
107  218  
107  219  
107  220  
107  221  
108  222  
108  223  
108  224  
108  225  
108  226  
108  227  
108  228  
108  229  
108  230  
108  231  
108  232  
109  233  
109  234  
109  235  
109  236  
109  237  
109  238  
109  239  
109  240  
109  241  
109  242  
109  243  
110  244  
110  245  
110  246  
110  247  
110  248  
110  249  
110  250  
110  251  
110  252  
110  253  
111  254  
111  255  
111  256  
111  257  
111  258  
111  259  
111  260  
111  261  
96  193  
97  194  
97  195  
97  196  
97  197  
97  198  
97  199  
97  200  
97  201  
97  202  
97  203  
97  204  
97  205  
97  206  
98  207  
98  208  
98  209  
98  210  
98  211  
98  212  
98  213  
98  214  
98  215  
98  216  
98  217  
98  218  
99  219  
109  196  
109  197  
109  198  
109  199  
109  200  
109  201  
110  202  
110  203  
110  204  
110  205  
110  206  
110  207  
110  208  
110  209  
110  210  
110  211  
111  212  
111  213  
111  214  
111  215  
111  216  
111  217  
111  218  
111  219  
111  220  
111  221  
111  222  
112  223  
112  224  
112  225  
112  226  
112  227  
112  228  
112  229  
112  230  
112  231  
112  232  
112  233  
113  234  
113  235  
113  236  
113  237  
113  238  
113  239  
113  240  
113  241  
113  242  
113  243  
113  244  
114  245  
114  246  
114  247  
114  248  
114  249  
114  250  
114  251  
114  252  
114  253  
114  254  
114  255  
115  256  
115  257  
115  258  
115  259  
115  260  
115  261  
115  262  
115  263  
115  264  
115  265  
115  266  
116  267  
116  268  
116  269  
116  270  
116  271  
116  272  
116  273  
116  274  
116  275  
116  276  
116  277  
117  278  
117  279  
117  280  
117  281  
117  282  
117  283  
218  197  
219  197  
220  197  
221  197  
222  197  
223  197  
224  197  
225  197  
226  197  
227  197  
228  197  
229  197  
230  197  
231  197  
232  197  
233  197  
234  197  
235  197  
236  197  
237  197  
238  197  
239  197  
240  197  
241  197  
242  197  
243  197  
244  197  
245  197  
246  197  
247  197  
248  197  
249  197  
250  197  
251  197  
252  197  
253  197  
254  197  
255  197  
256  197  
257  198  
258  198  
259  198  
260  198  
261  198  
262  198  
263  198  
264  198  
265  198  
266  198  
267  198  
268  198  
269  198  
270  198  
271  198  
272  198  
273  198  
274  198  
275  198  
276  198  
277  198  
278  198  
279  198  
280  198  
281  198  
282  198  
283  198  
284  198  
285  198  
286  198  
287  198  
288  198  
289  198  
290  198  
291  198  
292  198  
293  198  
294  198  
295  198  
296  198  
297  198  
298  198  
299  198  
300  198  
301  198  
302  198  
303  198  
304  198  
305  198  
306  198  
307  198  
308  198  
309  198  
310  198  
311  198  
312  198  
313  198  
314  198  
315  198  
316  198  
317  198  
318  198  
319  198  
320  198  
321  198  
322  198  
323  198  
324  198  
325  198  
326  198  
327  198  
328  198  
329  198  
330  198  
331  198  
332  198  
333  198  
334  198  
335  198  
336  198  
337  198  
338  198  
339  198  
340  199  
341  199  
342  199  
343  199  
344  199  
345  199  
346  199  
347  199  
348  199  
349  199  
350  199  
351  199  
352  199  
353  199  
354  199  
355  199  
356  199  
357  199  
358  199  
359  199  
360  199  
361  199  
362  199  
363  199  
364  199  
365  199  
366  199  
367  199  
368  199  
369  199  
370  199  
371  199  
372  199  
373  199  
374  199  
375  199  
376  199  
377  199  
378  199  
379  199  
380  199  
381  199  
382  199  
383  199  
384  199  
385  199  
386  199  
387  199  
388  199  
389  199  
390  199  
391  199  
392  199  
393  200  
394  200  
395  200  
396  200  
397  200  
398  200  
399  200  
400  200  
401  200  
402  200  
403  200  
404  200  
405  200  
406  200  
407  200  
408  200  
409  200  
410  200  
411  200  
412  200  
413  200  
414  200  
415  200  
416  200  
417  200  
418  200  
419  200  
420  200  
421  200  
422  200  
423  200  
424  200  
425  200  
426  200  
427  200  
428  200  
429  200  
430  200  
431  200  
432  200  
433  200  
434  200  
435  200  
436  200  
437  200  
438  200  
439  200  
440  200  
441  200  
442  200  
443  200  
444  200  
445  200  
446  200  
447  200  
448  200  
449  200  
450  200  
451  200  
452  200  
453  200  
454  200  
455  200  
456  200  
457  200  
458  200  
459  200  
103  209  
103  210  
103  211  
103  212  
103  213  
103  214  
103  215  
104  216  
104  217  
104  218  
104  219  
104  220  
104  221  
104  222  
104  223  
104  224  
104  225  
104  226  
105  227  
105  228  
105  229  
105  230  
105  231  
105  232  
105  233  
105  234  
105  235  
105  236  
105  237  
106  238  
106  239  
106  240  
106  241  
106  242  
106  243  
106  244  
106  245  
106  246  
107  247  
107  248  
107  249  
107  250  
107  251  
107  252  
107  253  
107  254  
107  255  
107  256  
107  257  
108  258  
108  259  
108  260  
108  261  
108  262  
108  263  
108  264  
162  225  
162  226  
163  227  
163  228  
163  229  
164  230  
164  231  
164  232  
164  233  
165  234  
165  235  
165  236  
166  237  
166  238  
166  239  
167  240  
167  241  
167  242  
168  243  
168  244  
168  245  
168  246  
168  247  
169  248  
169  249  
100  227  
100  228  
100  229  
100  230  
100  231  
100  232  
100  233  
100  234  
100  235  
100  236  
101  237  
101  238  
101  239  
101  240  
101  241  
101  242  
101  243  
101  244  
101  245  
102  246  
102  247  
102  248  
102  249  
102  250  
102  251  
102  252  
102  253  
102  254  
102  255  
103  256  
103  257  
103  258  
103  259  
103  260  
103  261  
103  262  
103  263  
103  264  
104  265  
104  266  
104  267  
104  268  
104  269  
104  270  
104  271  
104  272  
105  273  
105  274  
105  275  
105  276  
105  277  
105  278  
105  279  
105  280  
105  281  
105  282  
106  283  
106  284  
106  285  
106  286  
106  287  
106  288  
106  289  
106  290  
106  291  
107  292  
107  293  
107  294  
107  295  
107  296  
107  297  
354  232  
355  232  
356  232  
357  232  
358  232  
359  232  
360  232  
361  233  
362  233  
363  233  
364  233  
365  233  
366  233  
367  233  
368  233  
369  233  
370  233  
371  233  
372  233  
373  234  
374  234  
375  234  
376  234  
377  234  
378  234  
379  234  
380  234  
381  234  
382  234  
383  234  
384  234  
385  235  
386  235  
387  235  
388  235  
389  235  
390  235  
391  235  
392  236  
393  236  
394  236  
395  236  
396  236  
397  236  
398  236  
399  236  
400  236  
401  236  
402  236  
403  237  
404  237  
479  257  
479  258  
479  259  
479  260  
479  261  
479  262  
479  263  
479  264  
479  265  
479  266  
479  267  
479  268  
479  269  
479  270  
479  271  
479  272  
479  273  
479  274  
479  275  
479  276  
479  277  
479  278  
479  279  
479  280  
479  281  
479  282  
479  283  
419  258  
419  259  
419  260  
419  261  
419  262  
419  263  
419  264  
419  265  
419  266  
419  267  
419  268  
419  269  
419  270  
420  271  
420  272  
420  273  
420  274  
420  275  
420  276  
420  277  
141  267  
141  268  
141  269  
142  270  
142  271  
142  272  
143  273  
143  274  
143  275  
144  276  
144  277  
144  278  
145  279  
145  280  
145  281  
146  282  
146  283  
146  284  
147  285  
147  286  
147  287  
148  288  
148  289  
148  290  
149  291  
149  292  
149  293  
150  294  
150  295  
150  296  
151  297  
151  298  
151  299  
152  300  
152  301  
152  302  
153  303  
153  304  
153  305  
154  306  
154  307  
154  308  
155  309  
155  310  
155  311  
156  312  
156  313  
156  314  
157  315  
157  316  
157  317  
158  318  
158  319  
112  269  
112  270  
112  271  
112  272  
113  273  
113  274  
113  275  
113  276  
113  277  
113  278  
113  279  
113  280  
113  281  
113  282  
113  283  
114  284  
114  285  
114  286  
114  287  
114  288  
114  289  
114  290  
114  291  
114  292  
114  293  
114  294  
115  295  
115  296  
115  297  
115  298  
115  299  
115  300  
115  301  
115  302  
115  303  
115  304  
115  305  
115  306  
116  307  
116  308  
116  309  
116  310  
116  311  
116  312  
116  313  
109  272  
109  273  
109  274  
110  275  
110  276  
110  277  
110  278  
110  279  
110  280  
110  281  
110  282  
110  283  
110  284  
110  285  
110  286  
110  287  
111  288  
111  289  
111  290  
111  291  
111  292  
111  293  
111  294  
111  295  
111  296  
112  297  
112  298  
112  299  
112  300  
112  301  
112  302  
112  303  
112  304  
112  305  
112  306  
113  307  
113  308  
113  309  
113  310  
113  311  
113  312  
118  291  
118  292  
118  293  
118  294  
118  295  
118  296  
118  297  
118  298  
118  299  
119  300  
119  301  
119  302  
119  303  
119  304  
119  305  
119  306  
119  307  
120  308  
120  309  
120  310  
120  311  
120  312  
120  313  
120  314  
108  305  
108  306  
108  307  
108  308  
108  309  
108  310  
108  311  
109  312  
109  313  
109  314  
109  315  
109  316  
109  317  
109  318  
109  319  
109  320  
110  321  
110  322  
110  323  
110  324  
110  325  
110  326  
110  327  
110  328  
111  329  
111  330  
111  331  
111  332  
111  333  
111  334  
111  335  
111  336  
111  337  
112  338  
112  339  
112  340  
112  341  
112  342  
112  343  
112  344  
112  345  
112  346  
113  347  
113  348  
113  349  
113  350  
113  351  
113  352  
113  353  
113  354  
113  355  
114  356  
114  357  
114  358  
114  359  
114  360  
114  361  
114  362  
114  363  
114  364  
115  365  
115  366  
115  367  
115  368  
115  369  
115  370  
115  371  
115  372  
116  373  
116  374  
116  375  
116  376  
116  377  
116  378  
116  379  
117  380  
117  381  
117  382  
117  383  
117  384  
117  385  
117  386  
117  387  
117  388  
118  389  
118  390  
118  391  
118  392  
118  393  
118  394  
118  395  
118  396  
118  397  
119  398  
119  399  
119  400  
138  314  
138  315  
138  316  
138  317  
138  318  
138  319  
138  320  
138  321  
138  322  
138  323  
138  324  
139  325  
139  326  
139  327  
139  328  
139  329  
139  330  
139  331  
139  332  
139  333  
139  334  
139  335  
139  336  
139  337  
139  338  
121  322  
121  323  
121  324  
121  325  
121  326  
121  327  
121  328  
122  329  
122  330  
122  331  
122  332  
122  333  
122  334  
122  335  
122  336  
122  337  
122  338  
123  339  
123  340  
123  341  
123  342  
123  343  
123  344  
123  345  
123  346  
123  347  
123  348  
124  349  
124  350  
124  351  
124  352  
124  353  
124  354  
124  355  
124  356  
124  357  
124  358  
125  359  
125  360  
125  361  
125  362  
125  363  
125  364  
125  365  
125  366  
125  367  
125  368  
125  369  
125  370  
125  371  
125  372  
125  373  
126  374  
126  375  
126  376  
126  377  
126  378  
126  379  
126  380  
126  381  
127  382  
127  383  
127  384  
127  385  
127  386  
127  387  
127  388  
127  389  
127  390  
127  391  
128  392  
128  393  
128  394  
128  395  
128  396  
128  397  
128  398  
128  399  
128  400  
129  401  
129  402  
129  403  
129  404  
129  405  
129  406  
129  407  
129  408  
130  409  
130  410  
130  411  
130  412  
130  413  
118  329  
118  330  
118  331  
118  332  
118  333  
118  334  
118  335  
118  336  
119  337  
119  338  
119  339  
119  340  
119  341  
119  342  
119  343  
119  344  
119  345  
120  346  
120  347  
120  348  
120  349  
120  350  
120  351  
120  352  
120  353  
120  354  
120  355  
121  356  
121  357  
121  358  
121  359  
121  360  
121  361  
115  330  
115  331  
115  332  
115  333  
115  334  
115  335  
115  336  
116  337  
116  338  
116  339  
116  340  
116  341  
116  342  
116  343  
116  344  
116  345  
116  346  
117  347  
117  348  
117  349  
117  350  
117  351  
117  352  
117  353  
117  354  
118  355  
118  356  
118  357  
118  358  
118  359  
118  360  
118  361  
118  362  
119  363  
119  364  
119  365  
119  366  
119  367  
119  368  
119  369  
119  370  
120  371  
120  372  
120  373  
120  374  
120  375  
120  376  
120  377  
120  378  
120  379  
120  380  
120  381  
121  382  
121  383  
121  384  
121  385  
121  386  
121  387  
309  331  
310  331  
311  332  
312  332  
313  332  
314  332  
315  332  
316  333  
317  333  
318  333  
319  333  
320  333  
321  334  
322  334  
323  334  
324  334  
325  334  
326  334  
327  335  
328  335  
479  338  
479  339  
479  340  
479  341  
479  342  
479  343  
479  344  
479  345  
479  346  
479  347  
479  348  
479  349  
479  350  
479  351  
479  352  
479  353  
479  354  
479  355  
479  356  
479  357  
479  358  
479  359  
206  353  
206  354  
206  355  
207  356  
207  357  
207  358  
208  359  
208  360  
208  361  
208  362  
209  363  
209  364  
209  365  
210  366  
210  367  
210  368  
210  369  
211  370  
211  371  
211  372  
461  362  
461  363  
461  364  
461  365  
461  366  
461  367  
461  368  
461  369  
461  370  
461  371  
461  372  
461  373  
461  374  
461  375  
461  376  
461  377  
461  378  
461  379  
461  380  
461  381  
461  382  
461  383  
461  384  
461  385  
461  386  
283  402  
284  402  
285  402  
286  402  
287  402  
288  402  
289  402  
290  402  
291  402  
292  403  
293  403  
294  403  
295  403  
296  403  
297  404  
298  404  
299  405  
300  405  
301  405  
302  405  
303  405  
479  448  
479  449  
479  450  
479  451  
479  452  
479  453  
479  454  
479  455  
479  456  
479  457  
479  458  
479  459  
479  460  
479  461  
479  462  
479  463  
479  464  
479  465  
479  466  
479  467  
479  468  
479  469  
479  470  
479  471  
479  472  
479  473  
479  474  
479  475  
479  476  
337  489  
338  489  
339  489  
329  490  
330  490  
331  490  
332  490  
335  490  
336  490  
340  490  
341  490  
333  491  
334  491  
342  491  
343  491  
347  491  
348  491  
344  492  
345  492  
346  492  
479  543  
479  544  
479  545  
479  546  
479  547  
479  548  
479  549  
479  550  
479  551  
479  552  
479  553  
479  554  
479  555  
479  556  
479  557  
479  558  
479  559  
479  560  
479  561  
479  562  
479  563  
479  564  
479  565  
479  614  
479  615  
479  616  
479  617  
479  618  
479  619  
479  620  
479  621  
479  622  
479  623  
479  624  
479  625  
479  626  
479  627  
479  628  
479  629  
479  630  
479  631  
479  632  
479  633  
479  634  
479  635  
2  639  
3  639  
4  639  
5  639  
6  639  
7  639  
8  639  
9  639  
10  639  
11  639  
12  639  
13  639  
14  639  
15  639  
16  639  
17  639  
18  639  
19  639  
20  639  
21  639  
22  639  
23  639  
24  639  
25  639  
26  639  
27  639  
28  639  
29  639  
30  639  
31  639  
32  639  
33  639  
34  639  
35  639  
36  639  
37  639  
38  639  
39  639  
40  639  
41  639  
42  639  
43  639  
44  639  
45  639  
46  639  
47  639  
48  639  
49  639  
50  639  
51  639  
52  639  
53  639  
54  639  
55  639  
56  639  
57  639  
58  639  
59  639  
60  639  
61  639  
62  639  
63  639  
64  639  
65  639  
66  639  
67  639  
68  639  
69  639  
70  639  
71  639  
72  639  
73  639  
74  639  
75  639  
76  639  
77  639  
78  639  
79  639  
80  639  
81  639  
82  639  
83  639  
84  639  
85  639  
86  639  
87  639  
88  639  
89  639  
90  639  
91  639  
92  639  
93  639  
94  639  
95  639  
96  639  
97  639  
98  639  
99  639  
100  639  
101  639  
102  639  
103  639  
104  639  
105  639  
106  639  
107  639  
108  639  
109  639  
110  639  
111  639  
112  639  
113  639  
114  639  
115  639  
116  639  
117  639  
118  639  
119  639  
120  639  
121  639  
122  639  
123  639  
124  639  
125  639  
126  639  
127  639  
128  639  
129  639  
130  639  
131  639  
132  639  
133  639  
134  639  
135  639  
136  639  
137  639  
138  639  
139  639  
140  639  
141  639  
142  639  
143  639  
144  639  
145  639  
146  639  
147  639  
148  639  
149  639  
150  639  
151  639  
152  639  
153  639  
154  639  
155  639  
156  639  
157  639  
158  639  
159  639  
160  639  
161  639  
162  639  
163  639  
164  639  
165  639  
166  639  
167  639  
168  639  
169  639  
170  639  
171  639  
172  639  
173  639  
174  639  
175  639  
176  639  
177  639  
178  639  
179  639  
180  639  
181  639  
182  639  
183  639  
184  639  
185  639  
186  639  
187  639  
188  639  
189  639  
190  639  
191  639  
192  639  
193  639  
194  639  
195  639  
196  639  
197  639  
198  639  
199  639  
200  639  
201  639  
202  639  
203  639  
204  639  
205  639  
206  639  
207  639  
208  639  
209  639  
210  639  
211  639  
212  639  
213  639  
214  639  
215  639  
216  639  
217  639  
218  639  
219  639  
220  639  
221  639  
222  639  
223  639  
224  639  
225  639  
226  639  
227  639  
228  639  
229  639  
230  639  
231  639  
232  639  
233  639  
234  639  
235  639  
236  639  
237  639  
238  639  
239  639  
240  639  
241  639  
242  639  
243  639  
244  639  
245  639  
246  639  
247  639  
248  639  
249  639  
250  639  
251  639  
252  639  
253  639  
254  639  
255  639  
256  639  
257  639  
258  639  
259  639  
260  639  
261  639  
262  639  
263  639  
264  639  
265  639  
266  639  
267  639  
268  639  
269  639  
270  639  
271  639  
272  639  
273  639  
274  639  
275  639  
276  639  
277  639  
278  639  
279  639  
280  639  
281  639  
282  639  
283  639  
284  639  
285  639  
286  639  
287  639  
288  639  
289  639  
290  639  
291  639  
292  639  
293  639  
294  639  
295  639  
296  639  
297  639  
298  639  
299  639  
300  639  
301  639  
302  639  
303  639  
304  639  
305  639  
306  639  
307  639  
308  639  
309  639  
310  639  
311  639  
312  639  
313  639  
314  639  
315  639  
316  639  
317  639  
318  639  
319  639  
320  639  
321  639  
322  639  
323  639  
324  639  
325  639  
326  639  
327  639  
328  639  
329  639  
330  639  
331  639  
332  639  
333  639  
334  639  
335  639  
336  639  
337  639  
338  639  
339  639  
340  639  
341  639  
342  639  
343  639  
344  639  
345  639  
346  639  
347  639  
348  639  
349  639  
350  639  
351  639  
352  639  
353  639  
354  639  
355  639  
356  639  
357  639  
358  639  
359  639  
360  639  
361  639  
362  639  
363  639  
364  639  
365  639  
366  639  
367  639  
368  639  
376  639  
377  639  
378  639  
379  639  
380  639  
381  639  
382  639  
383  639  
384  639  
385  639  
386  639  
387  639  
388  639  
389  639  
390  639  
391  639  
392  639  
393  639  
394  639  
395  639  
396  639  
397  639  
398  639  
399  639  
400  639  
401  639  
402  639  
403  639  
404  639  
405  639  
406  639  
407  639  
408  639  
409  639  
410  639  
