447  19  
447  20  
447  21  
447  22  
448  23  
448  24  
448  25  
448  26  
448  27  
448  28  
448  29  
448  30  
448  31  
448  32  
448  33  
448  34  
448  35  
448  36  
449  37  
449  38  
449  39  
449  40  
449  41  
449  42  
449  43  
449  44  
449  45  
449  46  
449  47  
449  48  
449  49  
449  50  
449  51  
449  52  
449  53  
450  54  
450  55  
450  56  
450  57  
450  58  
450  59  
450  60  
450  61  
450  62  
450  63  
450  64  
450  65  
450  66  
450  67  
451  84  
451  85  
451  86  
451  87  
451  88  
451  89  
452  90  
452  91  
452  92  
452  93  
452  94  
452  95  
452  96  
452  97  
452  98  
452  99  
452  100  
452  101  
452  102  
452  103  
452  104  
452  105  
452  106  
452  107  
452  108  
452  109  
452  110  
452  111  
453  112  
453  113  
453  114  
453  115  
453  116  
453  117  
453  118  
453  119  
453  120  
453  121  
453  122  
453  123  
453  124  
453  125  
454  126  
454  127  
454  128  
454  129  
454  130  
454  131  
454  132  
454  133  
454  134  
454  135  
454  136  
454  137  
454  138  
454  139  
454  140  
454  141  
454  142  
454  143  
454  144  
454  145  
454  146  
454  147  
454  148  
455  149  
455  150  
455  151  
455  152  
455  153  
455  154  
455  155  
455  156  
455  157  
455  158  
455  159  
455  160  
455  161  
455  162  
455  163  
456  164  
456  165  
456  166  
456  167  
456  168  
456  169  
456  170  
456  171  
456  172  
456  173  
456  174  
457  175  
457  176  
457  177  
457  178  
457  179  
457  180  
457  181  
457  182  
457  183  
457  184  
457  185  
457  186  
457  187  
457  188  
458  189  
458  190  
458  191  
458  192  
458  193  
458  194  
458  195  
458  196  
458  197  
458  198  
458  199  
458  200  
458  201  
458  202  
458  203  
458  204  
458  205  
458  206  
458  207  
458  208  
458  209  
458  210  
458  211  
458  212  
458  213  
459  214  
459  215  
459  216  
459  217  
459  218  
459  219  
459  220  
459  221  
459  222  
459  223  
459  224  
459  225  
459  226  
459  227  
460  228  
460  229  
460  230  
460  231  
460  232  
460  233  
460  234  
460  235  
460  236  
460  237  
460  238  
460  239  
460  240  
478  89  
478  90  
478  91  
478  92  
478  93  
478  94  
478  95  
478  96  
478  97  
478  98  
478  99  
478  100  
478  101  
477  102  
477  103  
477  104  
477  105  
476  106  
476  107  
476  108  
476  109  
475  110  
475  111  
475  112  
475  113  
369  90  
370  90  
371  90  
372  90  
373  90  
374  90  
375  90  
376  90  
377  90  
357  91  
358  91  
359  91  
360  91  
361  91  
362  91  
363  91  
364  91  
365  91  
366  91  
367  91  
368  91  
346  92  
347  92  
348  92  
349  92  
350  92  
351  92  
352  92  
353  92  
354  92  
355  92  
356  92  
333  93  
334  93  
335  93  
336  93  
337  93  
338  93  
339  93  
340  93  
341  93  
342  93  
343  93  
344  93  
345  93  
322  94  
323  94  
324  94  
325  94  
326  94  
327  94  
328  94  
329  94  
330  94  
331  94  
332  94  
311  95  
312  95  
313  95  
314  95  
315  95  
316  95  
317  95  
318  95  
319  95  
320  95  
321  95  
300  96  
301  96  
302  96  
303  96  
304  96  
305  96  
306  96  
307  96  
308  96  
309  96  
310  96  
293  97  
294  97  
295  97  
296  97  
297  97  
298  97  
299  97  
279  98  
280  98  
281  98  
282  98  
283  98  
284  98  
285  98  
268  99  
269  99  
270  99  
271  99  
272  99  
273  99  
274  99  
275  99  
276  99  
277  99  
278  99  
256  100  
257  100  
258  100  
259  100  
260  100  
261  100  
262  100  
263  100  
264  100  
265  100  
266  100  
267  100  
221  102  
222  102  
228  102  
238  102  
239  102  
240  102  
241  102  
242  102  
243  102  
244  102  
245  102  
246  102  
247  102  
223  103  
224  103  
225  103  
226  103  
227  103  
229  103  
230  103  
231  103  
232  103  
233  103  
234  103  
235  103  
236  103  
237  103  
156  109  
156  110  
156  111  
156  112  
156  113  
156  114  
156  115  
156  116  
156  117  
156  118  
156  119  
156  120  
156  121  
156  122  
156  123  
156  124  
156  125  
156  126  
156  127  
156  128  
184  115  
184  116  
184  117  
184  118  
184  119  
184  120  
184  121  
184  122  
184  123  
183  124  
183  125  
183  126  
183  127  
183  128  
183  129  
183  130  
183  131  
184  132  
184  133  
184  134  
184  135  
184  136  
183  137  
183  138  
183  139  
183  140  
183  141  
184  142  
184  143  
184  144  
183  145  
183  146  
183  147  
184  148  
184  149  
184  150  
184  151  
184  152  
184  153  
183  154  
183  155  
183  156  
183  157  
183  158  
183  159  
183  160  
183  161  
183  162  
183  163  
183  164  
183  165  
183  166  
183  167  
183  168  
183  169  
183  170  
183  171  
183  172  
183  173  
183  174  
183  175  
183  176  
183  177  
183  178  
183  179  
183  180  
183  181  
183  182  
183  183  
183  184  
183  185  
183  186  
183  187  
183  188  
183  189  
183  190  
183  191  
183  192  
183  193  
183  194  
183  195  
183  196  
183  197  
183  198  
183  199  
183  200  
183  201  
183  202  
183  203  
183  204  
183  205  
183  206  
183  207  
183  208  
183  209  
183  210  
183  211  
183  212  
183  213  
183  214  
183  215  
183  216  
183  217  
183  218  
183  219  
183  220  
183  221  
182  222  
182  223  
182  224  
182  225  
182  226  
182  227  
182  228  
182  229  
182  230  
182  231  
182  232  
182  233  
182  234  
182  235  
182  236  
182  237  
182  238  
182  239  
182  240  
182  241  
182  242  
182  243  
182  244  
182  245  
182  246  
182  247  
182  248  
182  249  
182  250  
182  251  
182  252  
182  253  
182  254  
182  255  
182  256  
182  257  
182  258  
182  259  
182  260  
182  261  
182  262  
182  263  
182  264  
182  265  
182  266  
182  267  
182  268  
182  269  
182  270  
182  271  
182  272  
182  273  
182  274  
182  275  
182  276  
182  277  
182  278  
182  279  
182  280  
182  281  
182  282  
182  283  
182  284  
182  285  
182  286  
182  287  
182  288  
182  289  
182  290  
182  291  
182  292  
182  293  
182  294  
182  295  
182  296  
182  297  
182  298  
182  299  
182  300  
182  301  
182  302  
182  303  
182  304  
182  305  
182  306  
182  307  
182  308  
182  309  
182  310  
182  311  
182  312  
182  313  
182  314  
182  315  
182  316  
182  317  
182  318  
182  319  
182  320  
182  321  
182  322  
182  323  
182  324  
182  325  
182  326  
182  327  
182  328  
181  329  
181  330  
182  331  
181  332  
181  333  
181  334  
124  125  
124  126  
124  127  
124  128  
124  129  
124  130  
124  131  
124  132  
124  133  
124  134  
124  135  
124  136  
124  137  
124  138  
124  139  
124  140  
124  141  
124  142  
124  143  
124  144  
124  145  
402  129  
403  129  
404  129  
392  130  
393  130  
394  130  
395  130  
396  130  
397  130  
398  130  
399  130  
400  130  
401  130  
376  131  
377  131  
378  131  
379  131  
380  131  
381  131  
382  131  
383  131  
384  131  
385  131  
386  131  
387  131  
388  131  
389  131  
390  131  
391  131  
362  132  
363  132  
364  132  
365  132  
366  132  
367  132  
368  132  
369  132  
370  132  
371  132  
372  132  
373  132  
374  132  
375  132  
347  133  
348  133  
349  133  
350  133  
351  133  
352  133  
353  133  
354  133  
355  133  
356  133  
357  133  
358  133  
359  133  
360  133  
361  133  
334  134  
335  134  
336  134  
337  134  
338  134  
339  134  
340  134  
341  134  
342  134  
343  134  
344  134  
345  134  
346  134  
317  135  
318  135  
319  135  
320  135  
321  135  
322  135  
323  135  
324  135  
325  135  
326  135  
327  135  
328  135  
329  135  
330  135  
331  135  
332  135  
333  135  
303  136  
304  136  
305  136  
306  136  
307  136  
308  136  
309  136  
310  136  
311  136  
312  136  
313  136  
314  136  
315  136  
316  136  
288  137  
289  137  
290  137  
291  137  
292  137  
293  137  
294  137  
295  137  
296  137  
297  137  
298  137  
299  137  
300  137  
301  137  
302  137  
156  136  
156  137  
156  138  
156  139  
156  140  
156  141  
156  142  
155  143  
155  144  
155  145  
155  146  
155  147  
155  148  
155  149  
155  150  
155  151  
155  152  
155  153  
155  154  
155  155  
155  156  
155  157  
155  158  
155  159  
155  160  
155  161  
155  162  
155  163  
155  164  
155  165  
155  166  
155  167  
155  168  
155  169  
155  170  
155  171  
155  172  
155  173  
155  174  
155  175  
155  176  
155  177  
479  146  
479  147  
479  148  
479  149  
479  150  
479  151  
479  152  
479  153  
479  154  
479  155  
479  156  
479  157  
479  158  
479  159  
479  160  
479  161  
479  162  
479  163  
479  164  
479  165  
479  166  
479  167  
479  168  
479  169  
479  170  
479  171  
479  172  
479  173  
479  174  
479  175  
479  176  
479  177  
479  178  
479  179  
479  180  
479  181  
479  182  
479  183  
479  184  
479  185  
479  186  
479  187  
479  188  
479  189  
479  190  
479  191  
479  192  
479  193  
479  194  
479  195  
479  196  
479  197  
479  198  
479  199  
479  200  
479  201  
479  202  
479  203  
479  204  
479  205  
479  206  
479  207  
479  208  
479  209  
479  210  
479  211  
479  212  
479  213  
479  214  
479  215  
479  216  
479  217  
479  218  
479  219  
479  220  
479  221  
479  222  
479  223  
479  224  
479  225  
479  226  
479  227  
479  228  
479  229  
479  230  
479  231  
479  232  
479  233  
479  234  
479  235  
479  236  
479  237  
479  238  
479  239  
479  240  
479  241  
479  242  
479  243  
479  244  
479  245  
479  246  
479  247  
479  248  
479  249  
479  250  
479  251  
479  252  
479  253  
479  254  
479  255  
479  256  
479  257  
479  258  
479  259  
479  260  
479  261  
479  262  
479  263  
479  264  
479  265  
479  266  
479  267  
479  268  
479  269  
479  270  
479  271  
479  272  
479  273  
479  274  
479  275  
479  276  
479  277  
479  278  
479  279  
479  280  
479  281  
479  282  
479  283  
479  284  
479  285  
479  286  
479  287  
479  288  
479  289  
479  290  
479  291  
479  292  
479  293  
479  294  
479  295  
479  296  
479  297  
479  298  
479  299  
479  300  
479  301  
479  302  
479  303  
479  304  
479  305  
479  306  
479  307  
479  308  
479  309  
479  310  
479  311  
479  312  
479  313  
479  314  
479  315  
479  316  
479  317  
479  318  
479  319  
479  320  
479  321  
479  322  
479  323  
479  324  
479  325  
479  326  
479  327  
479  328  
479  329  
479  330  
479  331  
479  332  
479  333  
479  334  
479  335  
479  336  
479  337  
367  161  
368  161  
369  161  
370  161  
371  161  
372  161  
373  161  
374  161  
375  161  
376  161  
377  161  
378  161  
379  161  
380  161  
381  161  
382  161  
383  161  
384  161  
385  161  
386  161  
387  161  
349  162  
350  162  
351  162  
352  162  
353  162  
354  162  
355  162  
356  162  
357  162  
358  162  
359  162  
360  162  
361  162  
362  162  
363  162  
364  162  
365  162  
366  162  
335  163  
336  163  
337  163  
338  163  
339  163  
340  163  
341  163  
342  163  
343  163  
344  163  
345  163  
346  163  
347  163  
348  163  
322  164  
323  164  
324  164  
325  164  
326  164  
327  164  
328  164  
329  164  
330  164  
331  164  
332  164  
333  164  
334  164  
306  165  
307  165  
308  165  
309  165  
310  165  
311  165  
312  165  
313  165  
314  165  
315  165  
316  165  
317  165  
318  165  
319  165  
320  165  
321  165  
293  166  
294  166  
295  166  
296  166  
297  166  
298  166  
299  166  
300  166  
301  166  
302  166  
303  166  
304  166  
305  166  
281  167  
282  167  
283  167  
284  167  
285  167  
286  167  
287  167  
288  167  
289  167  
290  167  
291  167  
292  167  
265  168  
266  168  
267  168  
268  168  
269  168  
270  168  
271  168  
272  168  
273  168  
274  168  
275  168  
276  168  
277  168  
278  168  
279  168  
280  168  
250  169  
251  169  
252  169  
253  169  
254  169  
255  169  
256  169  
257  169  
258  169  
259  169  
260  169  
261  169  
262  169  
263  169  
264  169  
239  170  
240  170  
241  170  
242  170  
243  170  
244  170  
245  170  
246  170  
247  170  
248  170  
249  170  
230  171  
231  171  
232  171  
233  171  
234  171  
235  171  
236  171  
237  171  
238  171  
256  183  
257  183  
258  183  
259  183  
260  183  
261  183  
262  183  
263  183  
264  183  
265  183  
266  183  
267  183  
228  184  
229  184  
236  184  
237  184  
238  184  
239  184  
240  184  
241  184  
242  184  
243  184  
244  184  
245  184  
246  184  
247  184  
248  184  
249  184  
250  184  
251  184  
252  184  
253  184  
254  184  
255  184  
230  185  
231  185  
232  185  
233  185  
234  185  
235  185  
155  186  
155  187  
155  188  
155  189  
155  190  
155  191  
155  192  
155  193  
155  194  
154  195  
154  196  
154  197  
154  198  
154  199  
154  200  
154  201  
154  202  
154  203  
154  204  
154  205  
154  206  
154  207  
154  208  
154  209  
154  210  
154  211  
154  212  
154  213  
154  214  
154  215  
154  216  
154  217  
154  218  
154  219  
154  220  
154  221  
154  222  
154  223  
154  224  
154  225  
154  226  
154  227  
154  228  
154  229  
154  230  
154  231  
154  232  
154  233  
154  234  
154  235  
154  236  
154  237  
154  238  
154  239  
154  240  
154  241  
154  242  
154  243  
154  244  
154  245  
154  246  
154  247  
154  248  
154  249  
154  250  
154  251  
154  252  
378  222  
379  222  
380  222  
381  222  
382  222  
383  222  
384  222  
385  222  
386  222  
387  222  
388  222  
389  222  
390  222  
391  222  
360  223  
361  223  
362  223  
363  223  
364  223  
365  223  
366  223  
367  223  
368  223  
369  223  
370  223  
371  223  
372  223  
373  223  
374  223  
375  223  
376  223  
377  223  
344  224  
345  224  
346  224  
347  224  
348  224  
349  224  
350  224  
351  224  
352  224  
353  224  
354  224  
355  224  
356  224  
357  224  
358  224  
359  224  
320  225  
321  225  
322  225  
323  225  
324  225  
325  225  
326  225  
327  225  
328  225  
329  225  
330  225  
331  225  
332  225  
333  225  
334  225  
335  225  
336  225  
337  225  
338  225  
339  225  
340  225  
341  225  
342  225  
343  225  
302  226  
303  226  
304  226  
305  226  
306  226  
307  226  
308  226  
309  226  
310  226  
311  226  
312  226  
313  226  
314  226  
315  226  
316  226  
317  226  
318  226  
319  226  
285  227  
286  227  
287  227  
288  227  
289  227  
290  227  
291  227  
292  227  
293  227  
294  227  
295  227  
296  227  
297  227  
298  227  
299  227  
300  227  
301  227  
269  228  
270  228  
271  228  
272  228  
273  228  
274  228  
275  228  
276  228  
277  228  
278  228  
279  228  
280  228  
281  228  
282  228  
283  228  
284  228  
254  229  
255  229  
256  229  
257  229  
258  229  
259  229  
260  229  
261  229  
262  229  
263  229  
264  229  
265  229  
266  229  
267  229  
268  229  
242  230  
243  230  
244  230  
245  230  
246  230  
247  230  
248  230  
249  230  
250  230  
251  230  
252  230  
253  230  
336  240  
316  241  
317  241  
318  241  
319  241  
320  241  
321  241  
322  241  
323  241  
324  241  
325  241  
326  241  
327  241  
328  241  
329  241  
330  241  
331  241  
332  241  
333  241  
334  241  
335  241  
287  242  
288  242  
289  242  
290  242  
291  242  
292  242  
293  242  
294  242  
295  242  
296  242  
297  242  
298  242  
299  242  
300  242  
301  242  
302  242  
303  242  
304  242  
305  242  
306  242  
307  242  
308  242  
309  242  
310  242  
311  242  
312  242  
313  242  
314  242  
315  242  
256  243  
257  243  
258  243  
259  243  
260  243  
261  243  
262  243  
263  243  
264  243  
265  243  
266  243  
267  243  
268  243  
269  243  
270  243  
271  243  
272  243  
273  243  
274  243  
275  243  
276  243  
277  243  
278  243  
279  243  
230  244  
231  244  
232  244  
233  244  
234  244  
235  244  
236  244  
237  244  
238  244  
239  244  
240  244  
241  244  
242  244  
243  244  
244  244  
245  244  
246  244  
247  244  
248  244  
249  244  
250  244  
251  244  
252  244  
253  244  
254  244  
255  244  
462  256  
462  257  
462  258  
462  259  
462  260  
462  261  
462  262  
462  263  
462  264  
462  265  
462  266  
462  267  
462  268  
462  269  
462  270  
463  271  
463  272  
463  273  
463  274  
463  275  
463  276  
463  277  
463  278  
463  279  
463  280  
463  281  
463  282  
463  283  
463  284  
463  285  
464  286  
464  287  
464  288  
464  289  
464  290  
464  291  
464  292  
464  293  
464  294  
464  295  
464  296  
464  297  
464  298  
464  299  
464  300  
464  301  
464  302  
464  303  
464  304  
464  305  
465  306  
465  307  
465  308  
465  309  
465  310  
465  311  
465  312  
465  313  
465  314  
465  315  
465  316  
465  317  
465  318  
465  319  
465  320  
465  321  
465  322  
465  323  
465  324  
465  325  
466  326  
466  327  
466  328  
466  329  
466  330  
466  331  
466  332  
466  333  
457  259  
457  260  
457  261  
457  262  
457  263  
457  264  
457  265  
457  266  
457  267  
457  268  
457  269  
457  270  
458  271  
458  272  
458  273  
458  274  
458  275  
458  276  
458  277  
458  278  
458  279  
458  280  
458  281  
458  282  
458  283  
458  284  
458  285  
458  286  
458  287  
458  288  
458  289  
458  290  
458  291  
458  292  
458  293  
458  294  
459  295  
459  296  
459  297  
459  298  
459  299  
459  300  
459  301  
459  302  
459  303  
459  304  
459  305  
459  306  
459  307  
459  308  
459  309  
459  310  
459  311  
459  312  
459  313  
459  314  
459  315  
459  316  
459  317  
459  318  
460  319  
460  320  
460  321  
460  322  
460  323  
460  324  
460  325  
460  326  
460  327  
460  328  
460  329  
460  330  
460  331  
460  332  
460  333  
460  334  
461  335  
461  336  
461  337  
461  338  
460  339  
153  267  
153  268  
153  269  
153  270  
153  271  
153  272  
153  273  
153  274  
153  275  
153  276  
153  277  
153  278  
153  279  
153  280  
153  281  
153  282  
153  283  
153  284  
153  285  
153  286  
153  287  
153  288  
153  289  
153  290  
153  291  
152  310  
152  311  
152  312  
152  313  
152  314  
152  315  
152  316  
152  317  
152  318  
152  319  
152  320  
152  321  
152  322  
152  323  
152  324  
152  325  
152  326  
152  327  
152  328  
152  329  
152  330  
152  331  
152  332  
152  333  
152  334  
152  335  
152  336  
152  337  
152  338  
152  339  
152  340  
152  341  
152  342  
152  343  
152  344  
152  345  
152  346  
152  347  
152  348  
76  316  
76  317  
76  318  
75  319  
75  320  
75  321  
75  322  
75  323  
75  324  
75  325  
75  326  
75  327  
75  328  
75  329  
75  330  
75  331  
75  332  
75  333  
75  334  
75  335  
75  336  
75  337  
75  338  
75  339  
75  340  
75  341  
75  342  
75  343  
75  344  
75  345  
75  346  
76  347  
76  348  
76  349  
76  350  
76  351  
76  352  
76  353  
76  354  
76  355  
76  356  
76  357  
77  358  
77  359  
77  360  
77  361  
77  362  
78  363  
185  321  
185  322  
185  323  
185  324  
185  325  
185  326  
185  327  
185  328  
185  329  
185  330  
185  331  
185  332  
185  333  
185  334  
185  335  
185  336  
185  337  
185  338  
185  339  
185  340  
185  341  
185  342  
185  343  
185  344  
185  345  
185  346  
185  347  
185  348  
185  349  
185  350  
185  351  
185  352  
185  353  
185  354  
185  355  
185  356  
185  357  
185  358  
185  359  
185  360  
185  361  
185  362  
185  363  
185  364  
185  365  
185  366  
185  367  
185  368  
185  369  
185  370  
185  371  
185  372  
185  373  
185  374  
185  375  
185  376  
185  377  
185  378  
185  379  
185  380  
185  381  
185  382  
185  383  
185  384  
185  385  
185  386  
185  387  
185  388  
185  389  
185  390  
185  391  
185  392  
185  393  
185  394  
185  395  
185  396  
185  397  
185  398  
185  399  
184  400  
184  401  
184  402  
184  403  
184  404  
184  405  
184  406  
184  407  
184  408  
184  409  
185  410  
185  411  
185  412  
185  413  
184  414  
184  415  
184  416  
184  417  
184  418  
184  419  
184  420  
184  421  
184  422  
184  423  
184  424  
184  425  
184  426  
184  427  
184  428  
184  429  
184  430  
184  431  
184  432  
184  433  
184  434  
181  342  
181  343  
181  344  
181  345  
181  346  
181  347  
181  348  
181  349  
181  350  
181  351  
181  352  
181  353  
181  354  
181  355  
181  356  
181  357  
181  358  
181  359  
181  360  
181  361  
181  362  
181  363  
181  364  
181  365  
181  366  
181  367  
181  368  
181  369  
181  370  
181  371  
181  372  
181  373  
181  374  
181  375  
181  376  
181  377  
181  378  
181  379  
181  380  
181  381  
181  382  
181  383  
181  384  
181  385  
181  386  
181  387  
181  388  
181  389  
181  390  
181  391  
181  392  
181  393  
181  394  
181  395  
181  396  
181  397  
181  398  
181  399  
181  400  
181  401  
181  402  
181  403  
181  404  
181  405  
181  406  
181  407  
180  408  
180  409  
180  410  
180  411  
180  412  
180  413  
180  414  
180  415  
180  416  
180  417  
180  418  
180  419  
180  420  
180  421  
180  422  
180  423  
180  424  
180  425  
180  426  
180  427  
180  428  
180  429  
180  430  
180  431  
180  432  
362  352  
363  352  
364  352  
365  352  
366  352  
367  352  
368  352  
369  352  
370  352  
371  352  
372  352  
373  352  
374  352  
375  352  
376  352  
377  352  
378  352  
379  352  
380  352  
381  352  
382  352  
383  352  
384  352  
385  352  
386  352  
387  352  
388  352  
389  352  
390  352  
391  352  
392  352  
393  352  
394  352  
317  353  
318  353  
319  353  
320  353  
321  353  
322  353  
323  353  
324  353  
325  353  
326  353  
327  353  
328  353  
329  353  
330  353  
331  353  
332  353  
333  353  
334  353  
335  353  
336  353  
337  353  
338  353  
339  353  
340  353  
341  353  
342  353  
343  353  
344  353  
345  353  
346  353  
347  353  
348  353  
349  353  
350  353  
351  353  
352  353  
353  353  
354  353  
355  353  
356  353  
357  353  
358  353  
359  353  
360  353  
361  353  
281  354  
282  354  
283  354  
284  354  
285  354  
286  354  
287  354  
288  354  
289  354  
290  354  
291  354  
292  354  
293  354  
294  354  
295  354  
296  354  
297  354  
298  354  
299  354  
300  354  
301  354  
302  354  
303  354  
304  354  
305  354  
306  354  
307  354  
308  354  
309  354  
310  354  
311  354  
312  354  
313  354  
314  354  
315  354  
316  354  
247  355  
248  355  
249  355  
250  355  
251  355  
252  355  
253  355  
254  355  
255  355  
256  355  
257  355  
258  355  
259  355  
260  355  
261  355  
262  355  
263  355  
264  355  
265  355  
266  355  
267  355  
268  355  
269  355  
270  355  
271  355  
272  355  
273  355  
274  355  
275  355  
276  355  
277  355  
278  355  
279  355  
280  355  
230  356  
231  356  
232  356  
233  356  
234  356  
235  356  
236  356  
237  356  
238  356  
239  356  
240  356  
241  356  
242  356  
243  356  
244  356  
245  356  
246  356  
151  356  
151  357  
151  358  
151  359  
151  360  
151  361  
151  362  
151  363  
151  364  
151  365  
151  366  
151  367  
151  368  
151  369  
151  370  
151  371  
151  372  
151  373  
151  374  
151  375  
151  376  
151  377  
151  378  
151  379  
151  380  
151  381  
151  382  
151  383  
151  384  
151  385  
151  386  
151  387  
151  388  
151  389  
151  390  
150  391  
150  392  
150  393  
353  369  
354  369  
355  369  
229  370  
230  370  
231  370  
232  370  
233  370  
234  370  
235  370  
236  370  
237  370  
238  370  
239  370  
240  370  
241  370  
242  370  
243  370  
244  370  
245  370  
246  370  
247  370  
248  370  
249  370  
250  370  
251  370  
252  370  
253  370  
254  370  
255  370  
256  370  
257  370  
258  370  
259  370  
260  370  
261  370  
262  370  
263  370  
264  370  
265  370  
266  370  
267  370  
268  370  
269  370  
270  370  
271  370  
272  370  
273  370  
274  370  
275  370  
276  370  
277  370  
278  370  
279  370  
280  370  
281  370  
282  370  
283  370  
284  370  
285  370  
286  370  
287  370  
288  370  
289  370  
290  370  
291  370  
292  370  
293  370  
294  370  
295  370  
296  370  
297  370  
298  370  
299  370  
300  370  
301  370  
302  370  
303  370  
304  370  
305  370  
306  370  
307  370  
308  370  
309  370  
310  370  
311  370  
312  370  
313  370  
314  370  
315  370  
316  370  
317  370  
318  370  
319  370  
320  370  
321  370  
322  370  
323  370  
324  370  
325  370  
326  370  
327  370  
328  370  
329  370  
330  370  
331  370  
332  370  
333  370  
334  370  
335  370  
336  370  
337  370  
338  370  
339  370  
340  370  
341  370  
342  370  
343  370  
344  370  
345  370  
346  370  
347  370  
348  370  
349  370  
350  370  
351  370  
352  370  
356  370  
357  370  
358  370  
359  370  
367  369  
368  369  
369  369  
370  369  
371  369  
372  369  
373  369  
374  369  
375  369  
376  369  
377  369  
378  369  
379  369  
380  369  
381  369  
382  369  
383  369  
384  369  
385  369  
386  369  
387  369  
388  369  
389  369  
462  370  
462  371  
462  372  
462  373  
462  374  
462  375  
462  376  
462  377  
462  378  
462  379  
462  380  
463  381  
463  382  
463  383  
463  384  
463  385  
463  386  
463  387  
463  388  
463  389  
463  390  
463  391  
463  392  
463  393  
463  394  
463  395  
463  396  
463  397  
463  398  
463  399  
463  400  
463  401  
463  402  
464  403  
464  404  
464  405  
463  406  
463  407  
469  371  
469  372  
469  373  
469  374  
469  375  
469  376  
469  377  
469  378  
469  379  
469  380  
469  381  
469  382  
469  383  
469  384  
469  385  
470  386  
470  387  
470  388  
470  389  
470  390  
470  391  
470  392  
470  393  
470  394  
470  395  
470  396  
470  397  
470  398  
470  399  
470  400  
470  401  
470  402  
471  403  
471  404  
471  405  
471  406  
471  407  
471  408  
471  409  
471  410  
471  411  
471  412  
471  413  
471  414  
471  415  
471  416  
471  417  
466  376  
466  377  
466  378  
466  379  
466  380  
466  381  
466  382  
466  383  
466  384  
466  385  
466  386  
466  387  
466  388  
467  389  
467  390  
467  391  
467  392  
467  393  
467  394  
467  395  
467  396  
467  397  
467  398  
467  399  
467  400  
467  401  
467  402  
479  387  
479  388  
479  389  
479  390  
479  391  
479  392  
479  393  
479  394  
479  395  
479  396  
479  397  
479  398  
479  399  
479  400  
479  401  
479  402  
479  403  
479  404  
479  405  
479  406  
479  407  
479  408  
479  409  
479  410  
479  411  
479  412  
479  413  
479  414  
479  415  
479  416  
479  417  
479  418  
479  419  
479  420  
471  431  
472  432  
472  433  
472  434  
472  435  
472  436  
472  437  
472  438  
472  439  
473  440  
473  441  
473  442  
473  443  
473  444  
473  445  
473  446  
473  447  
473  448  
473  449  
474  450  
474  451  
474  452  
474  453  
474  454  
474  455  
474  456  
474  457  
474  458  
475  459  
475  460  
475  461  
475  462  
475  463  
475  464  
475  465  
475  466  
475  467  
475  468  
476  469  
476  470  
476  471  
275  438  
276  438  
277  438  
278  438  
279  438  
280  438  
281  438  
282  438  
283  438  
284  438  
285  438  
286  438  
287  438  
288  438  
289  438  
290  438  
291  438  
292  438  
293  438  
294  438  
295  438  
296  438  
306  442  
307  442  
308  442  
309  442  
310  442  
311  442  
312  442  
313  442  
314  442  
315  442  
316  442  
317  442  
318  442  
319  442  
320  442  
321  442  
322  442  
323  442  
324  442  
325  442  
326  442  
327  442  
328  442  
329  442  
330  442  
331  442  
332  442  
333  442  
334  442  
335  442  
336  442  
337  442  
338  442  
339  442  
340  442  
341  442  
342  442  
343  442  
344  442  
345  442  
346  442  
347  442  
348  442  
349  442  
350  442  
351  442  
352  442  
353  442  
354  442  
355  442  
356  442  
357  442  
358  442  
359  442  
360  442  
361  442  
362  442  
363  442  
364  442  
365  442  
366  442  
367  442  
368  442  
369  442  
370  442  
371  442  
372  442  
373  442  
374  442  
375  442  
376  442  
377  442  
378  442  
379  442  
380  442  
381  442  
382  442  
383  442  
384  442  
385  442  
386  442  
387  442  
388  442  
389  442  
390  442  
391  442  
392  442  
393  442  
394  442  
395  442  
396  442  
397  442  
398  442  
399  442  
400  442  
401  442  
402  442  
403  442  
404  442  
405  442  
406  442  
407  442  
408  442  
409  442  
410  442  
411  442  
412  442  
413  442  
414  442  
415  442  
416  442  
417  442  
418  442  
419  442  
420  442  
421  442  
422  442  
423  442  
424  442  
425  442  
442  442  
442  443  
442  444  
442  445  
442  446  
442  447  
442  448  
442  449  
442  450  
442  451  
442  452  
442  453  
442  454  
442  455  
442  456  
442  457  
442  458  
442  459  
442  460  
442  461  
442  462  
442  463  
442  464  
443  465  
443  466  
443  467  
443  468  
443  469  
443  470  
443  471  
443  472  
444  473  
240  466  
240  467  
240  468  
239  469  
239  470  
240  471  
240  472  
239  473  
239  474  
240  475  
240  476  
240  477  
240  478  
240  479  
240  480  
240  481  
240  482  
240  483  
240  484  
240  485  
240  486  
239  487  
239  488  
239  489  
239  490  
239  491  
239  492  
239  493  
239  494  
239  495  
239  496  
240  497  
240  498  
240  499  
240  500  
240  501  
240  502  
240  503  
240  504  
240  505  
240  506  
240  507  
240  508  
240  509  
240  510  
240  511  
240  512  
240  513  
240  514  
240  515  
240  516  
240  517  
240  518  
240  519  
240  520  
240  521  
240  522  
240  523  
240  524  
239  525  
239  526  
239  527  
239  528  
239  529  
239  530  
239  531  
239  532  
239  533  
239  534  
239  535  
239  536  
239  537  
238  538  
238  539  
238  540  
238  541  
238  542  
238  543  
238  544  
238  545  
238  546  
238  547  
238  548  
238  549  
238  550  
238  551  
238  552  
238  553  
238  554  
177  468  
172  469  
173  469  
174  469  
175  469  
176  469  
167  470  
168  470  
169  470  
170  470  
171  470  
162  471  
163  471  
164  471  
165  471  
166  471  
157  472  
158  472  
159  472  
160  472  
161  472  
155  473  
156  473  
465  475  
466  475  
467  475  
468  475  
469  475  
470  475  
471  475  
456  476  
457  476  
458  476  
459  476  
460  476  
461  476  
462  476  
463  476  
464  476  
448  477  
449  477  
450  477  
451  477  
452  477  
453  477  
454  477  
455  477  
439  482  
439  483  
439  484  
439  485  
439  486  
439  487  
439  488  
439  489  
439  490  
439  491  
439  492  
439  493  
439  494  
439  495  
439  496  
439  497  
439  498  
439  499  
439  500  
439  501  
439  502  
440  503  
440  504  
440  505  
440  506  
440  507  
440  508  
440  509  
463  482  
464  482  
465  482  
466  482  
467  482  
468  482  
469  482  
470  482  
471  482  
472  482  
473  482  
474  482  
449  483  
450  483  
451  483  
452  483  
453  483  
454  483  
455  483  
456  483  
457  483  
458  483  
459  483  
460  483  
461  483  
462  483  
475  483  
476  484  
476  485  
476  486  
476  487  
444  488  
444  489  
444  490  
444  491  
444  492  
444  493  
444  494  
444  495  
444  496  
444  497  
444  498  
444  499  
444  500  
444  501  
444  502  
444  503  
444  504  
444  505  
444  506  
444  507  
444  508  
444  509  
444  510  
444  511  
444  512  
444  513  
444  514  
444  515  
445  516  
445  517  
445  518  
445  519  
445  520  
445  521  
445  522  
445  523  
445  524  
446  525  
446  526  
476  489  
476  490  
476  491  
476  492  
476  493  
476  494  
477  495  
477  496  
477  497  
477  498  
477  499  
477  500  
477  501  
477  502  
477  503  
477  504  
477  505  
477  506  
477  507  
477  508  
477  509  
477  510  
477  511  
477  512  
477  513  
477  514  
477  515  
477  516  
477  517  
477  518  
477  519  
477  520  
477  521  
477  522  
477  523  
477  524  
298  561  
303  561  
299  562  
300  562  
301  562  
302  562  
304  562  
305  562  
306  562  
307  562  
308  562  
309  562  
310  562  
311  562  
312  562  
313  562  
314  562  
315  562  
316  562  
317  562  
318  562  
319  562  
320  562  
321  562  
322  562  
323  562  
324  562  
325  562  
326  562  
327  562  
328  562  
329  562  
330  562  
331  562  
332  562  
333  562  
334  562  
335  562  
336  562  
337  562  
338  563  
339  563  
340  563  
341  563  
342  563  
343  563  
344  563  
345  563  
346  563  
347  563  
348  563  
349  563  
350  563  
351  563  
352  563  
353  563  
354  563  
355  563  
356  563  
357  563  
358  563  
359  563  
360  563  
361  563  
362  563  
363  563  
364  563  
365  563  
366  563  
367  563  
368  563  
369  564  
370  564  
371  564  
372  564  
373  564  
464  573  
464  574  
464  575  
464  576  
464  577  
464  578  
464  579  
465  580  
465  581  
465  582  
465  583  
465  584  
465  585  
465  586  
465  587  
465  588  
466  589  
466  590  
466  591  
466  592  
466  593  
466  594  
466  595  
466  596  
467  597  
467  598  
467  599  
467  600  
467  601  
467  602  
467  603  
467  604  
467  605  
2  631  
3  631  
4  631  
5  632  
6  632  
7  632  
8  632  
9  632  
10  632  
11  632  
12  632  
13  632  
14  632  
15  632  
16  632  
17  632  
18  632  
19  632  
20  632  
21  632  
22  632  
23  632  
24  632  
25  632  
26  633  
27  633  
28  633  
29  633  
30  633  
31  633  
32  633  
33  633  
34  633  
35  633  
36  633  
37  633  
38  633  
39  633  
40  633  
41  633  
42  633  
43  633  
44  633  
45  633  
46  633  
47  633  
48  633  
49  633  
50  634  
51  634  
52  634  
53  634  
54  634  
55  634  
56  634  
57  634  
58  634  
59  634  
60  634  
61  634  
62  634  
63  634  
64  634  
65  634  
66  634  
67  634  
68  634  
69  634  
70  635  
71  635  
72  635  
73  635  
74  635  
75  635  
76  635  
77  635  
78  635  
79  635  
80  635  
81  635  
82  635  
83  635  
84  635  
85  635  
86  635  
87  635  
88  635  
96  636  
97  636  
98  636  
99  636  
100  636  
101  636  
102  636  
103  636  
104  636  
105  636  
106  636  
107  636  
108  636  
109  636  
110  636  
111  636  
112  636  
113  636  
114  636  
115  636  
116  637  
117  637  
118  637  
119  637  
120  637  
121  637  
122  637  
123  637  
124  637  
125  637  
126  637  
127  637  
128  637  
129  637  
130  637  
131  637  
132  637  
133  637  
134  637  
135  637  
136  637  
137  637  
138  638  
139  638  
140  638  
141  638  
142  638  
143  638  
144  638  
145  638  
146  638  
147  638  
148  638  
149  638  
150  638  
151  638  
152  638  
153  638  
154  638  
155  638  
156  638  
157  638  
158  638  
159  638  
160  638  
161  638  
162  638  
163  638  
164  638  
165  638  
166  638  
167  638  
168  638  
169  638  
170  638  
316  638  
317  638  
318  638  
319  638  
320  638  
321  638  
322  638  
323  638  
324  638  
171  639  
172  639  
173  639  
174  639  
175  639  
176  639  
177  639  
178  639  
179  639  
180  639  
181  639  
182  639  
183  639  
184  639  
185  639  
186  639  
187  639  
188  639  
189  639  
190  639  
191  639  
192  639  
193  639  
194  639  
195  639  
196  639  
197  639  
198  639  
199  639  
200  639  
201  639  
202  639  
203  639  
204  639  
205  639  
206  639  
207  639  
208  639  
209  639  
210  639  
211  639  
212  639  
213  639  
214  639  
215  639  
216  639  
217  639  
218  639  
219  639  
220  639  
221  639  
222  639  
223  639  
224  639  
225  639  
226  639  
227  639  
228  639  
229  639  
230  639  
231  639  
232  639  
233  639  
234  639  
235  639  
236  639  
237  639  
238  639  
239  639  
240  639  
241  639  
242  639  
243  639  
244  639  
245  639  
246  639  
247  639  
248  639  
249  639  
250  639  
251  639  
252  639  
253  639  
254  639  
255  639  
256  639  
257  639  
258  639  
259  639  
260  639  
261  639  
262  639  
263  639  
264  639  
265  639  
266  639  
267  639  
268  639  
269  639  
270  639  
271  639  
272  639  
273  639  
274  639  
275  639  
276  639  
277  639  
278  639  
279  639  
280  639  
281  639  
282  639  
283  639  
284  639  
285  639  
286  639  
287  639  
288  639  
289  639  
290  639  
291  639  
292  639  
293  639  
294  639  
295  639  
296  639  
297  639  
298  639  
299  639  
300  639  
301  639  
302  639  
303  639  
304  639  
305  639  
306  639  
307  639  
308  639  
309  639  
310  639  
311  639  
312  639  
313  639  
314  639  
315  639  
