81  
28  23  33  56  50  29  29  30  100  43  22  33  22  21  20  27  22  28  29  58  153  290  374  41  56  46  23  132  52  40  110  27  31  31  161  29  257  163  40  20  48  86  156  39  92  60  70  86  42  33  35  20  34  24  58  55  155  69  81  39  108  77  22  86  27  75  147  37  26  66  30  29  21  22  23  57  90  31  21  30  25  
432  14  
432  15  
432  16  
432  17  
432  18  
432  19  
432  20  
432  21  
432  22  
432  23  
432  24  
432  25  
432  26  
432  27  
432  28  
432  29  
432  30  
432  31  
432  32  
432  33  
432  34  
432  35  
432  36  
432  37  
432  38  
432  39  
432  40  
432  41  
436  17  
436  18  
436  19  
436  20  
436  21  
436  22  
436  23  
436  24  
436  25  
436  26  
436  27  
436  28  
436  29  
436  30  
436  31  
436  32  
436  33  
436  34  
436  35  
436  36  
436  37  
436  38  
436  39  
342  24  
343  24  
344  24  
345  24  
346  24  
347  24  
348  24  
349  24  
350  24  
351  24  
352  24  
353  24  
354  24  
355  24  
328  25  
329  25  
330  25  
331  25  
332  25  
333  25  
334  25  
335  25  
336  25  
337  25  
338  25  
339  25  
340  25  
341  25  
323  26  
324  26  
325  26  
326  26  
327  26  
268  45  
268  46  
268  47  
268  48  
268  49  
268  50  
268  51  
268  52  
268  53  
268  54  
268  55  
268  56  
268  57  
268  58  
268  59  
268  60  
268  61  
268  62  
268  63  
268  64  
268  65  
268  66  
268  67  
268  68  
268  69  
268  70  
268  71  
268  72  
268  73  
268  74  
268  75  
268  76  
268  77  
268  78  
268  79  
269  80  
269  81  
269  82  
269  83  
269  84  
269  85  
269  86  
269  87  
269  88  
269  89  
269  90  
269  91  
269  92  
269  93  
270  94  
270  95  
270  96  
270  97  
270  98  
270  99  
270  100  
401  48  
401  49  
401  50  
401  51  
401  52  
401  53  
401  54  
401  55  
401  56  
401  57  
401  58  
401  59  
401  60  
401  61  
401  62  
401  63  
401  64  
401  65  
401  66  
401  67  
401  68  
401  69  
401  70  
401  71  
401  72  
401  73  
401  74  
401  75  
401  76  
401  77  
401  78  
401  79  
401  80  
401  81  
401  82  
401  83  
401  84  
401  85  
401  86  
401  87  
401  88  
401  89  
401  90  
401  91  
401  92  
401  93  
401  94  
402  95  
402  96  
403  97  
274  52  
274  53  
274  54  
274  55  
274  56  
274  57  
274  58  
274  59  
274  60  
274  61  
274  62  
274  63  
274  64  
274  65  
274  66  
274  67  
274  68  
274  69  
274  70  
274  71  
274  72  
274  73  
274  74  
274  75  
274  76  
274  77  
274  78  
274  79  
274  80  
297  53  
297  54  
297  55  
297  56  
297  57  
297  58  
297  59  
297  60  
297  61  
297  62  
297  63  
297  64  
297  65  
297  66  
297  67  
297  68  
297  69  
297  70  
297  71  
298  72  
298  73  
298  74  
298  75  
298  76  
298  77  
298  78  
298  79  
298  80  
298  81  
294  54  
294  55  
294  56  
294  57  
294  58  
294  59  
294  60  
294  61  
294  62  
294  63  
294  64  
294  65  
294  66  
294  67  
294  68  
294  69  
294  70  
294  71  
294  72  
294  73  
295  74  
295  75  
295  76  
295  77  
295  78  
295  79  
295  80  
295  81  
295  82  
295  83  
436  54  
436  55  
436  56  
436  57  
436  58  
436  59  
436  60  
436  61  
436  62  
436  63  
436  64  
436  65  
436  66  
436  67  
436  68  
436  69  
436  70  
436  71  
436  72  
436  73  
436  74  
436  75  
436  76  
436  77  
436  78  
436  79  
436  80  
436  81  
436  82  
436  83  
436  84  
436  85  
436  86  
436  87  
436  88  
436  89  
436  90  
436  91  
436  92  
436  93  
436  94  
436  95  
436  96  
436  97  
436  98  
436  99  
436  100  
436  101  
436  102  
436  103  
436  104  
436  105  
436  106  
436  107  
436  108  
436  109  
436  110  
436  111  
436  112  
436  113  
436  114  
436  115  
436  116  
436  117  
436  118  
436  119  
436  120  
436  121  
436  122  
436  123  
436  124  
436  125  
436  126  
436  127  
436  128  
436  129  
436  130  
436  131  
436  132  
436  133  
436  134  
436  135  
436  136  
436  137  
436  138  
436  139  
436  140  
436  141  
436  142  
436  143  
436  144  
436  145  
436  146  
436  147  
436  148  
436  149  
436  150  
436  151  
436  152  
436  153  
258  59  
258  60  
258  61  
258  62  
258  63  
258  64  
258  65  
258  66  
258  67  
258  68  
258  69  
258  70  
258  71  
258  72  
258  73  
259  74  
259  75  
259  76  
259  77  
259  78  
259  79  
259  80  
259  81  
259  82  
259  83  
259  84  
259  85  
259  86  
259  87  
260  88  
260  89  
260  90  
260  91  
260  92  
260  93  
260  94  
260  95  
260  96  
260  97  
260  98  
260  99  
260  100  
260  101  
432  65  
432  66  
432  67  
432  68  
432  69  
432  70  
432  71  
432  72  
432  73  
432  74  
432  75  
432  76  
432  77  
432  78  
432  79  
432  80  
432  81  
432  82  
432  83  
432  84  
432  85  
432  86  
289  73  
289  74  
289  75  
289  76  
289  77  
289  78  
289  79  
289  80  
289  81  
289  82  
289  83  
289  84  
289  85  
290  86  
290  87  
290  88  
290  89  
290  90  
290  91  
290  92  
290  93  
290  94  
290  95  
290  96  
290  97  
290  98  
290  99  
290  100  
290  101  
290  102  
291  103  
292  103  
293  103  
256  80  
256  81  
256  82  
256  83  
256  84  
256  85  
256  86  
256  87  
256  88  
256  89  
256  90  
257  91  
257  92  
257  93  
257  94  
257  95  
257  96  
257  97  
257  98  
257  99  
257  100  
257  101  
232  106  
250  106  
251  106  
252  106  
233  107  
234  107  
235  107  
236  107  
237  107  
238  107  
239  107  
240  107  
241  107  
242  107  
243  107  
244  107  
245  107  
246  107  
247  107  
248  107  
249  107  
373  115  
374  115  
375  115  
358  116  
359  116  
360  116  
361  116  
362  116  
363  116  
364  116  
365  116  
366  116  
367  116  
368  116  
369  116  
370  116  
371  116  
372  116  
376  116  
377  116  
287  117  
261  118  
262  118  
263  118  
264  118  
265  118  
266  118  
267  118  
268  118  
269  118  
270  118  
271  118  
272  118  
273  118  
274  118  
275  118  
276  118  
277  118  
278  118  
279  118  
280  118  
281  118  
282  118  
283  118  
284  118  
285  118  
286  118  
363  120  
364  120  
365  120  
366  120  
367  120  
368  120  
369  120  
370  120  
371  120  
372  120  
373  120  
374  120  
375  120  
376  120  
377  120  
378  120  
379  120  
380  120  
381  120  
382  120  
383  120  
384  120  
284  121  
285  121  
286  121  
287  121  
288  121  
261  122  
262  122  
263  122  
264  122  
265  122  
266  122  
267  122  
268  122  
269  122  
270  122  
271  122  
272  122  
273  122  
274  122  
275  122  
276  122  
277  122  
278  122  
279  122  
280  122  
281  122  
282  122  
283  122  
341  121  
342  121  
343  121  
344  121  
345  121  
346  121  
347  121  
348  121  
349  121  
350  121  
351  121  
352  121  
353  121  
354  121  
355  121  
327  122  
328  122  
329  122  
330  122  
331  122  
332  122  
333  122  
334  122  
335  122  
336  122  
337  122  
338  122  
339  122  
340  122  
304  123  
305  123  
306  123  
307  123  
308  123  
309  123  
310  123  
311  123  
312  123  
313  123  
314  123  
315  123  
316  123  
317  123  
288  124  
289  124  
290  124  
291  124  
292  124  
293  124  
294  124  
295  124  
296  124  
297  124  
298  124  
299  124  
300  124  
301  124  
302  124  
303  124  
281  125  
282  125  
283  125  
284  125  
285  125  
286  125  
287  125  
260  126  
261  126  
262  126  
263  126  
264  126  
265  126  
266  126  
267  126  
268  126  
269  126  
270  126  
271  126  
272  126  
273  126  
274  126  
275  126  
276  126  
279  126  
280  126  
277  127  
278  127  
169  124  
169  125  
169  126  
169  127  
169  128  
169  129  
169  130  
169  131  
169  132  
169  133  
169  134  
169  135  
169  136  
169  137  
169  138  
169  139  
169  140  
169  141  
169  142  
169  143  
169  144  
169  145  
169  146  
169  147  
169  148  
169  149  
169  150  
169  151  
169  152  
169  153  
169  154  
169  155  
169  156  
169  157  
169  158  
169  159  
169  160  
169  161  
169  162  
169  163  
169  164  
169  165  
169  166  
169  167  
169  168  
169  169  
169  170  
169  171  
169  172  
168  173  
168  174  
168  175  
169  176  
169  177  
169  178  
169  179  
169  180  
169  181  
168  182  
168  183  
168  184  
168  185  
169  186  
169  187  
169  188  
169  189  
169  190  
168  191  
168  192  
168  193  
168  194  
169  195  
169  196  
169  197  
169  198  
168  199  
168  200  
168  201  
168  202  
168  203  
168  204  
168  205  
168  206  
168  207  
168  208  
168  209  
168  210  
168  211  
168  212  
168  213  
168  214  
168  215  
168  216  
168  217  
168  218  
168  219  
168  220  
168  221  
168  222  
169  223  
169  224  
169  225  
169  226  
168  227  
168  228  
168  229  
168  230  
168  231  
168  232  
168  233  
168  234  
168  235  
168  236  
168  237  
168  238  
168  239  
168  240  
168  241  
168  242  
169  243  
169  244  
168  245  
168  246  
168  247  
168  248  
168  249  
168  250  
168  251  
169  252  
169  253  
169  254  
168  255  
168  256  
168  257  
168  258  
168  259  
169  260  
169  261  
169  262  
169  263  
169  264  
168  265  
168  266  
168  267  
168  268  
168  269  
168  270  
169  271  
169  272  
168  273  
168  274  
168  275  
168  276  
197  132  
197  133  
197  134  
198  135  
198  136  
197  137  
197  138  
197  139  
197  140  
197  141  
197  142  
197  143  
197  144  
197  145  
197  146  
197  147  
197  148  
197  149  
197  150  
197  151  
197  152  
197  153  
197  154  
197  155  
197  156  
197  157  
197  158  
197  159  
197  160  
197  161  
197  162  
197  163  
197  164  
197  165  
197  166  
197  167  
197  168  
197  169  
197  170  
197  171  
197  172  
197  173  
197  174  
197  175  
197  176  
197  177  
197  178  
197  179  
197  180  
197  181  
197  182  
197  183  
197  184  
197  185  
197  186  
197  187  
197  188  
197  189  
197  190  
197  191  
197  192  
197  193  
197  194  
197  195  
197  196  
197  197  
197  198  
197  199  
197  200  
197  201  
197  202  
197  203  
197  204  
197  205  
197  206  
197  207  
197  208  
197  209  
197  210  
197  211  
197  212  
197  213  
197  214  
197  215  
197  216  
197  217  
197  218  
197  219  
197  220  
197  221  
197  222  
197  223  
197  224  
197  225  
197  226  
197  227  
197  228  
197  229  
197  230  
197  231  
197  232  
197  233  
197  234  
197  235  
197  236  
197  237  
197  238  
197  239  
197  240  
197  241  
197  242  
197  243  
197  244  
197  245  
197  246  
197  247  
197  248  
197  249  
197  250  
197  251  
197  252  
197  253  
197  254  
197  255  
197  256  
197  257  
197  258  
197  259  
197  260  
197  261  
197  262  
197  263  
197  264  
197  265  
197  266  
197  267  
197  268  
197  269  
197  270  
197  271  
197  272  
197  273  
197  274  
197  275  
197  276  
197  277  
197  278  
197  279  
197  280  
197  281  
197  282  
197  283  
197  284  
197  285  
197  286  
197  287  
197  288  
197  289  
197  290  
197  291  
197  292  
197  293  
197  294  
197  295  
197  296  
197  297  
197  298  
197  299  
197  300  
197  301  
197  302  
197  303  
197  304  
197  305  
197  306  
197  307  
197  308  
197  309  
197  310  
197  311  
197  312  
197  313  
197  314  
197  315  
197  316  
197  317  
197  318  
197  319  
197  320  
197  321  
197  322  
197  323  
197  324  
197  325  
197  326  
197  327  
197  328  
197  329  
197  330  
197  331  
197  332  
197  333  
197  334  
197  335  
197  336  
197  337  
197  338  
197  339  
197  340  
197  341  
197  342  
197  343  
197  344  
197  345  
197  346  
197  347  
197  348  
197  349  
197  350  
197  351  
197  352  
197  353  
197  354  
197  355  
197  356  
197  357  
197  358  
197  359  
197  360  
197  361  
197  362  
197  363  
197  364  
197  365  
197  366  
197  367  
197  368  
197  369  
197  370  
197  371  
197  372  
197  373  
197  374  
197  375  
197  376  
197  377  
197  378  
197  379  
197  380  
197  381  
197  382  
197  383  
197  384  
197  385  
197  386  
197  387  
197  388  
197  389  
197  390  
197  391  
197  392  
197  393  
197  394  
197  395  
197  396  
197  397  
197  398  
197  399  
197  400  
197  401  
197  402  
197  403  
197  404  
197  405  
197  406  
197  407  
197  408  
197  409  
197  410  
197  411  
197  412  
197  413  
197  414  
197  415  
197  416  
197  417  
197  418  
197  419  
197  420  
197  421  
194  133  
194  134  
194  135  
194  136  
194  137  
194  138  
194  139  
194  140  
194  141  
194  142  
194  143  
194  144  
194  145  
194  146  
194  147  
194  148  
194  149  
194  150  
194  151  
194  152  
194  153  
194  154  
194  155  
194  156  
194  157  
194  158  
194  159  
194  160  
194  161  
194  162  
194  163  
194  164  
194  165  
194  166  
194  167  
194  168  
194  169  
194  170  
194  171  
194  172  
194  173  
194  174  
194  175  
194  176  
194  177  
194  178  
194  179  
194  180  
194  181  
194  182  
194  183  
194  184  
194  185  
194  186  
194  187  
194  188  
194  189  
194  190  
194  191  
194  192  
194  193  
194  194  
194  195  
194  196  
194  197  
194  198  
194  199  
194  200  
194  201  
194  202  
194  203  
194  204  
194  205  
194  206  
194  207  
194  208  
194  209  
194  210  
194  211  
194  212  
194  213  
194  214  
194  215  
194  216  
194  217  
194  218  
194  219  
194  220  
194  221  
194  222  
194  223  
194  224  
194  225  
194  226  
194  227  
194  228  
194  229  
194  230  
194  231  
194  232  
194  233  
194  234  
194  235  
194  236  
194  237  
194  238  
194  239  
194  240  
194  241  
194  242  
194  243  
194  244  
194  245  
194  246  
194  247  
194  248  
194  249  
194  250  
194  251  
194  252  
194  253  
194  254  
194  255  
194  256  
194  257  
194  258  
194  259  
194  260  
194  261  
194  262  
194  263  
194  264  
194  265  
194  266  
194  267  
194  268  
194  269  
194  270  
194  271  
194  272  
194  273  
194  274  
194  275  
194  276  
194  277  
194  278  
194  279  
194  280  
194  281  
194  282  
194  283  
194  284  
194  285  
194  286  
194  287  
194  288  
194  289  
194  290  
194  291  
194  292  
194  293  
194  294  
194  295  
194  296  
194  297  
194  298  
194  299  
194  300  
194  301  
194  302  
194  303  
194  304  
194  305  
194  306  
194  307  
194  308  
194  309  
194  310  
194  311  
194  312  
194  313  
194  314  
194  315  
194  316  
194  317  
194  318  
194  319  
194  320  
194  321  
194  322  
194  323  
194  324  
194  325  
194  326  
194  327  
194  328  
194  329  
194  330  
194  331  
194  332  
194  333  
194  334  
194  335  
194  336  
194  337  
194  338  
194  339  
194  340  
194  341  
194  342  
194  343  
194  344  
194  345  
194  346  
194  347  
194  348  
194  349  
194  350  
194  351  
194  352  
194  353  
194  354  
194  355  
194  356  
194  357  
194  358  
194  359  
194  360  
194  361  
194  362  
194  363  
194  364  
194  365  
194  366  
194  367  
194  368  
194  369  
194  370  
194  371  
194  372  
194  373  
194  374  
194  375  
194  376  
194  377  
194  378  
194  379  
194  380  
194  381  
194  382  
194  383  
194  384  
194  385  
194  386  
194  387  
194  388  
194  389  
194  390  
194  391  
194  392  
194  393  
194  394  
194  395  
194  396  
194  397  
194  398  
194  399  
194  400  
194  401  
194  402  
194  403  
194  404  
194  405  
194  406  
194  407  
194  408  
194  409  
194  410  
194  411  
194  412  
194  413  
194  414  
194  415  
194  416  
194  417  
194  418  
194  419  
194  420  
194  421  
194  422  
194  423  
194  424  
194  425  
194  426  
194  427  
194  428  
194  429  
194  430  
194  431  
194  432  
194  433  
194  434  
194  435  
194  436  
194  437  
194  438  
194  439  
194  440  
194  441  
194  442  
194  443  
194  444  
194  445  
194  446  
194  447  
194  448  
194  449  
194  450  
194  451  
194  452  
194  453  
194  454  
194  455  
194  456  
194  457  
194  458  
194  459  
194  460  
194  461  
194  462  
194  463  
194  464  
194  465  
194  466  
194  467  
194  468  
194  469  
194  470  
194  471  
194  472  
194  473  
194  474  
194  475  
194  476  
194  477  
194  478  
194  479  
194  480  
194  481  
194  482  
194  483  
194  484  
194  485  
194  486  
194  487  
194  488  
194  489  
194  490  
194  491  
194  492  
194  493  
194  494  
194  495  
194  496  
194  497  
194  498  
194  499  
194  500  
194  501  
194  502  
194  503  
194  504  
194  505  
194  506  
141  138  
141  139  
141  140  
141  141  
141  142  
141  143  
141  144  
141  145  
141  146  
141  147  
141  148  
141  149  
141  150  
141  151  
141  152  
141  153  
141  154  
141  155  
141  156  
141  157  
141  158  
141  159  
141  160  
141  161  
141  162  
141  163  
141  164  
141  165  
141  166  
141  167  
141  168  
141  169  
141  170  
140  171  
140  172  
140  173  
139  174  
139  175  
139  176  
138  177  
138  178  
353  140  
354  140  
355  140  
356  140  
357  140  
358  140  
359  140  
360  140  
361  140  
362  140  
363  140  
364  140  
365  140  
366  140  
367  140  
368  140  
369  140  
370  140  
371  140  
372  140  
373  140  
374  140  
319  141  
327  141  
328  141  
329  141  
330  141  
331  141  
332  141  
333  141  
334  141  
335  141  
336  141  
337  141  
338  141  
339  141  
340  141  
341  141  
342  141  
343  141  
344  141  
345  141  
346  141  
347  141  
348  141  
349  141  
350  141  
351  141  
352  141  
320  142  
321  142  
322  142  
323  142  
324  142  
325  142  
326  142  
296  142  
297  142  
298  142  
299  142  
300  142  
301  142  
302  142  
303  142  
304  142  
305  142  
306  142  
307  142  
308  142  
309  142  
310  142  
311  142  
312  142  
313  142  
314  142  
315  142  
316  142  
317  142  
272  143  
273  143  
274  143  
275  143  
276  143  
277  143  
278  143  
279  143  
280  143  
281  143  
282  143  
283  143  
284  143  
285  143  
286  143  
287  143  
288  143  
289  143  
290  143  
291  143  
292  143  
293  143  
294  143  
295  143  
241  144  
242  144  
243  144  
244  144  
245  144  
246  144  
247  144  
248  144  
249  144  
250  144  
251  144  
252  144  
253  144  
254  144  
255  144  
256  144  
257  144  
258  144  
259  144  
237  145  
238  145  
239  145  
240  145  
392  145  
393  145  
394  145  
395  145  
396  145  
397  145  
398  145  
361  146  
362  146  
363  146  
364  146  
365  146  
366  146  
367  146  
368  146  
369  146  
370  146  
371  146  
372  146  
373  146  
374  146  
375  146  
376  146  
377  146  
378  146  
379  146  
380  146  
381  146  
382  146  
383  146  
384  146  
385  146  
386  146  
387  146  
388  146  
389  146  
390  146  
391  146  
332  147  
333  147  
334  147  
335  147  
336  147  
337  147  
338  147  
339  147  
340  147  
341  147  
342  147  
343  147  
344  147  
345  147  
346  147  
347  147  
348  147  
349  147  
350  147  
351  147  
352  147  
353  147  
354  147  
355  147  
356  147  
357  147  
358  147  
359  147  
360  147  
267  148  
268  148  
269  148  
297  148  
298  148  
299  148  
300  148  
301  148  
302  148  
303  148  
304  148  
305  148  
306  148  
307  148  
308  148  
309  148  
310  148  
311  148  
312  148  
313  148  
314  148  
315  148  
316  148  
317  148  
318  148  
319  148  
320  148  
321  148  
322  148  
323  148  
324  148  
325  148  
326  148  
327  148  
328  148  
329  148  
330  148  
331  148  
270  149  
271  149  
272  149  
273  149  
274  149  
275  149  
276  149  
277  149  
278  149  
279  149  
280  149  
281  149  
282  149  
283  149  
284  149  
285  149  
286  149  
287  149  
288  149  
289  149  
290  149  
291  149  
292  149  
293  149  
294  149  
295  149  
296  149  
165  149  
165  150  
165  151  
165  152  
165  153  
165  154  
165  155  
165  156  
165  157  
165  158  
166  159  
165  160  
165  161  
165  162  
165  163  
165  164  
165  165  
165  166  
166  167  
166  168  
166  169  
166  170  
166  171  
166  172  
166  173  
166  174  
166  175  
166  176  
166  177  
165  178  
165  179  
165  180  
166  181  
166  182  
166  183  
166  184  
166  185  
166  186  
166  187  
166  188  
166  189  
166  190  
166  191  
166  192  
166  193  
166  194  
166  195  
165  196  
165  197  
166  198  
165  199  
165  200  
202  154  
202  155  
202  156  
202  157  
202  158  
202  159  
202  160  
202  161  
202  162  
202  163  
202  164  
202  165  
202  166  
202  167  
202  168  
202  169  
202  170  
202  171  
202  172  
202  173  
202  174  
202  175  
202  176  
202  177  
202  178  
202  179  
202  180  
202  181  
202  182  
202  183  
202  184  
202  185  
202  186  
202  187  
202  188  
202  189  
202  190  
202  191  
202  192  
202  193  
433  158  
433  159  
433  160  
433  161  
433  162  
433  163  
433  164  
433  165  
433  166  
433  167  
433  168  
433  169  
433  170  
433  171  
433  172  
433  173  
433  174  
433  175  
433  176  
433  177  
433  178  
433  179  
433  180  
433  181  
433  182  
433  183  
433  184  
433  185  
433  186  
433  187  
433  188  
433  189  
433  190  
433  191  
433  192  
433  193  
433  194  
433  195  
433  196  
433  197  
433  198  
433  199  
433  200  
433  201  
433  202  
433  203  
433  204  
433  205  
433  206  
433  207  
433  208  
433  209  
433  210  
433  211  
433  212  
433  213  
433  214  
433  215  
433  216  
433  217  
433  218  
433  219  
433  220  
433  221  
433  222  
433  223  
433  224  
433  225  
433  226  
433  227  
433  228  
433  229  
433  230  
433  231  
433  232  
433  233  
433  234  
433  235  
433  236  
433  237  
433  238  
433  239  
433  240  
433  241  
433  242  
433  243  
433  244  
433  245  
433  246  
433  247  
433  248  
433  249  
433  250  
433  251  
433  252  
433  253  
433  254  
433  255  
433  256  
433  257  
433  258  
432  259  
432  260  
432  261  
432  262  
432  263  
432  264  
432  265  
432  266  
432  267  
191  175  
191  176  
191  177  
191  178  
191  179  
191  180  
191  181  
191  182  
191  183  
191  184  
191  185  
191  186  
191  187  
191  188  
191  189  
191  190  
191  191  
191  192  
191  193  
191  194  
191  195  
191  196  
191  197  
191  198  
191  199  
190  200  
190  201  
359  175  
360  175  
361  175  
362  175  
363  175  
364  175  
365  175  
366  175  
367  175  
368  175  
369  175  
370  175  
371  175  
372  175  
373  175  
374  175  
375  175  
376  175  
377  175  
378  175  
379  175  
380  175  
381  175  
382  175  
383  175  
384  175  
385  175  
386  175  
387  175  
388  175  
389  175  
131  198  
131  199  
130  200  
130  201  
130  202  
129  203  
129  204  
129  205  
128  206  
128  207  
128  208  
127  209  
127  210  
127  211  
126  212  
126  213  
126  214  
125  215  
125  216  
125  217  
124  218  
124  219  
124  220  
123  221  
123  222  
123  223  
122  224  
122  225  
122  226  
121  227  
121  228  
314  199  
315  199  
316  199  
317  199  
318  199  
322  199  
323  199  
324  199  
325  199  
326  199  
327  199  
328  199  
329  199  
330  199  
331  199  
332  199  
333  199  
334  199  
335  199  
336  199  
337  199  
338  199  
339  199  
340  199  
341  199  
342  199  
343  199  
344  199  
345  199  
346  199  
347  199  
348  199  
349  199  
350  199  
351  199  
352  199  
353  199  
354  199  
355  199  
356  199  
357  199  
358  199  
359  199  
360  199  
361  199  
362  199  
363  199  
364  199  
365  199  
366  199  
367  199  
368  199  
369  199  
370  199  
371  199  
372  199  
373  199  
374  199  
375  199  
376  199  
377  199  
378  199  
379  199  
380  199  
381  199  
382  199  
383  199  
384  199  
385  199  
386  199  
387  199  
388  199  
389  199  
390  199  
391  199  
392  199  
393  199  
394  199  
395  199  
396  199  
397  199  
281  200  
282  200  
283  200  
284  200  
285  200  
286  200  
287  200  
288  200  
289  200  
290  200  
291  200  
292  200  
293  200  
294  200  
295  200  
296  200  
297  200  
298  200  
299  200  
300  200  
301  200  
302  200  
303  200  
304  200  
305  200  
306  200  
307  200  
308  200  
309  200  
310  200  
311  200  
312  200  
313  200  
319  200  
320  200  
321  200  
256  201  
257  201  
258  201  
259  201  
260  201  
261  201  
262  201  
263  201  
264  201  
265  201  
266  201  
267  201  
268  201  
269  201  
270  201  
271  201  
272  201  
273  201  
274  201  
275  201  
276  201  
277  201  
278  201  
279  201  
280  201  
239  202  
240  202  
241  202  
242  202  
243  202  
244  202  
245  202  
246  202  
247  202  
248  202  
249  202  
250  202  
251  202  
252  202  
253  202  
254  202  
255  202  
237  203  
238  203  
181  208  
180  209  
180  210  
180  211  
181  212  
180  213  
180  214  
180  215  
180  216  
180  217  
180  218  
180  219  
180  220  
180  221  
180  222  
180  223  
180  224  
180  225  
180  226  
180  227  
180  228  
180  229  
180  230  
181  231  
181  232  
181  233  
181  234  
181  235  
181  236  
190  209  
190  210  
190  211  
190  212  
190  213  
190  214  
190  215  
190  216  
190  217  
190  218  
190  219  
190  220  
190  221  
190  222  
190  223  
190  224  
190  225  
190  226  
190  227  
190  228  
190  229  
190  230  
190  231  
190  232  
190  233  
190  234  
190  235  
191  236  
191  237  
191  238  
190  239  
190  240  
190  241  
190  242  
190  243  
190  244  
190  245  
190  246  
190  247  
190  248  
190  249  
190  250  
190  251  
190  252  
190  253  
190  254  
190  255  
190  256  
190  257  
190  258  
190  259  
190  260  
190  261  
190  262  
190  263  
190  264  
190  265  
190  266  
190  267  
190  268  
190  269  
190  270  
190  271  
190  272  
190  273  
190  274  
190  275  
190  276  
190  277  
190  278  
190  279  
190  280  
190  281  
190  282  
190  283  
190  284  
190  285  
190  286  
190  287  
190  288  
190  289  
190  290  
190  291  
190  292  
190  293  
190  294  
190  295  
190  296  
190  297  
190  298  
190  299  
190  300  
190  301  
190  302  
190  303  
190  304  
190  305  
190  306  
190  307  
190  308  
190  309  
190  310  
190  311  
190  312  
190  313  
190  314  
190  315  
190  316  
190  317  
190  318  
190  319  
190  320  
190  321  
190  322  
190  323  
190  324  
190  325  
190  326  
190  327  
190  328  
190  329  
190  330  
190  331  
190  332  
190  333  
190  334  
190  335  
190  336  
190  337  
190  338  
190  339  
190  340  
190  341  
190  342  
190  343  
190  344  
190  345  
190  346  
190  347  
190  348  
190  349  
190  350  
190  351  
190  352  
190  353  
190  354  
190  355  
190  356  
190  357  
190  358  
190  359  
190  360  
190  361  
190  362  
190  363  
190  364  
190  365  
190  366  
190  367  
190  368  
190  369  
190  370  
190  371  
190  372  
190  373  
190  374  
190  375  
190  376  
190  377  
190  378  
190  379  
190  380  
190  381  
190  382  
190  383  
190  384  
190  385  
190  386  
190  387  
190  388  
190  389  
190  390  
190  391  
190  392  
190  393  
190  394  
190  395  
190  396  
190  397  
190  398  
190  399  
190  400  
190  401  
190  402  
190  403  
190  404  
190  405  
190  406  
190  407  
190  408  
190  409  
190  410  
190  411  
190  412  
190  413  
190  414  
190  415  
190  416  
190  417  
190  418  
190  419  
190  420  
190  421  
190  422  
190  423  
190  424  
190  425  
190  426  
190  427  
190  428  
190  429  
190  430  
190  431  
191  432  
190  433  
190  434  
190  435  
190  436  
190  437  
190  438  
190  439  
191  440  
190  441  
190  442  
190  443  
190  444  
190  445  
190  446  
190  447  
190  448  
190  449  
190  450  
190  451  
190  452  
191  453  
191  454  
190  455  
190  456  
191  457  
191  458  
191  459  
191  460  
191  461  
191  462  
190  463  
190  464  
190  465  
236  219  
237  219  
238  219  
239  219  
240  219  
241  219  
242  219  
243  219  
244  219  
245  219  
246  219  
247  219  
248  219  
249  219  
250  219  
251  219  
252  219  
253  219  
254  219  
255  219  
256  219  
257  219  
258  219  
259  219  
260  219  
261  219  
262  219  
263  219  
264  219  
265  219  
266  219  
267  219  
268  219  
269  219  
270  219  
271  219  
272  220  
273  220  
274  220  
275  220  
276  220  
277  220  
278  220  
279  220  
280  220  
286  220  
287  220  
288  220  
289  220  
376  220  
377  220  
378  220  
379  220  
380  220  
381  220  
382  220  
383  220  
384  220  
385  220  
386  220  
387  220  
388  220  
389  220  
390  220  
391  220  
392  220  
393  220  
281  221  
282  221  
283  221  
284  221  
285  221  
290  221  
291  221  
292  221  
293  221  
294  221  
295  221  
296  221  
297  221  
298  221  
299  221  
300  221  
301  221  
302  221  
303  221  
304  221  
305  221  
306  221  
307  221  
308  221  
309  221  
310  221  
311  221  
312  221  
313  221  
314  221  
315  221  
316  221  
317  221  
318  221  
319  221  
320  221  
321  221  
322  221  
323  221  
324  221  
325  221  
326  221  
327  221  
328  221  
329  221  
330  221  
331  221  
332  221  
333  221  
334  221  
335  221  
336  221  
337  221  
338  221  
339  221  
340  221  
341  221  
342  221  
343  221  
344  221  
345  221  
346  221  
347  221  
348  221  
349  221  
350  221  
351  221  
352  221  
353  221  
354  221  
355  221  
356  221  
357  221  
358  221  
359  221  
360  221  
361  221  
362  221  
363  221  
364  221  
365  221  
366  221  
367  221  
368  221  
369  221  
370  221  
371  221  
372  221  
373  221  
374  221  
375  221  
394  221  
395  221  
396  221  
397  221  
398  221  
202  228  
202  229  
202  230  
202  231  
202  232  
202  233  
202  234  
202  235  
202  236  
202  237  
202  238  
202  239  
202  240  
202  241  
202  242  
202  243  
202  244  
202  245  
202  246  
202  247  
202  248  
202  249  
202  250  
202  251  
202  252  
202  253  
202  254  
202  255  
202  256  
202  257  
202  258  
202  259  
202  260  
202  261  
202  262  
202  263  
202  264  
202  265  
202  266  
202  267  
85  265  
85  266  
84  267  
84  268  
83  269  
83  270  
83  271  
83  272  
82  273  
82  274  
82  275  
82  276  
82  277  
81  278  
81  279  
81  280  
81  281  
80  282  
80  283  
80  284  
93  269  
93  270  
92  271  
92  272  
92  273  
92  274  
91  275  
91  276  
91  277  
91  278  
91  279  
91  280  
91  281  
91  282  
90  283  
90  284  
90  285  
90  286  
90  287  
90  288  
89  289  
89  290  
89  291  
89  292  
89  293  
89  294  
89  295  
89  296  
89  297  
89  298  
89  299  
89  300  
89  301  
89  302  
89  303  
89  304  
89  305  
89  306  
89  307  
89  308  
89  309  
89  310  
89  311  
90  312  
90  313  
90  314  
90  315  
90  316  
163  273  
163  274  
163  275  
163  276  
163  277  
163  278  
163  279  
163  280  
163  281  
163  282  
163  283  
163  284  
163  285  
163  286  
163  287  
163  288  
163  289  
163  290  
163  291  
163  292  
163  293  
163  294  
163  295  
163  296  
163  297  
163  298  
163  299  
163  300  
163  301  
163  302  
163  303  
163  304  
163  305  
163  306  
163  307  
163  308  
163  309  
163  310  
163  311  
163  312  
163  313  
163  314  
163  315  
163  316  
163  317  
163  318  
163  319  
163  320  
163  321  
163  322  
163  323  
163  324  
163  325  
163  326  
163  327  
163  328  
163  329  
163  330  
163  331  
163  332  
163  333  
163  334  
163  335  
163  336  
163  337  
163  338  
163  339  
163  340  
163  341  
163  342  
163  343  
163  344  
163  345  
163  346  
163  347  
163  348  
163  349  
163  350  
163  351  
163  352  
163  353  
163  354  
163  355  
163  356  
163  357  
163  358  
273  276  
274  276  
275  276  
276  276  
277  276  
278  276  
279  276  
280  276  
281  276  
282  276  
283  276  
288  276  
289  276  
290  276  
291  276  
292  276  
293  276  
294  276  
295  276  
296  276  
297  276  
298  276  
299  276  
300  276  
301  276  
302  276  
303  276  
304  276  
305  276  
306  276  
307  276  
308  276  
309  276  
310  276  
311  276  
312  276  
313  276  
314  276  
315  276  
316  276  
317  276  
318  276  
319  276  
320  276  
321  276  
322  276  
323  276  
324  276  
325  276  
326  276  
327  276  
328  276  
329  276  
330  276  
331  276  
332  276  
333  276  
334  276  
335  276  
336  276  
337  276  
338  276  
339  276  
340  276  
341  276  
342  276  
343  276  
344  276  
345  276  
346  276  
347  276  
348  276  
349  276  
350  276  
351  276  
352  276  
238  277  
239  277  
240  277  
241  277  
242  277  
243  277  
244  277  
245  277  
246  277  
247  277  
248  277  
249  277  
250  277  
251  277  
252  277  
253  277  
254  277  
255  277  
256  277  
257  277  
258  277  
259  277  
260  277  
261  277  
262  277  
263  277  
264  277  
265  277  
266  277  
267  277  
268  277  
269  277  
270  277  
271  277  
272  277  
284  277  
285  277  
286  277  
287  277  
353  277  
354  277  
355  277  
356  277  
357  277  
358  277  
359  277  
360  277  
361  277  
362  277  
363  277  
364  277  
365  277  
366  277  
367  277  
368  277  
369  277  
370  277  
371  277  
372  277  
373  277  
374  277  
375  277  
376  277  
377  277  
378  277  
379  277  
380  277  
381  277  
382  277  
383  277  
384  277  
385  277  
386  277  
387  278  
388  278  
389  278  
390  278  
391  278  
392  278  
393  278  
87  283  
87  284  
87  285  
87  286  
87  287  
87  288  
86  289  
86  290  
86  291  
86  292  
86  293  
86  294  
86  295  
86  296  
86  297  
86  298  
86  299  
86  300  
86  301  
86  302  
86  303  
86  304  
86  305  
86  306  
86  307  
86  308  
86  309  
86  310  
86  311  
86  312  
87  313  
87  314  
87  315  
87  316  
87  317  
87  318  
87  319  
87  320  
87  321  
168  284  
168  285  
168  286  
168  287  
168  288  
168  289  
168  290  
168  291  
168  292  
168  293  
168  294  
168  295  
168  296  
169  297  
169  298  
169  299  
169  300  
169  301  
168  302  
168  303  
168  304  
168  305  
169  306  
169  307  
169  308  
169  309  
168  310  
168  311  
168  312  
168  313  
168  314  
169  315  
169  316  
169  317  
169  318  
169  319  
169  320  
168  321  
168  322  
168  323  
169  324  
169  325  
169  326  
169  327  
169  328  
169  329  
168  330  
168  331  
168  332  
169  333  
169  334  
169  335  
169  336  
169  337  
168  338  
168  339  
168  340  
168  341  
168  342  
168  343  
169  344  
169  345  
169  346  
168  347  
168  348  
168  349  
168  350  
168  351  
168  352  
169  353  
169  354  
169  355  
168  356  
168  357  
168  358  
168  359  
168  360  
168  361  
169  362  
169  363  
169  364  
169  365  
168  366  
168  367  
168  368  
168  369  
169  370  
169  371  
169  372  
169  373  
169  374  
169  375  
166  291  
166  292  
166  293  
166  294  
166  295  
166  296  
166  297  
166  298  
166  299  
166  300  
166  301  
166  302  
166  303  
166  304  
166  305  
166  306  
166  307  
166  308  
166  309  
166  310  
166  311  
166  312  
166  313  
166  314  
166  315  
166  316  
166  317  
166  318  
166  319  
166  320  
166  321  
166  322  
166  323  
166  324  
166  325  
166  326  
166  327  
166  328  
166  329  
166  330  
166  331  
166  332  
166  333  
166  334  
166  335  
166  336  
166  337  
166  338  
166  339  
166  340  
166  341  
166  342  
166  343  
166  344  
166  345  
166  346  
166  347  
166  348  
166  349  
166  350  
235  293  
236  293  
237  294  
238  294  
239  294  
240  294  
241  294  
242  294  
243  294  
244  294  
245  294  
246  294  
247  294  
248  294  
249  294  
250  294  
251  294  
252  294  
253  294  
254  294  
255  294  
256  294  
257  294  
258  294  
259  294  
260  294  
261  294  
262  294  
263  294  
264  294  
265  294  
266  294  
267  294  
268  295  
269  295  
270  295  
271  295  
272  295  
273  295  
274  295  
275  295  
276  295  
277  295  
278  295  
279  295  
280  295  
281  295  
282  295  
283  295  
284  295  
285  295  
286  295  
287  295  
288  295  
289  295  
290  295  
291  295  
292  295  
293  295  
294  295  
295  295  
296  295  
297  295  
298  295  
299  295  
300  295  
301  295  
302  295  
303  295  
304  295  
312  296  
313  296  
314  296  
315  296  
316  296  
317  296  
318  296  
319  296  
320  296  
321  296  
322  296  
323  296  
324  296  
325  296  
326  296  
327  296  
328  296  
329  296  
330  296  
331  296  
332  296  
333  296  
334  296  
335  296  
336  296  
337  296  
338  296  
339  296  
340  296  
341  296  
342  296  
343  296  
344  296  
345  296  
346  296  
347  296  
348  296  
349  296  
350  296  
351  296  
352  296  
353  296  
354  296  
355  296  
356  296  
357  296  
358  296  
359  296  
360  296  
361  297  
362  297  
363  297  
364  297  
365  297  
366  297  
367  297  
368  297  
369  297  
370  297  
371  297  
372  297  
373  297  
374  297  
375  297  
376  297  
377  297  
378  297  
379  297  
380  297  
381  297  
382  297  
383  297  
384  297  
385  297  
386  297  
387  297  
388  297  
389  297  
390  297  
391  297  
392  297  
393  297  
394  297  
395  297  
396  297  
397  297  
202  303  
202  304  
202  305  
202  306  
202  307  
202  308  
202  309  
202  310  
202  311  
202  312  
202  313  
202  314  
202  315  
202  316  
202  317  
202  318  
202  319  
202  320  
202  321  
202  322  
202  323  
202  324  
202  325  
202  326  
202  327  
202  328  
202  329  
202  330  
202  331  
202  332  
202  333  
202  334  
202  335  
202  336  
202  337  
202  338  
202  339  
202  340  
202  341  
202  342  
202  343  
202  344  
411  304  
411  305  
411  306  
411  307  
411  308  
411  309  
411  310  
411  311  
411  312  
411  313  
410  314  
410  315  
410  316  
410  317  
410  318  
410  319  
410  320  
410  321  
410  322  
410  323  
410  324  
410  325  
410  326  
410  327  
410  328  
410  329  
410  330  
410  331  
410  332  
410  333  
410  334  
410  335  
410  336  
333  305  
333  306  
333  307  
333  308  
333  309  
333  310  
333  311  
333  312  
333  313  
333  314  
333  315  
333  316  
333  317  
333  318  
333  319  
333  320  
333  321  
333  322  
333  323  
333  324  
333  325  
333  326  
333  327  
333  328  
333  329  
333  330  
333  331  
333  332  
333  333  
333  334  
334  335  
335  335  
336  335  
337  336  
338  336  
51  307  
52  307  
53  307  
54  308  
55  308  
56  308  
57  308  
58  309  
59  309  
60  309  
61  309  
62  309  
63  309  
64  309  
65  309  
66  309  
67  309  
68  309  
69  310  
70  310  
180  309  
180  310  
180  311  
180  312  
180  313  
180  314  
180  315  
180  316  
180  317  
180  318  
180  319  
180  320  
180  321  
180  322  
180  323  
180  324  
180  325  
180  326  
180  327  
180  328  
180  329  
180  330  
180  331  
180  332  
180  333  
180  334  
180  335  
180  336  
180  337  
180  338  
180  339  
180  340  
181  341  
182  342  
432  318  
432  319  
432  320  
432  321  
432  322  
432  323  
432  324  
432  325  
432  326  
432  327  
432  328  
432  329  
432  330  
432  331  
432  332  
432  333  
432  334  
432  335  
432  336  
432  337  
432  338  
432  339  
432  340  
432  341  
340  336  
341  336  
342  336  
343  336  
344  336  
345  336  
346  336  
347  336  
348  336  
349  336  
350  336  
351  336  
352  336  
353  336  
354  336  
355  336  
356  336  
357  336  
358  336  
359  336  
360  336  
361  336  
362  336  
363  336  
364  336  
365  336  
366  336  
367  336  
368  336  
369  336  
370  336  
371  336  
372  336  
373  336  
374  337  
375  337  
376  337  
377  337  
378  337  
379  337  
380  337  
381  337  
382  337  
383  337  
384  337  
385  337  
386  337  
387  337  
388  337  
389  337  
390  337  
391  337  
392  337  
393  337  
394  337  
395  337  
396  337  
397  337  
343  342  
344  342  
345  342  
346  342  
347  342  
348  342  
349  342  
350  342  
351  342  
352  343  
353  343  
354  343  
355  343  
356  343  
357  343  
358  343  
359  343  
360  343  
361  343  
362  343  
363  343  
364  343  
365  343  
366  343  
367  343  
368  343  
369  343  
370  343  
371  343  
372  343  
373  343  
374  343  
375  343  
376  343  
377  343  
378  343  
379  343  
380  343  
381  343  
382  343  
383  343  
384  343  
385  343  
386  343  
387  343  
388  343  
389  343  
390  343  
391  344  
392  344  
393  344  
394  344  
395  344  
396  344  
397  344  
245  351  
246  351  
247  351  
248  351  
249  351  
250  351  
251  351  
252  351  
253  351  
254  351  
255  351  
256  351  
257  351  
258  351  
259  351  
260  351  
261  351  
262  351  
237  352  
238  352  
239  352  
240  352  
241  352  
242  352  
243  352  
244  352  
263  352  
264  352  
265  352  
266  352  
267  352  
268  352  
269  352  
270  352  
271  352  
272  352  
273  352  
274  352  
275  352  
276  352  
277  352  
278  352  
279  352  
280  352  
281  352  
282  352  
283  352  
284  352  
285  352  
286  352  
287  352  
288  352  
289  352  
290  352  
291  352  
292  352  
293  352  
294  352  
295  352  
296  352  
297  352  
298  352  
299  352  
300  352  
301  352  
302  352  
303  352  
304  352  
305  352  
306  352  
307  352  
308  352  
309  352  
310  353  
311  353  
312  353  
313  353  
314  353  
315  353  
316  353  
317  353  
318  353  
319  353  
320  353  
321  353  
322  353  
323  353  
324  353  
325  353  
326  353  
327  353  
328  353  
329  353  
330  353  
331  353  
332  353  
333  353  
334  353  
335  353  
336  353  
337  353  
338  353  
339  353  
340  353  
341  353  
342  353  
343  353  
344  354  
345  354  
346  354  
347  354  
348  354  
349  354  
350  354  
351  354  
352  354  
353  354  
354  354  
355  354  
356  354  
357  354  
358  354  
359  354  
360  354  
361  354  
362  354  
363  354  
364  354  
365  354  
366  355  
367  355  
368  355  
369  355  
370  355  
371  355  
372  355  
373  355  
374  355  
375  355  
376  355  
377  355  
378  355  
379  355  
380  355  
381  355  
382  355  
383  355  
384  355  
385  355  
386  355  
387  355  
388  355  
389  355  
390  355  
391  355  
235  367  
236  368  
237  368  
238  368  
239  368  
240  368  
241  368  
242  368  
243  368  
244  368  
245  368  
246  368  
247  368  
248  368  
249  368  
250  368  
251  369  
252  369  
253  369  
254  369  
255  369  
256  369  
257  369  
258  369  
259  369  
260  369  
261  369  
262  369  
263  369  
264  369  
265  369  
266  369  
267  369  
268  370  
269  370  
270  370  
271  370  
272  370  
273  370  
274  370  
275  370  
276  370  
277  370  
278  370  
279  370  
280  370  
281  370  
282  370  
283  370  
284  370  
285  370  
286  370  
287  371  
288  371  
289  371  
290  371  
291  371  
292  371  
293  371  
294  371  
295  371  
296  371  
297  371  
298  371  
299  371  
300  371  
301  371  
302  371  
303  371  
311  372  
312  372  
313  372  
314  372  
315  372  
316  372  
317  372  
318  372  
319  372  
320  372  
321  372  
322  372  
323  372  
324  372  
325  372  
326  372  
327  372  
328  372  
329  372  
330  373  
331  373  
332  373  
333  373  
334  373  
335  373  
336  373  
337  373  
338  373  
339  373  
340  373  
341  373  
342  373  
343  373  
344  373  
345  373  
346  373  
347  373  
348  373  
349  373  
350  373  
351  373  
352  373  
353  373  
354  374  
355  374  
356  374  
357  374  
358  374  
359  374  
360  374  
361  374  
362  374  
363  374  
364  374  
365  374  
366  374  
367  374  
368  374  
369  374  
370  374  
371  374  
372  374  
373  374  
374  374  
375  374  
376  374  
377  374  
378  374  
379  374  
380  374  
381  375  
382  375  
383  375  
384  375  
385  375  
386  375  
387  375  
388  375  
389  375  
390  375  
391  375  
202  377  
202  378  
202  379  
202  380  
202  381  
202  382  
202  383  
202  384  
202  385  
202  386  
202  387  
202  388  
202  389  
202  390  
202  391  
202  392  
202  393  
202  394  
202  395  
202  396  
202  397  
202  398  
202  399  
202  400  
202  401  
202  402  
202  403  
202  404  
202  405  
202  406  
202  407  
202  408  
202  409  
202  410  
202  411  
202  412  
202  413  
202  414  
202  415  
169  380  
169  381  
169  382  
169  383  
169  384  
168  385  
168  386  
169  387  
169  388  
169  389  
169  390  
169  391  
169  392  
169  393  
169  394  
169  395  
169  396  
169  397  
169  398  
169  399  
169  400  
169  401  
169  402  
169  403  
169  404  
169  405  
169  406  
169  407  
169  408  
169  409  
169  410  
169  411  
169  412  
169  413  
169  414  
169  415  
169  416  
169  417  
169  418  
169  419  
169  420  
169  421  
169  422  
169  423  
169  424  
169  425  
169  426  
169  427  
169  428  
169  429  
169  430  
169  431  
169  432  
169  433  
169  434  
169  435  
169  436  
169  437  
169  438  
169  439  
169  440  
169  441  
169  442  
169  443  
169  444  
169  445  
169  446  
169  447  
169  448  
169  449  
169  450  
169  451  
169  452  
169  453  
169  454  
169  455  
169  456  
169  457  
169  458  
169  459  
169  460  
169  461  
169  462  
169  463  
169  464  
169  465  
169  466  
169  467  
169  468  
169  469  
169  470  
169  471  
169  472  
169  473  
169  474  
169  475  
169  476  
169  477  
169  478  
169  479  
169  480  
169  481  
169  482  
169  483  
169  484  
169  485  
169  486  
169  487  
165  386  
166  387  
166  388  
166  389  
166  390  
166  391  
166  392  
166  393  
166  394  
166  395  
166  396  
166  397  
166  398  
166  399  
166  400  
166  401  
166  402  
166  403  
166  404  
166  405  
166  406  
166  407  
166  408  
166  409  
166  410  
166  411  
166  412  
166  413  
166  414  
166  415  
166  416  
166  417  
166  418  
166  419  
166  420  
166  421  
166  422  
166  423  
166  424  
166  425  
166  426  
166  427  
166  428  
166  429  
166  430  
166  431  
166  432  
166  433  
166  434  
166  435  
166  436  
166  437  
166  438  
166  439  
166  440  
166  441  
166  442  
166  443  
166  444  
166  445  
166  446  
166  447  
166  448  
166  449  
166  450  
166  451  
166  452  
166  453  
166  454  
166  455  
166  456  
166  457  
166  458  
166  459  
166  460  
166  461  
166  462  
419  389  
420  389  
434  389  
435  389  
436  389  
437  389  
438  389  
439  389  
440  389  
421  390  
422  390  
423  390  
424  390  
425  390  
426  390  
427  390  
428  390  
429  390  
430  390  
431  390  
432  390  
433  390  
303  421  
304  421  
305  421  
306  421  
307  421  
308  421  
309  421  
310  421  
311  421  
312  421  
313  421  
314  421  
315  421  
316  422  
317  422  
318  422  
319  422  
320  422  
321  422  
322  422  
323  422  
324  422  
325  422  
326  422  
327  422  
328  422  
329  422  
330  422  
331  422  
332  422  
333  423  
334  423  
335  423  
336  423  
337  423  
338  423  
339  423  
340  423  
341  423  
342  423  
343  423  
344  423  
345  423  
346  423  
347  423  
348  423  
349  423  
350  423  
351  423  
352  423  
353  423  
354  423  
355  423  
356  424  
357  424  
358  424  
359  424  
360  424  
361  424  
362  424  
363  424  
364  424  
365  424  
366  424  
367  424  
368  424  
369  424  
370  424  
371  424  
372  424  
373  424  
374  424  
375  424  
376  424  
377  425  
378  425  
379  425  
380  425  
381  425  
382  425  
383  425  
384  425  
385  425  
386  425  
387  425  
388  425  
242  425  
243  425  
244  425  
245  425  
246  425  
247  425  
248  425  
249  425  
250  425  
251  425  
252  425  
253  425  
254  425  
255  425  
256  425  
257  425  
258  425  
259  425  
260  425  
261  425  
262  425  
263  425  
264  426  
265  426  
266  426  
267  426  
268  426  
197  432  
197  433  
197  434  
197  435  
197  436  
197  437  
197  438  
197  439  
197  440  
197  441  
197  442  
197  443  
197  444  
197  445  
197  446  
197  447  
197  448  
197  449  
197  450  
197  451  
197  452  
197  453  
197  454  
197  455  
197  456  
197  457  
197  458  
197  459  
197  460  
197  461  
197  462  
197  463  
197  464  
197  465  
197  466  
197  467  
197  468  
197  469  
197  470  
197  471  
197  472  
197  473  
197  474  
197  475  
197  476  
197  477  
197  478  
197  479  
197  480  
197  481  
197  482  
197  483  
197  484  
197  485  
197  486  
197  487  
197  488  
197  489  
197  490  
197  491  
197  492  
197  493  
197  494  
197  495  
197  496  
197  497  
197  498  
197  499  
197  500  
197  501  
197  502  
197  503  
197  504  
197  505  
197  506  
234  440  
235  440  
236  441  
237  441  
238  441  
239  441  
240  441  
241  441  
242  441  
243  441  
244  441  
245  441  
246  441  
247  442  
248  442  
249  442  
250  442  
251  442  
252  442  
253  442  
254  442  
255  442  
256  442  
257  442  
258  443  
259  443  
260  443  
261  443  
262  443  
263  443  
264  443  
265  443  
266  443  
267  443  
268  443  
269  443  
270  444  
271  444  
272  444  
273  444  
274  444  
275  444  
276  444  
277  444  
278  444  
279  444  
280  444  
281  444  
282  445  
283  445  
284  445  
285  445  
286  445  
287  445  
288  445  
289  445  
290  445  
291  445  
292  445  
293  445  
294  445  
295  446  
296  446  
297  446  
298  446  
299  446  
300  446  
301  446  
302  446  
303  446  
304  446  
305  446  
306  446  
307  447  
308  447  
309  447  
310  447  
311  447  
312  447  
313  447  
314  447  
315  447  
316  447  
317  447  
318  447  
319  447  
320  447  
321  448  
322  448  
323  448  
324  448  
325  448  
326  448  
327  448  
328  448  
329  448  
330  448  
331  448  
332  448  
333  448  
334  448  
335  448  
336  448  
337  449  
338  449  
339  449  
340  449  
341  449  
342  449  
343  449  
344  449  
345  449  
346  449  
347  449  
348  449  
349  449  
350  449  
351  449  
352  449  
353  450  
354  450  
355  450  
356  450  
357  450  
358  450  
359  450  
360  450  
361  450  
362  450  
363  450  
364  450  
365  450  
366  450  
367  450  
368  450  
369  450  
370  450  
371  451  
372  451  
373  451  
374  451  
375  451  
376  451  
377  451  
378  451  
379  451  
380  451  
202  449  
202  450  
202  451  
202  452  
202  453  
202  454  
202  455  
202  456  
202  457  
202  458  
202  459  
202  460  
202  461  
202  462  
202  463  
202  464  
202  465  
202  466  
202  467  
202  468  
202  469  
202  470  
202  471  
202  472  
202  473  
202  474  
202  475  
202  476  
202  477  
202  478  
202  479  
202  480  
202  481  
202  482  
202  483  
202  484  
202  485  
142  473  
142  474  
142  475  
142  476  
142  477  
142  478  
142  479  
142  480  
142  481  
142  482  
142  483  
142  484  
142  485  
142  486  
143  487  
143  488  
143  489  
143  490  
143  491  
143  492  
143  493  
143  494  
143  495  
143  496  
143  497  
143  498  
300  484  
301  484  
302  484  
303  485  
304  485  
305  486  
306  486  
307  487  
308  487  
309  487  
310  487  
311  487  
312  487  
313  487  
314  487  
315  487  
316  487  
317  487  
318  487  
319  487  
320  487  
321  487  
322  488  
323  488  
324  488  
325  488  
326  488  
327  488  
328  488  
329  488  
330  488  
331  488  
332  489  
333  489  
334  489  
335  489  
336  489  
337  489  
338  489  
339  489  
340  489  
341  489  
342  489  
343  490  
344  490  
345  490  
346  490  
347  490  
348  490  
349  490  
350  490  
351  490  
352  490  
353  490  
354  490  
355  490  
356  491  
357  491  
358  491  
359  491  
360  491  
361  491  
362  491  
363  491  
364  491  
365  491  
312  491  
313  491  
314  491  
315  491  
316  491  
317  491  
318  492  
319  492  
320  492  
321  492  
322  492  
323  492  
324  492  
325  492  
326  492  
327  492  
328  492  
329  492  
330  492  
331  492  
332  493  
333  493  
334  493  
335  493  
336  493  
337  493  
338  493  
339  493  
340  493  
341  493  
349  494  
350  494  
351  494  
352  494  
353  494  
354  494  
355  494  
356  494  
357  495  
358  495  
359  495  
360  495  
361  495  
362  495  
363  495  
364  495  
365  495  
366  495  
367  495  
368  495  
369  495  
370  496  
371  496  
372  496  
373  496  
374  496  
375  496  
376  496  
377  496  
169  495  
169  496  
169  497  
169  498  
169  499  
169  500  
169  501  
169  502  
169  503  
169  504  
169  505  
169  506  
169  507  
169  508  
169  509  
169  510  
169  511  
169  512  
170  513  
170  514  
170  515  
234  495  
235  495  
236  495  
237  495  
238  495  
239  495  
240  495  
241  495  
242  495  
243  495  
244  495  
245  495  
246  495  
247  495  
248  495  
249  496  
250  496  
251  496  
252  496  
253  496  
254  496  
255  496  
262  497  
263  497  
264  498  
265  498  
266  498  
267  498  
268  498  
269  498  
278  498  
279  498  
280  498  
270  499  
271  499  
272  499  
273  499  
274  499  
275  499  
276  499  
277  499  
281  499  
282  499  
283  499  
284  499  
237  511  
238  511  
239  512  
240  512  
241  512  
242  512  
243  512  
244  512  
245  512  
246  512  
247  512  
248  512  
249  513  
250  513  
251  513  
252  513  
253  513  
254  513  
255  513  
256  513  
257  513  
258  513  
259  513  
260  514  
261  514  
262  514  
263  514  
264  514  
265  514  
266  514  
267  514  
268  514  
269  514  
270  515  
271  515  
272  515  
273  515  
274  515  
275  515  
276  515  
277  515  
278  515  
279  516  
280  516  
281  516  
282  516  
283  516  
284  516  
285  516  
286  516  
287  516  
288  516  
289  517  
290  517  
291  517  
292  517  
293  517  
301  518  
302  518  
303  518  
304  518  
305  518  
306  518  
307  519  
308  519  
309  519  
310  519  
311  519  
312  519  
313  519  
314  519  
315  519  
316  520  
317  520  
318  520  
319  520  
320  520  
321  520  
322  520  
323  520  
324  520  
325  520  
326  521  
327  521  
328  521  
329  521  
330  521  
331  521  
332  521  
333  521  
334  521  
335  521  
336  521  
337  522  
338  522  
339  522  
340  522  
341  522  
342  522  
343  522  
344  522  
345  522  
346  522  
347  522  
348  523  
349  523  
350  523  
351  523  
352  523  
353  523  
354  523  
355  523  
356  523  
357  523  
358  523  
359  524  
360  524  
361  524  
362  524  
363  524  
364  524  
365  524  
366  524  
367  524  
368  524  
369  524  
370  524  
371  524  
372  525  
373  525  
374  525  
375  525  
376  525  
377  525  
378  525  
379  525  
380  525  
381  525  
382  525  
383  526  
384  526  
385  526  
386  526  
387  526  
388  526  
389  526  
390  526  
394  529  
394  530  
394  531  
394  532  
394  533  
394  534  
394  535  
394  536  
394  537  
394  538  
394  539  
394  540  
394  541  
394  542  
393  543  
393  544  
393  545  
393  546  
393  547  
393  548  
393  549  
393  550  
393  551  
393  552  
392  553  
392  554  
392  555  
392  556  
392  557  
392  558  
392  559  
265  535  
265  536  
265  537  
265  538  
265  539  
265  540  
265  541  
265  542  
265  543  
265  544  
265  545  
265  546  
265  547  
265  548  
265  549  
265  550  
265  551  
265  552  
265  553  
265  554  
265  555  
420  593  
420  594  
420  595  
420  596  
420  597  
420  598  
420  599  
420  600  
420  601  
420  602  
420  603  
420  604  
420  605  
420  606  
420  607  
420  608  
420  609  
420  610  
420  611  
420  612  
420  613  
419  614  
419  615  
419  616  
419  617  
419  618  
419  619  
419  620  
419  621  
419  622  
464  638  
465  638  
466  638  
467  638  
468  638  
469  638  
470  638  
471  638  
472  638  
473  638  
474  638  
475  638  
476  638  
477  638  
478  638  
479  638  
455  639  
456  639  
457  639  
458  639  
459  639  
460  639  
461  639  
462  639  
463  639  
