321  2  
321  3  
321  4  
321  5  
322  6  
322  7  
322  8  
322  9  
322  10  
323  11  
323  12  
323  13  
323  14  
324  15  
324  16  
324  17  
324  18  
325  19  
325  20  
325  21  
325  22  
325  23  
326  24  
326  25  
177  3  
178  3  
179  3  
153  4  
154  4  
155  4  
156  4  
157  4  
158  4  
159  4  
160  4  
161  4  
162  4  
163  4  
164  4  
165  4  
166  4  
167  4  
168  4  
169  4  
170  4  
171  4  
172  4  
173  4  
174  4  
175  4  
176  4  
135  5  
136  5  
137  5  
138  5  
139  5  
140  5  
141  5  
142  5  
143  5  
144  5  
145  5  
146  5  
147  5  
148  5  
149  5  
150  5  
151  5  
152  5  
121  6  
122  6  
123  6  
124  6  
125  6  
126  6  
127  6  
128  6  
129  6  
130  6  
131  6  
132  6  
133  6  
134  6  
169  12  
170  12  
171  12  
172  12  
173  12  
174  12  
175  12  
176  12  
156  13  
157  13  
158  13  
159  13  
160  13  
161  13  
162  13  
163  13  
164  13  
165  13  
166  13  
167  13  
168  13  
116  14  
117  14  
118  14  
119  14  
120  14  
121  14  
122  14  
123  14  
124  14  
125  14  
126  14  
127  14  
128  14  
129  14  
130  14  
131  14  
132  14  
133  14  
134  14  
135  14  
136  14  
137  14  
138  14  
139  14  
140  14  
141  14  
142  14  
143  14  
144  14  
145  14  
146  14  
147  14  
148  14  
149  14  
150  14  
151  14  
152  14  
153  14  
154  14  
155  14  
88  15  
101  15  
102  15  
103  15  
104  15  
105  15  
106  15  
107  15  
108  15  
109  15  
110  15  
111  15  
112  15  
113  15  
114  15  
115  15  
89  16  
90  16  
91  16  
92  16  
93  16  
94  16  
95  16  
96  16  
97  16  
98  16  
99  16  
100  16  
295  15  
296  16  
296  17  
296  18  
296  19  
297  20  
297  21  
297  22  
297  23  
298  24  
298  25  
298  26  
298  27  
299  28  
299  29  
299  30  
299  31  
299  32  
300  33  
300  34  
300  35  
301  36  
301  37  
145  25  
146  25  
147  25  
148  25  
149  25  
150  25  
151  25  
152  25  
153  25  
154  25  
155  25  
156  25  
157  25  
158  25  
159  25  
160  25  
161  25  
162  25  
163  25  
164  25  
165  25  
166  25  
167  25  
168  25  
169  25  
125  26  
126  26  
127  26  
128  26  
129  26  
130  26  
131  26  
132  26  
133  26  
134  26  
135  26  
136  26  
137  26  
138  26  
139  26  
140  26  
141  26  
142  26  
143  26  
144  26  
105  27  
106  27  
107  27  
108  27  
109  27  
110  27  
111  27  
112  27  
113  27  
114  27  
115  27  
116  27  
117  27  
118  27  
119  27  
120  27  
121  27  
122  27  
123  27  
124  27  
88  28  
89  28  
90  28  
91  28  
92  28  
93  28  
94  28  
95  28  
96  28  
97  28  
98  28  
99  28  
100  28  
101  28  
102  28  
103  28  
104  28  
80  29  
81  29  
82  29  
83  29  
84  29  
85  29  
86  29  
87  29  
79  30  
175  31  
174  32  
165  33  
166  33  
169  33  
170  33  
171  33  
172  33  
173  33  
155  34  
156  34  
157  34  
158  34  
159  34  
160  34  
161  34  
162  34  
163  34  
164  34  
167  34  
168  34  
129  35  
130  35  
131  35  
132  35  
133  35  
134  35  
135  35  
136  35  
137  35  
138  35  
140  35  
141  35  
142  35  
143  35  
144  35  
145  35  
146  35  
147  35  
148  35  
149  35  
150  35  
151  35  
152  35  
153  35  
154  35  
111  36  
112  36  
113  36  
114  36  
115  36  
116  36  
117  36  
118  36  
119  36  
120  36  
121  36  
122  36  
123  36  
124  36  
125  36  
126  36  
127  36  
128  36  
139  36  
109  37  
110  37  
38  33  
38  34  
38  35  
37  36  
37  37  
37  38  
36  39  
36  40  
36  41  
35  42  
35  43  
35  44  
35  45  
34  46  
34  47  
34  48  
34  49  
33  50  
33  51  
33  52  
33  53  
33  54  
32  55  
91  36  
92  36  
93  36  
94  36  
95  36  
96  36  
97  36  
98  36  
99  36  
100  36  
101  36  
102  36  
103  36  
104  36  
105  36  
106  36  
107  36  
78  37  
79  37  
80  37  
81  37  
82  37  
83  37  
84  37  
85  37  
86  37  
87  37  
88  37  
89  37  
90  37  
49  41  
49  42  
49  43  
49  44  
48  45  
48  46  
48  47  
48  48  
47  49  
47  50  
47  51  
47  52  
46  53  
46  54  
46  55  
46  56  
46  57  
45  58  
45  59  
45  60  
45  61  
45  62  
45  63  
44  64  
44  65  
44  66  
44  67  
44  68  
44  69  
44  70  
43  71  
43  72  
43  73  
43  74  
43  75  
43  76  
43  77  
42  78  
42  79  
42  80  
42  81  
42  82  
42  83  
42  84  
42  85  
42  86  
42  87  
42  88  
42  89  
42  90  
42  91  
42  92  
41  93  
41  94  
41  95  
41  96  
41  97  
41  98  
41  99  
41  100  
41  101  
41  102  
41  103  
41  104  
41  105  
41  106  
41  107  
41  108  
41  109  
41  110  
41  111  
41  112  
41  113  
41  114  
41  115  
41  116  
41  117  
41  118  
41  119  
41  120  
41  121  
41  122  
42  123  
42  124  
42  125  
175  49  
175  50  
175  51  
175  52  
174  53  
174  54  
174  55  
174  56  
174  57  
174  58  
174  59  
174  60  
174  61  
173  62  
173  63  
173  64  
173  65  
173  66  
173  67  
173  68  
173  69  
172  70  
172  71  
172  72  
172  73  
172  74  
172  75  
171  76  
171  77  
171  78  
171  79  
171  80  
171  81  
171  82  
171  83  
170  84  
138  50  
139  50  
140  50  
141  50  
142  50  
143  50  
144  50  
145  50  
146  50  
147  50  
148  50  
149  50  
150  50  
151  50  
152  50  
153  50  
154  50  
155  50  
156  50  
157  50  
158  50  
159  50  
160  50  
161  50  
162  50  
163  50  
164  50  
165  50  
166  50  
167  50  
168  50  
114  51  
115  51  
116  51  
117  51  
118  51  
119  51  
120  51  
121  51  
122  51  
123  51  
124  51  
125  51  
126  51  
127  51  
128  51  
129  51  
130  51  
131  51  
132  51  
133  51  
134  51  
135  51  
136  51  
137  51  
93  52  
94  52  
95  52  
96  52  
97  52  
98  52  
99  52  
100  52  
101  52  
102  52  
103  52  
104  52  
105  52  
106  52  
107  52  
108  52  
109  52  
110  52  
111  52  
112  52  
113  52  
80  53  
81  53  
82  53  
83  53  
84  53  
85  53  
86  53  
87  53  
88  53  
89  53  
90  53  
91  53  
92  53  
241  50  
242  50  
243  50  
244  50  
245  50  
246  50  
247  50  
248  50  
249  50  
250  50  
251  50  
252  50  
253  50  
254  50  
255  50  
256  50  
257  50  
258  50  
259  50  
260  50  
261  50  
226  51  
227  51  
228  51  
229  51  
230  51  
231  51  
232  51  
233  51  
234  51  
235  51  
236  51  
237  51  
238  51  
239  51  
240  51  
337  51  
338  52  
338  53  
338  54  
338  55  
338  56  
338  57  
338  58  
338  59  
338  60  
338  61  
338  62  
337  63  
337  64  
337  65  
337  66  
338  67  
338  68  
338  69  
338  70  
338  71  
338  72  
338  73  
338  74  
337  75  
337  76  
337  77  
337  78  
337  79  
337  80  
337  81  
337  82  
337  83  
337  84  
337  85  
337  86  
337  87  
337  88  
337  89  
337  90  
337  91  
337  92  
337  93  
337  94  
337  95  
337  96  
337  97  
337  98  
337  99  
318  54  
318  55  
318  56  
318  57  
318  58  
318  59  
318  60  
318  61  
318  62  
318  63  
318  64  
318  65  
318  66  
318  67  
318  68  
318  69  
318  70  
318  71  
318  72  
318  73  
318  74  
318  75  
318  76  
318  77  
318  78  
318  79  
318  80  
318  81  
318  82  
318  83  
318  84  
317  85  
317  86  
317  87  
318  88  
317  89  
317  90  
317  91  
317  92  
317  93  
317  94  
317  95  
317  96  
317  97  
317  98  
317  99  
317  100  
317  101  
317  102  
332  54  
332  55  
332  56  
332  57  
332  58  
332  59  
332  60  
332  61  
332  62  
332  63  
332  64  
332  65  
332  66  
332  67  
332  68  
332  69  
332  70  
331  71  
331  72  
331  73  
331  74  
331  75  
331  76  
331  77  
331  78  
331  79  
331  80  
331  81  
331  82  
331  83  
331  84  
331  85  
331  86  
331  87  
331  88  
331  89  
331  90  
331  91  
331  92  
331  93  
331  94  
331  95  
331  96  
331  97  
181  56  
181  57  
181  58  
181  59  
182  60  
181  61  
181  62  
181  63  
181  64  
181  65  
181  66  
181  67  
180  68  
180  69  
180  70  
180  71  
180  72  
179  73  
179  74  
179  75  
179  76  
179  77  
179  78  
178  79  
342  56  
342  57  
342  58  
342  59  
342  60  
342  61  
342  62  
342  63  
342  64  
342  65  
342  66  
342  67  
342  68  
342  69  
342  70  
342  71  
342  72  
342  73  
342  74  
342  75  
342  76  
342  77  
342  78  
342  79  
342  80  
342  81  
342  82  
342  83  
342  84  
342  85  
342  86  
342  87  
342  88  
342  89  
342  90  
342  91  
342  92  
341  93  
341  94  
341  95  
341  96  
341  97  
41  58  
40  59  
40  60  
40  61  
40  62  
40  63  
40  64  
40  65  
40  66  
39  67  
39  68  
39  69  
39  70  
39  71  
39  72  
39  73  
38  74  
38  75  
38  76  
37  77  
37  78  
37  79  
37  80  
37  81  
37  82  
37  83  
37  84  
37  85  
37  86  
36  87  
36  88  
36  89  
36  90  
36  91  
36  92  
36  93  
36  94  
36  95  
36  96  
36  97  
36  98  
36  99  
36  100  
36  101  
36  102  
36  103  
36  104  
36  105  
36  106  
36  107  
36  108  
36  109  
36  110  
36  111  
36  112  
36  113  
36  114  
36  115  
36  116  
36  117  
36  118  
36  119  
36  120  
36  121  
36  122  
36  123  
36  124  
36  125  
36  126  
36  127  
36  128  
36  129  
36  130  
36  131  
36  132  
36  133  
37  134  
37  135  
37  136  
37  137  
162  59  
163  59  
164  59  
165  59  
166  59  
167  59  
168  59  
169  59  
139  60  
140  60  
141  60  
142  60  
143  60  
144  60  
145  60  
146  60  
147  60  
148  60  
149  60  
150  60  
151  60  
152  60  
153  60  
154  60  
155  60  
156  60  
157  60  
158  60  
159  60  
160  60  
161  60  
170  60  
104  61  
112  61  
113  61  
114  61  
115  61  
116  61  
117  61  
118  61  
119  61  
120  61  
121  61  
122  61  
123  61  
124  61  
125  61  
126  61  
127  61  
128  61  
129  61  
130  61  
131  61  
132  61  
133  61  
134  61  
135  61  
136  61  
137  61  
138  61  
170  61  
100  62  
101  62  
102  62  
103  62  
105  62  
106  62  
107  62  
108  62  
109  62  
110  62  
111  62  
170  62  
170  63  
170  64  
25  63  
25  64  
25  65  
24  66  
24  67  
24  68  
24  69  
24  70  
23  71  
23  72  
23  73  
23  74  
23  75  
23  76  
23  77  
23  78  
23  79  
23  80  
23  81  
23  82  
23  83  
22  84  
22  85  
22  86  
22  87  
22  88  
22  89  
22  90  
22  91  
22  92  
22  93  
22  94  
21  95  
21  96  
21  97  
21  98  
21  99  
21  100  
21  101  
31  63  
31  64  
31  65  
30  66  
30  67  
30  68  
30  69  
30  70  
30  71  
29  72  
29  73  
29  74  
29  75  
29  76  
29  77  
29  78  
29  79  
29  80  
28  81  
28  82  
28  83  
28  84  
28  85  
28  86  
28  87  
28  88  
28  89  
28  90  
28  91  
28  92  
28  93  
28  94  
28  95  
27  96  
27  97  
27  98  
27  99  
27  100  
27  101  
27  102  
27  103  
27  104  
27  105  
27  106  
27  107  
27  108  
27  109  
27  110  
27  111  
27  112  
27  113  
27  114  
27  115  
27  116  
27  117  
27  118  
28  119  
28  120  
28  121  
28  122  
28  123  
28  124  
28  125  
28  126  
28  127  
28  128  
28  129  
28  130  
28  131  
28  132  
29  133  
29  134  
29  135  
29  136  
29  137  
29  138  
29  139  
29  140  
29  141  
29  142  
30  143  
30  144  
30  145  
30  146  
198  64  
198  65  
198  66  
198  67  
198  68  
198  69  
198  70  
198  71  
198  72  
198  73  
198  74  
198  75  
198  76  
198  77  
198  78  
198  79  
198  80  
198  81  
197  82  
197  83  
197  84  
197  85  
197  86  
197  87  
197  88  
197  89  
197  90  
197  91  
197  92  
197  93  
197  94  
197  95  
197  96  
197  97  
197  98  
197  99  
197  100  
197  101  
197  102  
197  103  
197  104  
197  105  
197  106  
197  107  
197  108  
197  109  
197  110  
197  111  
197  112  
197  113  
197  114  
197  115  
197  116  
197  117  
192  65  
192  66  
192  67  
192  68  
192  69  
192  70  
193  71  
193  72  
193  73  
193  74  
193  75  
192  76  
192  77  
192  78  
192  79  
192  80  
192  81  
192  82  
192  83  
192  84  
192  85  
143  78  
144  78  
145  78  
146  78  
147  78  
148  78  
149  78  
150  78  
151  78  
152  78  
153  78  
154  78  
155  78  
156  78  
157  78  
158  78  
159  78  
160  78  
161  78  
162  78  
163  78  
107  79  
108  79  
109  79  
110  79  
111  79  
112  79  
113  79  
114  79  
115  79  
116  79  
117  79  
118  79  
119  79  
120  79  
121  79  
122  79  
123  79  
124  79  
125  79  
126  79  
127  79  
128  79  
129  79  
130  79  
131  79  
132  79  
133  79  
134  79  
86  80  
87  80  
88  80  
89  80  
90  80  
91  80  
92  80  
93  80  
94  80  
95  80  
96  80  
97  80  
98  80  
99  80  
100  80  
101  80  
102  80  
103  80  
104  80  
105  80  
106  80  
72  81  
73  81  
74  81  
75  81  
76  81  
77  81  
78  81  
79  81  
80  81  
81  81  
82  81  
83  81  
84  81  
85  81  
69  82  
70  82  
71  82  
155  88  
156  88  
157  88  
158  88  
159  88  
160  88  
161  88  
162  88  
121  89  
122  89  
123  89  
124  89  
125  89  
126  89  
127  89  
128  89  
129  89  
130  89  
131  89  
132  89  
133  89  
134  89  
135  89  
136  89  
137  89  
138  89  
139  89  
140  89  
141  89  
142  89  
143  89  
144  89  
145  89  
146  89  
147  89  
148  89  
149  89  
150  89  
151  89  
152  89  
153  89  
154  89  
69  90  
70  90  
71  90  
72  90  
73  90  
74  90  
75  90  
76  90  
77  90  
78  90  
79  90  
80  90  
81  90  
82  90  
83  90  
84  90  
85  90  
86  90  
87  90  
88  90  
89  90  
90  90  
91  90  
92  90  
93  90  
94  90  
95  90  
96  90  
97  90  
98  90  
99  90  
100  90  
101  90  
102  90  
103  90  
104  90  
105  90  
106  90  
107  90  
108  90  
109  90  
110  90  
111  90  
112  90  
113  90  
114  90  
115  90  
116  90  
117  90  
118  90  
119  90  
120  90  
171  91  
171  92  
171  93  
171  94  
171  95  
171  96  
171  97  
171  98  
171  99  
171  100  
171  101  
171  102  
171  103  
171  104  
171  105  
171  106  
171  107  
171  108  
171  109  
171  110  
171  111  
171  112  
171  113  
171  114  
171  115  
171  116  
171  117  
171  118  
171  119  
171  120  
171  121  
171  122  
171  123  
171  124  
171  125  
171  126  
171  127  
171  128  
171  129  
171  130  
171  131  
172  132  
172  133  
172  134  
172  135  
172  136  
172  137  
172  138  
172  139  
172  140  
172  141  
172  142  
172  143  
173  144  
173  145  
173  146  
173  147  
173  148  
173  149  
173  150  
173  151  
173  152  
174  153  
174  154  
174  155  
174  156  
174  157  
174  158  
174  159  
174  160  
175  161  
175  162  
175  163  
102  94  
103  94  
113  94  
114  94  
115  94  
116  94  
117  94  
118  94  
119  94  
126  94  
127  94  
128  94  
129  94  
130  94  
131  94  
95  95  
96  95  
97  95  
98  95  
99  95  
100  95  
101  95  
104  95  
105  95  
106  95  
107  95  
108  95  
109  95  
110  95  
111  95  
112  95  
120  95  
121  95  
122  95  
123  95  
124  95  
125  95  
132  95  
133  95  
134  95  
135  95  
136  95  
235  96  
236  96  
237  96  
238  96  
219  97  
220  97  
221  97  
222  97  
223  97  
224  97  
225  97  
226  97  
227  97  
228  97  
229  97  
230  97  
231  97  
232  97  
233  97  
234  97  
93  109  
94  109  
95  109  
96  109  
97  109  
98  109  
99  109  
100  109  
101  109  
102  109  
103  109  
104  109  
105  109  
106  109  
107  109  
108  109  
109  109  
110  109  
111  109  
112  109  
113  109  
114  109  
115  109  
116  109  
117  109  
118  109  
119  109  
120  109  
121  109  
122  109  
123  109  
124  109  
125  109  
126  109  
127  109  
128  109  
129  109  
71  110  
72  110  
73  110  
74  110  
75  110  
76  110  
77  110  
78  110  
79  110  
80  110  
81  110  
82  110  
83  110  
84  110  
85  110  
86  110  
87  110  
88  110  
89  110  
90  110  
91  110  
92  110  
69  111  
70  111  
68  119  
69  119  
70  119  
71  119  
72  119  
73  119  
74  119  
75  119  
76  119  
77  119  
78  119  
79  119  
80  119  
81  119  
82  119  
83  119  
84  119  
85  119  
86  119  
87  119  
88  119  
89  119  
90  119  
91  119  
92  119  
93  119  
94  119  
95  119  
96  119  
97  119  
98  119  
99  119  
100  119  
101  119  
102  119  
103  119  
104  119  
105  119  
106  119  
107  119  
108  119  
109  119  
110  119  
111  119  
112  119  
113  119  
114  119  
115  119  
116  119  
117  119  
118  119  
119  119  
120  119  
121  119  
122  119  
123  119  
124  119  
125  119  
126  119  
127  119  
128  119  
129  119  
130  119  
131  119  
132  119  
133  119  
134  119  
135  119  
136  119  
137  119  
138  119  
139  119  
140  119  
141  119  
142  119  
143  119  
219  127  
220  127  
221  127  
222  127  
223  127  
224  127  
225  127  
226  127  
227  127  
228  127  
229  127  
230  127  
231  127  
232  127  
233  127  
234  127  
235  127  
236  127  
237  127  
238  127  
239  127  
240  127  
241  127  
242  127  
243  127  
244  127  
245  127  
246  127  
247  127  
248  127  
249  127  
110  138  
111  138  
112  138  
113  138  
114  138  
115  138  
116  138  
117  138  
118  138  
119  138  
120  138  
121  138  
122  138  
123  138  
124  138  
125  138  
126  138  
127  138  
128  138  
129  138  
130  138  
131  138  
132  138  
133  138  
134  138  
135  138  
136  138  
137  138  
138  138  
139  138  
140  138  
141  138  
142  138  
143  138  
144  138  
145  138  
146  138  
147  138  
148  138  
149  138  
150  138  
151  138  
152  138  
153  138  
154  138  
155  138  
156  138  
157  138  
158  138  
159  138  
160  138  
161  138  
162  138  
163  138  
76  139  
77  139  
78  139  
79  139  
80  139  
81  139  
82  139  
83  139  
84  139  
85  139  
86  139  
87  139  
88  139  
89  139  
90  139  
91  139  
92  139  
93  139  
94  139  
95  139  
96  139  
97  139  
98  139  
99  139  
100  139  
101  139  
102  139  
103  139  
104  139  
105  139  
106  139  
107  139  
108  139  
109  139  
71  140  
72  140  
73  140  
74  140  
75  140  
70  148  
71  148  
72  148  
73  148  
74  148  
75  148  
76  148  
77  148  
78  148  
79  148  
80  148  
81  148  
82  148  
83  148  
84  148  
85  148  
86  148  
87  148  
88  148  
89  148  
90  148  
91  148  
92  148  
93  148  
147  148  
148  148  
149  148  
150  148  
151  148  
152  148  
153  148  
154  148  
155  148  
156  148  
157  148  
158  148  
159  148  
160  148  
161  148  
162  148  
163  148  
164  148  
94  149  
95  149  
96  149  
97  149  
98  149  
99  149  
100  149  
101  149  
102  149  
103  149  
104  149  
105  149  
106  149  
107  149  
108  149  
109  149  
110  149  
111  149  
112  149  
113  149  
114  149  
115  149  
116  149  
117  149  
118  149  
119  149  
120  149  
121  149  
122  149  
123  149  
124  149  
125  149  
126  149  
127  149  
128  149  
129  149  
130  149  
131  149  
132  149  
133  149  
134  149  
135  149  
136  149  
137  149  
138  149  
139  149  
140  149  
141  149  
142  149  
143  149  
144  149  
145  149  
146  149  
162  160  
163  160  
164  160  
165  160  
166  160  
127  161  
128  161  
129  161  
130  161  
131  161  
132  161  
133  161  
134  161  
135  161  
136  161  
137  161  
138  161  
139  161  
140  161  
141  161  
142  161  
143  161  
144  161  
145  161  
146  161  
147  161  
148  161  
149  161  
150  161  
151  161  
152  161  
153  161  
154  161  
155  161  
156  161  
157  161  
158  161  
159  161  
160  161  
161  161  
112  166  
113  166  
114  166  
126  166  
127  166  
128  166  
140  166  
141  166  
149  166  
150  166  
75  167  
76  167  
77  167  
78  167  
79  167  
80  167  
81  167  
82  167  
83  167  
84  167  
85  167  
86  167  
87  167  
88  167  
89  167  
90  167  
91  167  
92  167  
93  167  
94  167  
95  167  
96  167  
97  167  
98  167  
99  167  
100  167  
101  167  
102  167  
103  167  
104  167  
105  167  
106  167  
107  167  
108  167  
109  167  
110  167  
111  167  
115  167  
116  167  
117  167  
118  167  
119  167  
120  167  
121  167  
122  167  
123  167  
124  167  
125  167  
129  167  
130  167  
131  167  
132  167  
133  167  
134  167  
135  167  
136  167  
137  167  
138  167  
139  167  
142  167  
143  167  
144  167  
145  167  
146  167  
147  167  
148  167  
151  167  
152  167  
153  167  
154  167  
155  167  
76  176  
77  176  
78  176  
79  176  
80  176  
81  176  
82  176  
83  176  
84  176  
85  176  
86  176  
87  176  
88  176  
89  176  
90  176  
91  176  
92  176  
93  176  
94  176  
95  176  
96  176  
97  176  
98  176  
99  176  
100  176  
101  176  
102  176  
103  176  
104  176  
105  176  
106  176  
107  176  
108  176  
112  176  
113  176  
114  176  
130  176  
131  176  
132  176  
133  176  
134  176  
135  176  
109  177  
110  177  
111  177  
115  177  
116  177  
117  177  
118  177  
119  177  
120  177  
121  177  
122  177  
123  177  
124  177  
125  177  
126  177  
127  177  
128  177  
129  177  
136  177  
137  177  
138  177  
139  177  
140  177  
141  177  
142  177  
143  177  
144  177  
145  177  
146  177  
147  177  
148  177  
149  177  
150  177  
151  177  
152  177  
153  177  
154  177  
155  177  
156  177  
157  177  
158  177  
159  177  
160  177  
161  177  
162  177  
163  177  
164  177  
118  191  
119  191  
120  191  
121  191  
122  191  
123  191  
124  191  
125  191  
126  191  
85  192  
86  192  
87  192  
88  192  
89  192  
90  192  
91  192  
92  192  
93  192  
94  192  
95  192  
96  192  
97  192  
98  192  
99  192  
100  192  
101  192  
102  192  
103  192  
104  192  
105  192  
106  192  
107  192  
108  192  
109  192  
110  192  
111  192  
112  192  
113  192  
114  192  
115  192  
116  192  
117  192  
134  191  
135  191  
136  191  
137  191  
138  191  
139  191  
140  191  
141  191  
142  191  
143  191  
144  191  
145  191  
146  191  
147  191  
148  191  
149  192  
150  192  
151  192  
152  192  
153  192  
154  192  
155  192  
156  192  
157  192  
158  192  
159  192  
160  192  
161  192  
162  192  
163  192  
164  192  
165  192  
166  192  
167  192  
168  192  
169  192  
170  192  
171  192  
83  200  
84  200  
85  200  
86  200  
87  200  
88  200  
89  200  
90  200  
91  200  
92  200  
93  200  
94  201  
95  201  
96  201  
97  201  
98  201  
99  201  
100  201  
101  201  
102  201  
103  201  
104  201  
105  201  
106  201  
107  201  
108  201  
109  201  
110  201  
111  201  
112  201  
113  201  
114  201  
115  201  
116  201  
117  201  
118  201  
119  201  
120  201  
121  201  
122  201  
123  201  
124  201  
125  201  
133  202  
134  202  
135  202  
136  202  
137  202  
138  202  
139  202  
140  202  
141  202  
142  202  
143  202  
144  202  
145  202  
146  202  
147  202  
148  202  
149  202  
150  202  
151  202  
152  202  
153  202  
154  202  
155  202  
156  202  
157  202  
158  202  
159  202  
160  202  
161  202  
162  202  
163  202  
164  202  
165  202  
166  202  
167  202  
168  202  
169  202  
170  202  
171  202  
172  202  
173  202  
174  202  
175  202  
110  212  
111  212  
112  212  
113  212  
114  212  
115  212  
116  212  
117  212  
118  212  
119  212  
120  212  
93  213  
94  213  
95  213  
96  213  
97  213  
98  213  
99  213  
100  213  
101  213  
102  213  
103  213  
104  213  
105  213  
106  213  
107  213  
108  213  
109  213  
121  213  
122  213  
123  213  
124  213  
125  213  
126  213  
127  213  
128  213  
129  213  
130  213  
131  213  
132  213  
133  213  
141  212  
142  213  
143  213  
144  213  
145  213  
146  213  
147  213  
148  213  
149  213  
150  213  
151  213  
152  213  
153  213  
154  213  
155  213  
156  213  
157  213  
158  213  
159  213  
160  213  
161  213  
162  213  
163  213  
164  213  
165  213  
166  213  
167  213  
168  213  
173  213  
174  213  
169  214  
170  214  
171  214  
172  214  
175  214  
176  214  
177  214  
178  214  
179  214  
180  214  
93  221  
94  221  
95  221  
96  221  
97  221  
98  221  
99  221  
100  221  
101  221  
102  221  
103  221  
104  221  
105  221  
106  221  
107  221  
108  221  
109  221  
110  221  
111  221  
112  222  
113  222  
114  222  
115  222  
116  222  
117  222  
118  222  
119  222  
120  222  
121  222  
122  222  
123  222  
124  222  
125  222  
126  222  
127  222  
128  222  
129  222  
130  222  
131  223  
132  223  
133  223  
134  223  
135  223  
136  223  
137  223  
138  223  
139  223  
140  223  
141  223  
142  223  
143  223  
144  223  
145  223  
146  223  
147  223  
148  223  
149  223  
150  223  
151  223  
152  223  
153  223  
154  223  
155  223  
156  223  
157  223  
158  223  
159  223  
160  223  
161  223  
162  223  
163  223  
164  223  
165  223  
166  223  
167  223  
168  223  
169  223  
170  223  
171  223  
172  223  
173  223  
174  223  
182  223  
175  224  
176  224  
177  224  
178  224  
179  224  
180  224  
181  224  
104  229  
105  229  
106  229  
107  229  
108  229  
109  229  
110  229  
111  229  
112  229  
113  229  
114  229  
115  229  
116  229  
117  229  
118  229  
119  229  
120  229  
121  229  
122  229  
123  229  
124  229  
125  229  
126  229  
127  229  
128  229  
129  229  
130  229  
131  229  
132  229  
133  229  
134  229  
135  229  
136  229  
137  229  
138  229  
139  229  
140  229  
141  229  
142  229  
143  229  
144  229  
145  229  
146  229  
147  229  
148  229  
149  229  
150  229  
103  230  
151  230  
152  230  
153  230  
154  230  
162  230  
163  230  
164  230  
165  230  
166  231  
167  231  
168  231  
169  231  
170  231  
171  231  
172  231  
173  231  
174  231  
175  231  
176  231  
177  231  
178  231  
179  231  
180  231  
181  232  
182  232  
104  237  
105  237  
106  237  
107  237  
108  237  
109  237  
110  237  
111  237  
112  237  
113  237  
114  237  
115  237  
116  237  
117  237  
118  237  
119  237  
120  237  
121  237  
122  237  
123  237  
124  237  
125  237  
126  237  
127  237  
128  237  
129  237  
130  238  
131  238  
132  238  
133  238  
134  238  
135  238  
136  238  
137  238  
138  238  
139  238  
140  238  
141  238  
142  238  
143  238  
144  238  
145  238  
146  238  
147  239  
148  239  
149  239  
150  239  
151  239  
152  239  
153  239  
154  239  
155  239  
156  239  
157  239  
158  239  
159  239  
160  239  
161  239  
162  239  
163  239  
164  239  
165  239  
166  239  
167  239  
168  239  
169  239  
170  239  
171  239  
172  239  
173  239  
174  239  
175  239  
176  239  
177  239  
178  239  
179  239  
180  239  
181  239  
182  239  
183  239  
184  239  
185  239  
186  239  
191  239  
192  239  
187  240  
188  240  
189  240  
190  240  
136  251  
137  251  
138  251  
139  251  
140  251  
141  251  
142  251  
143  251  
144  252  
145  252  
146  252  
147  252  
148  252  
149  252  
150  252  
151  252  
152  252  
153  252  
154  252  
155  252  
156  252  
157  252  
158  252  
159  252  
160  252  
161  252  
162  252  
163  252  
164  252  
165  252  
166  252  
167  252  
168  252  
169  253  
170  253  
171  253  
172  253  
173  253  
174  253  
175  253  
176  253  
177  253  
178  253  
179  253  
180  253  
181  253  
182  253  
183  253  
184  253  
185  253  
186  253  
187  253  
188  253  
189  253  
190  253  
191  253  
192  253  
193  253  
194  253  
195  253  
196  253  
285  258  
285  259  
284  260  
284  261  
284  262  
283  263  
283  264  
283  265  
282  266  
282  267  
282  268  
281  269  
281  270  
281  271  
280  272  
280  273  
280  274  
279  275  
279  276  
279  277  
278  278  
278  279  
278  280  
277  281  
277  282  
277  283  
276  284  
276  285  
314  329  
315  330  
316  330  
317  330  
318  331  
319  331  
320  331  
321  331  
322  331  
323  331  
324  331  
325  331  
326  331  
327  331  
328  331  
329  331  
330  331  
331  331  
332  331  
333  331  
334  331  
335  331  
336  331  
337  331  
338  332  
339  332  
340  332  
341  332  
342  332  
343  332  
344  332  
345  332  
346  332  
347  332  
348  332  
349  332  
350  332  
351  332  
352  332  
353  332  
354  332  
355  332  
356  332  
357  332  
358  332  
359  332  
360  332  
361  333  
362  333  
363  333  
364  333  
393  334  
394  334  
395  334  
396  334  
397  334  
398  334  
399  334  
400  334  
401  334  
402  334  
403  334  
404  334  
405  334  
406  334  
407  334  
408  334  
409  334  
410  334  
411  334  
412  334  
413  334  
414  334  
415  334  
416  334  
417  334  
418  334  
419  334  
420  334  
421  334  
422  334  
423  335  
424  335  
425  335  
426  335  
427  335  
428  335  
429  335  
430  335  
431  335  
432  335  
433  335  
434  335  
435  335  
436  335  
437  335  
438  335  
439  335  
440  335  
441  335  
442  335  
443  335  
444  335  
445  335  
446  335  
447  335  
448  335  
449  335  
450  335  
451  335  
452  335  
453  336  
454  336  
455  336  
456  336  
457  336  
458  336  
459  336  
460  336  
461  336  
462  336  
463  336  
464  336  
465  336  
466  336  
467  336  
468  336  
469  336  
470  336  
471  336  
472  336  
473  336  
474  336  
475  336  
476  337  
477  337  
478  337  
479  337  
316  336  
317  336  
318  336  
319  336  
320  336  
321  336  
322  336  
323  336  
324  336  
325  336  
326  336  
327  336  
328  336  
329  336  
330  336  
331  336  
332  336  
333  336  
334  336  
335  336  
336  336  
337  336  
338  336  
339  336  
340  336  
341  336  
342  336  
343  336  
344  336  
345  336  
346  336  
347  336  
348  336  
349  336  
350  337  
351  337  
352  337  
353  337  
354  337  
355  337  
356  337  
357  337  
358  337  
359  337  
360  337  
361  337  
362  337  
363  337  
364  337  
365  337  
366  337  
367  337  
368  337  
369  337  
370  337  
371  337  
372  337  
380  338  
381  338  
382  338  
383  338  
384  338  
385  338  
386  338  
387  338  
388  338  
389  338  
390  338  
391  338  
392  338  
393  338  
394  338  
395  338  
396  338  
397  338  
398  338  
399  338  
400  338  
401  338  
402  338  
403  338  
404  338  
405  338  
406  338  
414  339  
415  339  
416  339  
417  339  
418  339  
419  339  
420  339  
421  339  
422  339  
423  339  
424  339  
425  339  
426  339  
427  339  
428  339  
429  339  
430  339  
431  339  
432  339  
433  339  
441  340  
442  340  
443  340  
444  340  
445  340  
446  340  
447  340  
448  340  
449  340  
450  340  
451  340  
452  340  
453  340  
454  340  
455  340  
456  340  
457  340  
458  340  
459  340  
460  340  
461  340  
462  340  
463  340  
464  340  
465  340  
466  340  
467  340  
468  340  
469  340  
470  340  
471  340  
472  340  
473  341  
474  341  
475  341  
476  341  
477  341  
478  341  
479  341  
417  361  
418  361  
419  361  
420  361  
421  361  
422  361  
423  361  
424  361  
425  361  
426  361  
427  361  
428  361  
429  361  
430  362  
431  362  
432  362  
433  362  
434  362  
435  362  
436  362  
437  362  
438  362  
439  362  
440  362  
441  362  
442  362  
443  362  
444  362  
445  362  
446  362  
447  362  
448  362  
449  362  
279  418  
280  418  
281  419  
282  419  
283  419  
284  419  
285  419  
286  419  
287  419  
288  419  
289  419  
290  419  
291  419  
292  419  
293  419  
294  419  
295  419  
296  419  
297  419  
298  419  
299  419  
300  419  
301  419  
302  419  
303  420  
304  420  
305  420  
306  420  
307  420  
308  420  
309  420  
310  420  
311  420  
312  420  
313  420  
314  420  
315  420  
316  420  
317  420  
318  420  
319  420  
320  420  
321  420  
322  421  
323  421  
324  421  
325  421  
326  421  
327  421  
328  421  
329  421  
330  421  
331  421  
332  421  
333  421  
334  421  
335  421  
336  421  
337  421  
338  421  
339  421  
340  422  
341  422  
342  422  
343  422  
344  422  
345  422  
346  422  
347  422  
348  422  
349  422  
350  422  
351  422  
352  422  
353  422  
354  422  
355  422  
356  422  
357  422  
358  422  
359  422  
360  423  
361  423  
362  423  
363  423  
364  423  
365  423  
366  423  
367  423  
368  423  
369  423  
370  423  
371  423  
372  423  
373  423  
374  423  
375  423  
376  423  
377  423  
378  423  
379  423  
380  424  
381  424  
382  424  
383  424  
384  424  
385  424  
386  424  
387  424  
388  424  
389  424  
390  424  
391  424  
392  424  
393  424  
394  424  
395  424  
396  424  
397  424  
398  425  
399  425  
400  425  
401  425  
402  425  
403  425  
404  425  
405  425  
406  425  
407  425  
408  425  
409  425  
410  425  
411  425  
412  425  
413  425  
414  426  
415  426  
416  426  
417  426  
418  426  
419  426  
420  426  
421  426  
422  426  
423  426  
424  426  
425  426  
426  426  
427  426  
428  426  
429  426  
430  426  
431  426  
432  426  
433  427  
434  427  
435  427  
436  427  
437  427  
438  427  
439  427  
440  427  
441  427  
442  427  
443  427  
444  427  
445  427  
446  427  
447  427  
448  427  
449  428  
450  428  
451  428  
452  428  
453  428  
454  428  
455  428  
456  428  
457  428  
458  428  
459  428  
198  422  
198  423  
198  424  
197  425  
197  426  
197  427  
196  428  
196  429  
197  430  
197  431  
197  432  
198  433  
198  434  
199  435  
199  436  
200  437  
200  438  
201  439  
201  440  
202  441  
202  442  
154  427  
154  428  
154  429  
154  430  
155  431  
155  432  
156  433  
156  434  
157  435  
157  436  
158  437  
158  438  
159  439  
159  440  
160  441  
160  442  
161  443  
161  444  
162  445  
162  446  
163  447  
280  443  
281  443  
282  443  
283  443  
284  443  
285  443  
286  443  
287  443  
288  443  
289  443  
290  443  
291  443  
292  444  
293  444  
294  444  
295  444  
296  444  
297  445  
298  445  
299  445  
300  445  
301  445  
302  445  
303  445  
304  445  
312  446  
313  446  
314  446  
315  446  
316  446  
317  446  
318  447  
319  447  
320  447  
321  447  
322  447  
323  447  
324  447  
325  447  
326  447  
327  447  
328  447  
329  447  
330  448  
331  448  
332  448  
333  448  
334  448  
335  448  
336  448  
337  448  
338  448  
339  448  
340  448  
341  448  
342  448  
343  448  
344  449  
345  449  
346  449  
347  449  
348  449  
349  449  
350  449  
351  449  
352  449  
353  449  
354  449  
355  449  
356  450  
357  450  
358  450  
359  450  
360  450  
361  450  
362  450  
363  450  
364  450  
365  450  
366  451  
367  451  
368  451  
369  451  
370  451  
371  451  
372  451  
373  451  
374  451  
375  451  
376  451  
377  451  
378  451  
379  451  
380  451  
381  451  
382  452  
383  452  
384  452  
385  452  
386  452  
387  452  
388  452  
389  452  
390  452  
391  452  
392  452  
393  453  
394  453  
395  453  
396  453  
397  453  
398  453  
399  453  
400  453  
401  453  
402  453  
403  453  
404  453  
405  453  
406  454  
407  454  
408  454  
409  454  
410  454  
411  454  
412  454  
413  454  
414  454  
415  454  
416  454  
417  454  
418  454  
419  455  
420  455  
421  455  
422  455  
423  455  
424  455  
425  455  
426  455  
427  455  
428  455  
429  455  
430  455  
431  455  
432  456  
433  456  
434  456  
435  456  
436  456  
437  456  
438  456  
439  456  
440  456  
441  456  
442  456  
443  456  
444  456  
445  456  
446  456  
447  457  
448  457  
449  457  
450  457  
451  457  
452  457  
453  457  
454  457  
455  457  
456  457  
457  457  
458  457  
459  458  
460  458  
461  458  
365  475  
366  475  
367  475  
368  475  
369  475  
370  475  
371  475  
372  475  
373  475  
374  475  
375  475  
376  475  
377  475  
378  476  
379  476  
380  476  
381  476  
382  476  
383  476  
384  476  
385  476  
393  477  
394  477  
395  477  
396  477  
397  477  
398  477  
399  477  
400  478  
401  478  
402  478  
403  478  
404  478  
405  478  
406  478  
407  478  
408  478  
409  478  
410  478  
411  478  
412  478  
413  478  
414  479  
415  479  
416  479  
417  479  
418  479  
419  479  
420  479  
421  479  
422  479  
423  479  
424  479  
425  479  
426  480  
427  480  
428  480  
429  480  
430  480  
431  480  
432  480  
433  480  
434  480  
435  480  
436  480  
437  481  
438  481  
439  481  
440  481  
441  481  
442  481  
443  481  
444  481  
445  481  
446  481  
447  481  
448  481  
449  481  
450  481  
451  482  
452  482  
453  482  
454  482  
455  482  
456  482  
457  482  
458  482  
459  482  
460  482  
461  482  
462  482  
463  482  
464  482  
465  483  
466  483  
467  483  
468  483  
469  483  
470  483  
471  483  
472  483  
473  483  
474  483  
475  483  
476  483  
477  483  
478  484  
479  484  
281  480  
282  480  
283  480  
284  480  
285  480  
286  480  
287  480  
290  480  
291  480  
292  480  
293  480  
294  480  
295  480  
296  480  
297  480  
298  480  
299  480  
288  481  
289  481  
300  481  
301  481  
302  481  
303  481  
304  481  
305  481  
306  481  
307  481  
308  481  
309  481  
310  481  
311  481  
312  481  
313  481  
314  481  
315  481  
316  481  
317  481  
318  481  
319  482  
320  482  
321  482  
322  482  
323  482  
324  482  
325  482  
326  482  
327  482  
328  482  
329  482  
330  482  
331  482  
332  482  
333  482  
334  482  
335  482  
336  482  
337  483  
338  483  
339  483  
340  483  
341  483  
342  483  
343  483  
344  483  
345  483  
346  483  
347  483  
348  483  
349  483  
350  483  
351  483  
352  484  
353  484  
354  484  
355  484  
356  484  
357  484  
358  484  
359  484  
360  484  
361  484  
362  484  
363  484  
364  484  
365  485  
366  485  
367  485  
368  485  
369  485  
370  485  
371  485  
372  485  
373  485  
374  485  
375  485  
401  487  
402  487  
403  487  
404  487  
405  487  
406  487  
407  487  
408  487  
409  487  
410  487  
411  488  
412  488  
413  488  
414  488  
415  488  
416  488  
417  488  
418  488  
419  488  
420  488  
421  488  
422  488  
423  488  
424  489  
425  489  
426  489  
427  489  
428  489  
429  489  
430  489  
431  489  
432  489  
433  489  
434  489  
435  489  
436  489  
437  489  
438  489  
439  489  
440  489  
441  490  
442  490  
443  490  
444  490  
445  490  
446  490  
447  490  
448  490  
449  490  
450  490  
451  490  
452  490  
453  490  
454  490  
455  490  
456  491  
457  491  
458  491  
459  491  
460  491  
461  491  
462  491  
463  491  
464  491  
465  491  
466  491  
467  491  
468  491  
469  491  
470  491  
471  492  
472  492  
473  492  
474  492  
475  492  
476  492  
477  492  
478  492  
479  492  
272  503  
273  503  
274  503  
275  503  
276  503  
277  503  
278  503  
279  504  
280  504  
281  504  
282  504  
283  504  
284  504  
285  504  
286  504  
287  504  
288  504  
289  504  
290  505  
291  505  
292  505  
293  505  
294  505  
295  505  
296  505  
297  505  
298  505  
299  505  
300  505  
301  506  
302  506  
303  506  
304  506  
305  506  
306  506  
307  506  
308  506  
309  506  
310  507  
311  507  
312  507  
313  507  
314  507  
315  507  
316  507  
317  507  
318  507  
319  507  
320  508  
321  508  
322  508  
323  508  
324  508  
325  508  
326  508  
327  508  
328  508  
329  508  
330  509  
331  509  
332  509  
333  509  
334  509  
335  509  
336  509  
337  509  
338  509  
339  510  
340  510  
341  510  
342  510  
343  510  
344  510  
345  510  
346  510  
347  510  
348  510  
349  511  
350  511  
351  511  
352  511  
353  511  
354  511  
355  511  
356  511  
357  511  
358  511  
359  511  
360  511  
361  512  
362  512  
363  512  
364  512  
365  512  
366  512  
367  512  
368  512  
369  512  
370  512  
371  512  
372  513  
373  513  
374  513  
375  513  
376  513  
377  513  
378  513  
386  514  
387  514  
388  514  
389  514  
390  514  
391  514  
392  514  
393  514  
394  515  
395  515  
396  515  
397  515  
398  515  
399  515  
400  515  
401  515  
402  515  
403  515  
404  515  
405  516  
406  516  
407  516  
408  516  
409  516  
410  516  
411  516  
419  517  
420  517  
421  517  
422  517  
423  517  
424  517  
425  518  
426  518  
427  518  
428  518  
429  518  
430  518  
431  518  
432  518  
433  518  
434  518  
435  518  
436  518  
437  519  
438  519  
439  519  
440  519  
441  519  
442  519  
443  519  
444  519  
445  519  
446  519  
447  519  
448  519  
449  520  
450  520  
451  520  
452  520  
453  520  
454  520  
455  520  
456  520  
457  520  
142  528  
141  529  
141  530  
140  531  
140  532  
139  533  
139  534  
140  535  
139  536  
139  537  
139  538  
139  539  
138  540  
138  541  
138  542  
137  543  
137  544  
137  545  
137  546  
136  547  
136  548  
136  549  
135  550  
341  563  
342  563  
343  563  
344  563  
345  563  
346  563  
347  564  
348  564  
349  564  
350  564  
351  564  
352  564  
353  564  
354  564  
355  564  
356  565  
357  565  
358  565  
359  565  
360  565  
361  565  
362  565  
363  565  
364  565  
365  566  
366  566  
367  566  
368  566  
369  566  
370  566  
371  566  
372  566  
373  566  
374  567  
375  567  
376  567  
377  567  
378  567  
379  567  
407  570  
408  570  
409  570  
410  570  
411  570  
412  571  
413  571  
414  571  
415  571  
416  571  
417  571  
418  571  
419  571  
420  571  
421  572  
422  572  
423  572  
424  572  
425  572  
426  572  
427  572  
428  572  
429  572  
430  572  
431  573  
432  573  
433  573  
434  573  
435  573  
436  573  
437  573  
438  573  
439  573  
440  574  
441  574  
442  574  
443  574  
444  574  
445  574  
446  574  
447  574  
448  574  
449  574  
462  574  
463  574  
464  574  
465  574  
466  574  
450  575  
451  575  
452  575  
453  575  
454  575  
455  575  
456  575  
457  575  
458  575  
459  575  
460  575  
461  575  
398  572  
398  573  
397  574  
397  575  
397  576  
397  577  
396  578  
396  579  
396  580  
396  581  
396  582  
396  583  
395  584  
395  585  
395  586  
395  587  
395  588  
395  589  
395  590  
395  591  
395  592  
395  593  
395  594  
395  595  
395  596  
395  597  
395  598  
395  599  
395  600  
395  601  
395  602  
395  603  
160  593  
161  593  
162  593  
163  593  
164  593  
165  594  
166  594  
167  594  
168  594  
169  594  
170  594  
171  594  
172  594  
173  594  
174  595  
175  595  
176  595  
177  595  
178  596  
179  596  
180  596  
316  605  
317  605  
318  605  
319  605  
320  606  
321  606  
322  606  
323  606  
324  606  
325  606  
326  606  
327  606  
328  607  
329  607  
330  607  
331  607  
332  607  
333  607  
334  607  
335  607  
336  607  
337  608  
338  608  
339  608  
340  608  
341  608  
342  608  
343  608  
344  608  
345  609  
346  609  
347  609  
348  609  
349  609  
350  609  
351  609  
352  609  
353  610  
354  610  
355  610  
356  610  
357  610  
358  610  
359  610  
360  611  
361  611  
362  611  
363  611  
364  611  
365  611  
366  611  
367  611  
368  611  
369  612  
370  612  
371  612  
372  612  
373  612  
374  612  
375  612  
376  612  
377  613  
378  613  
379  613  
380  613  
381  613  
382  613  
383  613  
384  613  
385  613  
386  614  
387  614  
388  614  
389  614  
390  614  
391  614  
392  614  
393  614  
394  615  
395  615  
396  615  
397  615  
398  615  
399  615  
400  615  
401  615  
402  615  
403  616  
404  616  
405  616  
406  616  
407  616  
415  617  
416  617  
417  617  
418  617  
419  618  
420  618  
421  618  
422  618  
423  618  
424  618  
425  618  
426  618  
427  618  
428  619  
429  619  
430  619  
431  619  
432  619  
433  619  
434  619  
435  619  
436  620  
437  620  
438  620  
439  620  
440  620  
441  620  
442  620  
443  620  
444  620  
445  620  
446  621  
447  621  
448  621  
449  621  
450  621  
451  621  
452  621  
453  621  
454  622  
455  622  
456  622  
457  622  
397  629  
398  629  
399  629  
400  629  
401  629  
402  629  
403  629  
404  629  
405  630  
406  630  
407  630  
408  630  
409  630  
410  630  
411  630  
412  631  
413  631  
414  631  
415  631  
416  631  
417  631  
418  631  
419  631  
420  631  
421  631  
422  632  
423  632  
424  632  
425  632  
426  632  
427  632  
