140  
34  29  20  23  30  31  24  20  21  43  42  35  24  66  22  20  34  34  82  138  102  99  30  21  22  77  26  20  136  53  46  47  30  44  40  138  77  45  48  83  46  44  20  48  36  49  43  32  47  27  83  88  88  45  45  85  23  22  48  28  58  45  43  21  48  56  27  28  64  52  21  51  28  45  36  53  23  29  37  39  22  52  42  261  215  26  63  24  25  25  22  50  22  26  29  47  50  25  24  89  30  48  21  27  29  20  26  27  42  23  43  22  41  22  29  33  22  25  47  32  34  36  33  23  31  35  47  25  44  21  41  37  21  37  39  21  38  41  43  29  
430  4  
431  4  
432  4  
433  4  
434  4  
435  4  
436  4  
437  4  
438  4  
439  4  
440  4  
454  4  
421  5  
422  5  
423  5  
424  5  
425  5  
426  5  
427  5  
428  5  
429  5  
441  5  
442  5  
443  5  
444  5  
445  5  
446  5  
447  5  
448  5  
449  5  
450  5  
451  5  
452  5  
453  5  
453  13  
427  14  
428  14  
429  14  
430  14  
439  14  
440  14  
441  14  
442  14  
443  14  
444  14  
445  14  
446  14  
447  14  
448  14  
449  14  
450  14  
451  14  
452  14  
425  15  
426  15  
431  15  
432  15  
433  15  
434  15  
435  15  
436  15  
437  15  
438  15  
169  15  
170  15  
171  15  
172  15  
173  15  
174  15  
175  16  
176  16  
177  16  
178  16  
179  16  
180  16  
181  16  
182  16  
183  16  
184  16  
185  16  
186  16  
187  16  
188  16  
457  38  
457  39  
457  40  
457  41  
457  42  
456  43  
456  44  
456  45  
456  46  
456  47  
456  48  
456  49  
456  50  
456  51  
456  52  
455  53  
455  54  
455  55  
455  56  
455  57  
455  58  
455  59  
455  60  
262  39  
262  40  
263  41  
263  42  
262  43  
262  44  
262  45  
262  46  
263  47  
263  48  
263  49  
262  50  
262  51  
262  52  
262  53  
262  54  
262  55  
262  56  
262  57  
262  58  
262  59  
262  60  
262  61  
262  62  
262  63  
262  64  
262  65  
262  66  
262  67  
262  68  
258  42  
258  43  
258  44  
258  45  
258  46  
258  47  
258  48  
258  49  
258  50  
258  51  
258  52  
258  53  
258  54  
258  55  
258  56  
258  57  
258  58  
258  59  
258  60  
258  61  
258  62  
258  63  
258  64  
258  65  
258  66  
258  67  
258  68  
258  69  
258  70  
258  71  
258  72  
392  48  
393  48  
394  48  
395  48  
396  48  
397  48  
398  48  
399  48  
400  48  
401  48  
402  48  
403  48  
404  48  
405  48  
406  48  
407  48  
408  48  
409  48  
410  48  
411  48  
412  48  
413  48  
414  48  
415  48  
252  54  
252  55  
252  56  
252  57  
252  58  
252  59  
252  60  
252  61  
252  62  
252  63  
252  64  
252  65  
252  66  
253  67  
252  68  
252  69  
252  70  
252  71  
252  72  
252  73  
246  83  
247  83  
248  83  
249  83  
250  84  
251  84  
252  84  
253  84  
254  84  
255  84  
256  84  
257  85  
258  85  
259  85  
262  85  
260  86  
261  86  
263  86  
264  86  
265  86  
266  86  
407  95  
408  95  
409  95  
410  95  
411  95  
412  95  
413  95  
414  95  
415  95  
416  95  
417  95  
418  95  
419  95  
420  95  
421  95  
422  95  
423  95  
424  95  
425  95  
426  95  
427  95  
428  95  
429  95  
430  95  
431  95  
432  95  
433  95  
434  95  
435  95  
436  95  
437  95  
438  95  
439  95  
440  95  
441  95  
442  95  
443  95  
444  95  
445  95  
446  95  
447  95  
448  95  
449  95  
407  98  
408  98  
409  98  
410  98  
411  98  
412  98  
413  98  
414  98  
415  98  
416  98  
417  98  
418  98  
419  98  
420  98  
421  98  
422  98  
423  98  
424  98  
425  98  
426  98  
427  98  
428  98  
429  98  
430  98  
431  98  
432  98  
433  98  
434  98  
435  98  
436  98  
437  98  
438  98  
439  98  
440  98  
441  98  
442  98  
443  98  
444  98  
445  98  
446  98  
447  98  
448  98  
352  127  
352  128  
352  129  
352  130  
352  131  
352  132  
352  133  
352  134  
352  135  
352  136  
352  137  
352  138  
352  139  
352  140  
352  141  
352  142  
352  143  
352  144  
352  145  
352  146  
352  147  
352  148  
352  149  
353  150  
353  151  
353  152  
352  153  
351  154  
351  155  
350  156  
350  157  
350  158  
350  159  
350  160  
350  161  
347  129  
347  130  
347  131  
347  132  
347  133  
347  134  
347  135  
347  136  
347  137  
347  138  
347  139  
347  140  
347  141  
347  142  
347  143  
347  144  
347  145  
347  146  
347  147  
347  148  
347  149  
347  150  
347  151  
347  152  
478  129  
478  130  
478  131  
478  132  
478  133  
478  134  
477  135  
477  136  
477  137  
477  138  
477  139  
477  140  
477  141  
477  142  
477  143  
477  144  
477  145  
477  146  
477  147  
477  148  
477  149  
477  150  
477  151  
477  152  
477  153  
477  154  
477  155  
477  156  
477  157  
477  158  
477  159  
477  160  
477  161  
477  162  
477  163  
477  164  
477  165  
477  166  
477  167  
477  168  
477  169  
477  170  
477  171  
477  172  
477  173  
477  174  
477  175  
477  176  
477  177  
477  178  
477  179  
477  180  
477  181  
477  182  
477  183  
477  184  
477  185  
477  186  
477  187  
477  188  
477  189  
477  190  
477  191  
477  192  
477  193  
477  194  
403  135  
404  135  
405  135  
406  135  
407  135  
408  135  
409  135  
410  135  
411  135  
412  135  
413  135  
414  135  
415  135  
416  135  
417  135  
418  135  
419  135  
420  135  
421  135  
422  135  
423  135  
424  135  
405  138  
406  138  
407  138  
408  138  
409  138  
410  138  
411  138  
412  138  
413  138  
414  138  
415  138  
416  138  
417  138  
418  138  
419  138  
420  138  
421  138  
422  138  
423  138  
424  138  
463  141  
463  142  
463  143  
463  144  
463  145  
463  146  
463  147  
463  148  
463  149  
463  150  
462  151  
462  152  
462  153  
462  154  
462  155  
462  156  
462  157  
462  158  
462  159  
462  160  
462  161  
462  162  
462  163  
462  164  
462  165  
462  166  
462  167  
462  168  
462  169  
461  170  
461  171  
461  172  
461  173  
461  174  
310  156  
310  157  
310  158  
310  159  
310  160  
310  161  
310  162  
310  163  
310  164  
310  165  
310  166  
310  167  
309  168  
309  169  
309  170  
309  171  
309  172  
309  173  
309  174  
309  175  
309  176  
309  177  
309  178  
309  179  
309  180  
309  181  
309  182  
309  183  
309  184  
309  185  
309  186  
309  187  
309  188  
309  189  
377  160  
378  160  
379  160  
380  160  
381  160  
382  160  
383  160  
384  160  
385  161  
386  161  
387  161  
388  161  
389  161  
390  161  
391  161  
392  161  
393  161  
394  161  
395  161  
396  161  
397  161  
398  161  
452  161  
453  161  
454  161  
399  162  
400  162  
401  162  
402  162  
403  162  
404  162  
405  162  
406  162  
407  162  
408  162  
409  162  
410  162  
411  162  
412  162  
413  162  
414  162  
415  162  
416  162  
417  162  
418  162  
419  162  
420  162  
421  162  
422  162  
423  162  
424  162  
425  162  
426  162  
427  162  
428  162  
429  162  
430  162  
431  162  
432  162  
433  162  
434  162  
435  162  
436  162  
437  162  
438  162  
439  162  
440  162  
441  162  
442  162  
443  162  
444  162  
445  162  
446  162  
447  162  
448  162  
449  162  
450  162  
451  162  
455  162  
456  162  
457  162  
458  162  
329  166  
329  167  
329  168  
329  169  
329  170  
329  171  
329  172  
329  173  
329  174  
329  175  
329  176  
329  177  
329  178  
329  179  
329  180  
329  181  
329  182  
329  183  
329  184  
329  185  
329  186  
329  187  
329  188  
329  189  
329  190  
329  191  
329  192  
329  193  
329  194  
329  195  
329  196  
329  197  
329  198  
329  199  
329  200  
329  201  
329  202  
329  203  
329  204  
329  205  
329  206  
329  207  
329  208  
329  209  
329  210  
329  211  
329  212  
329  213  
329  214  
329  215  
329  216  
329  217  
329  218  
329  219  
329  220  
329  221  
329  222  
329  223  
329  224  
329  225  
329  226  
329  227  
329  228  
329  229  
329  230  
329  231  
329  232  
329  233  
329  234  
329  235  
329  236  
329  237  
329  238  
329  239  
329  240  
329  241  
329  242  
329  243  
329  244  
329  245  
329  246  
329  247  
329  248  
329  249  
329  250  
329  251  
329  252  
329  253  
329  254  
329  255  
329  256  
329  257  
329  258  
329  259  
329  260  
329  261  
329  262  
329  263  
329  264  
329  265  
329  266  
329  267  
329  268  
329  269  
329  270  
329  271  
329  272  
329  273  
329  274  
329  275  
329  276  
329  277  
329  278  
329  279  
329  280  
329  281  
329  282  
329  283  
329  284  
329  285  
329  286  
329  287  
329  288  
329  289  
329  290  
329  291  
329  292  
329  293  
329  294  
329  295  
329  296  
329  297  
329  298  
329  299  
329  300  
329  301  
329  302  
329  303  
363  166  
364  166  
365  166  
366  166  
367  166  
368  166  
369  166  
370  166  
371  166  
372  166  
373  166  
374  166  
375  166  
376  166  
377  166  
378  166  
379  166  
380  166  
381  166  
382  166  
383  166  
384  166  
385  166  
386  166  
387  166  
388  166  
389  166  
390  166  
391  166  
392  166  
393  166  
394  166  
395  166  
396  166  
397  166  
398  166  
399  166  
400  166  
401  166  
402  166  
403  166  
404  166  
405  166  
406  166  
407  166  
408  166  
409  166  
410  166  
411  166  
412  166  
413  166  
414  166  
415  166  
416  166  
417  166  
418  166  
419  166  
420  166  
421  166  
422  166  
423  166  
424  166  
425  166  
426  166  
427  166  
428  166  
429  166  
430  166  
431  166  
432  166  
433  166  
434  166  
435  166  
436  166  
437  166  
438  166  
439  166  
440  166  
441  166  
442  166  
443  166  
444  166  
445  166  
446  166  
447  166  
448  166  
449  166  
450  166  
451  166  
452  166  
453  166  
454  166  
455  166  
456  166  
457  166  
458  166  
459  166  
362  167  
362  168  
362  169  
362  170  
362  171  
473  166  
473  167  
473  168  
473  169  
473  170  
473  171  
473  172  
473  173  
473  174  
473  175  
473  176  
473  177  
473  178  
473  179  
473  180  
473  181  
473  182  
473  183  
473  184  
473  185  
473  186  
473  187  
473  188  
473  189  
473  190  
473  191  
473  192  
473  193  
473  194  
473  195  
473  196  
473  197  
473  198  
473  199  
473  200  
473  201  
473  202  
473  203  
473  204  
473  205  
473  206  
473  207  
473  208  
474  209  
474  210  
474  211  
474  212  
474  213  
474  214  
474  215  
474  216  
474  217  
474  218  
474  219  
474  220  
474  221  
474  222  
475  223  
475  224  
475  225  
475  226  
475  227  
475  228  
475  229  
475  230  
475  231  
475  232  
475  233  
475  234  
475  235  
475  236  
475  237  
476  238  
476  239  
476  240  
476  241  
476  242  
476  243  
476  244  
476  245  
476  246  
476  247  
477  248  
477  249  
477  250  
477  251  
477  252  
477  253  
477  254  
477  255  
477  256  
478  257  
478  258  
478  259  
479  260  
479  261  
479  262  
479  263  
479  264  
424  170  
425  170  
426  170  
427  170  
428  170  
429  170  
430  170  
431  170  
432  170  
433  170  
434  170  
435  170  
436  170  
437  170  
438  170  
439  170  
440  170  
441  170  
442  170  
443  170  
444  170  
445  170  
446  170  
447  170  
448  170  
449  170  
450  170  
451  170  
452  170  
453  170  
343  171  
343  172  
343  173  
343  174  
343  175  
343  176  
343  177  
343  178  
343  179  
343  180  
343  181  
343  182  
343  183  
343  184  
343  185  
343  186  
343  187  
343  188  
343  189  
343  190  
343  191  
428  173  
429  173  
430  173  
431  173  
432  173  
433  173  
434  173  
435  173  
436  173  
437  173  
438  173  
439  173  
440  173  
441  173  
442  173  
443  173  
444  173  
445  173  
446  173  
447  173  
448  173  
449  173  
370  178  
371  178  
372  178  
373  178  
374  178  
375  178  
376  178  
377  178  
378  178  
379  178  
380  178  
381  178  
382  178  
383  178  
384  178  
385  178  
386  179  
387  179  
388  179  
389  179  
390  179  
391  179  
392  179  
393  179  
394  179  
395  179  
396  179  
397  179  
398  179  
399  179  
400  179  
401  179  
402  179  
403  179  
404  179  
405  179  
406  179  
407  179  
408  179  
409  179  
410  179  
411  179  
412  179  
413  179  
414  179  
415  179  
416  179  
417  179  
418  179  
419  179  
420  179  
421  179  
422  179  
423  179  
424  179  
425  179  
426  179  
427  179  
428  179  
429  179  
430  179  
431  179  
432  179  
433  179  
434  179  
435  179  
436  179  
437  179  
438  179  
439  179  
440  179  
441  179  
442  179  
443  179  
444  179  
445  179  
446  179  
461  182  
461  183  
462  184  
462  185  
462  186  
462  187  
462  188  
462  189  
462  190  
462  191  
462  192  
462  193  
462  194  
462  195  
462  196  
462  197  
462  198  
462  199  
462  200  
462  201  
463  202  
463  203  
463  204  
463  205  
463  206  
463  207  
348  184  
348  185  
348  186  
348  187  
348  188  
348  189  
348  190  
348  191  
348  192  
348  193  
348  194  
348  195  
348  196  
348  197  
348  198  
348  199  
348  200  
348  201  
348  202  
348  203  
335  198  
335  199  
335  200  
335  201  
335  202  
335  203  
335  204  
335  205  
335  206  
335  207  
335  208  
335  209  
335  210  
335  211  
335  212  
335  213  
335  214  
335  215  
335  216  
335  217  
334  218  
334  219  
334  220  
334  221  
334  222  
334  223  
334  224  
334  225  
334  226  
335  227  
335  228  
335  229  
335  230  
335  231  
335  232  
335  233  
334  234  
334  235  
334  236  
335  237  
335  238  
335  239  
335  240  
335  241  
335  242  
335  243  
335  244  
335  245  
335  246  
335  247  
335  248  
335  249  
334  250  
334  251  
334  252  
334  253  
334  254  
334  255  
334  256  
334  257  
334  258  
334  259  
334  260  
334  261  
334  262  
334  263  
334  264  
334  265  
334  266  
335  267  
335  268  
335  269  
334  270  
334  271  
334  272  
334  273  
334  274  
334  275  
334  276  
334  277  
334  278  
334  279  
334  280  
334  281  
334  282  
334  283  
334  284  
334  285  
334  286  
334  287  
334  288  
334  289  
334  290  
334  291  
334  292  
334  293  
335  294  
335  295  
334  296  
334  297  
334  298  
334  299  
334  300  
334  301  
334  302  
334  303  
334  304  
334  305  
334  306  
334  307  
334  308  
334  309  
334  310  
334  311  
334  312  
334  313  
334  314  
334  315  
334  316  
334  317  
334  318  
334  319  
334  320  
334  321  
334  322  
334  323  
334  324  
334  325  
334  326  
334  327  
334  328  
334  329  
334  330  
334  331  
334  332  
334  333  
225  199  
226  199  
227  200  
228  200  
229  200  
230  200  
231  200  
232  200  
233  200  
234  200  
235  200  
236  200  
237  200  
238  200  
239  200  
240  200  
241  200  
242  200  
243  200  
244  200  
245  200  
246  200  
247  200  
248  200  
249  200  
250  200  
251  200  
252  200  
253  200  
254  200  
255  200  
256  200  
257  200  
258  200  
259  200  
260  200  
261  200  
262  200  
263  200  
264  200  
265  200  
266  200  
267  200  
268  200  
269  200  
270  200  
271  200  
272  200  
273  200  
274  200  
275  200  
276  200  
277  200  
341  200  
341  201  
341  202  
341  203  
341  204  
341  205  
341  206  
341  207  
341  208  
341  209  
341  210  
341  211  
341  212  
341  213  
341  214  
341  215  
341  216  
341  217  
341  218  
341  219  
341  220  
341  221  
341  222  
341  223  
341  224  
341  225  
341  226  
341  227  
341  228  
341  229  
341  230  
341  231  
341  232  
341  233  
341  234  
341  235  
341  236  
341  237  
341  238  
341  239  
340  240  
340  241  
341  242  
341  243  
341  244  
340  245  
343  200  
343  201  
343  202  
343  203  
343  204  
343  205  
343  206  
343  207  
343  208  
343  209  
343  210  
343  211  
343  212  
343  213  
343  214  
343  215  
343  216  
343  217  
343  218  
343  219  
343  220  
343  221  
343  222  
343  223  
343  224  
343  225  
343  226  
343  227  
343  228  
343  229  
343  230  
343  231  
343  232  
343  233  
343  234  
343  235  
343  236  
343  237  
343  238  
343  239  
343  240  
343  241  
343  242  
343  243  
343  244  
343  245  
343  246  
478  202  
478  203  
478  204  
478  205  
478  206  
478  207  
478  208  
478  209  
478  210  
478  211  
478  212  
478  213  
478  214  
479  215  
479  216  
479  217  
479  218  
479  219  
479  220  
479  221  
479  222  
479  223  
479  224  
479  225  
479  226  
479  227  
479  228  
479  229  
479  230  
479  231  
275  204  
232  205  
233  205  
234  205  
235  205  
236  205  
237  205  
238  205  
239  205  
240  205  
241  205  
242  205  
243  205  
244  205  
245  205  
246  205  
247  205  
248  205  
249  205  
250  205  
251  205  
252  205  
253  205  
254  205  
255  205  
256  205  
257  205  
258  205  
259  205  
260  205  
261  205  
262  205  
263  205  
264  205  
265  205  
266  205  
267  205  
268  205  
269  205  
270  205  
271  205  
272  205  
273  205  
274  205  
232  208  
233  208  
234  208  
235  208  
236  208  
237  208  
238  208  
239  208  
240  208  
241  208  
242  208  
243  208  
244  208  
245  208  
246  208  
247  208  
248  208  
249  208  
250  208  
251  208  
252  208  
253  208  
254  208  
255  208  
256  208  
257  208  
258  208  
259  208  
260  208  
261  208  
262  208  
263  208  
264  208  
265  208  
266  208  
267  208  
268  208  
269  208  
270  208  
271  208  
209  211  
209  212  
209  213  
209  214  
208  215  
208  216  
208  217  
208  218  
208  219  
208  220  
207  221  
207  222  
207  223  
207  224  
207  225  
207  226  
207  227  
206  228  
206  229  
206  230  
206  231  
206  232  
206  233  
206  234  
205  235  
205  236  
205  237  
205  238  
205  239  
205  240  
205  241  
205  242  
205  243  
205  244  
204  245  
204  246  
204  247  
204  248  
204  249  
204  250  
204  251  
204  252  
204  253  
204  254  
204  255  
204  256  
204  257  
203  258  
203  259  
203  260  
203  261  
203  262  
203  263  
203  264  
203  265  
203  266  
203  267  
203  268  
203  269  
203  270  
203  271  
203  272  
203  273  
203  274  
203  275  
203  276  
203  277  
203  278  
203  279  
203  280  
203  281  
203  282  
203  283  
203  284  
203  285  
203  286  
203  287  
203  288  
203  289  
203  290  
203  291  
203  292  
203  293  
203  294  
203  295  
203  296  
203  297  
203  298  
203  299  
203  300  
203  301  
203  302  
203  303  
203  304  
203  305  
203  306  
203  307  
203  308  
203  309  
203  310  
203  311  
203  312  
203  313  
203  314  
203  315  
203  316  
203  317  
203  318  
203  319  
203  320  
203  321  
203  322  
203  323  
204  324  
204  325  
204  326  
204  327  
204  328  
204  329  
204  330  
204  331  
204  332  
204  333  
204  334  
204  335  
205  336  
205  337  
205  338  
205  339  
205  340  
205  341  
205  342  
205  343  
205  344  
205  345  
205  346  
206  347  
206  348  
385  211  
386  211  
387  211  
388  211  
389  211  
390  211  
391  211  
392  211  
393  211  
394  211  
395  211  
396  211  
397  211  
398  211  
399  211  
400  211  
401  211  
402  211  
403  211  
404  211  
405  211  
406  211  
407  211  
408  211  
409  211  
410  211  
411  211  
412  211  
413  211  
414  211  
415  211  
416  211  
417  211  
418  211  
419  211  
420  211  
421  211  
422  211  
423  211  
424  211  
425  211  
426  211  
427  211  
428  211  
429  211  
430  211  
431  211  
432  211  
433  211  
434  211  
435  211  
436  211  
437  211  
438  211  
439  211  
440  211  
441  211  
371  212  
372  212  
373  212  
374  212  
375  212  
376  212  
377  212  
378  212  
379  212  
380  212  
381  212  
382  212  
383  212  
384  212  
442  212  
443  212  
444  212  
445  212  
446  212  
447  212  
262  212  
263  212  
264  212  
265  212  
266  212  
267  212  
268  212  
269  212  
270  212  
271  212  
272  212  
228  213  
229  213  
230  213  
231  213  
232  213  
233  213  
234  213  
235  213  
236  213  
237  213  
238  213  
239  213  
240  213  
241  213  
242  213  
243  213  
244  213  
245  213  
246  213  
247  213  
248  213  
249  213  
250  213  
251  213  
252  213  
253  213  
254  213  
255  213  
256  213  
257  213  
258  213  
259  213  
260  213  
261  213  
273  216  
274  216  
227  217  
228  217  
229  217  
230  217  
231  217  
232  217  
233  217  
234  217  
235  217  
236  217  
237  217  
238  217  
239  217  
240  217  
241  217  
242  217  
243  217  
244  217  
245  217  
246  217  
247  217  
248  217  
249  217  
250  217  
251  217  
252  217  
253  217  
254  217  
255  217  
256  217  
257  217  
258  217  
259  217  
260  217  
261  217  
262  217  
263  217  
264  217  
265  217  
266  217  
267  217  
268  217  
269  217  
270  217  
271  217  
272  217  
366  221  
367  221  
368  222  
369  222  
370  222  
371  222  
372  222  
373  222  
374  222  
375  222  
376  222  
377  222  
378  222  
379  222  
380  222  
381  222  
382  222  
383  222  
384  222  
385  222  
386  222  
387  222  
388  222  
389  222  
390  222  
391  222  
392  222  
393  222  
394  222  
395  222  
396  222  
397  222  
398  222  
399  223  
400  223  
401  223  
402  223  
403  223  
404  223  
405  223  
406  223  
407  223  
408  223  
409  223  
410  223  
411  223  
412  223  
413  223  
414  223  
415  223  
416  223  
417  223  
418  223  
419  223  
420  223  
421  223  
422  223  
423  223  
424  223  
425  223  
426  223  
427  223  
428  223  
429  223  
430  223  
431  223  
432  223  
433  223  
434  223  
435  223  
436  223  
437  223  
438  223  
439  223  
440  223  
441  223  
442  223  
443  223  
444  223  
445  223  
446  223  
447  223  
448  223  
226  222  
227  222  
228  222  
229  222  
230  222  
231  222  
232  222  
233  222  
234  222  
235  222  
236  222  
237  222  
238  222  
239  222  
240  222  
241  222  
242  222  
243  222  
244  222  
245  222  
246  222  
247  222  
248  222  
249  222  
250  222  
251  222  
252  222  
253  222  
254  222  
255  222  
256  222  
257  222  
258  222  
259  222  
260  222  
261  222  
262  222  
263  222  
264  222  
265  222  
266  222  
267  222  
268  222  
269  222  
270  222  
271  222  
225  228  
226  228  
227  228  
228  228  
229  228  
230  228  
231  228  
232  228  
233  228  
234  228  
235  228  
236  228  
237  228  
238  228  
239  228  
240  228  
241  228  
242  228  
243  228  
244  228  
245  228  
246  228  
247  228  
248  228  
249  228  
250  228  
251  228  
252  228  
253  228  
254  228  
255  228  
256  228  
257  228  
258  228  
259  228  
260  228  
261  228  
262  228  
263  228  
264  228  
265  228  
266  228  
267  228  
268  228  
348  229  
348  230  
348  231  
348  232  
348  233  
348  234  
348  235  
348  236  
348  237  
348  238  
348  239  
348  240  
348  241  
348  242  
348  243  
348  244  
348  245  
348  246  
348  247  
348  248  
225  234  
226  234  
227  234  
228  234  
229  234  
230  234  
231  234  
232  234  
233  234  
234  234  
235  234  
236  234  
237  234  
238  234  
239  234  
240  234  
241  234  
242  234  
243  234  
244  234  
245  234  
246  234  
247  234  
248  234  
249  234  
250  234  
251  234  
252  234  
253  234  
254  234  
255  234  
256  234  
257  234  
258  234  
259  234  
260  234  
261  234  
262  234  
263  234  
264  234  
265  234  
266  234  
267  234  
268  234  
269  234  
270  234  
271  234  
272  234  
407  234  
408  234  
409  234  
410  234  
411  234  
412  234  
413  234  
414  234  
415  234  
428  234  
429  234  
430  234  
436  234  
437  234  
438  234  
439  234  
440  234  
441  234  
442  234  
416  235  
417  235  
418  235  
419  235  
420  235  
421  235  
422  235  
423  235  
424  235  
425  235  
426  235  
427  235  
431  235  
432  235  
433  235  
434  235  
435  235  
230  242  
231  242  
232  242  
233  242  
234  242  
235  242  
236  242  
237  242  
238  242  
239  242  
240  242  
241  242  
242  242  
243  242  
244  242  
245  242  
246  242  
247  242  
248  242  
249  242  
250  242  
251  242  
252  242  
253  242  
254  242  
255  242  
256  242  
257  242  
258  242  
259  242  
260  242  
261  242  
262  242  
263  242  
264  242  
265  242  
266  242  
267  242  
268  242  
269  242  
270  242  
271  242  
223  243  
224  243  
225  243  
226  243  
227  243  
228  243  
229  243  
158  243  
158  244  
158  245  
158  246  
157  247  
157  248  
157  249  
157  250  
157  251  
157  252  
157  253  
157  254  
156  255  
156  256  
156  257  
155  258  
155  259  
155  260  
155  261  
156  262  
156  263  
156  264  
156  265  
156  266  
156  267  
156  268  
156  269  
156  270  
156  271  
156  272  
156  273  
156  274  
156  275  
156  276  
156  277  
156  278  
155  279  
155  280  
155  281  
155  282  
155  283  
155  284  
155  285  
146  248  
147  248  
148  248  
149  248  
140  249  
141  249  
142  249  
143  249  
144  249  
145  249  
133  250  
134  250  
135  250  
136  250  
137  250  
138  250  
139  250  
130  251  
131  251  
132  251  
126  252  
127  252  
128  252  
129  252  
123  253  
124  253  
125  253  
120  254  
121  254  
122  254  
118  255  
119  255  
223  248  
224  248  
225  248  
226  248  
227  248  
228  248  
229  248  
230  248  
231  248  
232  248  
233  248  
234  248  
235  248  
236  248  
237  248  
238  248  
239  248  
240  248  
241  248  
242  248  
243  248  
244  248  
245  248  
246  248  
247  248  
248  248  
249  248  
250  248  
251  248  
252  248  
253  248  
254  248  
255  248  
256  248  
257  248  
258  248  
259  248  
260  248  
261  248  
262  248  
263  248  
264  248  
265  248  
266  248  
267  248  
268  248  
269  248  
276  248  
276  249  
276  250  
276  251  
276  252  
276  253  
276  254  
276  255  
276  256  
275  257  
275  258  
275  259  
275  260  
275  261  
275  262  
275  263  
275  264  
275  265  
275  266  
275  267  
275  268  
275  269  
275  270  
274  271  
274  272  
274  273  
274  274  
343  253  
343  254  
343  255  
343  256  
343  257  
343  258  
343  259  
343  260  
343  261  
343  262  
343  263  
343  264  
343  265  
343  266  
343  267  
343  268  
343  269  
343  270  
343  271  
343  272  
343  273  
343  274  
343  275  
343  276  
343  277  
343  278  
343  279  
343  280  
343  281  
343  282  
343  283  
343  284  
343  285  
343  286  
343  287  
343  288  
343  289  
343  290  
343  291  
343  292  
343  293  
343  294  
343  295  
343  296  
343  297  
343  298  
343  299  
343  300  
343  301  
343  302  
343  303  
343  304  
343  305  
343  306  
343  307  
343  308  
343  309  
343  310  
343  311  
343  312  
343  313  
343  314  
343  315  
343  316  
343  317  
343  318  
343  319  
343  320  
343  321  
343  322  
343  323  
343  324  
343  325  
343  326  
343  327  
343  328  
343  329  
343  330  
343  331  
343  332  
343  333  
343  334  
343  335  
375  255  
376  255  
377  255  
378  255  
379  255  
380  255  
381  255  
382  255  
383  255  
384  255  
385  255  
386  255  
387  255  
388  255  
389  255  
390  255  
391  255  
392  255  
393  255  
394  255  
395  255  
396  255  
397  255  
398  255  
399  255  
400  255  
401  255  
402  255  
403  255  
404  255  
405  255  
406  255  
407  255  
408  255  
409  255  
410  255  
411  255  
412  255  
413  255  
414  255  
415  255  
416  255  
417  255  
418  255  
419  255  
420  255  
421  255  
422  255  
423  255  
424  255  
425  255  
426  255  
427  255  
428  255  
429  255  
430  255  
431  255  
432  255  
433  255  
434  255  
435  255  
436  255  
437  255  
438  255  
439  255  
440  255  
441  255  
442  255  
443  255  
444  255  
445  255  
446  255  
447  255  
448  255  
449  255  
450  255  
451  255  
452  255  
455  255  
456  255  
457  255  
370  256  
371  256  
372  256  
373  256  
374  256  
453  256  
454  256  
160  256  
160  257  
159  258  
159  259  
159  260  
159  261  
159  262  
159  263  
159  264  
159  265  
159  266  
159  267  
159  268  
159  269  
159  270  
159  271  
159  272  
159  273  
159  274  
159  275  
159  276  
159  277  
158  278  
158  279  
158  280  
158  281  
158  282  
158  283  
158  284  
158  285  
158  286  
158  287  
158  288  
158  289  
158  290  
158  291  
158  292  
158  293  
158  294  
158  295  
158  296  
158  297  
158  298  
158  299  
158  300  
158  301  
158  302  
158  303  
158  304  
158  305  
159  306  
159  307  
159  308  
159  309  
159  310  
159  311  
159  312  
159  313  
159  314  
159  315  
159  316  
159  317  
159  318  
159  319  
160  320  
160  321  
160  322  
160  323  
160  324  
160  325  
160  326  
160  327  
160  328  
160  329  
161  330  
161  331  
161  332  
161  333  
161  334  
161  335  
162  336  
162  337  
162  338  
162  339  
163  340  
163  341  
163  342  
163  343  
222  258  
223  258  
224  258  
225  258  
226  258  
227  258  
228  258  
229  258  
230  258  
231  258  
232  258  
233  258  
234  258  
235  258  
236  258  
237  258  
238  258  
239  258  
240  258  
241  258  
242  258  
243  258  
244  258  
245  258  
246  258  
247  258  
248  258  
249  258  
250  258  
251  258  
252  258  
253  258  
254  258  
255  258  
256  258  
257  258  
258  258  
259  258  
260  258  
261  258  
262  258  
263  258  
264  258  
265  259  
266  259  
223  264  
224  264  
225  264  
226  264  
227  264  
228  264  
229  264  
230  264  
231  264  
232  264  
233  264  
234  264  
235  264  
236  264  
237  264  
238  264  
239  264  
240  264  
241  264  
242  264  
243  264  
244  264  
245  264  
246  264  
247  264  
248  264  
249  264  
250  264  
251  264  
252  264  
253  264  
254  264  
255  264  
256  264  
257  264  
258  264  
259  264  
260  264  
261  264  
262  264  
263  264  
264  264  
265  264  
266  264  
267  264  
365  265  
366  265  
367  265  
368  265  
369  265  
370  265  
371  265  
372  265  
373  265  
374  265  
375  265  
376  265  
377  265  
378  265  
379  265  
380  265  
381  265  
382  265  
383  265  
384  265  
385  266  
386  266  
387  266  
388  266  
389  266  
390  266  
391  266  
392  266  
393  266  
394  266  
395  266  
396  266  
397  266  
398  266  
399  266  
400  266  
401  266  
402  266  
403  266  
404  266  
405  266  
406  266  
407  266  
408  266  
409  266  
410  266  
411  266  
412  266  
413  266  
414  266  
415  266  
416  266  
417  266  
418  266  
419  266  
420  266  
421  266  
422  266  
423  266  
424  266  
425  266  
426  266  
427  266  
428  266  
429  266  
430  266  
431  266  
432  266  
433  266  
434  266  
435  266  
436  266  
437  266  
438  266  
439  266  
440  266  
441  266  
442  266  
443  266  
444  266  
445  266  
446  266  
447  266  
448  266  
449  266  
296  267  
295  268  
295  269  
295  270  
294  271  
294  272  
294  273  
293  274  
293  275  
293  276  
293  277  
293  278  
293  279  
293  280  
293  281  
293  282  
293  283  
293  284  
293  285  
293  286  
293  287  
293  288  
293  289  
348  271  
348  272  
348  273  
348  274  
348  275  
348  276  
348  277  
348  278  
348  279  
348  280  
348  281  
348  282  
348  283  
348  284  
348  285  
348  286  
348  287  
348  288  
348  289  
348  290  
348  291  
348  292  
223  275  
224  275  
225  275  
226  275  
227  275  
228  275  
229  275  
230  275  
231  275  
232  275  
233  275  
234  275  
235  275  
236  275  
237  275  
238  275  
239  275  
240  275  
241  275  
242  275  
243  275  
244  275  
245  275  
246  275  
247  275  
248  275  
249  275  
250  275  
251  275  
252  275  
222  276  
253  276  
254  276  
255  276  
256  276  
257  276  
258  276  
259  276  
260  276  
261  276  
262  276  
263  276  
264  276  
265  276  
266  277  
267  277  
268  277  
269  277  
92  278  
92  279  
92  280  
92  281  
91  282  
91  283  
91  284  
91  285  
91  286  
91  287  
91  288  
92  289  
91  290  
91  291  
91  292  
91  293  
91  294  
91  295  
92  296  
92  297  
92  298  
92  299  
92  300  
92  301  
92  302  
92  303  
93  304  
93  305  
340  279  
340  280  
340  281  
340  282  
340  283  
340  284  
340  285  
340  286  
340  287  
340  288  
340  289  
340  290  
340  291  
340  292  
340  293  
340  294  
340  295  
340  296  
340  297  
340  298  
340  299  
340  300  
340  301  
340  302  
340  303  
340  304  
340  305  
340  306  
340  307  
340  308  
340  309  
340  310  
340  311  
340  312  
340  313  
340  314  
340  315  
340  316  
340  317  
340  318  
340  319  
340  320  
340  321  
340  322  
340  323  
340  324  
340  325  
340  326  
340  327  
340  328  
340  329  
340  330  
340  331  
340  332  
340  333  
340  334  
340  335  
340  336  
222  281  
223  281  
224  281  
225  281  
226  281  
227  281  
228  281  
229  281  
230  281  
231  281  
232  281  
233  281  
234  281  
235  281  
236  281  
237  281  
238  281  
239  281  
240  281  
241  281  
242  281  
243  281  
244  281  
245  281  
246  281  
247  281  
248  281  
249  281  
250  281  
251  281  
252  281  
253  281  
254  281  
255  281  
256  281  
257  281  
258  281  
259  281  
260  281  
261  281  
262  281  
263  281  
264  281  
265  281  
266  281  
222  293  
223  293  
224  293  
225  293  
226  293  
227  293  
228  293  
229  293  
230  293  
231  293  
232  293  
233  293  
234  293  
235  293  
236  293  
237  293  
238  293  
239  293  
240  293  
241  293  
242  293  
243  293  
244  293  
245  293  
246  293  
247  293  
248  293  
249  293  
250  293  
251  293  
252  293  
253  293  
254  293  
255  293  
256  293  
257  293  
258  293  
259  293  
260  293  
261  293  
262  293  
263  293  
264  293  
449  294  
449  295  
449  296  
448  297  
448  298  
448  299  
448  300  
448  301  
448  302  
449  303  
449  304  
449  305  
449  306  
449  307  
449  308  
449  309  
449  310  
449  311  
449  312  
449  313  
450  314  
221  298  
222  298  
223  298  
224  298  
225  298  
226  298  
227  298  
228  298  
229  298  
230  298  
231  298  
232  298  
233  298  
234  298  
235  298  
236  298  
237  298  
238  298  
239  298  
240  298  
241  298  
242  299  
243  299  
244  299  
245  299  
246  299  
247  299  
248  299  
249  299  
250  299  
251  299  
252  299  
253  299  
254  299  
255  299  
256  299  
257  299  
258  299  
259  299  
260  299  
261  299  
262  299  
263  299  
264  299  
265  299  
266  299  
267  299  
268  299  
418  298  
419  298  
420  298  
421  298  
422  298  
423  298  
424  298  
425  298  
426  298  
427  298  
428  298  
373  299  
374  299  
375  299  
376  299  
377  299  
378  299  
379  299  
380  299  
381  299  
382  299  
383  299  
384  299  
385  299  
386  299  
387  299  
388  299  
389  299  
390  299  
391  299  
392  299  
393  299  
394  299  
395  299  
396  299  
397  299  
398  299  
399  299  
400  299  
401  299  
402  299  
403  299  
404  299  
405  299  
406  299  
407  299  
408  299  
409  299  
410  299  
411  299  
412  299  
413  299  
414  299  
415  299  
416  299  
417  299  
328  305  
328  306  
329  307  
329  308  
329  309  
329  310  
329  311  
329  312  
329  313  
329  314  
329  315  
329  316  
329  317  
329  318  
329  319  
329  320  
329  321  
329  322  
329  323  
329  324  
329  325  
329  326  
329  327  
329  328  
329  329  
329  330  
329  331  
274  309  
274  310  
275  311  
275  312  
275  313  
275  314  
275  315  
275  316  
275  317  
275  318  
275  319  
275  320  
275  321  
275  322  
275  323  
275  324  
275  325  
275  326  
275  327  
275  328  
275  329  
275  330  
275  331  
275  332  
276  333  
276  334  
276  335  
275  336  
369  309  
370  309  
371  309  
372  309  
373  309  
374  309  
375  309  
376  309  
377  309  
378  309  
379  309  
380  309  
381  309  
382  309  
383  309  
384  309  
385  309  
386  309  
387  309  
388  309  
389  309  
390  309  
391  309  
392  309  
393  309  
394  309  
395  309  
396  309  
397  309  
398  309  
399  309  
400  309  
401  309  
402  309  
403  309  
404  309  
405  309  
406  309  
407  309  
410  309  
411  309  
412  309  
413  309  
414  309  
415  309  
408  310  
409  310  
416  310  
417  310  
418  310  
419  310  
420  310  
421  310  
422  310  
423  310  
424  310  
425  310  
426  310  
427  310  
428  310  
429  310  
430  310  
431  310  
432  310  
222  310  
223  310  
224  310  
225  310  
226  310  
227  310  
228  310  
229  310  
230  310  
231  310  
232  310  
233  310  
234  310  
235  310  
236  310  
237  310  
238  310  
239  310  
240  310  
241  310  
242  310  
243  310  
244  310  
245  310  
246  310  
247  310  
248  310  
249  310  
250  310  
251  310  
252  310  
253  310  
254  310  
255  310  
256  310  
257  310  
258  310  
259  310  
260  310  
261  310  
262  310  
263  310  
264  310  
265  310  
266  310  
267  310  
268  310  
269  310  
270  310  
271  311  
271  312  
271  313  
437  312  
437  313  
437  314  
437  315  
437  316  
437  317  
437  318  
437  319  
437  320  
437  321  
438  322  
438  323  
438  324  
438  325  
438  326  
438  327  
438  328  
438  329  
438  330  
438  331  
438  332  
217  315  
218  315  
219  315  
220  315  
221  315  
222  315  
223  315  
224  315  
225  315  
226  315  
227  315  
215  316  
216  316  
228  316  
229  316  
230  316  
231  316  
232  316  
233  316  
234  316  
235  316  
236  316  
237  316  
238  316  
239  316  
240  316  
241  316  
242  316  
243  316  
244  316  
245  316  
246  316  
247  316  
248  316  
249  316  
250  316  
251  316  
252  316  
253  316  
254  316  
255  316  
256  316  
257  316  
258  316  
259  316  
260  316  
261  316  
262  316  
263  316  
264  316  
265  316  
157  320  
157  321  
157  322  
157  323  
157  324  
157  325  
157  326  
157  327  
157  328  
157  329  
158  330  
158  331  
158  332  
158  333  
158  334  
158  335  
159  336  
159  337  
159  338  
159  339  
160  340  
160  341  
160  342  
160  343  
160  344  
161  345  
161  346  
161  347  
224  326  
225  326  
226  326  
227  326  
228  326  
229  326  
230  326  
231  326  
232  326  
233  326  
234  326  
235  326  
236  326  
237  326  
238  327  
239  327  
240  327  
241  327  
242  327  
243  327  
244  327  
245  327  
246  327  
247  327  
248  327  
249  327  
250  327  
251  327  
252  327  
253  327  
254  327  
255  327  
256  328  
257  328  
258  328  
259  328  
260  328  
261  328  
262  328  
263  328  
264  328  
265  328  
266  328  
267  328  
268  328  
230  332  
231  332  
232  332  
233  332  
234  332  
235  332  
236  332  
237  332  
238  332  
239  332  
240  332  
241  332  
242  332  
243  332  
244  332  
245  332  
246  332  
247  332  
248  332  
249  332  
250  332  
251  332  
252  332  
253  332  
254  332  
255  332  
256  332  
257  332  
258  332  
259  332  
260  332  
261  332  
262  332  
263  332  
264  332  
265  332  
306  351  
306  352  
306  353  
306  354  
306  355  
306  356  
306  357  
306  358  
306  359  
306  360  
306  361  
306  362  
306  363  
306  364  
306  365  
306  366  
306  367  
306  368  
306  369  
306  370  
306  371  
306  372  
306  373  
306  374  
306  375  
306  376  
306  377  
306  378  
306  379  
306  380  
306  381  
306  382  
306  383  
306  384  
306  385  
306  386  
306  387  
306  388  
306  389  
306  390  
306  391  
306  392  
306  393  
306  394  
306  395  
306  396  
306  397  
306  398  
306  399  
306  400  
306  401  
306  402  
306  403  
317  361  
318  361  
319  361  
320  361  
321  361  
322  361  
323  362  
324  362  
325  362  
326  362  
327  362  
328  362  
329  362  
330  362  
331  362  
332  362  
333  362  
334  362  
335  362  
336  362  
337  362  
338  362  
339  362  
292  364  
292  365  
292  366  
292  367  
292  368  
292  369  
292  370  
292  371  
292  372  
292  373  
292  374  
292  375  
292  376  
292  377  
292  378  
292  379  
292  380  
292  381  
292  382  
292  383  
292  384  
292  385  
292  386  
292  387  
292  388  
292  389  
292  390  
292  391  
292  392  
289  366  
289  367  
289  368  
289  369  
289  370  
289  371  
289  372  
289  373  
289  374  
289  375  
289  376  
289  377  
289  378  
289  379  
289  380  
289  381  
289  382  
289  383  
289  384  
289  385  
289  386  
289  387  
289  388  
289  389  
289  390  
289  391  
289  392  
288  393  
288  394  
288  395  
288  396  
288  397  
288  398  
288  399  
288  400  
288  401  
288  402  
364  371  
363  372  
362  373  
362  374  
362  375  
362  376  
362  377  
362  378  
362  379  
362  380  
362  381  
362  382  
362  383  
362  384  
362  385  
362  386  
362  387  
362  388  
362  389  
362  390  
362  391  
362  392  
362  393  
362  394  
362  395  
362  396  
362  397  
362  398  
362  399  
362  400  
362  401  
362  402  
362  403  
362  404  
363  405  
364  405  
365  405  
366  405  
367  405  
259  374  
260  374  
254  375  
255  375  
256  375  
257  375  
258  375  
239  376  
242  376  
243  376  
244  376  
245  376  
246  376  
247  376  
248  376  
249  376  
250  376  
251  376  
252  376  
253  376  
240  377  
241  377  
382  386  
383  386  
384  386  
385  386  
386  386  
387  386  
388  386  
389  386  
390  386  
391  386  
392  386  
393  386  
394  386  
395  386  
396  386  
397  386  
398  386  
399  386  
400  386  
401  386  
402  386  
403  386  
404  386  
405  386  
406  386  
407  386  
408  386  
409  386  
410  386  
411  386  
412  386  
413  386  
414  386  
415  386  
416  386  
417  386  
418  386  
419  386  
420  386  
421  386  
422  386  
423  386  
424  386  
425  386  
426  386  
427  386  
428  386  
429  386  
430  386  
431  386  
432  386  
433  386  
382  401  
383  401  
384  401  
385  401  
386  401  
387  401  
388  401  
389  401  
390  401  
391  401  
392  401  
393  401  
394  401  
395  401  
396  401  
397  401  
398  401  
399  401  
400  401  
401  401  
402  401  
403  401  
404  401  
405  401  
406  401  
407  401  
408  401  
409  401  
410  401  
411  401  
412  401  
413  401  
414  401  
415  401  
416  401  
417  401  
418  401  
419  401  
420  401  
421  401  
422  401  
423  401  
282  407  
283  407  
284  407  
24  408  
25  408  
26  408  
27  408  
28  408  
29  408  
154  408  
155  408  
156  408  
157  408  
158  408  
159  408  
160  408  
161  408  
162  408  
163  408  
164  408  
165  408  
166  408  
167  408  
168  408  
169  408  
170  408  
171  408  
172  408  
173  408  
174  408  
175  408  
176  408  
177  408  
178  408  
179  408  
180  408  
181  408  
182  408  
183  408  
184  408  
185  408  
186  408  
187  408  
188  408  
189  408  
190  408  
191  408  
192  408  
193  408  
194  408  
195  408  
196  408  
197  408  
198  408  
199  408  
200  408  
201  408  
202  408  
203  408  
204  408  
205  408  
206  408  
207  408  
208  408  
209  408  
210  408  
211  408  
212  408  
213  408  
214  408  
215  408  
216  408  
217  408  
218  408  
219  408  
220  408  
221  408  
222  408  
223  408  
224  408  
225  408  
226  408  
227  408  
228  408  
229  408  
230  408  
231  408  
232  408  
233  408  
234  408  
235  408  
236  408  
237  408  
238  408  
239  408  
240  408  
241  408  
242  408  
243  408  
244  408  
245  408  
246  408  
247  408  
248  408  
249  408  
250  408  
251  408  
252  408  
253  408  
254  408  
255  408  
256  408  
257  408  
258  408  
259  408  
260  408  
261  408  
262  408  
263  408  
264  408  
265  408  
266  408  
267  408  
268  408  
269  408  
270  408  
271  408  
272  408  
273  408  
274  408  
275  408  
276  408  
277  408  
278  408  
279  408  
280  408  
281  408  
30  409  
31  409  
32  409  
33  409  
34  409  
35  409  
36  409  
37  409  
38  409  
39  409  
40  409  
41  409  
42  409  
43  409  
44  409  
45  409  
46  409  
47  409  
48  409  
49  409  
50  409  
51  409  
52  409  
53  409  
54  409  
55  409  
56  409  
57  409  
58  409  
59  409  
60  409  
61  409  
62  409  
63  409  
64  409  
65  409  
66  409  
67  409  
68  409  
69  409  
70  409  
71  409  
72  409  
73  409  
74  409  
75  409  
76  409  
77  409  
78  409  
79  409  
80  409  
81  409  
82  409  
83  409  
84  409  
85  409  
86  409  
87  409  
88  409  
89  409  
90  409  
91  409  
92  409  
93  409  
94  409  
95  409  
96  409  
97  409  
98  409  
99  409  
100  409  
101  409  
102  409  
103  409  
104  409  
105  409  
106  409  
107  409  
108  409  
109  409  
110  409  
111  409  
112  409  
113  409  
114  409  
115  409  
116  409  
117  409  
118  409  
119  409  
120  409  
121  409  
122  409  
123  409  
124  409  
125  409  
126  409  
127  409  
128  409  
129  409  
130  409  
131  409  
132  409  
133  409  
134  409  
135  409  
136  409  
137  409  
138  409  
139  409  
140  409  
141  409  
142  409  
143  409  
144  409  
145  409  
146  409  
147  409  
148  409  
149  409  
150  409  
151  409  
152  409  
153  409  
23  421  
24  421  
29  421  
30  421  
31  421  
32  421  
33  421  
34  421  
35  421  
36  421  
37  421  
38  421  
39  421  
40  421  
41  421  
42  421  
43  421  
44  421  
45  421  
46  421  
47  421  
48  421  
49  421  
50  421  
51  421  
52  421  
53  421  
54  421  
55  421  
56  421  
57  421  
58  421  
59  421  
60  421  
61  421  
62  421  
63  421  
64  421  
65  421  
66  421  
67  421  
68  421  
69  421  
70  421  
71  421  
72  421  
73  421  
74  421  
75  421  
76  421  
77  421  
25  422  
26  422  
27  422  
28  422  
78  422  
79  422  
80  422  
81  422  
82  422  
83  422  
84  422  
85  422  
86  422  
87  422  
88  422  
89  422  
90  422  
91  422  
92  422  
93  422  
94  422  
95  422  
96  422  
97  422  
98  422  
99  422  
100  422  
101  422  
102  422  
103  422  
104  422  
105  422  
106  422  
107  422  
108  422  
109  422  
110  422  
111  422  
112  422  
113  422  
114  422  
115  422  
116  422  
117  422  
118  422  
119  422  
120  422  
121  422  
122  422  
123  422  
124  422  
125  422  
126  422  
127  422  
128  422  
129  422  
130  422  
131  422  
132  422  
133  422  
134  422  
135  422  
136  422  
137  422  
138  422  
139  422  
140  422  
141  422  
142  422  
143  422  
144  422  
145  422  
146  422  
147  422  
148  422  
149  422  
150  422  
151  422  
152  422  
153  422  
154  422  
155  422  
156  422  
157  422  
158  422  
159  422  
160  422  
161  422  
162  422  
163  422  
164  422  
165  422  
166  422  
167  422  
168  423  
169  423  
170  423  
171  423  
172  423  
173  423  
174  423  
175  423  
176  423  
177  423  
178  423  
179  423  
180  423  
181  423  
182  423  
183  423  
184  423  
185  423  
186  423  
187  423  
188  423  
189  423  
190  423  
191  423  
192  423  
193  423  
194  423  
195  423  
196  423  
197  423  
198  423  
199  423  
200  423  
201  423  
202  423  
203  423  
204  423  
205  423  
206  423  
207  423  
208  423  
209  423  
210  423  
211  423  
212  423  
213  423  
214  423  
215  423  
216  423  
217  423  
218  423  
219  423  
220  423  
221  423  
222  423  
223  423  
224  423  
225  423  
226  423  
227  423  
228  423  
229  423  
230  423  
231  423  
232  423  
233  423  
234  423  
235  423  
236  423  
237  423  
258  423  
259  424  
260  424  
261  424  
262  424  
263  424  
264  424  
265  424  
266  424  
267  424  
268  424  
269  424  
270  424  
271  424  
272  424  
273  424  
274  424  
275  424  
276  424  
277  424  
278  424  
279  424  
280  424  
281  424  
282  424  
283  424  
291  425  
292  425  
293  425  
294  425  
295  425  
296  425  
297  425  
298  425  
299  425  
300  425  
301  425  
302  425  
303  425  
304  425  
305  425  
306  425  
307  425  
308  425  
309  425  
310  425  
311  425  
312  425  
313  425  
314  425  
315  425  
316  425  
317  425  
318  425  
319  425  
320  425  
321  425  
322  425  
323  425  
324  425  
325  425  
326  425  
327  426  
328  426  
329  426  
330  426  
331  426  
332  426  
333  426  
334  426  
335  426  
336  426  
337  426  
338  426  
339  426  
340  426  
341  426  
342  426  
343  426  
344  426  
345  426  
346  426  
347  426  
348  426  
349  426  
350  426  
351  426  
352  426  
353  426  
296  431  
297  432  
298  432  
299  432  
300  432  
301  432  
302  432  
303  432  
304  432  
305  432  
306  432  
307  432  
308  432  
309  432  
310  432  
311  432  
312  432  
313  432  
314  432  
315  432  
316  433  
317  433  
318  433  
319  433  
416  434  
416  435  
415  436  
415  437  
415  438  
415  439  
415  440  
415  441  
415  442  
415  443  
415  444  
415  445  
415  446  
415  447  
415  448  
415  449  
415  450  
415  451  
415  452  
415  453  
415  454  
415  455  
415  456  
415  457  
415  458  
474  442  
474  443  
474  444  
474  445  
474  446  
474  447  
474  448  
474  449  
474  450  
474  451  
474  452  
474  453  
474  454  
474  455  
474  456  
474  457  
474  458  
474  459  
474  460  
474  461  
474  462  
474  463  
474  464  
474  465  
474  466  
198  443  
199  443  
200  443  
201  443  
202  443  
203  443  
204  443  
188  444  
189  444  
190  444  
191  444  
192  444  
193  444  
194  444  
195  444  
196  444  
197  444  
205  444  
205  445  
205  446  
204  447  
204  448  
261  448  
262  449  
263  449  
264  449  
265  449  
266  449  
267  449  
268  449  
269  449  
270  449  
271  449  
272  449  
273  449  
274  449  
275  449  
276  449  
277  449  
278  449  
279  449  
280  449  
281  449  
282  449  
283  449  
284  449  
285  449  
286  449  
287  449  
288  449  
289  449  
290  449  
291  449  
292  449  
293  449  
294  449  
295  449  
296  449  
297  449  
298  449  
299  449  
300  449  
301  449  
302  449  
303  449  
304  449  
305  449  
306  449  
307  449  
308  449  
309  449  
310  449  
145  449  
146  449  
142  450  
143  450  
144  450  
139  451  
140  451  
141  451  
136  452  
137  452  
138  452  
133  453  
134  453  
135  453  
130  454  
131  454  
132  454  
127  455  
128  455  
129  455  
125  456  
126  456  
220  449  
221  449  
222  449  
223  449  
224  449  
225  449  
226  449  
227  449  
228  449  
229  449  
230  449  
231  449  
232  449  
233  449  
234  449  
235  449  
236  449  
237  449  
238  449  
239  449  
240  449  
241  449  
242  449  
243  449  
244  449  
245  449  
412  471  
413  471  
414  471  
415  471  
416  471  
417  471  
418  471  
419  471  
420  471  
421  471  
422  471  
423  471  
424  471  
425  471  
426  471  
427  471  
428  471  
429  471  
430  471  
431  471  
432  471  
433  471  
434  471  
435  471  
436  471  
437  471  
438  471  
439  471  
440  471  
412  475  
413  475  
414  475  
415  475  
416  475  
417  475  
418  475  
419  475  
420  475  
421  475  
422  475  
423  475  
424  475  
425  475  
426  475  
427  475  
428  475  
429  475  
430  475  
431  475  
432  475  
433  475  
434  475  
435  475  
436  475  
437  475  
438  475  
439  475  
440  475  
441  475  
442  475  
443  475  
444  475  
445  475  
446  475  
447  475  
448  475  
449  475  
450  475  
451  475  
452  475  
453  475  
454  475  
455  475  
456  475  
457  475  
458  475  
413  479  
414  479  
415  479  
416  479  
417  479  
418  479  
419  479  
420  479  
421  479  
422  479  
423  479  
424  479  
425  479  
426  479  
427  479  
428  479  
457  479  
458  479  
459  479  
460  479  
461  479  
462  479  
429  480  
430  480  
431  480  
432  480  
433  480  
434  480  
435  480  
436  480  
437  480  
438  480  
439  480  
440  480  
441  480  
442  480  
443  480  
444  480  
445  480  
446  480  
447  480  
448  480  
449  480  
450  480  
451  480  
452  480  
453  480  
454  480  
455  480  
456  480  
183  499  
184  499  
185  499  
186  499  
187  499  
188  499  
189  499  
190  499  
191  499  
192  499  
193  499  
194  499  
195  499  
196  499  
197  499  
198  499  
199  499  
200  499  
201  499  
202  499  
203  499  
204  499  
205  499  
206  499  
207  499  
248  500  
249  500  
250  500  
251  500  
252  500  
253  500  
254  500  
255  500  
256  500  
257  500  
258  500  
259  500  
260  500  
261  500  
262  500  
263  500  
264  500  
265  500  
266  500  
267  500  
268  500  
269  500  
270  500  
271  500  
462  500  
463  500  
464  500  
465  500  
466  500  
467  500  
468  500  
469  500  
470  500  
471  500  
460  501  
461  501  
472  501  
473  501  
474  501  
388  502  
389  502  
390  502  
391  502  
392  502  
393  502  
394  502  
395  502  
396  502  
397  502  
398  502  
399  502  
400  502  
401  502  
402  502  
403  502  
404  502  
405  502  
406  502  
407  502  
408  502  
409  502  
410  502  
411  502  
412  502  
413  502  
414  502  
415  502  
416  502  
417  502  
418  502  
419  502  
420  502  
421  502  
422  502  
438  502  
439  502  
440  502  
441  502  
442  502  
443  502  
444  502  
445  502  
446  502  
447  502  
448  502  
449  502  
450  502  
451  502  
452  502  
453  502  
454  502  
455  502  
456  502  
457  502  
458  502  
459  502  
475  502  
423  503  
424  503  
425  503  
426  503  
427  503  
428  503  
429  503  
430  503  
431  503  
432  503  
433  503  
434  503  
435  503  
436  503  
437  503  
475  503  
316  501  
317  501  
318  501  
319  501  
320  501  
321  501  
322  501  
323  501  
324  501  
325  501  
326  501  
327  501  
328  501  
329  501  
330  501  
331  501  
332  501  
333  501  
334  501  
335  501  
336  501  
337  501  
338  501  
339  501  
340  501  
341  501  
342  502  
343  502  
344  502  
345  502  
399  505  
400  505  
415  505  
416  505  
417  505  
418  505  
396  506  
397  506  
398  506  
401  506  
402  506  
403  506  
404  506  
405  506  
406  506  
407  506  
408  506  
409  506  
410  506  
411  506  
412  506  
413  506  
414  506  
419  506  
420  506  
421  506  
422  506  
423  506  
424  506  
425  506  
426  506  
427  506  
428  506  
429  506  
430  506  
431  506  
432  506  
433  506  
434  506  
435  506  
436  506  
437  506  
438  506  
439  506  
440  506  
441  506  
442  506  
443  506  
60  511  
61  511  
62  511  
63  511  
64  511  
65  511  
66  511  
50  512  
51  512  
52  512  
53  512  
54  512  
55  512  
56  512  
57  512  
58  512  
59  512  
67  512  
68  512  
69  512  
70  512  
198  512  
197  513  
172  514  
173  514  
174  514  
175  514  
176  514  
177  514  
178  514  
179  514  
180  514  
181  514  
182  514  
183  514  
184  514  
185  514  
186  514  
187  514  
188  514  
189  514  
190  514  
191  514  
192  514  
193  514  
194  514  
195  514  
196  514  
116  539  
117  539  
118  539  
119  539  
120  539  
121  539  
122  539  
123  539  
124  539  
125  539  
126  539  
127  539  
128  539  
129  539  
130  539  
131  539  
132  539  
133  539  
134  539  
135  539  
136  539  
137  539  
138  539  
139  539  
140  539  
141  539  
142  539  
143  539  
144  539  
168  543  
169  543  
170  543  
171  543  
172  543  
173  543  
174  543  
175  543  
176  543  
177  543  
178  543  
179  543  
180  544  
181  544  
182  544  
183  544  
184  544  
185  544  
186  544  
187  544  
77  559  
78  559  
53  560  
54  560  
55  560  
56  560  
57  560  
58  560  
59  560  
60  560  
61  560  
62  560  
63  560  
64  560  
65  560  
66  560  
67  560  
68  560  
69  560  
70  560  
71  560  
72  560  
73  560  
74  560  
75  560  
76  560  
115  559  
116  559  
90  560  
91  560  
92  560  
93  560  
94  560  
95  560  
96  560  
97  560  
98  560  
99  560  
100  560  
112  560  
113  560  
114  560  
101  561  
102  561  
103  561  
104  561  
105  561  
106  561  
107  561  
108  561  
109  561  
110  561  
111  561  
136  561  
137  561  
138  561  
139  561  
140  561  
141  561  
142  561  
143  561  
144  561  
145  561  
146  561  
147  561  
148  561  
149  561  
150  561  
151  561  
152  561  
153  561  
168  561  
169  561  
170  561  
171  561  
172  561  
173  561  
174  561  
154  562  
155  562  
156  562  
157  562  
158  562  
159  562  
160  562  
161  562  
162  562  
163  562  
164  562  
165  562  
166  562  
167  562  
175  562  
176  562  
177  562  
220  564  
220  565  
219  566  
219  567  
219  568  
219  569  
219  570  
219  571  
218  572  
218  573  
218  574  
218  575  
218  576  
218  577  
218  578  
217  579  
217  580  
217  581  
217  582  
217  583  
216  584  
216  585  
216  586  
53  565  
54  565  
55  565  
56  565  
57  565  
58  565  
59  565  
60  566  
61  566  
62  566  
63  566  
64  566  
65  566  
66  566  
67  566  
68  566  
69  566  
70  566  
71  566  
72  566  
73  566  
74  566  
75  566  
76  566  
77  566  
78  566  
79  566  
80  566  
81  566  
82  567  
83  567  
84  567  
85  567  
86  567  
87  567  
88  567  
89  567  
90  567  
91  567  
92  567  
93  567  
94  567  
95  567  
339  565  
340  565  
341  565  
342  565  
343  565  
344  565  
345  565  
346  565  
347  565  
348  565  
349  565  
350  565  
351  565  
352  565  
353  565  
354  566  
355  566  
356  566  
357  566  
358  566  
359  566  
360  566  
131  567  
132  567  
133  567  
134  567  
135  567  
136  567  
137  567  
138  567  
139  567  
140  567  
141  567  
142  567  
143  567  
144  567  
145  567  
146  567  
147  567  
148  567  
149  567  
150  567  
151  567  
152  567  
153  567  
154  567  
155  567  
157  567  
158  567  
159  567  
160  567  
161  567  
162  567  
163  567  
164  567  
156  568  
165  568  
166  568  
167  568  
168  568  
169  568  
170  568  
171  568  
340  568  
341  568  
342  568  
343  568  
344  568  
345  568  
346  568  
347  568  
348  568  
349  568  
350  568  
351  568  
352  568  
353  568  
354  568  
355  569  
356  569  
357  569  
358  569  
359  569  
360  569  
361  569  
148  571  
149  571  
150  571  
151  571  
152  571  
153  571  
154  571  
155  571  
156  571  
157  571  
158  571  
159  571  
160  571  
161  571  
162  571  
163  571  
164  572  
165  572  
166  572  
167  572  
168  572  
169  572  
170  572  
171  572  
172  572  
173  572  
174  572  
175  572  
176  572  
144  576  
145  576  
146  576  
147  576  
148  576  
149  576  
150  576  
151  576  
152  576  
153  576  
154  576  
155  576  
156  576  
157  576  
158  576  
159  576  
160  576  
161  576  
162  576  
163  576  
169  576  
174  576  
175  576  
143  577  
164  577  
165  577  
166  577  
167  577  
168  577  
170  577  
171  577  
172  577  
173  577  
127  580  
128  580  
129  580  
130  580  
131  580  
132  580  
133  580  
134  580  
135  580  
136  580  
137  580  
138  580  
139  580  
140  580  
141  580  
142  580  
143  580  
144  580  
145  580  
146  580  
147  580  
148  580  
55  593  
56  593  
57  593  
58  593  
59  594  
60  594  
61  594  
62  594  
63  594  
64  594  
65  594  
66  594  
67  594  
68  594  
69  594  
70  594  
71  594  
72  594  
73  594  
74  594  
75  594  
76  594  
77  594  
78  594  
79  594  
323  593  
323  594  
323  595  
323  596  
323  597  
323  598  
323  599  
322  600  
322  601  
322  602  
322  603  
322  604  
322  605  
322  606  
322  607  
322  608  
322  609  
322  610  
322  611  
321  612  
321  613  
321  614  
321  615  
321  616  
321  617  
321  618  
321  619  
321  620  
320  621  
320  622  
320  623  
320  624  
320  625  
320  626  
320  627  
320  628  
320  629  
320  630  
319  631  
319  632  
319  633  
319  634  
319  635  
319  636  
319  637  
319  638  
319  639  
215  594  
215  595  
215  596  
215  597  
214  598  
214  599  
214  600  
214  601  
214  602  
214  603  
213  604  
213  605  
213  606  
213  607  
213  608  
213  609  
213  610  
212  611  
212  612  
212  613  
212  614  
212  615  
211  616  
211  617  
211  618  
211  619  
211  620  
211  621  
211  622  
211  623  
210  624  
210  625  
13  597  
14  597  
15  597  
16  597  
17  597  
18  597  
19  597  
20  597  
21  597  
22  597  
23  597  
24  597  
25  597  
26  597  
27  597  
28  597  
29  597  
30  597  
31  597  
32  597  
33  597  
34  597  
11  598  
12  598  
35  598  
36  598  
37  598  
38  598  
39  598  
40  598  
41  598  
42  598  
43  598  
44  598  
371  597  
371  598  
371  599  
371  600  
371  601  
371  602  
371  603  
371  604  
371  605  
371  606  
371  607  
371  608  
371  609  
371  610  
371  611  
371  612  
371  613  
371  614  
371  615  
371  616  
371  617  
371  618  
371  619  
370  620  
370  621  
370  622  
370  623  
370  624  
370  625  
370  626  
370  627  
370  628  
370  629  
370  630  
370  631  
370  632  
12  601  
13  601  
14  601  
15  601  
16  601  
17  601  
18  601  
19  601  
20  601  
21  601  
22  601  
23  602  
24  602  
25  602  
26  602  
27  602  
28  602  
29  602  
30  602  
31  602  
32  602  
33  602  
34  602  
35  602  
36  602  
37  602  
38  602  
39  602  
40  602  
41  602  
42  602  
43  602  
44  602  
317  602  
317  603  
317  604  
317  605  
317  606  
317  607  
317  608  
317  609  
316  610  
316  611  
316  612  
316  613  
316  614  
316  615  
316  616  
316  617  
316  618  
316  619  
315  620  
315  621  
315  622  
315  623  
315  624  
392  603  
392  604  
392  605  
391  606  
391  607  
391  608  
391  609  
391  610  
391  611  
391  612  
391  613  
391  614  
391  615  
391  616  
391  617  
391  618  
391  619  
391  620  
391  621  
391  622  
391  623  
391  624  
391  625  
391  626  
391  627  
391  628  
390  629  
390  630  
390  631  
390  632  
390  633  
11  604  
12  604  
13  604  
14  604  
15  604  
16  604  
17  604  
18  604  
19  604  
20  604  
21  604  
22  604  
23  604  
24  604  
25  604  
26  604  
27  604  
28  604  
29  604  
30  604  
31  604  
32  604  
33  604  
34  605  
35  605  
36  605  
37  605  
38  605  
39  605  
40  605  
41  605  
42  605  
43  605  
44  605  
45  605  
128  604  
129  604  
130  604  
131  604  
132  604  
133  604  
134  604  
135  604  
136  604  
137  604  
138  604  
139  604  
140  604  
141  604  
142  604  
143  604  
144  604  
145  604  
146  604  
147  604  
148  604  
149  604  
150  604  
151  604  
152  604  
153  604  
154  604  
155  604  
156  604  
157  604  
158  604  
159  604  
160  604  
161  604  
162  604  
163  604  
164  604  
165  604  
166  604  
167  604  
168  604  
169  604  
170  604  
171  604  
172  604  
173  604  
174  604  
237  604  
237  605  
237  606  
237  607  
237  608  
237  609  
237  610  
237  611  
237  612  
237  613  
236  614  
236  615  
236  616  
236  617  
236  618  
236  619  
235  620  
235  621  
235  622  
235  623  
235  624  
235  625  
235  626  
234  627  
234  628  
243  605  
244  605  
245  605  
246  605  
247  605  
248  606  
249  606  
250  606  
251  606  
252  606  
253  606  
254  606  
255  606  
256  606  
257  606  
258  606  
259  606  
260  606  
261  606  
262  606  
263  606  
264  606  
265  606  
266  606  
267  606  
268  606  
269  606  
270  606  
271  606  
272  606  
273  606  
274  606  
275  606  
276  606  
277  606  
278  606  
279  606  
280  606  
281  607  
282  607  
283  607  
284  607  
285  607  
286  607  
367  605  
367  606  
367  607  
367  608  
367  609  
367  610  
367  611  
367  612  
367  613  
367  614  
367  615  
366  616  
366  617  
366  618  
366  619  
366  620  
366  621  
366  622  
366  623  
366  624  
366  625  
134  607  
135  607  
136  607  
137  607  
138  607  
139  607  
140  607  
141  607  
142  607  
143  607  
144  607  
145  607  
161  607  
162  607  
163  607  
164  607  
146  608  
147  608  
148  608  
149  608  
150  608  
151  608  
152  608  
153  608  
154  608  
155  608  
156  608  
157  608  
158  608  
159  608  
160  608  
165  608  
166  608  
167  608  
168  608  
169  608  
170  608  
171  608  
172  608  
173  608  
174  608  
14  608  
15  608  
16  608  
17  608  
18  608  
19  608  
20  608  
21  608  
22  609  
23  609  
24  609  
25  609  
26  609  
27  609  
28  609  
29  609  
30  609  
31  609  
32  609  
33  609  
34  609  
35  609  
36  609  
37  609  
38  609  
39  609  
40  609  
41  609  
42  609  
43  609  
44  609  
45  609  
46  609  
47  609  
48  609  
49  609  
50  609  
127  615  
128  615  
129  615  
130  615  
131  615  
132  615  
133  615  
134  615  
135  615  
136  615  
137  615  
138  615  
139  615  
140  615  
141  615  
142  615  
143  615  
144  615  
145  615  
146  615  
147  615  
19  620  
20  620  
21  620  
22  620  
23  620  
24  620  
25  620  
26  620  
27  620  
28  620  
29  620  
30  620  
31  620  
32  620  
33  620  
34  620  
35  620  
36  620  
37  620  
38  620  
39  620  
40  620  
41  620  
42  620  
43  620  
44  620  
45  620  
46  620  
47  620  
48  620  
49  620  
50  620  
51  620  
52  620  
53  621  
53  622  
53  623  
248  621  
249  621  
250  621  
251  621  
252  622  
253  622  
254  622  
255  622  
256  622  
257  623  
258  623  
259  623  
260  624  
261  624  
262  624  
263  624  
264  625  
265  625  
266  625  
267  625  
268  625  
269  626  
270  626  
271  626  
272  626  
273  626  
274  626  
275  626  
276  626  
277  626  
278  626  
279  626  
280  626  
281  626  
282  626  
283  626  
284  626  
285  626  
286  626  
289  626  
290  626  
291  626  
292  626  
293  626  
294  626  
295  626  
296  626  
297  626  
298  626  
299  626  
300  626  
301  626  
302  626  
303  627  
304  627  
305  627  
306  627  
307  627  
308  627  
309  627  
247  629  
248  629  
249  629  
250  629  
251  629  
252  629  
253  629  
254  629  
255  629  
256  629  
257  629  
258  629  
259  629  
260  629  
261  629  
262  629  
263  629  
264  629  
265  629  
266  629  
267  629  
268  629  
269  629  
270  629  
271  629  
272  629  
273  629  
274  630  
275  630  
276  630  
277  630  
278  630  
279  630  
280  630  
281  630  
282  630  
283  630  
284  630  
409  632  
410  632  
411  632  
412  632  
413  632  
414  632  
415  632  
416  632  
417  632  
418  632  
419  632  
420  632  
421  632  
422  632  
423  632  
424  632  
425  632  
426  632  
427  632  
428  632  
429  632  
430  632  
435  632  
436  632  
437  632  
438  632  
439  632  
440  632  
441  632  
442  632  
443  632  
444  632  
445  632  
446  632  
431  633  
432  633  
433  633  
434  633  
447  633  
448  633  
449  633  
245  633  
246  633  
247  633  
248  633  
249  633  
250  633  
251  633  
252  633  
253  633  
254  633  
255  633  
239  634  
240  634  
241  634  
242  634  
243  634  
244  634  
256  634  
257  634  
258  634  
259  634  
260  634  
261  634  
262  634  
263  634  
264  634  
265  634  
266  634  
267  634  
268  634  
269  634  
270  634  
271  634  
272  634  
273  634  
274  634  
275  634  
276  634  
277  634  
278  634  
279  634  
280  634  
281  634  
139  638  
140  638  
141  638  
142  638  
143  638  
144  638  
145  638  
146  638  
147  638  
148  638  
149  638  
150  638  
151  638  
152  638  
153  638  
154  638  
155  638  
156  638  
157  638  
158  638  
159  638  
160  638  
161  638  
162  638  
163  638  
164  638  
165  638  
166  638  
138  639  
