148  
20  50  29  34  23  20  57  30  23  60  40  22  33  26  41  47  21  54  84  20  42  32  30  47  24  32  37  27  43  20  92  30  33  29  39  54  33  22  36  31  39  47  55  48  76  35  21  22  20  21  88  20  39  38  41  38  22  39  26  24  25  42  36  21  23  38  46  63  58  24  20  75  44  44  28  23  55  25  21  29  32  25  37  37  57  20  21  35  20  20  22  25  25  23  33  23  23  23  29  25  24  22  22  27  47  23  34  24  23  24  21  39  21  54  38  34  22  34  68  33  39  35  35  45  39  35  41  34  38  42  37  35  28  35  22  34  25  52  21  60  79  20  42  77  25  30  37  33  
30  2  
31  2  
32  3  
33  3  
34  4  
35  4  
36  4  
37  4  
38  5  
39  5  
40  5  
41  6  
42  6  
43  6  
44  7  
45  7  
46  7  
47  7  
48  8  
49  8  
364  2  
365  2  
366  2  
367  2  
368  2  
369  2  
356  3  
357  3  
358  3  
359  3  
360  3  
361  3  
362  3  
363  3  
347  4  
348  4  
349  4  
350  4  
351  4  
352  4  
353  4  
354  4  
355  4  
341  5  
342  5  
343  5  
344  5  
345  5  
346  5  
333  6  
334  6  
335  6  
336  6  
337  6  
338  6  
339  6  
340  6  
325  7  
326  7  
327  7  
328  7  
329  7  
330  7  
331  7  
332  7  
320  8  
321  8  
322  8  
323  8  
324  8  
303  10  
304  10  
305  10  
306  10  
307  10  
293  11  
294  11  
295  11  
296  11  
297  11  
298  11  
299  11  
300  11  
301  11  
302  11  
285  12  
286  12  
287  12  
288  12  
289  12  
290  12  
291  12  
292  12  
279  13  
280  13  
281  13  
282  13  
283  13  
284  13  
249  16  
246  17  
247  17  
248  17  
238  18  
239  18  
240  18  
241  18  
242  18  
243  18  
244  18  
245  18  
234  19  
235  19  
236  19  
237  19  
230  20  
231  20  
232  20  
233  20  
218  21  
219  21  
220  21  
221  21  
222  21  
223  21  
224  21  
225  21  
226  21  
227  21  
228  21  
229  21  
216  22  
217  22  
199  24  
200  24  
201  24  
190  25  
191  25  
192  25  
193  25  
194  25  
195  25  
196  25  
197  25  
198  25  
183  26  
184  26  
185  26  
186  26  
187  26  
188  26  
189  26  
179  27  
180  27  
181  27  
182  27  
159  29  
160  29  
161  29  
162  29  
163  29  
164  29  
145  30  
146  30  
147  30  
148  30  
149  30  
150  30  
151  30  
152  30  
153  30  
154  30  
155  30  
156  30  
157  30  
158  30  
326  31  
327  31  
328  31  
329  31  
330  31  
318  32  
319  32  
320  32  
321  32  
322  32  
323  32  
324  32  
325  32  
331  32  
332  32  
308  33  
309  33  
310  33  
311  33  
312  33  
313  33  
314  33  
315  33  
316  33  
317  33  
300  34  
301  34  
302  34  
303  34  
304  34  
305  34  
306  34  
307  34  
290  35  
291  35  
292  35  
293  35  
294  35  
295  35  
296  35  
297  35  
298  35  
299  35  
283  36  
284  36  
285  36  
286  36  
287  36  
288  36  
289  36  
276  37  
277  37  
278  37  
279  37  
280  37  
281  37  
282  37  
426  37  
427  37  
422  38  
423  38  
424  38  
425  38  
417  39  
418  39  
419  39  
420  39  
421  39  
412  40  
413  40  
414  40  
415  40  
416  40  
407  41  
408  41  
409  41  
410  41  
411  41  
404  42  
405  42  
406  42  
400  43  
401  43  
402  43  
403  43  
398  44  
399  44  
336  41  
337  41  
338  41  
339  41  
340  41  
341  41  
342  41  
328  42  
329  42  
330  42  
331  42  
332  42  
333  42  
334  42  
335  42  
320  43  
321  43  
322  43  
323  43  
324  43  
325  43  
326  43  
327  43  
365  42  
366  42  
367  42  
368  42  
369  42  
370  42  
371  42  
372  42  
373  42  
374  42  
375  42  
376  42  
349  43  
350  43  
351  43  
352  43  
353  43  
354  43  
355  43  
356  43  
357  43  
358  43  
359  43  
360  43  
361  43  
362  43  
363  43  
364  43  
377  43  
378  43  
340  44  
341  44  
342  44  
343  44  
344  44  
345  44  
346  44  
347  44  
348  44  
328  45  
329  45  
330  45  
331  45  
332  45  
333  45  
334  45  
335  45  
336  45  
337  45  
338  45  
339  45  
319  46  
320  46  
321  46  
322  46  
323  46  
324  46  
325  46  
326  46  
327  46  
311  47  
312  47  
313  47  
314  47  
315  47  
316  47  
317  47  
299  48  
300  48  
301  48  
302  48  
303  48  
304  48  
305  48  
306  48  
307  48  
308  48  
309  48  
310  48  
286  49  
287  49  
288  49  
289  49  
290  49  
291  49  
292  49  
293  49  
294  49  
295  49  
296  49  
297  49  
298  49  
278  50  
279  50  
280  50  
281  50  
282  50  
283  50  
284  50  
285  50  
350  50  
345  51  
346  51  
347  51  
348  51  
349  51  
342  52  
343  52  
344  52  
338  53  
339  53  
340  53  
341  53  
333  54  
334  54  
335  54  
336  54  
337  54  
330  55  
331  55  
332  55  
329  56  
355  53  
356  53  
357  53  
358  53  
359  53  
351  54  
352  54  
353  54  
354  54  
347  55  
348  55  
349  55  
350  55  
342  56  
343  56  
344  56  
345  56  
346  56  
339  57  
340  57  
341  57  
338  58  
330  59  
331  59  
332  59  
333  59  
334  59  
335  59  
336  59  
337  59  
327  60  
328  60  
329  60  
293  64  
290  65  
291  65  
292  65  
283  66  
284  66  
285  66  
286  66  
287  66  
288  66  
289  66  
275  67  
276  67  
277  67  
278  67  
279  67  
280  67  
281  67  
282  67  
268  68  
269  68  
270  68  
271  68  
272  68  
273  68  
274  68  
420  65  
421  65  
422  65  
423  65  
424  65  
425  65  
426  65  
427  65  
428  65  
429  65  
430  65  
431  65  
432  65  
433  65  
434  65  
435  65  
436  65  
437  65  
438  65  
439  65  
440  65  
441  65  
442  65  
419  66  
416  67  
417  67  
418  67  
409  68  
410  68  
411  68  
412  68  
413  68  
414  68  
415  68  
402  69  
403  69  
404  69  
405  69  
406  69  
407  69  
408  69  
347  77  
348  77  
349  77  
350  77  
342  78  
343  78  
344  78  
345  78  
346  78  
351  78  
352  78  
353  78  
354  78  
355  78  
356  78  
357  78  
358  78  
332  79  
333  79  
334  79  
335  79  
336  79  
337  79  
338  79  
339  79  
340  79  
341  79  
359  79  
360  79  
361  79  
362  79  
363  79  
364  79  
365  79  
366  79  
367  79  
368  79  
369  79  
370  79  
327  80  
328  80  
329  80  
330  80  
331  80  
324  81  
325  81  
326  81  
405  78  
406  78  
386  79  
387  79  
388  79  
389  79  
390  79  
391  79  
392  79  
393  79  
400  79  
401  79  
402  79  
403  79  
404  79  
394  80  
395  80  
396  80  
397  80  
398  80  
399  80  
76  114  
77  114  
78  114  
79  114  
80  115  
81  115  
82  115  
83  115  
84  115  
85  115  
86  116  
87  116  
88  116  
89  116  
90  116  
91  116  
92  116  
93  116  
94  117  
95  117  
96  117  
97  117  
98  117  
99  117  
100  117  
101  118  
102  118  
103  118  
104  118  
105  118  
106  118  
107  118  
108  118  
109  119  
110  119  
111  119  
112  119  
113  119  
114  119  
115  119  
116  120  
117  120  
118  120  
119  120  
120  120  
121  120  
122  120  
123  120  
124  120  
125  121  
126  121  
127  121  
128  121  
129  121  
49  121  
50  121  
51  121  
52  121  
53  121  
54  121  
55  121  
56  122  
57  122  
58  122  
59  122  
60  122  
61  122  
62  122  
63  123  
64  123  
65  123  
84  123  
85  123  
86  123  
87  123  
88  123  
89  123  
90  123  
91  123  
92  123  
93  123  
94  123  
95  123  
96  123  
97  123  
98  123  
99  123  
100  123  
101  123  
102  123  
110  123  
111  123  
112  123  
113  123  
114  123  
115  123  
66  124  
67  124  
68  124  
69  124  
70  124  
71  124  
72  124  
73  124  
74  124  
75  124  
76  124  
77  124  
78  124  
79  124  
80  124  
81  124  
82  124  
83  124  
103  124  
104  124  
105  124  
106  124  
107  124  
108  124  
109  124  
116  124  
117  124  
118  124  
119  124  
120  124  
121  124  
122  124  
123  124  
124  124  
125  124  
126  124  
127  124  
128  124  
129  124  
130  124  
131  124  
132  124  
211  132  
212  132  
213  132  
214  132  
215  132  
216  133  
217  133  
218  133  
219  133  
220  133  
221  133  
222  133  
223  134  
224  134  
225  134  
226  134  
227  134  
228  134  
229  135  
230  135  
243  139  
244  140  
245  140  
246  140  
247  140  
248  140  
249  140  
250  140  
251  140  
252  140  
253  141  
254  141  
255  141  
256  141  
257  141  
258  141  
259  141  
260  142  
261  142  
262  142  
263  142  
264  142  
265  142  
266  142  
267  143  
268  143  
269  143  
270  143  
271  143  
272  143  
273  143  
274  144  
275  144  
276  144  
277  144  
278  144  
279  144  
280  144  
281  144  
282  145  
283  145  
284  145  
272  150  
273  150  
274  150  
275  150  
276  150  
277  150  
278  150  
279  150  
280  150  
281  150  
282  150  
283  150  
284  150  
285  150  
286  150  
287  150  
288  150  
289  150  
290  150  
291  150  
292  150  
270  151  
271  151  
293  151  
294  151  
295  151  
296  151  
297  151  
298  151  
299  151  
300  152  
301  152  
84  161  
85  161  
86  161  
87  161  
88  162  
89  162  
90  162  
91  162  
92  162  
93  162  
94  163  
95  163  
96  163  
97  163  
98  163  
99  163  
100  164  
101  164  
102  164  
103  164  
104  164  
105  164  
106  164  
107  164  
108  164  
109  164  
110  164  
111  165  
112  165  
113  165  
246  162  
247  162  
248  162  
249  162  
250  162  
251  162  
252  162  
253  162  
254  162  
255  162  
256  162  
257  162  
258  162  
259  162  
260  162  
261  162  
262  163  
263  163  
264  163  
265  163  
270  163  
271  163  
266  164  
267  164  
268  164  
269  164  
272  164  
273  164  
274  164  
275  164  
276  164  
277  164  
278  164  
279  164  
280  164  
281  164  
282  164  
283  164  
284  164  
285  164  
286  164  
287  164  
288  164  
289  164  
290  164  
291  164  
292  164  
456  172  
457  173  
458  173  
459  173  
460  173  
461  173  
462  173  
463  174  
464  174  
465  174  
466  174  
467  174  
468  174  
469  174  
470  174  
471  175  
472  175  
473  175  
474  175  
475  176  
476  176  
477  176  
478  176  
479  176  
256  174  
257  174  
258  174  
259  174  
260  174  
261  174  
262  174  
263  174  
264  174  
265  174  
266  174  
267  174  
268  174  
269  174  
270  174  
244  175  
245  175  
246  175  
247  175  
248  175  
249  175  
250  175  
251  175  
252  175  
253  175  
254  175  
255  175  
271  175  
272  175  
273  175  
274  175  
275  175  
247  178  
248  178  
249  178  
250  178  
251  178  
252  178  
253  178  
254  178  
255  178  
256  178  
257  179  
258  179  
259  179  
260  179  
261  179  
262  179  
263  179  
264  179  
265  179  
266  179  
267  179  
268  179  
269  179  
270  179  
271  179  
272  179  
273  179  
274  179  
275  179  
276  179  
277  179  
278  179  
279  179  
280  179  
281  179  
282  179  
283  179  
258  183  
259  183  
260  183  
261  183  
262  183  
263  183  
264  183  
265  183  
266  183  
267  183  
268  183  
269  183  
270  183  
271  183  
272  183  
273  183  
274  183  
275  183  
276  183  
277  183  
278  183  
279  183  
280  183  
281  183  
282  183  
283  183  
284  183  
244  185  
245  185  
246  185  
247  185  
248  185  
249  185  
250  185  
251  185  
252  185  
253  185  
254  185  
255  185  
256  185  
257  185  
258  185  
259  185  
260  185  
261  185  
262  186  
263  186  
264  186  
265  186  
266  186  
267  186  
268  186  
269  186  
270  186  
271  186  
272  186  
273  186  
274  186  
275  186  
276  186  
277  186  
278  186  
279  186  
280  186  
281  186  
282  186  
283  186  
284  186  
285  186  
286  186  
156  187  
157  187  
154  188  
155  188  
158  188  
159  188  
160  188  
161  188  
162  188  
163  188  
164  188  
165  188  
166  188  
167  188  
168  188  
169  188  
170  188  
171  188  
172  188  
173  188  
377  187  
378  187  
379  187  
380  187  
381  187  
382  187  
383  187  
384  187  
385  187  
386  187  
387  187  
388  187  
389  187  
390  187  
391  187  
392  187  
393  187  
394  187  
395  187  
396  187  
397  187  
398  187  
399  187  
400  187  
401  187  
402  187  
403  187  
404  187  
405  187  
406  187  
407  187  
408  187  
409  187  
410  187  
411  187  
412  187  
413  187  
414  187  
415  187  
416  187  
417  187  
418  187  
419  187  
420  187  
421  187  
422  187  
423  187  
373  188  
374  188  
375  188  
376  188  
424  188  
425  188  
426  188  
427  188  
428  188  
429  188  
430  188  
431  188  
432  189  
433  189  
434  189  
435  189  
436  189  
437  189  
438  189  
439  189  
440  189  
441  189  
442  189  
443  190  
444  190  
445  190  
446  190  
447  190  
448  190  
449  190  
450  190  
451  190  
452  190  
453  190  
454  191  
455  191  
456  191  
457  191  
458  191  
459  191  
460  191  
461  191  
462  191  
463  191  
464  191  
26  188  
27  188  
28  188  
29  188  
30  188  
31  188  
32  188  
33  188  
34  188  
35  188  
36  188  
37  189  
38  189  
39  189  
40  189  
41  189  
42  189  
43  189  
44  189  
45  189  
46  189  
47  189  
48  189  
49  189  
50  189  
51  189  
52  189  
53  189  
54  189  
55  189  
20  191  
21  191  
22  191  
23  191  
24  191  
25  191  
26  191  
27  191  
28  191  
29  191  
30  191  
31  191  
32  191  
33  191  
34  191  
35  191  
36  192  
37  192  
38  192  
39  192  
40  192  
41  192  
42  192  
43  192  
44  192  
45  192  
46  192  
47  192  
48  192  
49  192  
50  192  
51  192  
52  192  
181  193  
182  193  
183  193  
184  193  
185  193  
186  193  
187  193  
188  193  
189  193  
190  193  
191  193  
192  193  
193  193  
194  193  
195  193  
196  193  
197  193  
198  193  
199  193  
200  193  
201  193  
202  193  
174  194  
175  194  
176  194  
177  194  
178  194  
179  194  
180  194  
19  200  
20  200  
21  200  
22  200  
23  200  
24  200  
25  200  
26  200  
27  200  
28  201  
29  201  
30  201  
31  201  
32  201  
33  201  
34  201  
35  201  
36  201  
37  201  
38  201  
39  201  
40  201  
41  201  
42  201  
43  201  
44  201  
45  201  
46  201  
47  201  
48  201  
49  201  
50  201  
51  201  
52  201  
53  201  
54  201  
55  201  
56  201  
57  201  
406  200  
407  200  
408  200  
409  201  
410  201  
411  201  
412  201  
413  201  
414  201  
415  201  
416  201  
417  201  
418  201  
419  201  
420  201  
421  201  
422  201  
423  202  
424  202  
425  202  
426  202  
427  202  
428  202  
429  202  
430  202  
431  202  
432  202  
433  202  
434  202  
435  202  
436  202  
437  202  
438  202  
439  202  
440  203  
441  203  
442  203  
443  203  
444  203  
445  203  
446  203  
447  203  
448  203  
449  203  
450  203  
451  203  
452  203  
453  203  
454  204  
455  204  
456  204  
457  204  
458  204  
459  204  
21  204  
22  204  
23  204  
24  204  
25  204  
26  204  
27  204  
28  204  
29  204  
30  204  
31  204  
32  204  
33  204  
34  204  
35  204  
36  204  
37  204  
38  204  
39  204  
40  204  
41  204  
42  204  
43  204  
44  204  
45  204  
46  204  
47  204  
48  204  
49  204  
50  204  
51  204  
52  204  
53  204  
115  204  
116  204  
95  205  
96  205  
97  205  
98  205  
99  205  
100  205  
101  205  
102  205  
104  205  
105  205  
106  205  
107  205  
108  205  
109  205  
110  205  
111  205  
112  205  
113  205  
114  205  
103  206  
174  205  
175  206  
176  206  
177  206  
178  207  
179  207  
180  207  
181  207  
182  207  
183  207  
184  207  
185  207  
186  207  
187  207  
188  207  
189  207  
190  208  
191  208  
192  208  
193  208  
194  208  
195  208  
196  208  
197  208  
198  208  
199  208  
200  208  
201  208  
202  208  
203  208  
204  208  
205  208  
206  208  
207  209  
207  210  
207  211  
11  208  
11  209  
11  210  
11  211  
11  212  
11  213  
11  214  
11  215  
11  216  
11  217  
11  218  
11  219  
11  220  
11  221  
11  222  
12  223  
12  224  
12  225  
12  226  
12  227  
12  228  
12  229  
12  230  
12  231  
12  232  
12  233  
12  234  
12  235  
12  236  
12  237  
12  238  
19  213  
20  213  
21  213  
22  213  
23  213  
24  213  
25  213  
26  213  
27  213  
28  213  
29  213  
30  213  
31  213  
32  213  
33  213  
34  213  
35  213  
36  213  
37  213  
38  213  
39  213  
40  213  
41  213  
42  213  
43  213  
44  213  
45  213  
46  213  
47  213  
48  213  
49  213  
50  213  
51  213  
52  213  
53  213  
54  213  
55  213  
56  213  
57  213  
18  216  
19  216  
20  216  
21  216  
22  216  
23  216  
24  216  
25  216  
26  216  
27  216  
28  216  
29  216  
30  216  
31  216  
32  216  
33  216  
34  216  
35  216  
36  216  
37  216  
38  216  
39  216  
40  216  
41  216  
42  216  
43  216  
44  216  
45  216  
46  216  
47  216  
48  216  
49  216  
50  216  
51  216  
52  216  
53  216  
54  216  
55  216  
56  216  
57  216  
58  217  
59  217  
60  217  
61  217  
62  218  
62  219  
62  220  
72  218  
73  218  
74  218  
75  218  
76  218  
77  218  
78  218  
79  218  
80  218  
81  218  
82  218  
83  218  
84  218  
85  218  
86  218  
87  218  
88  218  
89  218  
90  218  
91  218  
92  218  
93  218  
94  218  
95  218  
96  218  
97  218  
98  218  
99  218  
100  218  
101  218  
102  218  
103  218  
104  218  
105  218  
106  218  
107  218  
108  218  
109  218  
110  218  
111  218  
112  218  
113  218  
114  218  
115  218  
116  218  
117  218  
118  218  
119  218  
120  218  
121  218  
122  218  
123  218  
124  218  
70  219  
71  219  
132  218  
133  218  
134  218  
135  218  
136  218  
137  218  
138  218  
139  218  
140  218  
141  218  
142  218  
143  218  
144  218  
145  218  
146  218  
147  218  
148  218  
149  218  
150  218  
151  218  
152  218  
153  218  
154  218  
155  218  
156  218  
157  218  
158  218  
159  218  
160  218  
161  218  
162  218  
163  218  
164  218  
165  218  
166  218  
167  218  
168  218  
169  218  
170  218  
171  218  
172  218  
173  218  
174  218  
175  218  
176  218  
177  218  
178  218  
179  218  
212  218  
213  218  
214  218  
215  218  
216  218  
217  218  
218  218  
219  218  
220  218  
221  218  
222  218  
223  218  
224  218  
225  218  
226  218  
227  218  
228  218  
229  218  
230  218  
231  218  
232  218  
233  218  
234  218  
235  218  
236  218  
237  218  
238  218  
239  218  
240  218  
241  218  
242  218  
243  218  
244  218  
245  218  
246  218  
247  218  
248  218  
249  218  
250  218  
251  218  
252  218  
253  218  
254  218  
255  218  
256  218  
257  218  
258  218  
259  218  
260  218  
261  218  
262  218  
263  218  
264  218  
265  218  
266  218  
267  218  
268  218  
269  218  
270  218  
271  218  
272  218  
273  218  
274  218  
275  218  
276  218  
277  218  
278  218  
279  218  
280  218  
281  218  
282  218  
283  218  
284  218  
285  218  
286  219  
287  219  
304  218  
305  218  
306  218  
307  218  
308  218  
309  218  
310  218  
311  218  
312  218  
313  218  
314  218  
315  218  
316  218  
291  219  
292  219  
293  219  
294  219  
295  219  
296  219  
297  219  
298  219  
299  219  
300  219  
301  219  
302  219  
303  219  
290  220  
287  221  
288  221  
289  221  
286  222  
286  223  
285  224  
285  225  
285  226  
380  219  
381  219  
382  219  
383  219  
384  219  
385  219  
386  219  
387  219  
388  219  
389  219  
390  219  
391  219  
392  219  
393  219  
394  219  
395  219  
396  219  
397  219  
398  219  
399  219  
400  219  
429  219  
430  219  
431  219  
432  219  
433  219  
434  219  
435  219  
436  219  
437  220  
438  220  
439  220  
440  220  
441  220  
442  220  
443  220  
444  220  
445  220  
446  220  
447  220  
448  220  
449  220  
450  220  
408  220  
409  220  
410  220  
411  220  
412  220  
413  220  
414  220  
415  220  
416  220  
417  220  
418  220  
419  220  
420  220  
421  220  
422  220  
423  220  
424  220  
425  220  
426  220  
427  220  
65  222  
65  223  
65  224  
65  225  
65  226  
65  227  
66  228  
66  229  
66  230  
66  231  
66  232  
66  233  
66  234  
66  235  
66  236  
66  237  
66  238  
66  239  
66  240  
66  241  
66  242  
208  222  
208  223  
208  224  
208  225  
208  226  
208  227  
208  228  
208  229  
208  230  
208  231  
208  232  
208  233  
208  234  
208  235  
208  236  
208  237  
208  238  
208  239  
208  240  
208  241  
208  242  
208  243  
208  244  
208  245  
208  246  
208  247  
208  248  
208  249  
208  250  
208  251  
208  252  
208  253  
208  254  
208  255  
208  256  
208  257  
208  258  
208  259  
208  260  
208  261  
208  262  
208  263  
208  264  
208  265  
208  266  
208  267  
208  268  
208  269  
208  270  
208  271  
208  272  
208  273  
208  274  
208  275  
208  276  
208  277  
208  278  
208  279  
208  280  
208  281  
208  282  
208  283  
208  284  
208  285  
208  286  
208  287  
208  288  
208  289  
208  290  
208  291  
208  292  
208  293  
208  294  
208  295  
208  296  
208  297  
208  298  
208  299  
208  300  
208  301  
208  302  
208  303  
208  304  
208  305  
208  306  
208  307  
208  308  
208  309  
479  223  
479  224  
479  225  
479  226  
479  227  
479  228  
478  229  
478  230  
478  231  
478  232  
478  233  
478  234  
478  235  
478  236  
478  237  
478  238  
478  239  
478  240  
477  241  
477  242  
19  225  
20  225  
21  225  
22  225  
23  225  
24  225  
25  225  
26  225  
27  225  
28  225  
29  225  
30  225  
31  225  
32  225  
33  225  
34  225  
35  225  
36  225  
37  225  
38  225  
39  225  
40  225  
41  225  
42  225  
43  225  
44  225  
45  225  
46  225  
47  225  
48  225  
49  225  
50  225  
51  225  
52  225  
53  225  
54  225  
55  225  
56  225  
57  225  
21  228  
22  228  
23  228  
24  228  
25  228  
26  228  
27  228  
28  228  
29  228  
30  228  
31  228  
32  228  
33  228  
34  228  
35  228  
36  228  
37  228  
38  228  
39  228  
40  228  
41  228  
42  228  
43  228  
44  228  
45  228  
46  228  
47  228  
48  228  
49  228  
50  228  
51  228  
52  228  
53  228  
54  228  
55  228  
56  228  
57  228  
58  228  
285  228  
285  229  
285  230  
285  231  
285  232  
285  233  
285  234  
285  235  
285  236  
285  237  
285  238  
285  239  
285  240  
285  241  
285  242  
285  243  
285  244  
285  245  
285  246  
285  247  
285  248  
285  249  
285  250  
285  251  
285  252  
285  253  
285  254  
285  255  
285  256  
285  257  
285  258  
285  259  
285  260  
285  261  
285  262  
285  263  
285  264  
285  265  
285  266  
285  267  
285  268  
31  237  
32  237  
33  237  
34  237  
35  237  
36  237  
37  237  
38  237  
39  237  
40  237  
41  237  
42  237  
43  237  
44  237  
45  237  
46  237  
47  237  
48  237  
49  237  
50  237  
51  237  
52  237  
53  237  
54  237  
55  237  
56  237  
57  237  
20  238  
21  238  
22  238  
23  238  
24  238  
25  238  
26  238  
27  238  
28  238  
29  238  
30  238  
332  238  
332  239  
332  240  
332  241  
332  242  
332  243  
332  244  
332  245  
332  246  
332  247  
332  248  
332  249  
332  250  
332  251  
332  252  
332  253  
332  254  
332  255  
331  256  
331  257  
331  258  
331  259  
35  240  
36  240  
37  240  
38  240  
39  240  
40  240  
41  240  
42  240  
43  240  
44  240  
45  240  
46  240  
47  240  
48  240  
49  240  
50  240  
51  240  
52  240  
53  240  
54  240  
55  240  
56  240  
57  240  
58  240  
20  241  
21  241  
22  241  
23  241  
24  241  
25  241  
26  241  
27  241  
28  241  
29  241  
30  241  
31  241  
32  241  
33  241  
34  241  
305  240  
305  241  
305  242  
305  243  
305  244  
305  245  
305  246  
305  247  
305  248  
305  249  
305  250  
305  251  
305  252  
305  253  
305  254  
305  255  
305  256  
305  257  
305  258  
305  259  
305  260  
305  261  
305  262  
305  263  
305  264  
305  265  
315  241  
315  242  
315  243  
315  244  
315  245  
315  246  
315  247  
315  248  
315  249  
315  250  
315  251  
315  252  
315  253  
315  254  
315  255  
315  256  
315  257  
315  258  
315  259  
315  260  
315  261  
314  262  
314  263  
314  264  
365  244  
366  244  
367  244  
368  244  
369  244  
370  244  
371  244  
372  244  
373  244  
374  244  
375  244  
376  244  
377  244  
378  244  
379  244  
380  244  
381  244  
382  244  
383  244  
384  244  
385  244  
386  244  
387  244  
388  244  
389  244  
58  248  
32  249  
33  249  
34  249  
35  249  
36  249  
37  249  
38  249  
39  249  
40  249  
41  249  
42  249  
43  249  
44  249  
45  249  
46  249  
47  249  
48  249  
49  249  
50  249  
51  249  
52  249  
53  249  
54  249  
55  249  
56  249  
57  249  
17  250  
18  250  
19  250  
20  250  
21  250  
22  250  
23  250  
24  250  
25  250  
26  250  
27  250  
28  250  
29  250  
30  250  
31  250  
34  252  
35  252  
36  252  
37  252  
38  252  
39  252  
40  252  
41  252  
42  252  
43  252  
44  252  
45  252  
46  252  
47  252  
48  252  
49  252  
50  252  
51  252  
52  252  
53  252  
54  252  
55  252  
56  252  
57  252  
58  252  
23  253  
24  253  
25  253  
26  253  
27  253  
28  253  
29  253  
30  253  
31  253  
32  253  
33  253  
451  256  
452  256  
453  256  
454  256  
455  256  
441  257  
442  257  
443  257  
444  257  
445  257  
446  257  
447  257  
448  257  
449  257  
450  257  
435  258  
436  258  
437  258  
438  258  
439  258  
440  258  
421  259  
422  259  
423  259  
424  259  
425  259  
426  259  
427  259  
405  260  
406  260  
407  260  
408  260  
409  260  
410  260  
411  260  
412  260  
413  260  
414  260  
415  260  
416  260  
417  260  
418  260  
419  260  
420  260  
50  260  
51  260  
52  260  
53  260  
54  260  
55  260  
56  260  
33  261  
34  261  
35  261  
36  261  
37  261  
38  261  
39  261  
40  261  
41  261  
42  261  
43  261  
44  261  
45  261  
46  261  
47  261  
48  261  
49  261  
19  262  
20  262  
21  262  
22  262  
23  262  
24  262  
25  262  
26  262  
27  262  
28  262  
29  262  
30  262  
31  262  
32  262  
453  261  
454  261  
455  261  
456  261  
437  262  
438  262  
439  262  
440  262  
441  262  
442  262  
443  262  
444  262  
445  262  
446  262  
447  262  
448  262  
449  262  
450  262  
451  262  
452  262  
434  263  
435  263  
436  263  
423  264  
424  264  
425  264  
426  264  
427  264  
428  264  
429  264  
430  264  
431  264  
432  264  
433  264  
411  265  
412  265  
413  265  
414  265  
415  265  
416  265  
417  265  
418  265  
419  265  
420  265  
421  265  
422  265  
63  262  
64  262  
65  262  
66  262  
67  262  
68  262  
69  262  
70  262  
71  262  
72  262  
73  262  
77  262  
78  262  
79  262  
51  263  
52  263  
53  263  
54  263  
55  263  
56  263  
57  263  
58  263  
59  263  
60  263  
61  263  
62  263  
74  263  
75  263  
76  263  
80  263  
35  264  
36  264  
37  264  
38  264  
39  264  
40  264  
41  264  
42  264  
43  264  
44  264  
45  264  
46  264  
47  264  
48  264  
49  264  
50  264  
18  265  
19  265  
20  265  
21  265  
22  265  
23  265  
24  265  
25  265  
26  265  
27  265  
28  265  
29  265  
30  265  
31  265  
32  265  
33  265  
34  265  
336  264  
337  264  
338  264  
339  264  
340  264  
341  264  
342  264  
343  264  
344  265  
345  265  
346  265  
347  265  
348  265  
349  265  
357  265  
358  265  
359  265  
360  265  
361  265  
350  266  
351  266  
352  266  
356  266  
362  266  
363  266  
364  266  
365  266  
366  266  
367  266  
368  266  
369  266  
370  266  
371  266  
372  266  
373  266  
374  266  
375  266  
376  266  
377  266  
378  266  
379  266  
380  266  
381  266  
382  266  
383  266  
384  266  
385  266  
386  266  
387  266  
388  266  
389  266  
390  266  
391  266  
392  266  
393  266  
353  267  
354  267  
355  267  
73  269  
67  270  
68  270  
69  270  
70  270  
71  270  
72  270  
58  271  
59  271  
60  271  
61  271  
62  271  
63  271  
64  271  
65  271  
66  271  
50  272  
51  272  
52  272  
53  272  
54  272  
55  272  
56  272  
57  272  
165  271  
165  272  
164  273  
164  274  
165  275  
165  276  
165  277  
165  278  
165  279  
165  280  
165  281  
165  282  
165  283  
165  284  
165  285  
165  286  
165  287  
165  288  
165  289  
165  290  
74  272  
75  272  
76  272  
68  273  
69  273  
70  273  
71  273  
72  273  
73  273  
59  274  
60  274  
61  274  
62  274  
63  274  
64  274  
65  274  
66  274  
67  274  
49  275  
50  275  
51  275  
52  275  
53  275  
54  275  
55  275  
56  275  
57  275  
58  275  
37  276  
38  276  
39  276  
40  276  
41  276  
42  276  
43  276  
44  276  
45  276  
46  276  
47  276  
48  276  
25  277  
26  277  
27  277  
28  277  
29  277  
30  277  
31  277  
32  277  
33  277  
34  277  
35  277  
36  277  
13  278  
14  278  
15  278  
16  278  
17  278  
18  278  
19  278  
20  278  
21  278  
22  278  
23  278  
24  278  
2  279  
3  279  
4  279  
5  279  
6  279  
7  279  
8  279  
9  279  
10  279  
11  279  
12  279  
351  276  
350  277  
350  278  
350  279  
350  280  
349  281  
349  282  
349  283  
349  284  
349  285  
349  286  
349  287  
349  288  
349  289  
349  290  
349  291  
349  292  
349  293  
349  294  
349  295  
349  296  
349  297  
349  298  
349  299  
348  300  
348  301  
348  302  
348  303  
348  304  
348  305  
348  306  
348  307  
348  308  
348  309  
348  310  
348  311  
348  312  
348  313  
348  314  
348  315  
348  316  
348  317  
348  318  
348  319  
383  277  
383  278  
383  279  
383  280  
383  281  
383  282  
382  283  
382  284  
382  285  
382  286  
382  287  
382  288  
382  289  
382  290  
382  291  
382  292  
382  293  
381  294  
381  295  
381  296  
381  297  
381  298  
381  299  
381  300  
381  301  
381  302  
381  303  
381  304  
381  305  
380  306  
380  307  
380  308  
380  309  
380  310  
380  311  
380  312  
380  313  
380  314  
380  315  
380  316  
380  317  
380  318  
380  319  
380  320  
387  280  
387  281  
386  282  
386  283  
386  284  
386  285  
386  286  
386  287  
386  288  
386  289  
386  290  
386  291  
386  292  
386  293  
386  294  
386  295  
386  296  
386  297  
386  298  
386  299  
386  300  
385  301  
385  302  
385  303  
385  304  
385  305  
385  306  
385  307  
73  281  
74  281  
75  281  
76  281  
67  282  
68  282  
69  282  
70  282  
71  282  
72  282  
59  283  
60  283  
61  283  
62  283  
63  283  
64  283  
65  283  
66  283  
54  284  
55  284  
56  284  
57  284  
58  284  
284  281  
284  282  
284  283  
284  284  
284  285  
284  286  
284  287  
284  288  
284  289  
284  290  
284  291  
284  292  
284  293  
284  294  
284  295  
284  296  
284  297  
284  298  
284  299  
284  300  
284  301  
284  302  
284  303  
284  304  
284  305  
284  306  
284  307  
284  308  
284  309  
284  310  
284  311  
284  312  
284  313  
284  314  
284  315  
284  316  
284  317  
284  318  
284  319  
284  320  
284  321  
284  322  
284  323  
284  324  
284  325  
284  326  
284  327  
284  328  
283  329  
283  330  
283  331  
283  332  
283  333  
283  334  
283  335  
74  284  
75  284  
76  284  
77  284  
68  285  
69  285  
70  285  
71  285  
72  285  
73  285  
60  286  
61  286  
62  286  
63  286  
64  286  
65  286  
66  286  
67  286  
53  287  
54  287  
55  287  
56  287  
57  287  
58  287  
59  287  
234  284  
234  285  
234  286  
234  287  
234  288  
234  289  
234  290  
234  291  
234  292  
234  293  
234  294  
234  295  
234  296  
234  297  
234  298  
234  299  
234  300  
234  301  
234  302  
234  303  
234  304  
257  288  
257  289  
257  290  
257  291  
257  292  
256  293  
256  294  
256  295  
256  296  
256  297  
256  298  
256  299  
256  300  
256  301  
256  302  
256  303  
256  304  
256  305  
256  306  
256  307  
256  308  
256  309  
256  310  
256  311  
256  312  
256  313  
256  314  
256  315  
255  316  
330  292  
330  293  
330  294  
330  295  
330  296  
330  297  
330  298  
330  299  
330  300  
330  301  
330  302  
330  303  
330  304  
330  305  
330  306  
329  307  
329  308  
329  309  
329  310  
329  311  
329  312  
329  313  
329  314  
329  315  
329  316  
329  317  
329  318  
329  319  
329  320  
329  321  
329  322  
329  323  
301  294  
301  295  
301  296  
301  297  
301  298  
301  299  
301  300  
301  301  
301  302  
301  303  
301  304  
301  305  
301  306  
301  307  
301  308  
301  309  
301  310  
301  311  
301  312  
301  313  
301  314  
301  315  
301  316  
301  317  
301  318  
40  310  
41  310  
42  310  
43  310  
33  311  
34  311  
35  311  
36  311  
37  311  
38  311  
39  311  
25  312  
26  312  
27  312  
28  312  
29  312  
30  312  
31  312  
32  312  
18  313  
19  313  
20  313  
21  313  
22  313  
23  313  
24  313  
11  314  
12  314  
13  314  
14  314  
15  314  
16  314  
17  314  
7  315  
8  315  
9  315  
10  315  
41  313  
42  313  
43  313  
44  313  
33  314  
34  314  
35  314  
36  314  
37  314  
38  314  
39  314  
40  314  
26  315  
27  315  
28  315  
29  315  
30  315  
31  315  
32  315  
19  316  
20  316  
21  316  
22  316  
23  316  
24  316  
25  316  
12  317  
13  317  
14  317  
15  317  
16  317  
17  317  
18  317  
8  318  
9  318  
10  318  
11  318  
139  314  
140  314  
141  314  
142  314  
143  314  
144  314  
145  314  
146  314  
147  314  
148  314  
151  314  
152  314  
153  314  
154  314  
155  314  
156  314  
157  314  
158  314  
159  314  
160  314  
161  314  
162  314  
163  314  
164  314  
165  314  
166  314  
167  314  
168  314  
169  314  
170  314  
171  314  
172  314  
173  314  
174  314  
149  315  
150  315  
175  315  
176  315  
177  315  
178  315  
179  315  
180  315  
181  315  
182  315  
183  315  
184  315  
185  315  
186  315  
187  315  
188  316  
189  316  
190  316  
191  316  
192  316  
193  316  
194  316  
195  316  
125  315  
126  315  
127  315  
128  315  
118  316  
119  316  
120  316  
121  316  
122  316  
123  316  
124  316  
109  317  
110  317  
111  317  
112  317  
113  317  
114  317  
115  317  
116  317  
117  317  
351  323  
352  323  
353  323  
354  323  
355  323  
356  323  
357  323  
358  323  
359  323  
360  324  
361  324  
362  324  
363  324  
364  324  
365  325  
366  325  
367  325  
368  325  
369  325  
370  325  
371  325  
213  330  
214  330  
215  331  
216  331  
217  331  
218  331  
219  331  
220  331  
221  331  
222  331  
223  331  
224  332  
225  332  
226  332  
227  332  
228  332  
229  332  
230  332  
231  333  
232  333  
233  333  
234  333  
235  333  
236  333  
237  333  
238  333  
239  333  
240  333  
241  333  
242  333  
243  333  
244  333  
245  333  
246  334  
247  334  
45  334  
46  334  
39  335  
40  335  
41  335  
42  335  
43  335  
44  335  
33  336  
34  336  
35  336  
36  336  
37  336  
38  336  
27  337  
28  337  
29  337  
30  337  
31  337  
32  337  
255  335  
256  335  
257  335  
258  336  
259  336  
260  336  
261  336  
262  336  
263  336  
264  336  
265  336  
266  336  
267  336  
268  336  
269  336  
270  337  
271  337  
272  337  
273  337  
274  337  
259  339  
260  339  
261  339  
262  339  
263  339  
264  339  
265  340  
266  340  
267  340  
268  340  
269  340  
270  340  
271  340  
272  340  
273  340  
274  341  
275  341  
276  341  
277  341  
278  341  
279  341  
280  341  
135  340  
136  340  
137  340  
138  340  
139  340  
140  340  
141  340  
142  340  
143  340  
144  340  
145  340  
146  340  
147  340  
148  340  
149  340  
150  340  
151  340  
152  340  
129  341  
130  341  
131  341  
132  341  
133  341  
134  341  
128  342  
156  347  
157  347  
134  348  
135  348  
136  348  
137  348  
138  348  
139  348  
140  348  
141  348  
142  348  
143  348  
144  348  
145  348  
146  348  
147  348  
148  348  
149  348  
150  348  
151  348  
152  348  
153  348  
154  348  
155  348  
133  349  
124  350  
125  350  
119  351  
120  351  
121  351  
122  351  
123  351  
113  352  
114  352  
115  352  
116  352  
117  352  
118  352  
108  353  
109  353  
110  353  
111  353  
112  353  
103  354  
104  354  
105  354  
106  354  
107  354  
72  353  
73  353  
68  354  
69  354  
70  354  
71  354  
64  355  
65  355  
66  355  
67  355  
60  356  
61  356  
62  356  
63  356  
51  357  
52  357  
53  357  
54  357  
55  357  
56  357  
57  357  
58  357  
59  357  
46  358  
47  358  
48  358  
49  358  
50  358  
41  359  
42  359  
43  359  
44  359  
45  359  
141  353  
142  353  
143  353  
144  353  
145  353  
146  353  
147  353  
148  353  
149  353  
150  353  
151  353  
152  353  
153  353  
154  353  
155  353  
156  353  
157  353  
158  353  
159  353  
160  353  
161  353  
162  353  
163  353  
133  354  
127  355  
128  355  
129  355  
130  355  
131  355  
132  355  
122  356  
123  356  
124  356  
125  356  
126  356  
117  357  
118  357  
119  357  
120  357  
121  357  
112  358  
113  358  
114  358  
115  358  
116  358  
111  359  
210  354  
211  354  
212  354  
213  354  
214  355  
215  355  
216  355  
217  355  
218  355  
219  355  
220  355  
221  356  
222  356  
223  356  
224  356  
225  356  
226  356  
227  356  
228  356  
229  357  
230  357  
231  357  
232  357  
73  356  
74  356  
69  357  
70  357  
71  357  
72  357  
65  358  
66  358  
67  358  
68  358  
60  359  
61  359  
62  359  
63  359  
64  359  
53  360  
54  360  
55  360  
56  360  
57  360  
58  360  
59  360  
47  361  
48  361  
49  361  
50  361  
51  361  
52  361  
46  362  
209  357  
210  357  
211  357  
212  357  
213  357  
214  358  
215  358  
216  358  
217  358  
218  358  
219  358  
220  358  
221  358  
222  359  
223  359  
224  359  
225  359  
226  359  
227  359  
228  359  
229  360  
230  360  
231  360  
232  360  
233  360  
37  360  
38  360  
39  360  
32  361  
33  361  
34  361  
35  361  
36  361  
27  362  
28  362  
29  362  
30  362  
31  362  
22  363  
23  363  
24  363  
25  363  
26  363  
17  364  
18  364  
19  364  
20  364  
21  364  
16  365  
145  361  
146  361  
147  361  
148  361  
149  361  
150  361  
151  361  
152  361  
153  361  
154  361  
155  361  
156  361  
157  361  
158  361  
159  361  
160  361  
161  361  
162  361  
163  361  
164  361  
166  361  
165  362  
38  363  
33  364  
34  364  
35  364  
36  364  
37  364  
28  365  
29  365  
30  365  
31  365  
32  365  
23  366  
24  366  
25  366  
26  366  
27  366  
18  367  
19  367  
20  367  
21  367  
22  367  
17  368  
349  367  
350  367  
351  367  
352  367  
353  367  
354  367  
355  367  
356  367  
357  367  
358  367  
359  368  
360  368  
361  368  
362  368  
363  368  
364  368  
365  368  
366  368  
367  369  
368  369  
369  369  
370  369  
371  369  
372  369  
373  369  
374  369  
375  369  
205  369  
206  369  
207  369  
208  369  
209  370  
210  370  
211  370  
212  370  
213  370  
214  370  
215  371  
216  371  
217  371  
218  371  
219  371  
220  372  
221  372  
222  372  
223  372  
224  372  
225  372  
226  372  
227  372  
228  372  
229  373  
230  373  
231  373  
232  373  
233  373  
234  373  
235  374  
236  374  
237  374  
238  374  
239  374  
240  375  
241  375  
242  375  
243  375  
244  375  
245  375  
246  375  
247  375  
248  375  
249  376  
250  376  
251  376  
47  377  
43  378  
44  378  
45  378  
46  378  
39  379  
40  379  
41  379  
42  379  
35  380  
36  380  
37  380  
38  380  
31  381  
32  381  
33  381  
34  381  
26  382  
27  382  
28  382  
29  382  
30  382  
25  383  
259  377  
260  377  
261  377  
262  378  
263  378  
264  378  
265  378  
266  378  
267  378  
268  379  
269  379  
270  379  
271  379  
272  379  
273  379  
274  379  
275  379  
290  379  
291  379  
292  379  
276  380  
277  380  
278  380  
279  380  
280  380  
287  380  
288  380  
289  380  
281  381  
282  381  
283  381  
284  381  
285  381  
286  381  
237  380  
238  380  
239  381  
240  381  
241  381  
242  381  
243  381  
244  381  
245  381  
246  382  
247  382  
248  382  
249  382  
250  382  
251  382  
252  383  
253  383  
254  383  
255  383  
256  383  
257  383  
258  383  
259  384  
260  384  
232  383  
233  383  
234  383  
235  384  
236  384  
237  384  
238  384  
239  384  
240  385  
241  385  
242  385  
243  385  
244  385  
245  385  
246  385  
247  385  
248  386  
249  386  
250  386  
251  386  
252  386  
253  386  
254  386  
323  388  
314  389  
315  389  
316  389  
317  389  
318  389  
319  389  
320  389  
321  389  
322  389  
311  390  
312  390  
313  390  
308  391  
309  391  
310  391  
305  392  
306  392  
307  392  
302  393  
303  393  
304  393  
300  394  
301  394  
333  389  
334  389  
335  389  
336  390  
337  390  
338  390  
339  390  
340  390  
341  390  
342  391  
343  391  
344  391  
345  391  
346  391  
347  391  
348  391  
349  391  
350  391  
353  391  
351  392  
352  392  
157  391  
158  391  
159  391  
160  391  
161  391  
162  391  
163  391  
164  391  
165  391  
166  391  
128  392  
129  392  
130  392  
131  392  
132  392  
133  392  
134  392  
135  392  
136  392  
137  392  
138  392  
139  392  
140  392  
141  392  
142  392  
143  392  
144  392  
145  392  
146  392  
147  392  
148  392  
149  392  
150  392  
151  392  
152  392  
153  392  
154  392  
155  392  
156  392  
33  394  
29  395  
30  395  
31  395  
32  395  
25  396  
26  396  
27  396  
28  396  
21  397  
22  397  
23  397  
24  397  
17  398  
18  398  
19  398  
20  398  
13  399  
14  399  
15  399  
16  399  
232  394  
233  394  
234  394  
235  394  
236  394  
237  394  
238  394  
239  394  
240  394  
241  394  
242  394  
243  394  
230  395  
231  395  
244  395  
245  395  
246  395  
247  395  
248  395  
249  395  
229  396  
250  396  
251  396  
252  396  
253  396  
254  396  
255  396  
256  397  
257  397  
258  397  
259  397  
260  397  
261  397  
262  398  
263  398  
264  398  
265  399  
266  399  
267  399  
268  399  
269  400  
270  400  
271  400  
272  400  
273  400  
274  400  
275  400  
276  401  
277  401  
278  401  
279  401  
280  401  
281  401  
282  401  
136  396  
137  396  
138  396  
139  396  
140  396  
141  396  
142  396  
143  396  
144  396  
145  396  
146  396  
147  396  
148  396  
149  396  
150  396  
151  396  
152  396  
153  396  
154  396  
155  396  
156  396  
157  396  
158  396  
159  396  
160  396  
161  396  
162  396  
163  396  
164  396  
165  396  
128  397  
129  397  
130  397  
131  397  
132  397  
133  397  
134  397  
135  397  
234  396  
234  397  
234  398  
234  399  
234  400  
234  401  
234  402  
234  403  
233  404  
233  405  
233  406  
233  407  
233  408  
233  409  
233  410  
233  411  
233  412  
233  413  
233  414  
233  415  
233  416  
233  417  
233  418  
233  419  
233  420  
233  421  
233  422  
233  423  
233  424  
233  425  
233  426  
234  427  
234  428  
234  429  
244  398  
244  399  
244  400  
244  401  
244  402  
244  403  
244  404  
244  405  
244  406  
244  407  
244  408  
243  409  
243  410  
243  411  
243  412  
243  413  
243  414  
243  415  
243  416  
243  417  
243  418  
243  419  
225  401  
225  402  
225  403  
225  404  
225  405  
225  406  
225  407  
225  408  
225  409  
225  410  
224  411  
224  412  
224  413  
224  414  
224  415  
224  416  
224  417  
224  418  
224  419  
224  420  
224  421  
224  422  
224  423  
224  424  
224  425  
224  426  
224  427  
224  428  
224  429  
224  430  
224  431  
224  432  
224  433  
225  434  
178  402  
179  402  
180  402  
157  403  
158  403  
159  403  
160  403  
161  403  
162  403  
163  403  
164  403  
165  403  
166  403  
167  403  
168  403  
169  403  
170  403  
171  403  
172  403  
173  403  
174  403  
175  403  
176  403  
177  403  
113  404  
114  404  
115  404  
116  404  
117  404  
118  404  
119  404  
120  404  
121  404  
122  404  
123  404  
124  404  
125  404  
126  404  
127  404  
128  404  
129  404  
130  404  
131  404  
132  404  
133  404  
134  404  
135  404  
136  404  
137  404  
138  404  
139  404  
140  404  
141  404  
142  404  
143  404  
144  404  
145  404  
146  404  
147  404  
148  404  
149  404  
150  404  
151  404  
152  404  
153  404  
154  404  
155  404  
156  404  
230  402  
230  403  
230  404  
230  405  
230  406  
230  407  
230  408  
230  409  
230  410  
230  411  
230  412  
230  413  
230  414  
230  415  
230  416  
230  417  
230  418  
230  419  
230  420  
230  421  
230  422  
230  423  
230  424  
230  425  
230  426  
230  427  
230  428  
230  429  
230  430  
230  431  
230  432  
230  433  
230  434  
197  405  
197  406  
197  407  
197  408  
197  409  
197  410  
197  411  
197  412  
197  413  
197  414  
197  415  
197  416  
197  417  
197  418  
197  419  
196  420  
196  421  
196  422  
196  423  
196  424  
196  425  
196  426  
196  427  
196  428  
196  429  
196  430  
196  431  
196  432  
196  433  
196  434  
196  435  
196  436  
196  437  
196  438  
196  439  
196  440  
196  441  
197  442  
197  443  
213  405  
213  406  
213  407  
213  408  
213  409  
213  410  
213  411  
212  412  
212  413  
212  414  
212  415  
212  416  
212  417  
212  418  
212  419  
212  420  
212  421  
212  422  
212  423  
212  424  
212  425  
212  426  
212  427  
212  428  
212  429  
212  430  
212  431  
212  432  
212  433  
212  434  
212  435  
212  436  
212  437  
212  438  
212  439  
218  405  
218  406  
218  407  
218  408  
218  409  
218  410  
218  411  
218  412  
218  413  
218  414  
218  415  
218  416  
218  417  
218  418  
218  419  
218  420  
218  421  
218  422  
218  423  
218  424  
218  425  
218  426  
218  427  
218  428  
218  429  
218  430  
218  431  
218  432  
218  433  
218  434  
218  435  
218  436  
218  437  
218  438  
218  439  
90  407  
90  408  
90  409  
90  410  
90  411  
90  412  
91  413  
91  414  
91  415  
91  416  
91  417  
91  418  
91  419  
91  420  
91  421  
91  422  
91  423  
91  424  
91  425  
91  426  
91  427  
91  428  
91  429  
91  430  
91  431  
91  432  
91  433  
91  434  
91  435  
91  436  
91  437  
91  438  
91  439  
91  440  
91  441  
91  442  
92  443  
92  444  
92  445  
92  446  
92  447  
92  448  
92  449  
92  450  
92  451  
178  408  
178  409  
178  410  
178  411  
178  412  
178  413  
178  414  
178  415  
178  416  
178  417  
178  418  
177  419  
177  420  
177  421  
177  422  
177  423  
177  424  
177  425  
177  426  
177  427  
177  428  
178  429  
178  430  
178  431  
178  432  
178  433  
178  434  
178  435  
178  436  
178  437  
178  438  
178  439  
178  440  
178  441  
178  442  
178  443  
178  444  
178  445  
178  446  
202  409  
202  410  
202  411  
202  412  
202  413  
203  414  
203  415  
203  416  
203  417  
203  418  
203  419  
203  420  
203  421  
203  422  
203  423  
203  424  
203  425  
203  426  
203  427  
203  428  
203  429  
203  430  
203  431  
203  432  
203  433  
203  434  
203  435  
202  436  
202  437  
202  438  
202  439  
202  440  
202  441  
202  442  
202  443  
184  410  
184  411  
184  412  
184  413  
184  414  
184  415  
184  416  
184  417  
184  418  
184  419  
184  420  
184  421  
184  422  
184  423  
184  424  
184  425  
184  426  
184  427  
184  428  
184  429  
184  430  
184  431  
184  432  
184  433  
184  434  
184  435  
184  436  
184  437  
184  438  
184  439  
184  440  
184  441  
184  442  
184  443  
184  444  
184  445  
184  446  
184  447  
184  448  
184  449  
183  450  
101  411  
101  412  
101  413  
102  414  
102  415  
102  416  
102  417  
102  418  
102  419  
102  420  
102  421  
102  422  
102  423  
102  424  
102  425  
102  426  
102  427  
102  428  
102  429  
102  430  
103  431  
103  432  
103  433  
103  434  
103  435  
103  436  
103  437  
103  438  
103  439  
103  440  
103  441  
103  442  
103  443  
103  444  
121  412  
121  413  
121  414  
121  415  
121  416  
121  417  
121  418  
121  419  
122  420  
122  421  
122  422  
122  423  
122  424  
122  425  
122  426  
122  427  
122  428  
122  429  
122  430  
122  431  
122  432  
122  433  
122  434  
122  435  
122  436  
122  437  
122  438  
122  439  
122  440  
122  441  
122  442  
122  443  
122  444  
122  445  
122  446  
122  447  
122  448  
122  449  
142  412  
142  413  
142  414  
142  415  
142  416  
142  417  
142  418  
142  419  
142  420  
142  421  
142  422  
142  423  
143  424  
143  425  
143  426  
143  427  
143  428  
143  429  
143  430  
143  431  
143  432  
143  433  
143  434  
143  435  
143  436  
143  437  
143  438  
143  439  
143  440  
143  441  
143  442  
143  443  
143  444  
143  445  
143  446  
143  447  
143  448  
143  449  
143  450  
143  451  
143  452  
142  453  
166  412  
166  413  
166  414  
166  415  
166  416  
166  417  
166  418  
166  419  
166  420  
166  421  
166  422  
166  423  
165  424  
165  425  
165  426  
165  427  
165  428  
165  429  
164  430  
164  431  
164  432  
164  433  
164  434  
164  435  
164  436  
164  437  
164  438  
164  439  
164  440  
164  441  
164  442  
164  443  
164  444  
164  445  
164  446  
164  447  
164  448  
114  413  
114  414  
114  415  
114  416  
114  417  
114  418  
114  419  
114  420  
114  421  
114  422  
115  423  
115  424  
115  425  
115  426  
115  427  
115  428  
115  429  
115  430  
115  431  
115  432  
115  433  
115  434  
115  435  
115  436  
115  437  
115  438  
115  439  
116  440  
116  441  
116  442  
116  443  
116  444  
116  445  
116  446  
116  447  
146  414  
146  415  
147  416  
147  417  
146  418  
146  419  
146  420  
146  421  
146  422  
146  423  
146  424  
146  425  
146  426  
146  427  
146  428  
146  429  
146  430  
146  431  
146  432  
146  433  
146  434  
146  435  
146  436  
146  437  
146  438  
146  439  
146  440  
146  441  
157  414  
157  415  
157  416  
157  417  
157  418  
157  419  
157  420  
157  421  
157  422  
157  423  
157  424  
157  425  
157  426  
157  427  
157  428  
157  429  
157  430  
157  431  
157  432  
157  433  
157  434  
158  435  
158  436  
158  437  
158  438  
158  439  
158  440  
158  441  
158  442  
158  443  
158  444  
158  445  
158  446  
158  447  
158  448  
95  415  
95  416  
95  417  
95  418  
95  419  
95  420  
95  421  
95  422  
95  423  
95  424  
95  425  
95  426  
95  427  
95  428  
95  429  
95  430  
96  431  
96  432  
96  433  
96  434  
96  435  
96  436  
136  415  
136  416  
136  417  
136  418  
136  419  
136  420  
136  421  
136  422  
136  423  
136  424  
136  425  
136  426  
136  427  
136  428  
136  429  
136  430  
136  431  
136  432  
136  433  
136  434  
136  435  
136  436  
136  437  
136  438  
136  439  
137  440  
137  441  
137  442  
137  443  
137  444  
137  445  
137  446  
137  447  
137  448  
153  415  
153  416  
153  417  
153  418  
153  419  
153  420  
153  421  
153  422  
153  423  
153  424  
153  425  
153  426  
153  427  
153  428  
153  429  
153  430  
153  431  
153  432  
153  433  
153  434  
153  435  
153  436  
153  437  
153  438  
153  439  
175  458  
176  458  
177  458  
158  459  
159  459  
160  459  
161  459  
162  459  
163  459  
164  459  
165  459  
166  459  
167  459  
168  459  
169  459  
170  459  
171  459  
172  459  
173  459  
174  459  
126  460  
127  460  
130  460  
135  460  
136  460  
137  460  
138  460  
139  460  
140  460  
141  460  
142  460  
143  460  
144  460  
145  460  
146  460  
147  460  
148  460  
149  460  
150  460  
151  460  
152  460  
153  460  
154  460  
155  460  
156  460  
157  460  
128  461  
129  461  
131  461  
132  461  
133  461  
134  461  
92  459  
92  460  
92  461  
92  462  
92  463  
92  464  
92  465  
92  466  
92  467  
92  468  
92  469  
92  470  
92  471  
92  472  
92  473  
92  474  
92  475  
95  475  
96  475  
93  476  
94  476  
107  465  
108  465  
109  465  
110  465  
111  465  
112  465  
113  465  
114  465  
115  465  
116  465  
158  465  
159  465  
160  465  
161  465  
162  465  
163  465  
164  465  
165  465  
166  465  
117  466  
118  466  
119  466  
120  466  
121  466  
122  466  
123  466  
124  466  
125  466  
126  466  
127  466  
128  466  
129  466  
130  466  
131  466  
132  466  
133  466  
134  466  
135  466  
136  466  
137  466  
138  466  
139  466  
140  466  
141  466  
142  466  
143  466  
144  466  
145  466  
146  466  
147  466  
148  466  
149  466  
150  466  
151  466  
152  466  
153  466  
154  466  
155  466  
156  466  
157  466  
181  469  
182  469  
183  469  
170  470  
171  470  
172  470  
173  470  
174  470  
175  470  
176  470  
177  470  
178  470  
179  470  
180  470  
105  471  
106  471  
107  471  
108  471  
109  471  
110  471  
111  471  
163  471  
164  471  
165  471  
166  471  
167  471  
168  471  
169  471  
112  472  
113  472  
114  472  
115  472  
116  472  
117  472  
118  472  
119  472  
120  472  
121  472  
122  472  
143  472  
144  472  
145  472  
146  472  
147  472  
148  472  
149  472  
150  472  
151  472  
152  472  
153  472  
154  472  
155  472  
156  472  
157  472  
158  472  
159  472  
160  472  
161  472  
162  472  
123  473  
124  473  
125  473  
126  473  
127  473  
128  473  
129  473  
130  473  
131  473  
132  473  
133  473  
134  473  
135  473  
136  473  
137  473  
138  473  
139  473  
140  473  
141  473  
142  473  
188  490  
183  491  
184  491  
185  491  
186  491  
187  491  
179  492  
180  492  
181  492  
182  492  
169  493  
170  493  
171  493  
172  493  
173  493  
174  493  
175  493  
176  493  
177  493  
178  493  
116  495  
117  495  
118  495  
119  495  
120  495  
121  495  
122  495  
156  495  
157  495  
123  496  
124  496  
125  496  
126  496  
127  496  
128  496  
129  496  
130  496  
131  496  
132  496  
133  496  
134  496  
135  496  
136  496  
137  496  
138  496  
139  496  
140  496  
141  496  
142  496  
143  496  
144  496  
145  496  
146  496  
147  496  
148  496  
149  496  
150  496  
151  496  
152  496  
153  496  
154  496  
155  496  
183  496  
107  497  
176  497  
177  497  
178  497  
179  497  
180  497  
181  497  
182  497  
108  498  
109  498  
110  498  
111  498  
112  498  
168  498  
169  498  
170  498  
171  498  
172  498  
173  498  
174  498  
175  498  
113  499  
114  499  
115  499  
116  499  
117  499  
118  499  
119  499  
120  499  
121  499  
161  499  
162  499  
163  499  
164  499  
165  499  
166  499  
167  499  
122  500  
123  500  
124  500  
125  500  
126  500  
127  500  
128  500  
129  500  
130  500  
131  500  
132  500  
133  500  
134  500  
135  500  
136  500  
137  500  
138  500  
139  500  
140  500  
141  500  
142  500  
143  500  
144  500  
145  500  
146  500  
147  500  
148  500  
149  500  
150  500  
151  500  
152  500  
153  500  
154  500  
155  500  
156  500  
157  500  
158  500  
159  500  
160  500  
162  504  
163  504  
164  504  
165  504  
166  504  
167  504  
168  504  
169  504  
170  504  
171  504  
147  505  
148  505  
149  505  
150  505  
151  505  
152  505  
153  505  
154  505  
155  505  
156  505  
157  505  
158  505  
159  505  
160  505  
161  505  
133  535  
134  535  
135  535  
136  535  
159  535  
160  535  
161  535  
162  535  
137  536  
138  536  
139  536  
140  536  
141  536  
142  536  
143  536  
144  536  
145  536  
146  536  
147  536  
148  536  
149  536  
150  536  
151  536  
152  536  
153  536  
154  536  
155  536  
156  536  
157  536  
158  536  
98  582  
98  583  
98  584  
98  585  
98  586  
98  587  
98  588  
98  589  
98  590  
98  591  
99  592  
99  593  
99  594  
99  595  
99  596  
99  597  
99  598  
99  599  
99  600  
99  601  
99  602  
99  603  
99  604  
100  605  
100  606  
100  607  
100  608  
100  609  
100  610  
100  611  
100  612  
100  613  
100  614  
100  615  
100  616  
100  617  
100  618  
113  607  
113  608  
114  609  
114  610  
114  611  
115  612  
115  613  
115  614  
115  615  
115  616  
116  617  
116  618  
116  619  
116  620  
116  621  
117  622  
117  623  
117  624  
117  625  
117  626  
117  627  
117  628  
117  629  
117  630  
118  631  
118  632  
118  633  
117  634  
117  635  
117  636  
117  637  
117  638  
117  639  
