81  
22  35  35  25  20  27  46  44  25  40  35  48  28  51  26  33  53  21  28  20  38  27  31  22  29  35  38  29  24  37  20  40  24  21  29  36  23  24  22  32  43  32  35  41  32  21  30  21  28  29  21  32  22  76  80  79  79  73  55  62  26  22  41  27  44  28  22  28  25  41  22  22  34  21  20  21  24  20  33  28  25  
208  10  
209  10  
210  10  
211  10  
212  10  
213  10  
214  10  
204  11  
205  11  
206  11  
207  11  
201  12  
202  12  
203  12  
193  13  
194  13  
195  13  
196  13  
197  13  
198  13  
199  13  
200  13  
477  15  
477  16  
477  17  
477  18  
477  19  
477  20  
477  21  
477  22  
477  23  
478  24  
478  25  
478  26  
478  27  
478  28  
478  29  
478  30  
478  31  
478  32  
478  33  
478  34  
478  35  
479  36  
479  37  
479  38  
479  39  
479  40  
479  41  
479  42  
479  43  
479  44  
479  45  
479  46  
479  47  
479  48  
479  49  
134  19  
135  19  
136  19  
137  19  
166  19  
167  19  
168  19  
138  20  
139  20  
140  20  
141  20  
142  20  
143  20  
144  20  
145  20  
146  20  
162  20  
163  20  
164  20  
165  20  
147  21  
148  21  
149  21  
150  21  
151  21  
152  21  
153  21  
154  21  
158  21  
159  21  
160  21  
161  21  
155  22  
156  22  
157  22  
83  38  
84  38  
105  38  
106  38  
107  38  
85  39  
86  39  
87  39  
88  39  
89  39  
90  39  
91  39  
92  39  
98  39  
99  39  
100  39  
101  39  
102  39  
103  39  
104  39  
93  40  
94  40  
95  40  
96  40  
97  40  
78  40  
79  41  
80  41  
81  41  
82  42  
83  42  
84  42  
85  42  
86  43  
87  43  
88  43  
89  43  
90  43  
91  43  
92  43  
93  43  
94  43  
95  43  
96  43  
97  43  
223  40  
223  41  
223  42  
223  43  
223  44  
223  45  
223  46  
223  47  
223  48  
223  49  
223  50  
223  51  
223  52  
223  53  
223  54  
223  55  
223  56  
223  57  
223  58  
223  59  
223  60  
223  61  
223  62  
223  63  
223  64  
223  65  
223  66  
70  43  
70  44  
70  45  
70  46  
70  47  
71  48  
71  49  
71  50  
71  51  
71  52  
71  53  
71  54  
71  55  
71  56  
71  57  
71  58  
71  59  
72  60  
72  61  
72  62  
72  63  
72  64  
72  65  
72  66  
72  67  
72  68  
73  69  
73  70  
73  71  
73  72  
73  73  
73  74  
73  75  
73  76  
73  77  
73  78  
73  79  
73  80  
73  81  
74  82  
74  83  
74  84  
74  85  
74  86  
74  87  
74  88  
211  43  
211  44  
211  45  
211  46  
211  47  
211  48  
211  49  
211  50  
211  51  
211  52  
211  53  
211  54  
211  55  
211  56  
211  57  
211  58  
211  59  
211  60  
211  61  
211  62  
211  63  
211  64  
211  65  
211  66  
211  67  
211  68  
211  69  
211  70  
211  71  
211  72  
210  73  
210  74  
210  75  
210  76  
210  77  
210  78  
210  79  
210  80  
210  81  
210  82  
211  83  
211  84  
211  85  
211  86  
220  43  
220  44  
220  45  
220  46  
220  47  
220  48  
220  49  
220  50  
220  51  
220  52  
220  53  
220  54  
220  55  
220  56  
220  57  
220  58  
220  59  
220  60  
220  61  
220  62  
220  63  
220  64  
220  65  
220  66  
220  67  
217  44  
217  45  
217  46  
217  47  
217  48  
217  49  
217  50  
217  51  
217  52  
217  53  
217  54  
217  55  
217  56  
217  57  
217  58  
217  59  
217  60  
217  61  
217  62  
217  63  
217  64  
217  65  
217  66  
217  67  
217  68  
217  69  
217  70  
217  71  
217  72  
217  73  
217  74  
217  75  
217  76  
217  77  
217  78  
216  79  
216  80  
217  81  
217  82  
217  83  
194  45  
194  46  
194  47  
193  48  
193  49  
193  50  
193  51  
193  52  
193  53  
193  54  
193  55  
193  56  
193  57  
193  58  
193  59  
193  60  
194  61  
194  62  
194  63  
194  64  
194  65  
194  66  
194  67  
194  68  
194  69  
194  70  
194  71  
194  72  
194  73  
194  74  
194  75  
194  76  
194  77  
194  78  
194  79  
187  49  
187  50  
187  51  
187  52  
187  53  
187  54  
187  55  
187  56  
187  57  
187  58  
187  59  
187  60  
187  61  
187  62  
187  63  
187  64  
187  65  
187  66  
187  67  
187  68  
187  69  
187  70  
187  71  
187  72  
187  73  
187  74  
187  75  
187  76  
187  77  
187  78  
187  79  
187  80  
187  81  
187  82  
187  83  
187  84  
187  85  
187  86  
187  87  
187  88  
188  89  
188  90  
188  91  
188  92  
188  93  
188  94  
189  95  
190  95  
197  50  
197  51  
197  52  
197  53  
197  54  
197  55  
197  56  
197  57  
197  58  
197  59  
197  60  
197  61  
197  62  
197  63  
197  64  
197  65  
197  66  
197  67  
197  68  
197  69  
197  70  
197  71  
197  72  
197  73  
197  74  
197  75  
197  76  
197  77  
124  51  
124  52  
124  53  
124  54  
124  55  
124  56  
124  57  
124  58  
124  59  
124  60  
125  61  
125  62  
125  63  
125  64  
125  65  
125  66  
125  67  
125  68  
125  69  
125  70  
125  71  
125  72  
125  73  
125  74  
125  75  
125  76  
125  77  
125  78  
125  79  
125  80  
125  81  
125  82  
126  83  
126  84  
126  85  
126  86  
126  87  
126  88  
126  89  
126  90  
126  91  
126  92  
125  93  
125  94  
125  95  
125  96  
125  97  
125  98  
124  99  
123  100  
123  101  
229  51  
229  52  
229  53  
229  54  
229  55  
229  56  
229  57  
229  58  
229  59  
229  60  
229  61  
229  62  
229  63  
229  64  
229  65  
229  66  
229  67  
229  68  
228  69  
229  70  
229  71  
229  72  
229  73  
229  74  
229  75  
229  76  
139  53  
139  54  
139  55  
139  56  
139  57  
139  58  
139  59  
139  60  
139  61  
139  62  
139  63  
139  64  
139  65  
139  66  
139  67  
139  68  
140  69  
140  70  
140  71  
140  72  
140  73  
140  74  
140  75  
140  76  
140  77  
140  78  
140  79  
140  80  
140  81  
140  82  
140  83  
140  84  
140  85  
311  61  
312  61  
313  61  
307  62  
308  62  
309  62  
310  62  
303  63  
304  63  
305  63  
306  63  
299  64  
300  64  
301  64  
302  64  
295  65  
296  65  
297  65  
298  65  
292  66  
293  66  
294  66  
288  67  
289  67  
290  67  
291  67  
284  68  
285  68  
286  68  
287  68  
261  69  
262  69  
280  69  
281  69  
282  69  
283  69  
263  70  
264  70  
265  70  
266  70  
267  70  
268  70  
277  70  
278  70  
279  70  
269  71  
270  71  
271  71  
272  71  
273  71  
274  71  
275  71  
276  71  
173  62  
173  63  
173  64  
173  65  
173  66  
173  67  
173  68  
173  69  
173  70  
173  71  
174  72  
174  73  
174  74  
174  75  
174  76  
174  77  
174  78  
174  79  
174  80  
174  81  
174  82  
148  65  
148  66  
148  67  
148  68  
148  69  
148  70  
148  71  
148  72  
148  73  
148  74  
148  75  
148  76  
148  77  
148  78  
148  79  
148  80  
148  81  
148  82  
148  83  
148  84  
148  85  
148  86  
148  87  
148  88  
148  89  
148  90  
148  91  
148  92  
315  65  
316  65  
317  65  
311  66  
312  66  
313  66  
314  66  
307  67  
308  67  
309  67  
310  67  
303  68  
304  68  
305  68  
306  68  
299  69  
300  69  
301  69  
302  69  
298  70  
381  70  
381  71  
381  72  
381  73  
381  74  
381  75  
381  76  
381  77  
381  78  
381  79  
381  80  
380  81  
380  82  
380  83  
380  84  
380  85  
380  86  
380  87  
380  88  
380  89  
379  90  
379  91  
379  92  
379  93  
379  94  
379  95  
379  96  
379  97  
379  98  
379  99  
379  100  
379  101  
379  102  
379  103  
379  104  
379  105  
379  106  
379  107  
115  72  
115  73  
115  74  
115  75  
115  76  
115  77  
115  78  
115  79  
115  80  
115  81  
115  82  
115  83  
115  84  
114  85  
114  86  
113  87  
113  88  
113  89  
113  90  
113  91  
113  92  
113  93  
114  94  
114  95  
114  96  
114  97  
114  98  
374  72  
374  73  
374  74  
374  75  
374  76  
374  77  
374  78  
374  79  
374  80  
374  81  
373  82  
373  83  
373  84  
373  85  
373  86  
373  87  
373  88  
373  89  
373  90  
373  91  
373  92  
372  93  
372  94  
372  95  
372  96  
372  97  
372  98  
372  99  
372  100  
372  101  
372  102  
425  73  
426  73  
427  73  
428  74  
429  74  
430  74  
431  74  
432  74  
433  74  
434  74  
435  74  
436  74  
437  75  
438  75  
439  75  
440  75  
441  75  
442  75  
443  75  
444  76  
445  76  
446  76  
384  74  
384  75  
384  76  
384  77  
384  78  
384  79  
384  80  
384  81  
384  82  
384  83  
383  84  
383  85  
383  86  
383  87  
383  88  
383  89  
383  90  
383  91  
383  92  
383  93  
383  94  
383  95  
382  96  
382  97  
382  98  
382  99  
382  100  
382  101  
382  102  
343  84  
343  85  
343  86  
343  87  
343  88  
343  89  
343  90  
343  91  
343  92  
343  93  
342  94  
342  95  
342  96  
342  97  
342  98  
342  99  
342  100  
342  101  
342  102  
342  103  
342  104  
342  105  
342  106  
341  107  
341  108  
341  109  
341  110  
341  111  
341  112  
341  113  
341  114  
341  115  
341  116  
341  117  
341  118  
338  86  
338  87  
338  88  
338  89  
337  90  
337  91  
337  92  
337  93  
337  94  
337  95  
337  96  
337  97  
337  98  
337  99  
337  100  
337  101  
337  102  
337  103  
336  104  
336  105  
336  106  
336  107  
336  108  
336  109  
336  110  
336  111  
336  112  
336  113  
336  114  
336  115  
336  116  
336  117  
335  118  
335  119  
335  120  
335  121  
335  122  
335  123  
228  88  
228  89  
228  90  
228  91  
228  92  
228  93  
228  94  
228  95  
228  96  
228  97  
228  98  
228  99  
228  100  
228  101  
228  102  
228  103  
228  104  
228  105  
228  106  
228  107  
228  108  
228  109  
228  110  
228  111  
228  112  
228  113  
228  114  
228  115  
228  116  
292  91  
293  91  
282  92  
283  92  
284  92  
285  92  
286  92  
287  92  
288  92  
289  92  
290  92  
291  92  
270  93  
271  93  
272  93  
273  93  
274  93  
275  93  
276  93  
277  93  
278  93  
279  93  
280  93  
281  93  
367  91  
367  92  
367  93  
367  94  
367  95  
367  96  
367  97  
367  98  
367  99  
366  100  
366  101  
366  102  
366  103  
366  104  
366  105  
366  106  
365  107  
365  108  
365  109  
365  110  
365  111  
365  112  
365  113  
365  114  
365  115  
365  116  
365  117  
365  118  
365  119  
365  120  
365  121  
365  122  
365  123  
364  124  
364  125  
364  126  
364  127  
431  91  
432  91  
433  91  
434  91  
435  91  
436  91  
448  91  
449  91  
450  91  
437  92  
438  92  
439  92  
440  92  
441  92  
442  92  
443  92  
444  92  
445  92  
446  92  
447  92  
295  93  
295  94  
295  95  
295  96  
295  97  
295  98  
295  99  
295  100  
295  101  
295  102  
295  103  
295  104  
295  105  
295  106  
295  107  
295  108  
295  109  
294  110  
294  111  
294  112  
294  113  
294  114  
294  115  
294  116  
294  117  
294  118  
294  119  
294  120  
294  121  
294  122  
294  123  
294  124  
294  125  
294  126  
294  127  
294  128  
294  129  
294  130  
294  131  
294  132  
75  96  
75  97  
75  98  
75  99  
75  100  
75  101  
75  102  
75  103  
75  104  
75  105  
75  106  
75  107  
76  108  
76  109  
76  110  
76  111  
76  112  
76  113  
76  114  
76  115  
76  116  
76  117  
76  118  
76  119  
352  97  
352  98  
352  99  
352  100  
352  101  
352  102  
352  103  
352  104  
352  105  
351  106  
351  107  
351  108  
351  109  
351  110  
351  111  
351  112  
351  113  
351  114  
351  115  
351  116  
351  117  
300  103  
299  104  
299  105  
299  106  
299  107  
299  108  
299  109  
299  110  
299  111  
299  112  
299  113  
299  114  
299  115  
299  116  
299  117  
299  118  
299  119  
299  120  
299  121  
299  122  
299  123  
299  124  
299  125  
299  126  
298  127  
298  128  
298  129  
298  130  
298  131  
302  103  
302  104  
302  105  
302  106  
302  107  
302  108  
302  109  
302  110  
302  111  
302  112  
302  113  
302  114  
302  115  
302  116  
302  117  
302  118  
302  119  
302  120  
302  121  
302  122  
302  123  
301  124  
301  125  
301  126  
301  127  
301  128  
301  129  
301  130  
301  131  
301  132  
303  132  
301  133  
303  133  
301  134  
303  134  
302  135  
305  103  
305  104  
305  105  
305  106  
305  107  
305  108  
305  109  
305  110  
305  111  
305  112  
305  113  
305  114  
305  115  
304  116  
304  117  
304  118  
304  119  
304  120  
304  121  
304  122  
304  123  
304  124  
304  125  
312  105  
312  106  
312  107  
312  108  
312  109  
312  110  
312  111  
312  112  
312  113  
312  114  
312  115  
312  116  
312  117  
312  118  
312  119  
312  120  
311  121  
311  122  
311  123  
311  124  
311  125  
311  126  
311  127  
311  128  
398  105  
398  106  
398  107  
398  108  
397  109  
397  110  
397  111  
397  112  
397  113  
397  114  
397  115  
397  116  
397  117  
396  118  
396  119  
396  120  
396  121  
396  122  
396  123  
396  124  
396  125  
396  126  
266  109  
266  110  
266  111  
266  112  
265  113  
265  114  
265  115  
265  116  
265  117  
265  118  
265  119  
265  120  
265  121  
265  122  
265  123  
265  124  
265  125  
265  126  
265  127  
265  128  
265  129  
265  130  
265  131  
265  132  
265  133  
265  134  
265  135  
265  136  
265  137  
265  138  
265  139  
265  140  
417  115  
417  116  
417  117  
417  118  
417  119  
417  120  
417  121  
417  122  
417  123  
416  124  
416  125  
416  126  
416  127  
416  128  
416  129  
416  130  
416  131  
416  132  
415  133  
415  134  
415  135  
415  136  
415  137  
415  138  
415  139  
415  140  
415  141  
414  142  
414  143  
414  144  
414  145  
414  146  
414  147  
413  148  
413  149  
413  150  
413  151  
413  152  
413  153  
413  154  
413  155  
413  156  
413  157  
111  120  
112  120  
113  120  
114  120  
115  120  
116  121  
117  121  
118  121  
119  121  
120  121  
121  121  
122  121  
123  122  
124  122  
125  122  
126  122  
127  122  
128  122  
129  123  
130  123  
131  123  
132  123  
133  123  
134  123  
135  123  
136  123  
137  123  
138  124  
139  124  
140  124  
141  124  
142  125  
84  134  
85  134  
86  134  
87  135  
88  135  
89  135  
90  135  
91  135  
92  135  
93  135  
94  136  
95  136  
96  136  
97  136  
98  136  
99  136  
100  136  
101  137  
102  137  
103  137  
104  137  
105  137  
106  137  
107  137  
108  138  
109  138  
110  138  
111  138  
112  138  
113  138  
114  138  
115  139  
116  139  
117  139  
118  139  
79  137  
80  137  
81  137  
82  137  
83  137  
84  137  
85  138  
86  138  
87  138  
88  138  
89  138  
90  138  
91  138  
92  138  
93  139  
94  139  
95  139  
96  139  
97  139  
98  139  
99  139  
100  140  
101  140  
102  140  
103  140  
104  140  
105  140  
106  140  
107  141  
108  141  
109  141  
110  141  
111  141  
112  141  
113  141  
114  142  
115  142  
116  142  
117  142  
118  142  
119  142  
91  143  
92  143  
93  143  
94  144  
95  144  
96  144  
97  144  
98  144  
99  144  
100  145  
101  145  
102  145  
103  145  
104  145  
105  146  
106  146  
107  146  
108  146  
109  146  
110  146  
111  146  
112  147  
113  147  
114  147  
115  147  
116  147  
117  147  
118  147  
119  148  
120  148  
121  148  
122  148  
135  145  
136  145  
137  145  
138  145  
139  145  
140  145  
141  145  
142  145  
143  146  
144  146  
145  146  
146  146  
147  146  
148  146  
149  147  
150  147  
151  147  
152  147  
153  147  
154  147  
155  147  
115  153  
116  153  
117  153  
118  153  
119  154  
120  154  
121  154  
122  154  
123  154  
124  154  
125  154  
126  155  
127  155  
128  155  
129  155  
130  155  
131  155  
132  155  
133  155  
134  155  
135  155  
136  155  
137  155  
138  155  
139  155  
140  155  
141  156  
142  156  
143  156  
144  156  
304  162  
304  163  
304  164  
304  165  
304  166  
304  167  
304  168  
304  169  
304  170  
304  171  
304  172  
304  173  
304  174  
304  175  
304  176  
304  177  
304  178  
304  179  
303  180  
303  181  
303  182  
123  186  
124  186  
125  187  
126  187  
127  187  
128  187  
129  187  
130  187  
131  187  
132  188  
133  188  
134  188  
135  188  
136  188  
137  188  
138  188  
139  188  
140  188  
141  188  
142  188  
143  188  
144  188  
145  188  
146  188  
147  188  
148  188  
149  189  
150  189  
177  186  
178  186  
179  186  
180  186  
170  187  
171  187  
172  187  
173  187  
174  187  
175  187  
176  187  
152  188  
153  188  
154  188  
155  188  
156  188  
157  188  
158  188  
159  188  
160  188  
161  188  
162  188  
163  188  
164  188  
165  188  
166  188  
167  188  
168  188  
169  188  
242  188  
243  188  
244  188  
245  188  
246  188  
247  188  
248  188  
249  188  
250  188  
251  188  
252  188  
253  188  
254  188  
255  188  
256  188  
257  188  
258  188  
259  188  
260  188  
261  188  
262  188  
119  189  
120  189  
121  189  
122  189  
123  189  
124  189  
125  190  
126  190  
127  190  
128  190  
129  190  
130  190  
131  190  
132  191  
133  191  
134  191  
135  191  
136  191  
137  191  
138  191  
139  191  
140  191  
141  191  
142  191  
143  191  
144  191  
145  191  
146  191  
147  192  
148  192  
149  192  
150  192  
177  189  
178  189  
179  189  
170  190  
171  190  
172  190  
173  190  
174  190  
175  190  
176  190  
158  191  
159  191  
160  191  
161  191  
162  191  
163  191  
164  191  
165  191  
166  191  
167  191  
168  191  
169  191  
188  205  
189  205  
190  205  
191  205  
116  206  
117  206  
118  206  
119  206  
120  206  
184  206  
185  206  
186  206  
187  206  
121  207  
122  207  
123  207  
124  207  
179  207  
180  207  
181  207  
182  207  
183  207  
125  208  
126  208  
127  208  
128  208  
129  208  
130  208  
172  208  
173  208  
174  208  
175  208  
176  208  
177  208  
178  208  
131  209  
132  209  
133  209  
134  209  
135  209  
136  209  
137  209  
138  209  
139  209  
140  209  
141  209  
161  209  
162  209  
163  209  
164  209  
165  209  
166  209  
167  209  
168  209  
169  209  
170  209  
171  209  
142  210  
143  210  
144  210  
145  210  
146  210  
147  210  
148  210  
149  210  
150  210  
151  210  
152  210  
153  210  
154  210  
155  210  
156  210  
157  210  
158  210  
159  210  
160  210  
112  208  
113  208  
114  208  
115  208  
189  208  
190  208  
191  208  
116  209  
117  209  
118  209  
119  209  
184  209  
185  209  
186  209  
187  209  
188  209  
120  210  
121  210  
122  210  
123  210  
124  210  
179  210  
180  210  
181  210  
182  210  
183  210  
125  211  
126  211  
127  211  
128  211  
129  211  
130  211  
131  211  
171  211  
172  211  
173  211  
174  211  
175  211  
176  211  
177  211  
178  211  
132  212  
133  212  
134  212  
135  212  
136  212  
137  212  
138  212  
139  212  
140  212  
141  212  
142  212  
161  212  
162  212  
163  212  
164  212  
165  212  
166  212  
167  212  
168  212  
169  212  
170  212  
143  213  
144  213  
145  213  
146  213  
147  213  
148  213  
149  213  
150  213  
151  213  
152  213  
153  213  
154  213  
155  213  
156  213  
157  213  
158  213  
159  213  
160  213  
300  212  
293  213  
294  213  
295  213  
296  213  
297  213  
298  213  
299  213  
286  214  
287  214  
288  214  
289  214  
290  214  
291  214  
292  214  
222  215  
223  215  
224  215  
225  215  
275  215  
276  215  
277  215  
278  215  
279  215  
280  215  
281  215  
282  215  
283  215  
284  215  
285  215  
226  216  
227  216  
228  216  
229  216  
230  216  
231  216  
232  216  
233  216  
234  216  
235  216  
236  216  
237  216  
238  216  
239  216  
240  216  
241  216  
242  216  
243  216  
244  216  
255  216  
256  216  
257  216  
258  216  
259  216  
260  216  
261  216  
262  216  
263  216  
264  216  
265  216  
266  216  
267  216  
268  216  
269  216  
270  216  
271  216  
272  216  
273  216  
274  216  
245  217  
246  217  
247  217  
248  217  
249  217  
250  217  
251  217  
252  217  
253  217  
254  217  
298  215  
299  215  
291  216  
292  216  
293  216  
294  216  
295  216  
296  216  
297  216  
283  217  
284  217  
285  217  
286  217  
287  217  
288  217  
289  217  
290  217  
221  218  
222  218  
223  218  
224  218  
225  218  
226  218  
227  218  
228  218  
229  218  
270  218  
271  218  
272  218  
273  218  
274  218  
275  218  
276  218  
277  218  
278  218  
279  218  
280  218  
281  218  
282  218  
230  219  
231  219  
232  219  
233  219  
234  219  
235  219  
236  219  
237  219  
238  219  
239  219  
240  219  
241  219  
242  219  
243  219  
244  219  
245  219  
246  219  
247  219  
248  219  
249  219  
250  219  
251  219  
252  219  
253  219  
254  219  
255  219  
256  219  
257  219  
258  219  
259  219  
260  219  
261  219  
262  219  
263  219  
264  219  
265  219  
266  219  
267  219  
268  219  
269  219  
286  221  
287  221  
288  221  
289  221  
217  222  
218  222  
219  222  
220  222  
221  222  
222  222  
223  222  
276  222  
277  222  
278  222  
279  222  
280  222  
281  222  
282  222  
283  222  
284  222  
285  222  
224  223  
225  223  
226  223  
227  223  
228  223  
229  223  
230  223  
231  223  
232  223  
233  223  
234  223  
235  223  
236  223  
237  223  
238  223  
239  223  
240  223  
241  223  
242  223  
243  223  
258  223  
259  223  
260  223  
261  223  
262  223  
263  223  
264  223  
265  223  
266  223  
267  223  
268  223  
269  223  
270  223  
271  223  
272  223  
273  223  
274  223  
275  223  
244  224  
245  224  
246  224  
247  224  
248  224  
249  224  
250  224  
251  224  
252  224  
253  224  
254  224  
255  224  
256  224  
257  224  
182  224  
176  225  
177  225  
178  225  
179  225  
180  225  
181  225  
128  226  
129  226  
130  226  
131  226  
132  226  
133  226  
134  226  
135  226  
167  226  
168  226  
169  226  
170  226  
171  226  
172  226  
173  226  
174  226  
175  226  
136  227  
137  227  
138  227  
139  227  
140  227  
141  227  
142  227  
143  227  
144  227  
145  227  
146  227  
147  227  
157  227  
158  227  
159  227  
160  227  
161  227  
162  227  
163  227  
164  227  
165  227  
166  227  
148  228  
149  228  
150  228  
151  228  
152  228  
153  228  
154  228  
155  228  
156  228  
181  227  
182  227  
183  227  
184  227  
185  227  
124  228  
125  228  
126  228  
127  228  
128  228  
176  228  
177  228  
178  228  
179  228  
180  228  
129  229  
130  229  
131  229  
132  229  
133  229  
134  229  
135  229  
168  229  
169  229  
170  229  
171  229  
172  229  
173  229  
174  229  
175  229  
136  230  
137  230  
138  230  
139  230  
140  230  
141  230  
142  230  
143  230  
144  230  
145  230  
146  230  
151  230  
152  230  
153  230  
155  230  
156  230  
157  230  
158  230  
159  230  
160  230  
161  230  
162  230  
163  230  
164  230  
165  230  
166  230  
167  230  
147  231  
148  231  
149  231  
150  231  
154  231  
327  229  
328  229  
324  230  
325  230  
326  230  
321  231  
322  231  
323  231  
318  232  
319  232  
320  232  
315  233  
316  233  
317  233  
311  234  
312  234  
313  234  
314  234  
307  235  
308  235  
309  235  
310  235  
303  236  
304  236  
305  236  
306  236  
289  234  
280  235  
281  235  
282  235  
283  235  
284  235  
285  235  
286  235  
287  235  
288  235  
268  236  
269  236  
270  236  
271  236  
272  236  
273  236  
274  236  
275  236  
276  236  
277  236  
278  236  
279  236  
178  239  
179  239  
180  239  
181  239  
173  240  
174  240  
175  240  
176  240  
177  240  
141  241  
142  241  
143  241  
144  241  
145  241  
163  241  
164  241  
165  241  
166  241  
167  241  
168  241  
169  241  
170  241  
171  241  
172  241  
146  242  
147  242  
148  242  
149  242  
150  242  
151  242  
152  242  
153  242  
154  242  
155  242  
156  242  
157  242  
158  242  
159  242  
160  242  
161  242  
162  242  
285  239  
286  239  
287  239  
288  239  
278  240  
279  240  
280  240  
281  240  
282  240  
283  240  
284  240  
267  241  
268  241  
269  241  
270  241  
271  241  
272  241  
273  241  
274  241  
275  241  
276  241  
277  241  
262  242  
263  242  
264  242  
265  242  
266  242  
181  241  
177  242  
178  242  
179  242  
180  242  
171  243  
172  243  
173  243  
174  243  
175  243  
176  243  
138  244  
139  244  
140  244  
141  244  
142  244  
143  244  
144  244  
145  244  
146  244  
164  244  
165  244  
166  244  
167  244  
168  244  
169  244  
170  244  
147  245  
148  245  
149  245  
150  245  
151  245  
152  245  
153  245  
154  245  
155  245  
156  245  
157  245  
158  245  
159  245  
160  245  
161  245  
162  245  
163  245  
283  242  
284  242  
285  242  
286  242  
287  242  
288  242  
289  242  
276  243  
277  243  
278  243  
279  243  
280  243  
281  243  
282  243  
263  244  
264  244  
265  244  
266  244  
267  244  
268  244  
269  244  
270  244  
271  244  
272  244  
273  244  
274  244  
275  244  
262  245  
220  273  
221  273  
222  273  
223  273  
224  273  
225  274  
226  274  
227  274  
228  274  
229  274  
230  274  
231  274  
232  274  
233  274  
234  274  
235  274  
236  274  
237  274  
238  274  
239  274  
240  275  
241  275  
290  274  
291  274  
284  275  
285  275  
286  275  
287  275  
288  275  
289  275  
276  276  
277  276  
278  276  
279  276  
280  276  
281  276  
282  276  
283  276  
264  277  
265  277  
266  277  
267  277  
268  277  
269  277  
270  277  
271  277  
272  277  
273  277  
274  277  
275  277  
218  276  
219  276  
220  276  
221  277  
222  277  
223  277  
224  277  
225  277  
226  277  
227  277  
228  277  
229  277  
230  277  
231  277  
232  277  
233  278  
234  278  
235  278  
236  278  
237  278  
238  278  
239  278  
240  278  
241  278  
242  278  
213  280  
214  280  
215  280  
216  280  
217  281  
218  281  
219  281  
220  281  
221  281  
222  281  
223  281  
224  281  
225  281  
226  281  
227  282  
228  282  
229  282  
230  282  
231  282  
232  282  
233  282  
234  282  
235  282  
236  282  
237  282  
238  282  
239  282  
240  282  
241  282  
242  282  
243  282  
244  282  
245  282  
246  282  
247  282  
248  282  
249  282  
250  282  
251  282  
252  282  
253  282  
299  280  
300  280  
295  281  
296  281  
297  281  
298  281  
290  282  
291  282  
292  282  
293  282  
294  282  
284  283  
285  283  
286  283  
287  283  
288  283  
289  283  
279  284  
280  284  
281  284  
282  284  
283  284  
146  284  
146  285  
146  286  
146  287  
146  288  
146  289  
147  290  
147  291  
147  292  
147  293  
147  294  
147  295  
147  296  
147  297  
147  298  
147  299  
147  300  
147  301  
147  302  
147  303  
147  304  
146  305  
261  285  
262  285  
263  285  
264  285  
265  285  
266  285  
267  285  
268  285  
269  285  
270  285  
271  285  
238  286  
239  286  
240  286  
241  286  
242  286  
243  286  
244  286  
245  286  
246  286  
247  286  
248  286  
249  286  
250  286  
251  286  
252  286  
253  286  
254  286  
255  286  
256  286  
257  286  
258  286  
259  286  
260  286  
149  286  
149  287  
149  288  
150  289  
150  290  
150  291  
150  292  
150  293  
150  294  
150  295  
150  296  
150  297  
150  298  
150  299  
150  300  
150  301  
150  302  
150  303  
150  304  
150  305  
150  306  
153  287  
153  288  
153  289  
153  290  
153  291  
153  292  
153  293  
153  294  
153  295  
153  296  
153  297  
153  298  
153  299  
153  300  
153  301  
153  302  
153  303  
153  304  
153  305  
153  306  
156  287  
156  288  
156  289  
156  290  
156  291  
156  292  
156  293  
157  294  
157  295  
157  296  
157  297  
157  298  
157  299  
157  300  
157  301  
157  302  
157  303  
157  304  
157  305  
157  306  
157  307  
223  405  
223  406  
223  407  
223  408  
223  409  
223  410  
223  411  
223  412  
223  413  
223  414  
223  415  
223  416  
223  417  
223  418  
223  419  
223  420  
223  421  
223  422  
223  423  
222  424  
222  425  
222  426  
222  427  
222  428  
252  413  
252  414  
252  415  
252  416  
252  417  
252  418  
252  419  
252  420  
252  421  
252  422  
252  423  
252  424  
252  425  
252  426  
252  427  
252  428  
251  429  
251  430  
252  431  
252  432  
469  507  
469  508  
469  509  
469  510  
469  511  
469  512  
469  513  
469  514  
469  515  
469  516  
469  517  
469  518  
469  519  
469  520  
469  521  
470  522  
470  523  
470  524  
470  525  
470  526  
471  527  
471  528  
471  529  
471  530  
471  531  
472  532  
472  533  
472  534  
472  535  
473  536  
473  537  
473  538  
473  539  
472  508  
472  509  
472  510  
472  511  
472  512  
472  513  
472  514  
472  515  
472  516  
472  517  
472  518  
472  519  
472  520  
472  521  
473  522  
473  523  
473  524  
473  525  
473  526  
474  527  
474  528  
474  529  
474  530  
474  531  
475  532  
475  533  
475  534  
475  535  
322  553  
322  554  
321  555  
321  556  
321  557  
321  558  
321  559  
321  560  
321  561  
321  562  
320  563  
320  564  
320  565  
320  566  
320  567  
320  568  
320  569  
320  570  
320  571  
320  572  
320  573  
320  574  
320  575  
320  576  
320  577  
