444  2  
444  3  
444  4  
444  5  
444  6  
444  7  
444  8  
444  9  
444  10  
444  11  
444  12  
444  13  
444  14  
444  15  
444  16  
444  17  
444  18  
443  19  
443  20  
443  21  
443  22  
443  23  
443  24  
443  25  
443  26  
443  27  
443  28  
443  29  
443  30  
443  31  
443  32  
443  33  
451  2  
451  3  
451  4  
451  5  
451  6  
451  7  
451  8  
451  9  
451  10  
451  11  
451  12  
451  13  
451  14  
451  15  
451  16  
451  17  
451  18  
451  19  
451  20  
451  21  
451  22  
451  23  
451  24  
451  25  
450  26  
450  27  
450  28  
450  29  
450  30  
450  31  
450  32  
450  33  
450  34  
450  35  
450  36  
450  37  
450  38  
450  39  
449  40  
449  41  
449  42  
449  43  
449  44  
449  45  
449  46  
449  47  
449  48  
449  49  
449  50  
449  51  
449  52  
449  53  
449  54  
449  55  
449  56  
449  57  
449  58  
449  59  
449  60  
449  61  
449  62  
449  63  
449  64  
449  65  
449  66  
449  67  
449  68  
450  69  
450  70  
450  71  
450  72  
450  73  
450  74  
450  75  
450  76  
450  77  
450  78  
450  79  
450  80  
450  81  
450  82  
450  83  
450  84  
450  85  
450  86  
450  87  
450  88  
450  89  
450  90  
450  91  
450  92  
450  93  
450  94  
450  95  
449  96  
449  97  
449  98  
449  99  
449  100  
449  101  
450  102  
450  103  
450  104  
450  105  
450  106  
450  107  
450  108  
450  109  
450  110  
450  111  
450  112  
450  113  
450  114  
450  115  
450  116  
450  117  
450  118  
450  119  
450  120  
450  121  
450  122  
450  123  
450  124  
450  125  
450  126  
450  127  
450  128  
450  129  
450  130  
450  131  
450  132  
450  133  
450  134  
450  135  
450  136  
450  137  
450  138  
450  139  
450  140  
450  141  
450  142  
450  143  
450  144  
450  145  
450  146  
450  147  
450  148  
450  149  
450  150  
450  151  
450  152  
450  153  
450  154  
450  155  
450  156  
450  157  
450  158  
450  159  
450  160  
450  161  
449  162  
449  163  
479  2  
479  3  
479  4  
479  5  
479  6  
479  7  
479  8  
479  9  
479  10  
479  11  
479  12  
479  13  
479  14  
479  15  
479  16  
479  17  
479  18  
479  19  
479  20  
479  21  
479  22  
479  23  
479  24  
479  25  
479  26  
479  27  
479  28  
479  29  
479  30  
479  31  
479  32  
479  33  
479  34  
479  35  
479  36  
479  37  
479  38  
479  39  
479  40  
479  41  
479  42  
479  43  
479  44  
479  45  
479  46  
479  47  
479  48  
479  49  
479  50  
479  51  
479  52  
479  53  
479  54  
479  55  
479  56  
479  57  
479  58  
479  59  
479  60  
479  61  
479  62  
479  63  
479  64  
479  65  
479  66  
479  67  
479  68  
479  69  
479  70  
479  71  
479  72  
479  73  
479  74  
479  75  
479  76  
479  77  
479  78  
479  79  
479  80  
479  81  
479  82  
479  83  
479  84  
479  85  
479  86  
479  87  
479  88  
479  89  
479  90  
479  91  
479  92  
479  93  
479  94  
479  95  
479  96  
479  97  
479  98  
479  99  
479  100  
479  101  
479  102  
479  103  
479  104  
479  105  
479  106  
479  107  
479  108  
479  109  
479  110  
479  111  
479  112  
479  113  
479  114  
479  115  
479  116  
479  117  
479  118  
479  119  
479  120  
479  121  
479  122  
479  123  
479  124  
479  125  
479  126  
479  127  
479  128  
479  129  
479  130  
479  131  
479  132  
479  133  
479  134  
479  135  
479  136  
479  137  
479  138  
479  139  
479  140  
479  141  
479  142  
479  143  
479  144  
479  145  
479  146  
479  147  
479  148  
479  149  
479  150  
479  151  
479  152  
479  153  
479  154  
479  155  
479  156  
479  157  
479  158  
479  159  
479  160  
479  161  
479  162  
479  163  
479  164  
479  165  
479  166  
479  167  
479  168  
479  169  
479  170  
479  171  
479  172  
479  173  
479  174  
479  175  
479  176  
479  177  
479  178  
479  179  
479  180  
479  181  
479  182  
479  183  
479  184  
479  185  
479  186  
479  187  
479  188  
479  189  
479  190  
479  191  
479  192  
479  193  
479  194  
479  195  
479  196  
479  197  
479  198  
479  199  
479  200  
479  201  
479  202  
479  203  
479  204  
479  205  
479  206  
479  207  
479  208  
479  209  
479  210  
479  211  
479  212  
479  213  
479  214  
479  215  
479  216  
479  217  
479  218  
479  219  
479  220  
479  221  
479  222  
479  223  
479  224  
479  225  
479  226  
479  227  
479  228  
479  229  
479  230  
479  231  
479  232  
479  233  
479  234  
479  235  
479  236  
479  237  
479  238  
479  239  
479  240  
479  241  
479  242  
479  243  
479  244  
479  245  
479  246  
479  247  
479  248  
479  249  
479  250  
479  251  
479  252  
479  253  
479  254  
479  255  
479  256  
479  257  
479  258  
479  259  
479  260  
479  261  
479  262  
479  263  
479  264  
479  265  
479  266  
479  267  
479  268  
479  269  
479  270  
479  271  
479  272  
479  273  
479  274  
479  275  
479  276  
479  277  
479  278  
479  279  
479  280  
479  281  
479  282  
479  283  
479  284  
479  285  
479  286  
479  287  
479  288  
479  289  
479  290  
479  291  
479  292  
479  293  
479  294  
479  295  
479  296  
479  297  
479  298  
479  299  
479  300  
479  301  
479  302  
479  303  
479  304  
479  305  
479  306  
479  307  
479  308  
479  309  
479  310  
479  311  
479  312  
479  313  
479  314  
479  315  
479  316  
479  317  
479  318  
479  319  
479  320  
479  321  
479  322  
479  323  
479  324  
479  325  
479  326  
479  327  
479  328  
479  329  
479  330  
479  331  
479  332  
479  333  
479  334  
479  335  
479  336  
479  337  
479  338  
479  339  
479  340  
479  341  
479  342  
479  343  
479  344  
479  345  
479  346  
479  347  
479  348  
479  349  
479  350  
479  351  
479  352  
479  353  
479  354  
479  355  
479  356  
479  357  
479  358  
479  359  
479  360  
479  361  
479  362  
479  363  
479  364  
479  365  
479  366  
479  367  
479  368  
479  369  
479  370  
479  371  
479  372  
479  373  
479  374  
479  375  
479  376  
479  377  
479  378  
479  379  
479  380  
479  381  
479  382  
479  383  
479  384  
479  385  
479  386  
479  387  
479  388  
479  389  
479  390  
479  391  
479  392  
479  393  
479  394  
479  395  
479  396  
479  397  
479  398  
479  399  
479  400  
479  401  
479  402  
479  403  
479  404  
479  405  
479  406  
479  407  
479  408  
479  409  
479  410  
479  411  
479  412  
479  413  
479  414  
479  415  
479  416  
479  417  
479  418  
479  419  
479  420  
479  421  
479  422  
479  423  
479  424  
479  425  
479  426  
479  427  
479  428  
479  429  
479  430  
479  431  
479  432  
479  433  
479  434  
479  435  
479  436  
479  437  
479  438  
479  439  
479  440  
479  441  
479  442  
479  443  
479  444  
479  445  
479  446  
479  447  
479  448  
479  449  
479  450  
479  451  
479  452  
479  453  
479  454  
479  455  
479  456  
479  457  
479  458  
479  459  
479  460  
479  461  
479  462  
479  463  
479  464  
479  465  
479  466  
479  467  
479  468  
479  469  
479  470  
479  471  
479  472  
479  473  
479  474  
479  475  
479  476  
479  477  
479  478  
479  479  
479  480  
479  481  
479  482  
479  483  
479  484  
479  485  
479  486  
479  487  
479  488  
479  489  
479  490  
479  491  
479  492  
479  493  
479  494  
479  495  
479  496  
479  497  
479  498  
479  499  
479  500  
479  501  
479  502  
479  503  
479  504  
479  505  
479  506  
479  507  
479  508  
479  509  
479  510  
479  511  
479  512  
479  513  
479  514  
479  515  
479  516  
479  517  
479  518  
479  519  
479  520  
479  521  
479  522  
479  523  
479  524  
479  525  
479  526  
479  527  
479  528  
479  529  
479  530  
479  531  
479  532  
479  533  
479  534  
479  535  
479  536  
479  537  
479  538  
479  539  
479  540  
479  541  
479  542  
479  543  
479  544  
479  545  
479  546  
479  547  
479  548  
479  549  
479  550  
479  551  
479  552  
479  553  
479  554  
479  555  
479  556  
479  557  
479  558  
479  559  
479  560  
479  561  
479  562  
479  563  
479  564  
479  565  
479  566  
479  567  
479  568  
479  569  
479  570  
479  571  
479  572  
479  573  
479  574  
479  575  
479  576  
479  577  
479  578  
479  579  
479  580  
479  581  
479  582  
479  583  
479  584  
479  585  
479  586  
479  587  
479  588  
479  589  
479  590  
479  591  
479  592  
479  593  
479  594  
479  595  
479  596  
479  597  
479  598  
479  599  
479  600  
479  601  
479  602  
479  603  
479  604  
479  605  
479  606  
479  607  
479  608  
479  609  
479  610  
479  611  
479  612  
479  613  
479  614  
479  615  
479  616  
479  617  
479  618  
479  619  
479  620  
479  621  
479  622  
479  623  
479  624  
479  625  
479  626  
479  627  
479  628  
479  629  
479  630  
479  631  
479  632  
479  633  
479  634  
479  635  
392  4  
393  4  
394  4  
395  4  
396  4  
397  4  
398  4  
388  5  
389  5  
390  5  
391  5  
379  6  
380  6  
381  6  
382  6  
383  6  
384  6  
385  6  
386  6  
387  6  
376  7  
377  7  
378  7  
422  6  
422  7  
422  8  
422  9  
422  10  
422  11  
422  12  
422  13  
422  14  
422  15  
422  16  
422  17  
422  18  
422  19  
422  20  
422  21  
422  22  
422  23  
422  24  
422  25  
422  26  
422  27  
422  28  
422  29  
422  30  
422  31  
422  32  
421  33  
421  34  
421  35  
421  36  
421  37  
421  38  
394  53  
395  53  
396  53  
397  53  
398  53  
379  54  
380  54  
383  54  
384  54  
385  54  
386  54  
387  54  
388  54  
389  54  
390  54  
391  54  
392  54  
393  54  
377  55  
378  55  
381  55  
382  55  
426  57  
426  58  
426  59  
426  60  
426  61  
426  62  
426  63  
426  64  
426  65  
426  66  
426  67  
426  68  
426  69  
426  70  
426  71  
426  72  
426  73  
427  74  
427  75  
427  76  
427  77  
427  78  
427  79  
427  80  
427  81  
427  82  
427  83  
426  84  
369  80  
369  81  
369  82  
369  83  
369  84  
369  85  
369  86  
369  87  
369  88  
369  89  
369  90  
369  91  
369  92  
369  93  
369  94  
369  95  
369  96  
369  97  
369  98  
369  99  
370  100  
370  101  
370  102  
370  103  
370  104  
370  105  
370  106  
370  107  
423  130  
423  131  
423  132  
423  133  
423  134  
423  135  
423  136  
423  137  
423  138  
423  139  
423  140  
423  141  
423  142  
423  143  
423  144  
423  145  
424  146  
424  147  
424  148  
424  149  
424  150  
424  151  
423  152  
423  153  
423  154  
424  155  
424  156  
424  157  
424  158  
424  159  
450  171  
450  172  
450  173  
450  174  
450  175  
450  176  
450  177  
450  178  
450  179  
450  180  
450  181  
450  182  
450  183  
450  184  
450  185  
450  186  
450  187  
450  188  
450  189  
450  190  
450  191  
450  192  
450  193  
450  194  
450  195  
450  196  
450  197  
450  198  
450  199  
450  200  
450  201  
450  202  
450  203  
450  204  
450  205  
450  206  
450  207  
378  194  
377  195  
353  196  
354  196  
355  196  
356  196  
357  196  
358  196  
359  196  
360  196  
361  196  
362  196  
363  196  
364  196  
365  196  
366  196  
367  196  
368  196  
369  196  
370  196  
371  196  
372  196  
373  196  
374  196  
375  196  
376  196  
342  197  
343  197  
344  197  
345  197  
346  197  
347  197  
348  197  
349  197  
350  197  
351  197  
352  197  
342  200  
343  200  
344  200  
345  200  
346  200  
347  200  
348  200  
349  200  
350  200  
351  200  
352  200  
353  200  
354  200  
355  200  
356  200  
357  200  
358  200  
359  200  
360  200  
361  200  
362  200  
363  200  
364  200  
365  200  
366  200  
367  200  
368  200  
369  200  
370  200  
371  200  
341  201  
214  203  
205  204  
206  204  
207  204  
208  204  
209  204  
210  204  
211  204  
212  204  
213  204  
215  204  
216  204  
217  204  
218  204  
219  205  
220  205  
221  205  
222  205  
229  205  
230  205  
231  205  
232  205  
233  205  
234  205  
235  205  
236  205  
237  205  
238  205  
239  205  
240  205  
241  205  
242  205  
243  205  
244  205  
245  205  
246  205  
247  205  
248  205  
249  205  
250  205  
251  205  
252  205  
253  205  
254  205  
255  205  
256  205  
257  205  
258  205  
223  206  
224  206  
225  206  
226  206  
227  206  
228  206  
288  204  
289  204  
290  204  
291  204  
292  204  
293  205  
294  205  
295  205  
296  205  
297  205  
298  205  
299  205  
300  206  
301  206  
302  206  
303  206  
304  206  
305  206  
306  206  
307  206  
308  206  
309  206  
310  206  
311  206  
312  206  
313  206  
314  206  
315  206  
349  204  
350  204  
351  204  
352  204  
353  204  
354  204  
355  204  
356  204  
357  204  
358  204  
359  204  
360  204  
363  204  
364  204  
365  204  
366  204  
367  204  
368  204  
369  204  
343  205  
344  205  
345  205  
346  205  
347  205  
348  205  
361  205  
362  205  
391  204  
391  205  
391  206  
391  207  
391  208  
391  209  
391  210  
391  211  
391  212  
391  213  
391  214  
391  215  
391  216  
391  217  
391  218  
391  219  
391  220  
391  221  
391  222  
391  223  
391  224  
391  225  
391  226  
391  227  
391  228  
391  229  
391  230  
391  231  
391  232  
391  233  
391  234  
391  235  
391  236  
391  237  
391  238  
391  239  
391  240  
391  241  
391  242  
391  243  
391  244  
391  245  
391  246  
391  247  
391  248  
391  249  
391  250  
391  251  
391  252  
391  253  
391  254  
391  255  
391  256  
391  257  
391  258  
391  259  
391  260  
391  261  
391  262  
391  263  
391  264  
391  265  
391  266  
391  267  
391  268  
390  269  
390  270  
390  271  
390  272  
390  273  
390  274  
390  275  
391  276  
391  277  
391  278  
390  279  
390  280  
390  281  
390  282  
390  283  
390  284  
390  285  
390  286  
390  287  
390  288  
390  289  
390  290  
390  291  
390  292  
390  293  
390  294  
390  295  
390  296  
390  297  
390  298  
390  299  
132  206  
133  206  
129  207  
130  207  
131  207  
125  208  
126  208  
127  208  
128  208  
120  209  
121  209  
122  209  
123  209  
124  209  
116  210  
117  210  
118  210  
119  210  
112  211  
113  211  
114  211  
115  211  
108  212  
109  212  
110  212  
111  212  
104  213  
105  213  
106  213  
107  213  
103  214  
144  208  
143  209  
143  210  
143  211  
143  212  
143  213  
143  214  
143  215  
143  216  
143  217  
143  218  
143  219  
143  220  
143  221  
143  222  
143  223  
143  224  
144  225  
144  226  
144  227  
144  228  
144  229  
144  230  
144  231  
144  232  
144  233  
144  234  
144  235  
144  236  
144  237  
144  238  
145  239  
145  240  
145  241  
145  242  
145  243  
145  244  
145  245  
145  246  
145  247  
145  248  
145  249  
145  250  
145  251  
145  252  
146  253  
146  254  
146  255  
146  256  
146  257  
146  258  
146  259  
146  260  
146  261  
146  262  
146  263  
146  264  
146  265  
146  266  
146  267  
147  268  
147  269  
147  270  
147  271  
147  272  
147  273  
147  274  
147  275  
147  276  
147  277  
147  278  
147  279  
147  280  
147  281  
148  282  
148  283  
148  284  
148  285  
148  286  
148  287  
148  288  
148  289  
148  290  
148  291  
148  292  
148  293  
148  294  
148  295  
149  296  
149  297  
149  298  
149  299  
149  300  
149  301  
149  302  
149  303  
149  304  
149  305  
150  306  
150  307  
150  308  
150  309  
150  310  
150  311  
150  312  
150  313  
150  314  
150  315  
150  316  
150  317  
150  318  
150  319  
150  320  
150  321  
150  322  
151  323  
151  324  
151  325  
151  326  
151  327  
151  328  
151  329  
151  330  
151  331  
151  332  
151  333  
151  334  
151  335  
151  336  
151  337  
152  338  
152  339  
152  340  
152  341  
152  342  
152  343  
152  344  
152  345  
152  346  
153  347  
153  348  
153  349  
153  350  
153  351  
153  352  
153  353  
153  354  
153  355  
153  356  
153  357  
153  358  
307  212  
308  212  
309  212  
310  212  
311  212  
312  212  
313  212  
314  212  
315  212  
316  212  
317  212  
318  212  
319  212  
320  212  
321  212  
322  212  
323  212  
324  212  
325  212  
326  212  
327  212  
328  212  
329  212  
330  212  
331  212  
332  212  
333  212  
334  212  
335  212  
336  212  
337  212  
338  212  
339  212  
340  212  
341  212  
342  212  
343  212  
344  212  
345  212  
346  212  
347  212  
348  212  
349  212  
350  212  
351  212  
352  212  
353  212  
354  212  
355  212  
356  212  
357  212  
358  212  
359  212  
360  212  
361  212  
362  212  
363  212  
277  213  
278  213  
279  213  
280  213  
281  213  
282  213  
283  213  
284  213  
285  213  
286  213  
287  213  
288  213  
289  213  
290  213  
291  213  
292  213  
293  213  
294  213  
295  213  
296  213  
297  213  
298  213  
299  213  
300  213  
301  213  
302  213  
303  213  
304  213  
305  213  
306  213  
273  214  
274  214  
275  214  
276  214  
415  212  
415  213  
415  214  
415  215  
415  216  
415  217  
415  218  
415  219  
415  220  
415  221  
415  222  
415  223  
415  224  
415  225  
415  226  
415  227  
415  228  
415  229  
415  230  
415  231  
415  232  
415  233  
415  234  
415  235  
415  236  
415  237  
415  238  
414  239  
414  240  
147  214  
147  215  
147  216  
147  217  
147  218  
147  219  
147  220  
147  221  
147  222  
147  223  
148  224  
148  225  
148  226  
148  227  
148  228  
148  229  
148  230  
148  231  
148  232  
148  233  
148  234  
148  235  
148  236  
148  237  
148  238  
149  239  
149  240  
149  241  
149  242  
149  243  
149  244  
149  245  
149  246  
149  247  
149  248  
149  249  
149  250  
149  251  
149  252  
150  253  
150  254  
150  255  
150  256  
150  257  
150  258  
150  259  
150  260  
150  261  
150  262  
150  263  
150  264  
150  265  
150  266  
150  267  
151  268  
151  269  
151  270  
151  271  
151  272  
151  273  
151  274  
151  275  
151  276  
151  277  
224  215  
211  216  
212  216  
213  216  
220  216  
221  216  
222  216  
223  216  
225  216  
226  216  
227  216  
228  216  
229  216  
230  216  
231  216  
232  216  
233  216  
234  216  
205  217  
206  217  
207  217  
208  217  
209  217  
210  217  
214  217  
215  217  
216  217  
217  217  
218  217  
219  217  
235  217  
236  217  
237  217  
238  217  
239  217  
367  216  
366  217  
366  218  
366  219  
366  220  
366  221  
366  222  
366  223  
366  224  
366  225  
366  226  
366  227  
366  228  
366  229  
366  230  
366  231  
366  232  
366  233  
366  234  
366  235  
133  217  
133  218  
133  219  
134  220  
134  221  
134  222  
133  223  
133  224  
133  225  
133  226  
133  227  
133  228  
133  229  
133  230  
133  231  
133  232  
134  233  
134  234  
134  235  
134  236  
134  237  
134  238  
102  218  
102  219  
102  220  
102  221  
102  222  
102  223  
102  224  
102  225  
102  226  
102  227  
102  228  
102  229  
102  230  
103  231  
103  232  
103  233  
103  234  
103  235  
103  236  
103  237  
248  218  
248  219  
248  220  
248  221  
248  222  
249  223  
249  224  
249  225  
249  226  
249  227  
249  228  
249  229  
249  230  
249  231  
249  232  
249  233  
249  234  
249  235  
249  236  
249  237  
249  238  
249  239  
249  240  
254  218  
254  219  
254  220  
254  221  
254  222  
254  223  
254  224  
254  225  
254  226  
254  227  
254  228  
254  229  
254  230  
254  231  
254  232  
254  233  
254  234  
254  235  
255  236  
255  237  
255  238  
255  239  
255  240  
255  241  
255  242  
255  243  
255  244  
255  245  
255  246  
255  247  
255  248  
255  249  
255  250  
255  251  
255  252  
255  253  
255  254  
255  255  
255  256  
255  257  
255  258  
255  259  
255  260  
255  261  
255  262  
256  263  
256  264  
256  265  
256  266  
256  267  
256  268  
256  269  
256  270  
256  271  
256  272  
256  273  
256  274  
256  275  
256  276  
256  277  
256  278  
256  279  
256  280  
256  281  
256  282  
256  283  
256  284  
256  285  
256  286  
256  287  
257  288  
257  289  
257  290  
257  291  
257  292  
257  293  
257  294  
257  295  
257  296  
257  297  
257  298  
257  299  
257  300  
257  301  
257  302  
257  303  
257  304  
257  305  
257  306  
257  307  
257  308  
257  309  
257  310  
257  311  
258  312  
258  313  
258  314  
258  315  
258  316  
258  317  
258  318  
259  319  
259  320  
259  321  
370  219  
370  220  
370  221  
370  222  
370  223  
370  224  
370  225  
370  226  
371  227  
371  228  
371  229  
371  230  
371  231  
371  232  
371  233  
371  234  
371  235  
371  236  
371  237  
371  238  
371  239  
371  240  
371  241  
371  242  
371  243  
371  244  
266  221  
266  222  
266  223  
266  224  
266  225  
266  226  
266  227  
266  228  
266  229  
266  230  
266  231  
266  232  
266  233  
266  234  
266  235  
266  236  
266  237  
267  238  
267  239  
267  240  
267  241  
267  242  
267  243  
267  244  
267  245  
267  246  
267  247  
267  248  
267  249  
267  250  
267  251  
267  252  
267  253  
267  254  
267  255  
267  256  
267  257  
267  258  
267  259  
267  260  
267  261  
267  262  
267  263  
267  264  
267  265  
267  266  
267  267  
267  268  
267  269  
267  270  
268  271  
268  272  
268  273  
268  274  
268  275  
268  276  
268  277  
268  278  
268  279  
268  280  
268  281  
268  282  
268  283  
268  284  
268  285  
268  286  
268  287  
268  288  
268  289  
268  290  
268  291  
268  292  
268  293  
268  294  
268  295  
268  296  
268  297  
268  298  
268  299  
268  300  
269  301  
269  302  
269  303  
269  304  
269  305  
269  306  
269  307  
269  308  
269  309  
269  310  
270  311  
270  312  
270  313  
270  314  
270  315  
270  316  
270  317  
450  222  
450  223  
450  224  
450  225  
450  226  
450  227  
450  228  
450  229  
450  230  
449  231  
449  232  
450  233  
450  234  
450  235  
450  236  
451  237  
451  238  
451  239  
451  240  
450  241  
450  242  
450  243  
451  244  
451  245  
451  246  
451  247  
451  248  
451  249  
450  250  
450  251  
450  252  
450  253  
450  254  
451  255  
451  256  
451  257  
451  258  
451  259  
451  260  
451  261  
451  262  
176  223  
176  224  
176  225  
176  226  
176  227  
176  228  
177  229  
177  230  
177  231  
177  232  
177  233  
177  234  
177  235  
177  236  
177  237  
177  238  
177  239  
177  240  
177  241  
177  242  
177  243  
177  244  
178  245  
178  246  
178  247  
178  248  
178  249  
178  250  
178  251  
178  252  
178  253  
178  254  
178  255  
178  256  
178  257  
178  258  
178  259  
178  260  
179  261  
179  262  
179  263  
179  264  
179  265  
179  266  
179  267  
179  268  
179  269  
179  270  
179  271  
179  272  
179  273  
106  225  
106  226  
106  227  
106  228  
107  229  
107  230  
107  231  
107  232  
107  233  
107  234  
107  235  
107  236  
108  237  
108  238  
108  239  
108  240  
108  241  
108  242  
108  243  
108  244  
108  245  
108  246  
108  247  
108  248  
108  249  
108  250  
108  251  
108  252  
108  253  
108  254  
109  255  
109  256  
109  257  
109  258  
109  259  
110  260  
110  261  
110  262  
110  263  
110  264  
110  265  
110  266  
110  267  
230  228  
231  228  
232  228  
210  229  
211  229  
212  229  
213  229  
214  229  
215  229  
216  229  
217  229  
218  229  
219  229  
220  229  
221  229  
222  229  
223  229  
224  229  
225  229  
226  229  
227  229  
228  229  
229  229  
424  228  
424  229  
424  230  
424  231  
424  232  
424  233  
424  234  
424  235  
424  236  
424  237  
424  238  
424  239  
424  240  
424  241  
424  242  
424  243  
423  244  
423  245  
423  246  
424  247  
424  248  
424  249  
424  250  
424  251  
424  252  
423  253  
423  254  
423  255  
423  256  
423  257  
422  258  
422  259  
422  260  
422  261  
422  262  
422  263  
422  264  
422  265  
422  266  
422  267  
422  268  
422  269  
422  270  
421  271  
421  272  
421  273  
421  274  
421  275  
421  276  
421  277  
421  278  
421  279  
421  280  
422  281  
422  282  
422  283  
422  284  
422  285  
422  286  
422  287  
422  288  
259  232  
259  233  
259  234  
259  235  
259  236  
259  237  
259  238  
259  239  
259  240  
259  241  
259  242  
259  243  
259  244  
259  245  
259  246  
259  247  
259  248  
259  249  
259  250  
259  251  
259  252  
259  253  
259  254  
260  255  
260  256  
260  257  
260  258  
260  259  
260  260  
260  261  
260  262  
260  263  
260  264  
260  265  
260  266  
260  267  
260  268  
260  269  
260  270  
260  271  
260  272  
260  273  
260  274  
260  275  
260  276  
260  277  
260  278  
238  233  
238  234  
238  235  
238  236  
238  237  
238  238  
238  239  
238  240  
238  241  
238  242  
238  243  
238  244  
238  245  
238  246  
238  247  
238  248  
238  249  
238  250  
238  251  
239  252  
239  253  
239  254  
239  255  
239  256  
239  257  
239  258  
239  259  
239  260  
239  261  
239  262  
239  263  
239  264  
239  265  
239  266  
239  267  
239  268  
240  269  
240  270  
240  271  
240  272  
240  273  
240  274  
240  275  
240  276  
240  277  
240  278  
240  279  
240  280  
240  281  
240  282  
240  283  
240  284  
240  285  
240  286  
240  287  
240  288  
240  289  
240  290  
240  291  
241  292  
241  293  
241  294  
241  295  
241  296  
241  297  
200  234  
200  235  
200  236  
200  237  
200  238  
200  239  
200  240  
200  241  
200  242  
200  243  
200  244  
200  245  
200  246  
200  247  
200  248  
200  249  
200  250  
200  251  
200  252  
200  253  
201  254  
201  255  
201  256  
201  257  
201  258  
201  259  
201  260  
201  261  
201  262  
201  263  
201  264  
201  265  
201  266  
201  267  
201  268  
201  269  
201  270  
201  271  
202  272  
202  273  
202  274  
202  275  
202  276  
202  277  
202  278  
202  279  
202  280  
202  281  
202  282  
202  283  
202  284  
202  285  
202  286  
202  287  
202  288  
202  289  
202  290  
203  291  
203  292  
203  293  
203  294  
203  238  
203  239  
203  240  
203  241  
203  242  
203  243  
203  244  
203  245  
203  246  
204  247  
204  248  
204  249  
204  250  
204  251  
204  252  
204  253  
204  254  
204  255  
204  256  
204  257  
204  258  
204  259  
204  260  
204  261  
204  262  
204  263  
204  264  
204  265  
204  266  
205  267  
205  268  
205  269  
205  270  
205  271  
205  272  
205  273  
205  274  
205  275  
205  276  
205  277  
205  278  
205  279  
205  280  
205  281  
205  282  
205  283  
205  284  
205  285  
206  286  
206  287  
206  288  
405  241  
406  242  
405  243  
405  244  
405  245  
405  246  
405  247  
405  248  
405  249  
405  250  
405  251  
405  252  
405  253  
405  254  
405  255  
405  256  
405  257  
405  258  
405  259  
405  260  
405  261  
405  262  
405  263  
104  245  
104  246  
104  247  
104  248  
104  249  
104  250  
104  251  
104  252  
104  253  
104  254  
105  255  
105  256  
105  257  
105  258  
105  259  
105  260  
105  261  
105  262  
105  263  
105  264  
105  265  
106  266  
106  267  
106  268  
106  269  
106  270  
106  271  
106  272  
106  273  
106  274  
106  275  
106  276  
106  277  
106  278  
107  279  
107  280  
107  281  
107  282  
107  283  
107  284  
107  285  
107  286  
107  287  
107  288  
107  289  
108  290  
108  291  
108  292  
108  293  
108  294  
108  295  
108  296  
108  297  
108  298  
364  247  
364  248  
364  249  
364  250  
364  251  
364  252  
364  253  
364  254  
364  255  
364  256  
364  257  
364  258  
364  259  
364  260  
364  261  
364  262  
364  263  
364  264  
364  265  
364  266  
364  267  
364  268  
364  269  
364  270  
364  271  
364  272  
364  273  
364  274  
364  275  
364  276  
364  277  
364  278  
364  279  
364  280  
364  281  
364  282  
364  283  
364  284  
364  285  
364  286  
364  287  
364  288  
364  289  
250  248  
250  249  
250  250  
250  251  
250  252  
250  253  
250  254  
250  255  
250  256  
250  257  
250  258  
250  259  
250  260  
250  261  
250  262  
250  263  
250  264  
250  265  
250  266  
250  267  
250  268  
250  269  
250  270  
251  271  
251  272  
251  273  
251  274  
251  275  
251  276  
251  277  
251  278  
251  279  
251  280  
251  281  
251  282  
251  283  
251  284  
251  285  
251  286  
251  287  
251  288  
251  289  
251  290  
251  291  
251  292  
251  293  
251  294  
251  295  
251  296  
251  297  
251  298  
251  299  
251  300  
252  301  
252  302  
252  303  
252  304  
252  305  
252  306  
252  307  
252  308  
252  309  
252  310  
252  311  
252  312  
252  313  
252  314  
370  251  
370  252  
370  253  
371  254  
371  255  
371  256  
371  257  
371  258  
370  259  
370  260  
370  261  
370  262  
370  263  
370  264  
370  265  
370  266  
370  267  
370  268  
370  269  
370  270  
370  271  
370  272  
370  273  
370  274  
370  275  
370  276  
370  277  
370  278  
370  279  
370  280  
370  281  
370  282  
370  283  
370  284  
370  285  
370  286  
370  287  
370  288  
370  289  
371  290  
371  291  
371  292  
371  293  
371  294  
371  295  
371  296  
371  297  
371  298  
371  299  
371  300  
371  301  
371  302  
371  303  
371  304  
371  305  
371  306  
371  307  
371  308  
371  309  
371  310  
197  256  
197  257  
197  258  
197  259  
197  260  
197  261  
197  262  
197  263  
197  264  
198  265  
198  266  
198  267  
198  268  
198  269  
198  270  
198  271  
198  272  
198  273  
198  274  
198  275  
198  276  
198  277  
198  278  
198  279  
198  280  
198  281  
198  282  
198  283  
198  284  
198  285  
198  286  
198  287  
199  288  
199  289  
199  290  
199  291  
199  292  
199  293  
199  294  
199  295  
199  296  
199  297  
100  268  
100  269  
100  270  
100  271  
100  272  
100  273  
100  274  
100  275  
101  276  
101  277  
101  278  
101  279  
101  280  
101  281  
101  282  
101  283  
101  284  
101  285  
101  286  
101  287  
101  288  
101  289  
102  290  
102  291  
102  292  
102  293  
102  294  
102  295  
102  296  
102  297  
451  270  
451  271  
451  272  
451  273  
451  274  
451  275  
451  276  
451  277  
451  278  
451  279  
451  280  
451  281  
451  282  
451  283  
451  284  
451  285  
451  286  
451  287  
451  288  
451  289  
451  290  
451  291  
451  292  
451  293  
451  294  
451  295  
450  296  
450  297  
450  298  
450  299  
450  300  
450  301  
450  302  
450  303  
450  304  
450  305  
450  306  
450  307  
450  308  
450  309  
450  310  
450  311  
450  312  
450  313  
450  314  
450  315  
450  316  
450  317  
450  318  
450  319  
450  320  
450  321  
450  322  
450  323  
450  324  
450  325  
450  326  
450  327  
450  328  
450  329  
450  330  
450  331  
450  332  
450  333  
450  334  
450  335  
450  336  
450  337  
450  338  
450  339  
450  340  
450  341  
450  342  
450  343  
450  344  
450  345  
450  346  
450  347  
450  348  
450  349  
450  350  
450  351  
450  352  
450  353  
450  354  
450  355  
450  356  
450  357  
450  358  
450  359  
450  360  
450  361  
450  362  
450  363  
450  364  
450  365  
450  366  
450  367  
450  368  
449  369  
449  370  
449  371  
449  372  
449  373  
449  374  
449  375  
449  376  
449  377  
449  378  
449  379  
449  380  
449  381  
449  382  
449  383  
449  384  
449  385  
449  386  
449  387  
449  388  
449  389  
449  390  
449  391  
449  392  
449  393  
449  394  
449  395  
449  396  
448  397  
448  398  
448  399  
448  400  
448  401  
448  402  
448  403  
448  404  
448  405  
448  406  
448  407  
448  408  
448  409  
448  410  
448  411  
448  412  
448  413  
448  414  
448  415  
448  416  
448  417  
448  418  
448  419  
448  420  
448  421  
448  422  
448  423  
448  424  
447  425  
447  426  
447  427  
447  428  
447  429  
447  430  
447  431  
447  432  
447  433  
447  434  
447  435  
447  436  
447  437  
447  438  
446  439  
446  440  
446  441  
446  442  
446  443  
137  271  
137  272  
137  273  
137  274  
137  275  
137  276  
137  277  
137  278  
137  279  
137  280  
137  281  
137  282  
137  283  
137  284  
137  285  
138  286  
138  287  
138  288  
138  289  
138  290  
138  291  
139  292  
139  293  
139  294  
139  295  
138  296  
138  297  
138  298  
139  299  
139  300  
139  301  
139  302  
139  303  
139  304  
139  305  
139  306  
139  307  
139  308  
139  309  
139  310  
139  311  
180  281  
180  282  
180  283  
180  284  
180  285  
180  286  
180  287  
180  288  
180  289  
180  290  
180  291  
181  292  
181  293  
181  294  
181  295  
181  296  
181  297  
181  298  
181  299  
181  300  
181  301  
181  302  
181  303  
181  304  
181  305  
181  306  
181  307  
182  308  
182  309  
182  310  
182  311  
182  312  
182  313  
182  314  
182  315  
182  316  
182  317  
182  318  
182  319  
182  320  
182  321  
182  322  
182  323  
183  324  
183  325  
183  326  
183  327  
183  328  
183  329  
183  330  
183  331  
183  332  
183  333  
183  334  
183  335  
183  336  
183  337  
183  338  
184  339  
184  340  
184  341  
184  342  
184  343  
184  344  
184  345  
184  346  
184  347  
184  348  
184  349  
184  350  
184  351  
184  352  
184  353  
185  354  
185  355  
185  356  
185  357  
185  358  
185  359  
185  360  
185  361  
185  362  
185  363  
185  364  
185  365  
185  366  
185  367  
185  368  
186  369  
186  370  
186  371  
186  372  
186  373  
186  374  
186  375  
186  376  
186  377  
186  378  
186  379  
186  380  
186  381  
186  382  
186  383  
186  384  
186  385  
187  386  
187  387  
187  388  
187  389  
187  390  
187  391  
187  392  
187  393  
187  394  
187  395  
152  285  
152  286  
152  287  
152  288  
152  289  
152  290  
152  291  
152  292  
152  293  
153  294  
153  295  
153  296  
153  297  
153  298  
153  299  
153  300  
153  301  
153  302  
153  303  
153  304  
153  305  
153  306  
153  307  
153  308  
154  309  
154  310  
154  311  
154  312  
154  313  
154  314  
154  315  
154  316  
154  317  
154  318  
154  319  
154  320  
154  321  
154  322  
154  323  
155  324  
155  325  
155  326  
155  327  
155  328  
155  329  
155  330  
155  331  
208  298  
209  298  
210  298  
211  298  
212  298  
213  298  
214  298  
215  298  
216  298  
217  298  
218  298  
219  298  
220  298  
221  298  
222  298  
223  298  
224  298  
225  298  
226  298  
227  298  
228  298  
229  298  
230  298  
231  298  
232  298  
233  298  
234  298  
235  298  
431  300  
431  301  
431  302  
431  303  
431  304  
431  305  
431  306  
432  307  
432  308  
432  309  
432  310  
432  311  
432  312  
432  313  
432  314  
432  315  
432  316  
432  317  
432  318  
432  319  
432  320  
432  321  
432  322  
432  323  
432  324  
432  325  
432  326  
432  327  
432  328  
432  329  
432  330  
432  331  
431  332  
431  333  
431  334  
431  335  
431  336  
431  337  
431  338  
431  339  
431  340  
431  341  
431  342  
204  301  
205  301  
206  301  
207  302  
208  302  
209  302  
210  302  
211  302  
212  302  
213  302  
214  302  
215  302  
216  302  
217  302  
218  302  
219  302  
220  302  
221  302  
222  302  
223  302  
224  302  
225  302  
226  302  
227  302  
228  302  
229  302  
230  302  
231  302  
232  302  
233  302  
234  302  
235  302  
236  302  
109  306  
109  307  
109  308  
109  309  
109  310  
109  311  
109  312  
110  313  
110  314  
110  315  
110  316  
110  317  
110  318  
110  319  
110  320  
110  321  
110  322  
110  323  
111  324  
111  325  
111  326  
111  327  
111  328  
111  329  
111  330  
111  331  
111  332  
111  333  
111  334  
111  335  
112  336  
112  337  
112  338  
112  339  
112  340  
112  341  
112  342  
112  343  
112  344  
112  345  
112  346  
112  347  
113  348  
113  349  
113  350  
113  351  
113  352  
113  353  
113  354  
113  355  
113  356  
113  357  
113  358  
113  359  
114  360  
114  361  
114  362  
114  363  
114  364  
114  365  
114  366  
114  367  
114  368  
114  369  
115  370  
115  371  
115  372  
115  373  
115  374  
115  375  
115  376  
115  377  
115  378  
115  379  
115  380  
115  381  
115  382  
115  383  
116  384  
116  385  
116  386  
116  387  
116  388  
116  389  
116  390  
116  391  
116  392  
117  393  
117  394  
117  395  
117  396  
117  397  
117  398  
117  399  
117  400  
117  401  
117  402  
117  403  
117  404  
118  405  
118  406  
118  407  
118  408  
118  409  
427  310  
427  311  
427  312  
427  313  
427  314  
427  315  
427  316  
427  317  
427  318  
427  319  
427  320  
427  321  
427  322  
427  323  
427  324  
427  325  
427  326  
427  327  
427  328  
427  329  
427  330  
219  312  
220  312  
224  312  
225  312  
231  312  
232  312  
233  312  
234  312  
235  312  
236  312  
237  312  
238  312  
239  312  
240  312  
243  312  
244  312  
245  312  
217  313  
218  313  
221  313  
222  313  
223  313  
226  313  
227  313  
228  313  
229  313  
230  313  
241  313  
242  313  
246  313  
247  313  
248  313  
249  313  
190  317  
190  318  
190  319  
190  320  
191  321  
191  322  
191  323  
191  324  
191  325  
191  326  
191  327  
191  328  
191  329  
191  330  
191  331  
191  332  
191  333  
191  334  
191  335  
192  336  
192  337  
192  338  
192  339  
192  340  
192  341  
192  342  
192  343  
192  344  
192  345  
192  346  
192  347  
192  348  
192  349  
193  350  
193  351  
193  352  
193  353  
193  354  
193  355  
193  356  
193  357  
193  358  
193  359  
193  360  
193  361  
141  319  
140  320  
140  321  
140  322  
141  323  
141  324  
141  325  
141  326  
141  327  
141  328  
141  329  
141  330  
141  331  
141  332  
141  333  
141  334  
142  335  
142  336  
142  337  
142  338  
143  339  
143  340  
143  341  
142  342  
142  343  
142  344  
142  345  
142  346  
142  347  
142  348  
142  349  
143  350  
143  351  
143  352  
143  353  
143  354  
143  355  
271  322  
272  322  
273  322  
266  323  
267  323  
268  323  
269  323  
270  323  
274  323  
275  323  
276  323  
277  323  
278  323  
279  323  
280  323  
281  323  
282  323  
283  323  
284  323  
285  323  
286  323  
287  323  
288  323  
289  323  
290  323  
291  323  
292  323  
293  323  
294  323  
295  323  
296  323  
297  323  
298  323  
299  323  
300  323  
301  323  
302  323  
303  323  
304  323  
305  323  
306  323  
307  323  
308  323  
309  323  
310  323  
311  323  
312  323  
313  323  
314  323  
315  323  
316  323  
317  323  
318  323  
319  323  
320  323  
321  323  
322  323  
323  323  
324  323  
325  323  
326  323  
327  323  
328  323  
329  323  
330  323  
331  323  
332  323  
333  323  
374  324  
375  324  
376  324  
377  324  
378  324  
379  324  
380  324  
381  324  
382  324  
383  324  
384  324  
385  324  
386  324  
387  324  
388  324  
389  324  
390  324  
391  324  
392  324  
393  324  
349  328  
349  329  
349  330  
349  331  
349  332  
349  333  
349  334  
349  335  
349  336  
349  337  
349  338  
349  339  
349  340  
349  341  
349  342  
349  343  
349  344  
349  345  
349  346  
349  347  
349  348  
349  349  
156  339  
156  340  
156  341  
156  342  
156  343  
156  344  
156  345  
156  346  
156  347  
157  348  
157  349  
157  350  
157  351  
157  352  
157  353  
157  354  
157  355  
157  356  
157  357  
157  358  
157  359  
157  360  
157  361  
157  362  
158  363  
158  364  
158  365  
158  366  
158  367  
158  368  
158  369  
158  370  
158  371  
158  372  
412  356  
412  357  
412  358  
412  359  
412  360  
412  361  
412  362  
412  363  
413  364  
413  365  
413  366  
413  367  
413  368  
413  369  
413  370  
413  371  
413  372  
413  373  
413  374  
413  375  
413  376  
413  377  
413  378  
413  379  
413  380  
413  381  
413  382  
413  383  
423  357  
423  358  
422  359  
422  360  
422  361  
422  362  
422  363  
422  364  
422  365  
422  366  
422  367  
422  368  
422  369  
422  370  
422  371  
422  372  
422  373  
422  374  
422  375  
422  376  
422  377  
422  378  
422  379  
422  380  
145  363  
145  364  
144  365  
144  366  
144  367  
144  368  
144  369  
144  370  
144  371  
144  372  
145  373  
145  374  
145  375  
145  376  
145  377  
145  378  
145  379  
145  380  
145  381  
145  382  
146  383  
146  384  
147  385  
147  386  
146  387  
146  388  
146  389  
146  390  
146  391  
146  392  
146  393  
146  394  
146  395  
146  396  
147  397  
147  398  
147  399  
147  400  
147  401  
147  402  
147  403  
147  404  
148  405  
148  406  
148  407  
148  408  
148  409  
148  410  
148  411  
148  412  
148  413  
148  414  
148  415  
148  416  
148  417  
148  418  
148  419  
148  420  
148  421  
149  422  
149  423  
154  366  
154  367  
154  368  
154  369  
154  370  
154  371  
154  372  
155  373  
155  374  
155  375  
155  376  
155  377  
155  378  
155  379  
155  380  
155  381  
155  382  
155  383  
155  384  
155  385  
155  386  
156  387  
156  388  
156  389  
156  390  
156  391  
156  392  
156  393  
156  394  
156  395  
156  396  
156  397  
156  398  
156  399  
157  400  
157  401  
157  402  
157  403  
157  404  
157  405  
157  406  
157  407  
157  408  
157  409  
157  410  
157  411  
157  412  
158  413  
158  414  
158  415  
158  416  
158  417  
158  418  
158  419  
158  420  
158  421  
158  422  
158  423  
158  424  
119  371  
119  372  
119  373  
119  374  
119  375  
119  376  
119  377  
119  378  
119  379  
119  380  
119  381  
119  382  
119  383  
120  384  
120  385  
120  386  
120  387  
120  388  
120  389  
121  390  
121  391  
121  392  
121  393  
121  394  
121  395  
121  396  
121  397  
121  398  
121  399  
121  400  
121  401  
121  402  
121  403  
298  375  
299  375  
300  375  
301  375  
306  375  
307  375  
308  375  
302  376  
303  376  
304  376  
305  376  
309  376  
310  376  
311  376  
312  376  
313  376  
314  376  
315  376  
316  376  
317  376  
318  376  
319  376  
320  376  
321  376  
322  376  
323  376  
324  376  
325  376  
326  376  
327  376  
328  376  
329  376  
330  376  
331  376  
332  376  
333  376  
334  376  
335  376  
336  376  
337  376  
338  376  
339  376  
340  376  
341  376  
342  377  
343  377  
344  377  
159  380  
159  381  
159  382  
159  383  
159  384  
159  385  
159  386  
160  387  
160  388  
160  389  
160  390  
160  391  
160  392  
160  393  
160  394  
160  395  
160  396  
160  397  
160  398  
160  399  
160  400  
161  401  
161  402  
161  403  
161  404  
161  405  
161  406  
161  407  
161  408  
161  409  
161  410  
161  411  
161  412  
161  413  
161  414  
162  415  
162  416  
162  417  
162  418  
162  419  
162  420  
162  421  
162  422  
162  423  
162  424  
162  425  
162  426  
162  427  
162  428  
162  429  
163  430  
163  431  
163  432  
163  433  
163  434  
163  435  
163  436  
163  437  
163  438  
163  439  
163  440  
164  441  
164  442  
164  443  
164  444  
164  445  
164  446  
164  447  
164  448  
164  449  
164  450  
164  451  
164  452  
165  453  
165  454  
165  455  
165  456  
165  457  
165  458  
165  459  
165  460  
165  461  
165  462  
165  463  
165  464  
165  465  
165  466  
165  467  
166  468  
166  469  
166  470  
166  471  
166  472  
166  473  
166  474  
166  475  
166  476  
166  477  
166  478  
166  479  
167  480  
167  481  
167  482  
167  483  
167  484  
167  485  
167  486  
167  487  
167  488  
167  489  
167  490  
167  491  
168  492  
168  493  
168  494  
168  495  
168  496  
168  497  
168  498  
168  499  
168  500  
168  501  
168  502  
168  503  
168  504  
169  505  
169  506  
169  507  
169  508  
169  509  
169  510  
169  511  
169  512  
194  380  
194  381  
194  382  
195  383  
195  384  
195  385  
195  386  
195  387  
195  388  
195  389  
195  390  
195  391  
195  392  
195  393  
195  394  
195  395  
195  396  
195  397  
195  398  
196  399  
196  400  
196  401  
196  402  
196  403  
196  404  
196  405  
196  406  
196  407  
196  408  
196  409  
196  410  
196  411  
196  412  
196  413  
196  414  
196  415  
196  416  
197  417  
197  418  
197  419  
197  420  
197  421  
365  380  
366  380  
370  380  
371  380  
372  380  
375  380  
376  380  
377  380  
378  380  
379  380  
367  381  
368  381  
369  381  
373  381  
374  381  
380  381  
381  381  
382  381  
383  381  
384  381  
385  381  
386  381  
387  381  
388  381  
389  381  
390  381  
346  386  
347  386  
348  386  
349  386  
350  386  
351  386  
352  386  
353  386  
354  386  
355  386  
356  386  
357  386  
358  386  
359  386  
360  386  
361  386  
362  386  
363  386  
364  386  
365  386  
366  386  
367  386  
368  386  
369  386  
370  386  
371  386  
372  387  
112  401  
112  402  
112  403  
112  404  
112  405  
112  406  
112  407  
112  408  
112  409  
112  410  
112  411  
112  412  
112  413  
112  414  
113  415  
113  416  
113  417  
113  418  
113  419  
113  420  
113  421  
113  422  
113  423  
114  424  
114  425  
114  426  
114  427  
114  428  
114  429  
114  430  
114  431  
114  432  
114  433  
114  434  
114  435  
115  436  
115  437  
115  438  
115  439  
115  440  
115  441  
115  442  
115  443  
115  444  
115  445  
116  446  
116  447  
116  448  
287  406  
288  406  
289  406  
290  406  
285  407  
286  407  
291  407  
292  407  
293  407  
294  407  
295  407  
296  407  
297  407  
298  407  
299  407  
300  407  
301  407  
302  407  
303  407  
304  407  
305  407  
306  407  
307  407  
308  407  
309  407  
310  407  
311  407  
312  407  
313  408  
314  408  
315  408  
316  408  
317  408  
318  408  
319  408  
320  408  
321  408  
322  408  
323  408  
324  408  
325  408  
326  408  
327  408  
328  408  
329  408  
330  408  
331  408  
332  408  
333  408  
334  408  
335  408  
336  408  
337  408  
338  409  
339  409  
340  409  
341  409  
342  409  
343  409  
344  409  
345  409  
346  409  
347  409  
348  409  
349  409  
350  409  
351  409  
352  409  
353  409  
354  409  
355  409  
356  409  
357  409  
358  409  
359  409  
360  409  
361  409  
362  409  
363  410  
364  410  
365  410  
366  410  
367  410  
368  410  
369  410  
370  410  
371  410  
372  410  
373  410  
374  410  
375  410  
376  410  
377  410  
378  410  
379  410  
380  410  
381  410  
382  410  
383  410  
384  410  
385  410  
426  408  
426  409  
426  410  
426  411  
426  412  
426  413  
426  414  
426  415  
425  416  
425  417  
425  418  
425  419  
425  420  
425  421  
425  422  
425  423  
425  424  
425  425  
425  426  
425  427  
425  428  
424  429  
424  430  
424  431  
424  432  
424  433  
424  434  
424  435  
424  436  
424  437  
424  438  
424  439  
424  440  
119  417  
119  418  
119  419  
119  420  
119  421  
119  422  
119  423  
119  424  
119  425  
119  426  
120  427  
120  428  
120  429  
120  430  
120  431  
120  432  
120  433  
120  434  
120  435  
121  436  
121  437  
121  438  
121  439  
121  440  
121  441  
121  442  
121  443  
121  444  
121  445  
122  446  
122  447  
122  448  
122  449  
122  450  
122  451  
122  452  
122  453  
189  420  
189  421  
189  422  
189  423  
189  424  
189  425  
189  426  
189  427  
189  428  
189  429  
189  430  
189  431  
190  432  
190  433  
190  434  
190  435  
190  436  
190  437  
190  438  
190  439  
190  440  
190  441  
190  442  
190  443  
190  444  
190  445  
190  446  
191  447  
191  448  
191  449  
191  450  
191  451  
191  452  
191  453  
191  454  
191  455  
191  456  
191  457  
191  458  
191  459  
191  460  
192  461  
192  462  
192  463  
192  464  
192  465  
192  466  
192  467  
192  468  
192  469  
192  470  
192  471  
192  472  
217  426  
218  426  
201  427  
202  427  
203  427  
204  427  
205  427  
206  427  
207  427  
208  427  
209  427  
210  427  
211  427  
212  427  
213  427  
214  427  
215  427  
216  427  
219  427  
220  427  
221  427  
222  427  
223  427  
224  427  
225  427  
226  427  
227  427  
228  427  
229  427  
230  427  
231  427  
257  428  
257  429  
257  430  
257  431  
257  432  
257  433  
257  434  
257  435  
257  436  
257  437  
257  438  
257  439  
257  440  
257  441  
257  442  
257  443  
257  444  
257  445  
258  446  
258  447  
258  448  
258  449  
258  450  
258  451  
258  452  
258  453  
258  454  
258  455  
258  456  
258  457  
258  458  
258  459  
258  460  
258  461  
258  462  
258  463  
258  464  
258  465  
258  466  
258  467  
258  468  
258  469  
258  470  
258  471  
258  472  
258  473  
258  474  
258  475  
258  476  
259  477  
259  478  
259  479  
259  480  
259  481  
259  482  
259  483  
259  484  
259  485  
259  486  
259  487  
259  488  
259  489  
259  490  
259  491  
259  492  
259  493  
259  494  
259  495  
259  496  
259  497  
259  498  
259  499  
259  500  
259  501  
259  502  
259  503  
259  504  
259  505  
259  506  
262  429  
262  430  
262  431  
262  432  
262  433  
262  434  
262  435  
262  436  
262  437  
262  438  
262  439  
262  440  
262  441  
262  442  
262  443  
262  444  
262  445  
263  446  
263  447  
263  448  
263  449  
263  450  
263  451  
263  452  
263  453  
263  454  
263  455  
263  456  
263  457  
263  458  
263  459  
263  460  
263  461  
263  462  
263  463  
263  464  
263  465  
263  466  
263  467  
263  468  
263  469  
264  470  
264  471  
264  472  
264  473  
264  474  
264  475  
264  476  
264  477  
264  478  
264  479  
264  480  
264  481  
264  482  
264  483  
264  484  
264  485  
264  486  
264  487  
264  488  
264  489  
264  490  
264  491  
264  492  
264  493  
264  494  
265  495  
265  496  
265  497  
265  498  
265  499  
265  500  
265  501  
265  502  
265  503  
265  504  
265  505  
265  506  
265  507  
265  508  
265  509  
265  510  
265  511  
280  431  
281  431  
282  431  
283  431  
284  431  
285  431  
286  431  
287  431  
288  431  
289  431  
290  431  
291  431  
292  431  
293  431  
294  431  
295  431  
296  431  
297  431  
298  431  
299  431  
300  432  
301  432  
302  432  
303  432  
304  432  
305  432  
306  432  
307  432  
308  432  
309  432  
310  432  
311  432  
312  432  
313  432  
314  432  
315  432  
316  432  
317  432  
318  432  
319  432  
320  432  
321  433  
322  433  
323  433  
324  433  
325  433  
326  433  
327  433  
328  433  
329  433  
330  433  
331  433  
332  433  
333  433  
334  433  
335  433  
336  433  
337  433  
338  433  
339  433  
340  433  
341  433  
342  434  
343  434  
344  434  
345  434  
346  434  
347  434  
348  434  
349  434  
350  434  
351  434  
352  434  
353  434  
354  434  
355  434  
159  432  
159  433  
159  434  
159  435  
159  436  
159  437  
159  438  
160  439  
160  440  
160  441  
160  442  
160  443  
160  444  
160  445  
160  446  
160  447  
160  448  
160  449  
160  450  
161  451  
161  452  
161  453  
161  454  
161  455  
161  456  
161  457  
161  458  
161  459  
161  460  
161  461  
161  462  
161  463  
161  464  
161  465  
162  466  
162  467  
162  468  
162  469  
162  470  
162  471  
162  472  
162  473  
162  474  
162  475  
162  476  
163  477  
163  478  
163  479  
163  480  
163  481  
163  482  
163  483  
163  484  
163  485  
163  486  
163  487  
163  488  
163  489  
163  490  
164  491  
164  492  
164  493  
164  494  
164  495  
164  496  
164  497  
164  498  
164  499  
164  500  
164  501  
164  502  
164  503  
165  504  
165  505  
165  506  
165  507  
165  508  
165  509  
165  510  
165  511  
165  512  
165  513  
165  514  
166  515  
149  434  
149  435  
149  436  
150  437  
150  438  
150  439  
150  440  
150  441  
150  442  
150  443  
150  444  
150  445  
150  446  
151  447  
151  448  
151  449  
151  450  
151  451  
151  452  
151  453  
151  454  
151  455  
151  456  
151  457  
151  458  
151  459  
152  460  
152  461  
152  462  
152  463  
152  464  
273  435  
273  436  
273  437  
273  438  
273  439  
273  440  
273  441  
273  442  
273  443  
273  444  
273  445  
273  446  
273  447  
273  448  
273  449  
273  450  
274  451  
274  452  
274  453  
274  454  
274  455  
274  456  
274  457  
274  458  
274  459  
274  460  
274  461  
274  462  
274  463  
274  464  
274  465  
274  466  
274  467  
274  468  
274  469  
274  470  
274  471  
274  472  
274  473  
274  474  
274  475  
274  476  
274  477  
274  478  
274  479  
274  480  
275  481  
275  482  
275  483  
275  484  
275  485  
275  486  
275  487  
275  488  
275  489  
275  490  
275  491  
275  492  
275  493  
275  494  
275  495  
275  496  
275  497  
275  498  
275  499  
275  500  
275  501  
275  502  
276  503  
276  504  
276  505  
276  506  
276  507  
276  508  
276  509  
215  437  
216  437  
217  437  
218  437  
219  437  
220  437  
221  437  
222  437  
223  437  
224  437  
225  437  
226  437  
227  437  
228  437  
229  437  
230  437  
231  437  
232  437  
233  437  
234  438  
235  438  
236  438  
237  438  
238  438  
239  438  
240  438  
241  438  
242  438  
243  438  
212  442  
212  443  
212  444  
212  445  
212  446  
212  447  
212  448  
212  449  
212  450  
212  451  
212  452  
212  453  
212  454  
212  455  
212  456  
212  457  
212  458  
212  459  
212  460  
213  461  
213  462  
213  463  
213  464  
213  465  
213  466  
213  467  
213  468  
213  469  
213  470  
213  471  
213  472  
213  473  
213  474  
213  475  
213  476  
213  477  
213  478  
248  442  
248  443  
248  444  
248  445  
248  446  
248  447  
248  448  
248  449  
248  450  
248  451  
248  452  
248  453  
248  454  
248  455  
248  456  
248  457  
248  458  
248  459  
248  460  
248  461  
248  462  
248  463  
248  464  
248  465  
248  466  
248  467  
248  468  
248  469  
248  470  
248  471  
248  472  
248  473  
249  474  
249  475  
249  476  
249  477  
249  478  
249  479  
249  480  
249  481  
249  482  
249  483  
249  484  
249  485  
249  486  
249  487  
249  488  
249  489  
249  490  
249  491  
249  492  
249  493  
249  494  
249  495  
249  496  
208  443  
208  444  
208  445  
208  446  
208  447  
208  448  
208  449  
208  450  
208  451  
208  452  
208  453  
208  454  
208  455  
209  456  
209  457  
209  458  
209  459  
209  460  
209  461  
209  462  
209  463  
209  464  
209  465  
209  466  
209  467  
209  468  
209  469  
210  470  
210  471  
210  472  
210  473  
210  474  
210  475  
210  476  
210  477  
210  478  
210  479  
210  480  
210  481  
210  482  
210  483  
210  484  
210  485  
210  486  
211  487  
211  488  
117  456  
117  457  
117  458  
117  459  
117  460  
117  461  
117  462  
118  463  
118  464  
118  465  
118  466  
118  467  
118  468  
118  469  
118  470  
119  471  
119  472  
119  473  
119  474  
119  475  
119  476  
119  477  
119  478  
119  479  
119  480  
119  481  
119  482  
119  483  
120  484  
120  485  
120  486  
120  487  
120  488  
120  489  
120  490  
120  491  
123  461  
123  462  
123  463  
123  464  
123  465  
123  466  
123  467  
124  468  
124  469  
124  470  
124  471  
124  472  
124  473  
124  474  
124  475  
124  476  
124  477  
124  478  
125  479  
125  480  
125  481  
125  482  
413  462  
413  463  
413  464  
413  465  
413  466  
413  467  
413  468  
413  469  
413  470  
413  471  
413  472  
413  473  
413  474  
412  475  
412  476  
412  477  
412  478  
412  479  
412  480  
412  481  
412  482  
412  483  
412  484  
412  485  
412  486  
412  487  
412  488  
412  489  
412  490  
412  491  
412  492  
412  493  
412  494  
412  495  
412  496  
412  497  
370  466  
370  467  
370  468  
370  469  
370  470  
370  471  
370  472  
370  473  
370  474  
370  475  
370  476  
370  477  
370  478  
370  479  
370  480  
370  481  
370  482  
370  483  
370  484  
370  485  
370  486  
370  487  
370  488  
370  489  
370  490  
370  491  
370  492  
370  493  
370  494  
370  495  
370  496  
370  497  
370  498  
370  499  
370  500  
370  501  
370  502  
370  503  
370  504  
370  505  
370  506  
370  507  
370  508  
370  509  
370  510  
370  511  
370  512  
370  513  
370  514  
370  515  
421  467  
421  468  
421  469  
421  470  
421  471  
421  472  
421  473  
421  474  
420  475  
420  476  
420  477  
420  478  
420  479  
420  480  
420  481  
420  482  
420  483  
420  484  
420  485  
420  486  
420  487  
420  488  
420  489  
420  490  
420  491  
420  492  
419  493  
419  494  
419  495  
419  496  
364  469  
365  470  
365  471  
365  472  
365  473  
365  474  
365  475  
365  476  
365  477  
365  478  
365  479  
364  480  
364  481  
364  482  
364  483  
364  484  
365  485  
365  486  
365  487  
365  488  
365  489  
365  490  
364  491  
364  492  
364  493  
365  494  
365  495  
365  496  
364  497  
364  498  
364  499  
364  500  
364  501  
128  470  
128  471  
128  472  
128  473  
128  474  
128  475  
128  476  
128  477  
128  478  
129  479  
129  480  
129  481  
129  482  
129  483  
130  484  
130  485  
130  486  
130  487  
130  488  
130  489  
130  490  
130  491  
130  492  
130  493  
130  494  
130  495  
130  496  
130  497  
130  498  
153  472  
153  473  
153  474  
153  475  
153  476  
153  477  
153  478  
153  479  
153  480  
153  481  
153  482  
154  483  
154  484  
154  485  
154  486  
154  487  
154  488  
154  489  
155  490  
155  491  
155  492  
154  493  
154  494  
154  495  
155  496  
155  497  
155  498  
155  499  
155  500  
155  501  
155  502  
394  489  
394  490  
394  491  
394  492  
394  493  
393  494  
393  495  
393  496  
393  497  
393  498  
393  499  
393  500  
393  501  
393  502  
393  503  
393  504  
393  505  
393  506  
393  507  
393  508  
393  509  
394  510  
394  511  
393  512  
393  513  
394  514  
394  515  
394  516  
394  517  
394  518  
213  498  
214  498  
215  498  
216  498  
217  499  
218  499  
219  499  
220  499  
221  499  
222  499  
223  499  
224  500  
225  500  
226  500  
227  500  
228  500  
229  500  
230  500  
231  500  
232  500  
233  500  
234  500  
235  500  
236  500  
237  500  
238  500  
239  500  
240  501  
241  501  
242  501  
243  501  
244  501  
412  503  
412  504  
412  505  
412  506  
411  507  
411  508  
411  509  
411  510  
411  511  
411  512  
411  513  
411  514  
411  515  
411  516  
411  517  
411  518  
411  519  
411  520  
411  521  
411  522  
411  523  
411  524  
411  525  
423  504  
423  505  
423  506  
423  507  
423  508  
423  509  
423  510  
423  511  
423  512  
423  513  
423  514  
423  515  
423  516  
423  517  
423  518  
423  519  
423  520  
423  521  
423  522  
423  523  
422  524  
422  525  
210  507  
211  507  
212  507  
213  507  
214  507  
215  507  
216  507  
217  507  
218  507  
219  507  
220  507  
221  508  
222  508  
223  508  
224  508  
225  508  
226  508  
227  508  
228  508  
229  508  
230  508  
231  508  
232  508  
233  508  
234  509  
235  509  
236  509  
237  509  
238  509  
239  509  
240  509  
241  509  
242  509  
243  509  
244  509  
245  509  
246  509  
247  510  
248  510  
249  510  
250  510  
251  510  
252  510  
253  510  
254  510  
255  510  
269  512  
270  512  
271  512  
272  512  
273  512  
274  512  
275  512  
276  512  
277  512  
278  512  
279  512  
280  512  
281  512  
282  512  
283  512  
284  512  
285  512  
286  512  
287  513  
288  513  
289  513  
290  513  
291  513  
292  513  
293  513  
294  513  
295  513  
296  513  
297  513  
298  513  
299  513  
300  513  
301  514  
302  514  
303  514  
304  514  
305  514  
306  514  
307  514  
308  514  
309  514  
310  514  
311  514  
312  514  
313  514  
314  514  
315  514  
316  515  
317  515  
318  515  
319  515  
320  515  
321  515  
322  515  
323  515  
324  515  
325  515  
326  515  
327  515  
328  515  
329  515  
330  515  
331  516  
332  516  
333  516  
334  516  
335  516  
336  516  
337  516  
338  516  
199  517  
200  517  
201  517  
202  517  
203  517  
204  517  
205  517  
206  518  
207  518  
208  518  
209  518  
210  518  
211  518  
212  518  
213  518  
214  518  
215  518  
216  518  
217  519  
218  519  
219  519  
220  519  
221  519  
222  519  
223  519  
224  519  
225  519  
226  519  
227  520  
228  520  
229  520  
230  520  
231  520  
232  520  
233  520  
234  520  
235  520  
236  520  
237  520  
238  520  
239  521  
240  521  
241  521  
242  521  
243  521  
244  521  
245  521  
246  521  
247  521  
248  521  
249  521  
250  522  
251  522  
252  522  
253  522  
254  522  
255  522  
256  522  
257  522  
258  522  
259  522  
260  522  
261  522  
262  523  
263  523  
264  523  
265  523  
266  523  
267  523  
268  523  
269  523  
270  523  
271  523  
272  523  
273  523  
274  524  
275  524  
276  524  
277  524  
278  524  
279  524  
280  524  
281  524  
282  524  
283  524  
284  524  
285  524  
286  525  
287  525  
288  525  
289  525  
290  525  
291  525  
292  525  
293  525  
294  525  
295  525  
296  525  
297  525  
298  525  
299  526  
300  526  
301  526  
302  526  
303  526  
304  526  
305  526  
306  526  
307  526  
308  526  
309  526  
310  526  
311  526  
312  527  
313  527  
314  527  
315  527  
316  527  
317  527  
318  527  
319  527  
320  527  
321  527  
322  527  
323  527  
324  527  
325  527  
326  528  
327  528  
328  528  
329  528  
330  528  
331  528  
332  528  
333  528  
334  528  
335  528  
336  528  
337  528  
338  528  
339  528  
340  529  
341  529  
342  529  
343  529  
344  529  
345  529  
346  529  
347  529  
348  529  
349  530  
350  530  
351  530  
352  530  
353  530  
354  530  
355  530  
185  520  
186  520  
187  520  
188  520  
189  520  
190  520  
191  520  
192  520  
193  520  
194  520  
195  520  
196  520  
197  520  
198  520  
199  520  
200  520  
201  520  
202  520  
203  521  
204  521  
205  521  
206  521  
207  521  
208  521  
209  522  
210  522  
211  522  
212  522  
213  522  
214  522  
215  522  
216  522  
217  522  
218  522  
219  523  
220  523  
221  523  
222  523  
223  523  
224  523  
225  523  
226  523  
227  523  
228  523  
229  524  
230  524  
231  524  
232  524  
233  524  
234  524  
235  524  
236  524  
237  524  
238  524  
239  525  
240  525  
241  525  
242  525  
243  525  
244  525  
245  525  
246  525  
247  525  
248  525  
249  525  
250  526  
251  526  
252  526  
253  526  
254  526  
255  526  
256  526  
257  526  
258  526  
259  526  
260  526  
261  527  
262  527  
263  527  
264  527  
265  527  
266  527  
267  527  
275  528  
276  528  
277  528  
278  528  
279  528  
280  528  
281  528  
282  529  
283  529  
284  529  
285  529  
286  529  
287  529  
288  529  
289  529  
290  529  
291  529  
292  529  
293  530  
294  530  
295  530  
296  530  
297  530  
298  530  
299  530  
300  530  
301  530  
302  530  
303  530  
304  531  
305  531  
306  531  
307  531  
308  531  
309  531  
310  531  
311  531  
312  531  
313  531  
314  531  
315  531  
316  532  
317  532  
318  532  
319  532  
320  532  
321  532  
322  532  
323  532  
324  532  
325  532  
326  533  
327  533  
328  533  
329  533  
330  533  
331  533  
332  533  
333  533  
334  533  
335  533  
336  533  
337  533  
338  534  
339  534  
340  534  
341  534  
342  534  
343  534  
344  534  
345  534  
402  541  
402  542  
402  543  
402  544  
402  545  
402  546  
402  547  
402  548  
401  549  
401  550  
401  551  
401  552  
401  553  
401  554  
401  555  
401  556  
401  557  
401  558  
401  559  
401  560  
401  561  
401  562  
401  563  
401  564  
401  565  
401  566  
401  567  
401  568  
401  569  
401  570  
401  571  
401  572  
401  573  
401  574  
401  575  
401  576  
397  547  
397  548  
397  549  
397  550  
397  551  
397  552  
397  553  
397  554  
396  555  
396  556  
396  557  
396  558  
396  559  
396  560  
396  561  
396  562  
396  563  
396  564  
396  565  
396  566  
396  567  
396  568  
396  569  
396  570  
396  571  
414  553  
414  554  
414  555  
414  556  
414  557  
414  558  
414  559  
414  560  
414  561  
414  562  
414  563  
414  564  
414  565  
414  566  
414  567  
414  568  
414  569  
414  570  
414  571  
414  572  
414  573  
414  574  
414  575  
414  576  
414  577  
414  578  
405  554  
405  555  
405  556  
405  557  
405  558  
405  559  
405  560  
405  561  
405  562  
405  563  
405  564  
405  565  
405  566  
405  567  
405  568  
405  569  
405  570  
405  571  
405  572  
405  573  
405  574  
419  564  
419  565  
419  566  
419  567  
419  568  
419  569  
419  570  
419  571  
419  572  
419  573  
419  574  
419  575  
419  576  
419  577  
419  578  
419  579  
419  580  
419  581  
419  582  
419  583  
419  584  
419  585  
419  586  
419  587  
419  588  
419  589  
419  590  
419  591  
454  578  
454  579  
454  580  
454  581  
454  582  
454  583  
454  584  
454  585  
455  586  
455  587  
455  588  
455  589  
455  590  
455  591  
455  592  
455  593  
455  594  
455  595  
456  596  
456  597  
456  598  
456  599  
456  600  
456  601  
456  602  
456  603  
456  604  
456  605  
456  606  
456  607  
456  608  
456  609  
456  610  
456  611  
456  612  
423  586  
423  587  
423  588  
423  589  
423  590  
423  591  
423  592  
423  593  
423  594  
423  595  
423  596  
423  597  
423  598  
423  599  
423  600  
423  601  
423  602  
423  603  
423  604  
423  605  
423  606  
423  607  
423  608  
423  609  
423  610  
423  611  
423  612  
423  613  
423  614  
423  615  
423  616  
423  617  
423  618  
423  619  
423  620  
423  621  
423  622  
423  623  
423  624  
423  625  
423  626  
423  627  
423  628  
423  629  
423  630  
423  631  
423  632  
423  633  
423  634  
423  635  
419  607  
419  608  
419  609  
419  610  
419  611  
419  612  
418  613  
418  614  
418  615  
418  616  
418  617  
418  618  
418  619  
418  620  
418  621  
418  622  
418  623  
418  624  
418  625  
418  626  
418  627  
418  628  
418  629  
417  630  
417  631  
417  632  
417  633  
417  634  
417  635  
417  636  
417  637  
417  638  
417  639  
357  616  
357  617  
357  618  
357  619  
357  620  
357  621  
357  622  
357  623  
357  624  
357  625  
357  626  
357  627  
357  628  
357  629  
357  630  
356  631  
356  632  
356  633  
356  634  
356  635  
2  639  
3  639  
4  639  
5  639  
6  639  
7  639  
8  639  
9  639  
10  639  
11  639  
12  639  
13  639  
14  639  
15  639  
16  639  
17  639  
18  639  
19  639  
20  639  
21  639  
22  639  
23  639  
24  639  
25  639  
26  639  
27  639  
28  639  
29  639  
30  639  
31  639  
32  639  
33  639  
34  639  
35  639  
36  639  
37  639  
38  639  
39  639  
40  639  
41  639  
42  639  
43  639  
44  639  
45  639  
46  639  
47  639  
48  639  
49  639  
50  639  
51  639  
52  639  
53  639  
54  639  
55  639  
56  639  
57  639  
58  639  
59  639  
60  639  
61  639  
62  639  
63  639  
64  639  
65  639  
66  639  
67  639  
68  639  
69  639  
70  639  
71  639  
72  639  
73  639  
74  639  
75  639  
76  639  
77  639  
78  639  
79  639  
80  639  
81  639  
82  639  
83  639  
84  639  
85  639  
86  639  
87  639  
88  639  
89  639  
90  639  
91  639  
92  639  
93  639  
94  639  
95  639  
96  639  
97  639  
98  639  
99  639  
100  639  
101  639  
102  639  
103  639  
104  639  
105  639  
106  639  
107  639  
108  639  
109  639  
110  639  
111  639  
112  639  
113  639  
114  639  
115  639  
116  639  
117  639  
118  639  
119  639  
120  639  
121  639  
122  639  
123  639  
124  639  
125  639  
126  639  
127  639  
128  639  
129  639  
130  639  
131  639  
132  639  
133  639  
134  639  
135  639  
136  639  
137  639  
138  639  
139  639  
140  639  
141  639  
142  639  
143  639  
144  639  
145  639  
146  639  
147  639  
148  639  
149  639  
150  639  
151  639  
152  639  
153  639  
154  639  
155  639  
156  639  
157  639  
158  639  
159  639  
160  639  
161  639  
162  639  
163  639  
164  639  
165  639  
166  639  
167  639  
168  639  
169  639  
170  639  
171  639  
172  639  
173  639  
174  639  
175  639  
176  639  
177  639  
178  639  
179  639  
180  639  
181  639  
182  639  
183  639  
184  639  
185  639  
186  639  
187  639  
188  639  
189  639  
190  639  
191  639  
192  639  
193  639  
194  639  
195  639  
196  639  
197  639  
198  639  
199  639  
200  639  
201  639  
202  639  
203  639  
204  639  
205  639  
206  639  
207  639  
208  639  
209  639  
210  639  
211  639  
212  639  
213  639  
214  639  
215  639  
216  639  
217  639  
218  639  
219  639  
220  639  
221  639  
222  639  
223  639  
224  639  
225  639  
226  639  
227  639  
228  639  
229  639  
230  639  
231  639  
232  639  
233  639  
234  639  
235  639  
236  639  
237  639  
238  639  
239  639  
240  639  
241  639  
242  639  
243  639  
244  639  
245  639  
246  639  
247  639  
248  639  
249  639  
250  639  
251  639  
252  639  
253  639  
254  639  
255  639  
256  639  
257  639  
258  639  
259  639  
260  639  
261  639  
262  639  
263  639  
264  639  
265  639  
266  639  
267  639  
268  639  
269  639  
270  639  
271  639  
272  639  
273  639  
274  639  
275  639  
276  639  
277  639  
278  639  
279  639  
280  639  
281  639  
282  639  
283  639  
284  639  
285  639  
286  639  
287  639  
288  639  
289  639  
290  639  
291  639  
292  639  
293  639  
294  639  
295  639  
296  639  
297  639  
298  639  
299  639  
300  639  
301  639  
302  639  
303  639  
304  639  
305  639  
306  639  
307  639  
308  639  
309  639  
310  639  
311  639  
312  639  
313  639  
314  639  
315  639  
316  639  
317  639  
318  639  
319  639  
320  639  
321  639  
322  639  
323  639  
324  639  
325  639  
326  639  
327  639  
328  639  
329  639  
330  639  
331  639  
332  639  
333  639  
334  639  
335  639  
336  639  
337  639  
338  639  
339  639  
340  639  
341  639  
342  639  
343  639  
344  639  
426  639  
427  639  
428  639  
429  639  
430  639  
431  639  
432  639  
433  639  
434  639  
435  639  
436  639  
437  639  
438  639  
439  639  
440  639  
441  639  
442  639  
443  639  
444  639  
445  639  
446  639  
447  639  
448  639  
449  639  
450  639  
451  639  
