107  
35  30  22  25  25  21  27  24  43  21  73  45  30  34  28  36  56  44  39  21  56  33  58  23  33  20  35  27  40  20  20  32  35  69  28  34  20  80  93  53  36  40  40  21  25  31  27  21  24  40  28  55  26  43  22  36  38  26  20  20  44  20  65  35  40  41  36  21  29  41  24  26  21  45  24  30  24  29  22  22  23  29  20  27  20  21  26  57  25  29  25  37  27  36  38  24  21  31  29  23  25  22  22  25  24  25  37  
331  32  
331  33  
331  34  
331  35  
331  36  
331  37  
331  38  
331  39  
331  40  
331  41  
331  42  
331  43  
331  44  
331  45  
331  46  
331  47  
331  48  
331  49  
332  50  
332  51  
332  52  
332  53  
332  54  
332  55  
332  56  
332  57  
332  58  
332  59  
332  60  
332  61  
332  62  
332  63  
332  64  
332  65  
332  66  
265  34  
266  34  
267  34  
268  34  
269  34  
270  34  
271  34  
272  34  
273  34  
274  34  
275  34  
276  34  
257  35  
258  35  
259  35  
260  35  
261  35  
262  35  
263  35  
264  35  
247  36  
248  36  
249  36  
250  36  
251  36  
252  36  
253  36  
254  36  
255  36  
256  36  
337  34  
336  35  
336  36  
336  37  
336  38  
336  39  
336  40  
336  41  
336  42  
336  43  
336  44  
336  45  
336  46  
336  47  
336  48  
336  49  
337  50  
337  51  
337  52  
337  53  
337  54  
337  55  
269  41  
270  41  
271  41  
264  42  
265  42  
266  42  
267  42  
268  42  
260  43  
261  43  
262  43  
263  43  
255  44  
256  44  
257  44  
258  44  
259  44  
252  45  
253  45  
254  45  
247  46  
248  46  
249  46  
250  46  
251  46  
273  43  
274  43  
270  44  
271  44  
272  44  
267  45  
268  45  
269  45  
264  46  
265  46  
266  46  
260  47  
261  47  
262  47  
263  47  
255  48  
256  48  
257  48  
258  48  
259  48  
252  49  
253  49  
254  49  
250  50  
251  50  
247  64  
247  65  
248  66  
248  67  
248  68  
248  69  
249  70  
249  71  
250  72  
250  73  
250  74  
250  75  
251  76  
251  77  
251  78  
251  79  
252  80  
252  81  
253  82  
253  83  
252  84  
416  65  
416  66  
416  67  
416  68  
415  69  
415  70  
415  71  
415  72  
415  73  
415  74  
415  75  
415  76  
415  77  
415  78  
415  79  
415  80  
415  81  
415  82  
415  83  
415  84  
415  85  
415  86  
415  87  
414  88  
414  89  
414  90  
414  91  
115  75  
115  76  
115  77  
115  78  
115  79  
114  80  
114  81  
114  82  
114  83  
114  84  
114  85  
114  86  
114  87  
113  88  
113  89  
113  90  
113  91  
113  92  
113  93  
112  94  
112  95  
112  96  
112  97  
112  98  
330  87  
330  88  
329  89  
328  90  
328  91  
327  92  
326  93  
326  94  
325  95  
324  96  
324  97  
323  98  
323  99  
322  100  
321  101  
321  102  
320  103  
320  104  
319  105  
318  106  
318  107  
317  108  
316  109  
316  110  
315  111  
315  112  
314  113  
313  114  
313  115  
312  116  
312  117  
311  118  
310  119  
310  120  
309  121  
308  122  
308  123  
307  124  
306  125  
306  126  
305  127  
305  128  
304  129  
117  90  
117  91  
117  92  
117  93  
116  94  
116  95  
116  96  
116  97  
116  98  
115  99  
115  100  
115  101  
115  102  
115  103  
115  104  
114  105  
114  106  
114  107  
114  108  
114  109  
114  110  
328  101  
327  102  
327  103  
326  104  
325  105  
325  106  
324  107  
323  108  
323  109  
322  110  
322  111  
321  112  
320  113  
320  114  
319  115  
318  116  
318  117  
317  118  
316  119  
316  120  
315  121  
315  122  
314  123  
313  124  
313  125  
312  126  
312  127  
311  128  
311  129  
310  130  
309  131  
309  132  
308  133  
307  134  
307  135  
306  136  
306  137  
305  138  
304  139  
304  140  
303  141  
302  142  
302  143  
301  144  
300  145  
300  146  
299  147  
298  148  
298  149  
297  150  
296  151  
296  152  
295  153  
294  154  
294  155  
293  156  
292  157  
292  158  
291  159  
290  160  
290  161  
289  162  
289  163  
288  164  
287  165  
287  166  
286  167  
285  168  
285  169  
284  170  
284  171  
283  172  
282  173  
109  128  
110  129  
110  130  
110  131  
111  132  
111  133  
111  134  
111  135  
111  136  
111  137  
112  138  
112  139  
112  140  
112  141  
112  142  
112  143  
112  144  
112  145  
112  146  
113  147  
113  148  
113  149  
113  150  
113  151  
113  152  
113  153  
114  154  
114  155  
114  156  
114  157  
114  158  
114  159  
114  160  
114  161  
115  162  
115  163  
115  164  
115  165  
115  166  
115  167  
115  168  
115  169  
115  170  
116  171  
116  172  
93  141  
93  142  
93  143  
93  144  
93  145  
93  146  
93  147  
93  148  
93  149  
93  150  
93  151  
93  152  
93  153  
93  154  
93  155  
93  156  
93  157  
93  158  
92  159  
92  160  
92  161  
92  162  
92  163  
92  164  
92  165  
92  166  
92  167  
92  168  
92  169  
92  170  
76  153  
76  154  
76  155  
76  156  
77  157  
77  158  
77  159  
77  160  
77  161  
77  162  
77  163  
77  164  
77  165  
77  166  
77  167  
77  168  
77  169  
77  170  
77  171  
77  172  
77  173  
77  174  
76  175  
76  176  
76  177  
76  178  
76  179  
76  180  
76  181  
76  182  
76  183  
75  184  
75  185  
75  186  
81  161  
81  162  
81  163  
81  164  
81  165  
80  166  
80  167  
80  168  
80  169  
80  170  
80  171  
80  172  
80  173  
80  174  
80  175  
80  176  
80  177  
80  178  
80  179  
79  180  
79  181  
79  182  
79  183  
79  184  
79  185  
78  186  
78  187  
78  188  
306  172  
305  173  
304  174  
304  175  
303  176  
302  177  
301  178  
301  179  
300  180  
299  181  
299  182  
298  183  
297  184  
296  185  
296  186  
295  187  
294  188  
293  189  
293  190  
292  191  
291  192  
291  193  
290  194  
289  195  
288  196  
288  197  
287  198  
286  199  
286  200  
285  201  
284  202  
284  203  
283  204  
282  205  
282  206  
281  207  
119  174  
119  175  
119  176  
119  177  
119  178  
119  179  
119  180  
119  181  
119  182  
119  183  
119  184  
118  185  
118  186  
118  187  
118  188  
118  189  
118  190  
118  191  
118  192  
118  193  
118  194  
118  195  
118  196  
118  197  
117  198  
117  199  
117  200  
117  201  
117  202  
117  203  
117  204  
117  205  
117  206  
117  207  
117  208  
117  209  
116  210  
116  211  
116  212  
116  213  
116  214  
116  215  
116  216  
116  217  
116  218  
116  219  
116  220  
115  221  
115  222  
115  223  
115  224  
115  225  
115  226  
114  227  
114  228  
114  229  
116  177  
116  178  
115  179  
115  180  
115  181  
115  182  
115  183  
115  184  
115  185  
115  186  
115  187  
115  188  
115  189  
115  190  
114  191  
114  192  
114  193  
114  194  
114  195  
114  196  
114  197  
114  198  
114  199  
114  200  
114  201  
114  202  
113  203  
113  204  
113  205  
113  206  
113  207  
113  208  
113  209  
113  210  
113  211  
113  212  
113  213  
113  214  
112  215  
112  216  
112  217  
112  218  
112  219  
112  220  
292  182  
291  183  
290  184  
290  185  
289  186  
288  187  
288  188  
287  189  
286  190  
286  191  
285  192  
284  193  
284  194  
283  195  
282  196  
282  197  
281  198  
280  199  
279  200  
279  201  
278  202  
277  203  
276  204  
276  205  
275  206  
274  207  
274  208  
273  209  
272  210  
272  211  
271  212  
270  213  
270  214  
269  215  
269  216  
268  217  
267  218  
266  219  
266  220  
195  208  
195  209  
195  210  
194  211  
194  212  
194  213  
194  214  
194  215  
193  216  
193  217  
193  218  
192  219  
192  220  
192  221  
192  222  
191  223  
191  224  
191  225  
191  226  
190  227  
190  228  
165  225  
165  226  
164  227  
164  228  
164  229  
163  230  
162  231  
162  232  
161  233  
161  234  
160  235  
160  236  
159  237  
159  238  
158  239  
158  240  
157  241  
157  242  
156  243  
156  244  
155  245  
155  246  
154  247  
154  248  
153  249  
153  250  
152  251  
151  252  
151  253  
150  254  
150  255  
149  256  
148  257  
148  258  
147  259  
146  260  
146  261  
145  262  
144  263  
144  264  
143  265  
142  266  
142  267  
141  268  
141  269  
140  270  
139  271  
139  272  
138  273  
137  274  
137  275  
136  276  
135  277  
135  278  
134  279  
133  280  
173  227  
173  228  
172  229  
172  230  
172  231  
171  232  
171  233  
171  234  
170  235  
170  236  
169  237  
169  238  
169  239  
169  240  
168  241  
168  242  
167  243  
167  244  
167  245  
166  246  
166  247  
165  248  
165  249  
165  250  
165  251  
164  252  
164  253  
163  254  
163  255  
163  256  
163  257  
162  258  
162  259  
404  228  
404  229  
404  230  
404  231  
404  232  
404  233  
405  234  
405  235  
405  236  
405  237  
405  238  
405  239  
405  240  
405  241  
405  242  
406  243  
406  244  
406  245  
406  246  
406  247  
406  248  
406  249  
406  250  
406  251  
407  252  
407  253  
407  254  
407  255  
407  256  
407  257  
407  258  
407  259  
407  260  
407  261  
407  262  
407  263  
408  264  
408  265  
408  266  
408  267  
408  268  
408  269  
408  270  
408  271  
408  272  
408  273  
409  274  
409  275  
409  276  
409  277  
409  278  
409  279  
409  280  
409  281  
409  282  
409  283  
409  284  
409  285  
357  235  
358  235  
363  235  
364  235  
365  235  
368  235  
369  235  
370  235  
371  235  
372  235  
373  235  
374  235  
375  235  
376  235  
377  235  
378  235  
379  235  
359  236  
360  236  
361  236  
362  236  
366  236  
367  236  
359  247  
360  247  
361  247  
362  247  
363  247  
364  247  
365  247  
366  247  
367  247  
368  247  
369  247  
370  247  
371  247  
372  247  
373  247  
374  247  
375  247  
376  247  
377  247  
378  247  
379  247  
380  247  
381  247  
382  247  
383  247  
384  247  
385  247  
386  247  
387  247  
388  247  
389  247  
357  248  
358  248  
103  249  
103  250  
102  251  
101  252  
100  253  
99  254  
98  255  
97  256  
96  257  
95  258  
94  259  
93  260  
92  261  
91  262  
90  263  
89  264  
88  265  
86  266  
87  266  
85  267  
254  250  
254  251  
254  252  
254  253  
254  254  
253  255  
253  256  
253  257  
253  258  
253  259  
253  260  
252  261  
252  262  
252  263  
252  264  
252  265  
251  266  
251  267  
251  268  
251  269  
251  270  
251  271  
250  272  
250  273  
250  274  
250  275  
250  276  
249  277  
249  278  
249  279  
249  280  
249  281  
249  282  
248  283  
248  284  
395  254  
395  255  
395  256  
395  257  
395  258  
395  259  
395  260  
395  261  
395  262  
395  263  
395  264  
395  265  
395  266  
395  267  
395  268  
395  269  
396  270  
396  271  
396  272  
396  273  
396  274  
396  275  
396  276  
396  277  
396  278  
396  279  
396  280  
283  256  
283  257  
283  258  
283  259  
283  260  
283  261  
283  262  
282  263  
282  264  
282  265  
282  266  
282  267  
282  268  
281  269  
281  270  
281  271  
281  272  
281  273  
281  274  
281  275  
280  276  
280  277  
280  278  
280  279  
280  280  
280  281  
280  282  
280  283  
280  284  
279  285  
279  286  
279  287  
279  288  
279  289  
279  290  
278  291  
278  292  
278  293  
278  294  
278  295  
109  257  
109  258  
108  259  
108  260  
107  261  
107  262  
106  263  
106  264  
105  265  
105  266  
104  267  
104  268  
103  269  
103  270  
102  271  
102  272  
101  273  
101  274  
100  275  
100  276  
178  262  
178  263  
177  264  
177  265  
177  266  
177  267  
177  268  
176  269  
176  270  
176  271  
176  272  
175  273  
175  274  
175  275  
174  276  
174  277  
174  278  
174  279  
173  280  
173  281  
287  275  
287  276  
287  277  
287  278  
287  279  
286  280  
286  281  
286  282  
286  283  
286  284  
286  285  
285  286  
285  287  
285  288  
285  289  
285  290  
285  291  
284  292  
284  293  
284  294  
284  295  
284  296  
284  297  
283  298  
283  299  
283  300  
283  301  
283  302  
283  303  
283  304  
283  305  
283  306  
376  284  
377  284  
378  284  
379  284  
380  284  
381  284  
382  284  
383  284  
384  284  
385  284  
386  284  
387  284  
388  284  
389  284  
390  284  
356  285  
357  285  
358  285  
359  285  
360  285  
361  285  
362  285  
363  285  
364  285  
365  285  
366  285  
367  285  
368  285  
369  285  
370  285  
371  285  
372  285  
373  285  
374  285  
375  285  
152  286  
152  287  
152  288  
151  289  
151  290  
151  291  
150  292  
150  293  
150  294  
149  295  
149  296  
149  297  
148  298  
148  299  
147  300  
147  301  
147  302  
146  303  
146  304  
146  305  
145  306  
145  307  
144  308  
144  309  
144  310  
144  311  
143  312  
143  313  
142  314  
142  315  
142  316  
141  317  
141  318  
140  319  
140  320  
140  321  
140  322  
139  323  
139  324  
138  325  
138  326  
138  327  
137  328  
137  329  
136  330  
136  331  
136  332  
135  333  
135  334  
134  335  
134  336  
134  337  
134  338  
133  339  
133  340  
132  341  
132  342  
132  343  
132  344  
131  345  
131  346  
130  347  
130  348  
130  349  
130  350  
129  351  
128  352  
128  353  
128  354  
336  286  
336  287  
336  288  
336  289  
336  290  
336  291  
336  292  
336  293  
336  294  
336  295  
336  296  
335  297  
335  298  
335  299  
335  300  
335  301  
335  302  
335  303  
335  304  
335  305  
335  306  
335  307  
335  308  
335  309  
336  310  
336  311  
336  312  
336  313  
234  287  
235  287  
236  287  
237  287  
238  287  
239  287  
240  287  
241  287  
242  287  
243  287  
244  287  
245  287  
246  287  
247  287  
248  287  
249  287  
250  287  
251  287  
252  287  
253  287  
254  287  
255  287  
256  287  
257  287  
258  287  
259  287  
260  287  
261  287  
262  287  
263  287  
264  287  
265  287  
266  287  
267  287  
239  295  
240  295  
241  295  
243  295  
244  295  
245  295  
246  295  
247  295  
248  295  
249  295  
250  295  
251  295  
252  295  
253  295  
254  295  
256  295  
257  295  
258  295  
242  296  
255  296  
277  297  
277  298  
277  299  
277  300  
277  301  
277  302  
277  303  
277  304  
277  305  
277  306  
277  307  
276  308  
276  309  
276  310  
276  311  
276  312  
276  313  
275  314  
275  315  
275  316  
275  317  
275  318  
275  319  
274  320  
274  321  
274  322  
274  323  
274  324  
274  325  
274  326  
273  327  
273  328  
273  329  
273  330  
273  331  
273  332  
273  333  
272  334  
272  335  
272  336  
272  337  
272  338  
272  339  
272  340  
272  341  
272  342  
271  343  
271  344  
271  345  
271  346  
271  347  
271  348  
270  349  
270  350  
270  351  
270  352  
270  353  
270  354  
269  355  
269  356  
269  357  
269  358  
269  359  
269  360  
269  361  
269  362  
269  363  
269  364  
269  365  
268  366  
268  367  
268  368  
268  369  
268  370  
268  371  
267  372  
267  373  
267  374  
267  375  
267  376  
127  300  
127  301  
126  302  
126  303  
126  304  
125  305  
125  306  
124  307  
124  308  
123  309  
123  310  
123  311  
122  312  
122  313  
122  314  
121  315  
121  316  
121  317  
120  318  
120  319  
119  320  
119  321  
119  322  
118  323  
118  324  
118  325  
117  326  
117  327  
116  328  
116  329  
116  330  
115  331  
115  332  
115  333  
114  334  
114  335  
113  336  
113  337  
112  338  
112  339  
112  340  
111  341  
111  342  
111  343  
110  344  
110  345  
109  346  
109  347  
109  348  
108  349  
108  350  
107  351  
107  352  
107  353  
106  354  
106  355  
106  356  
105  357  
105  358  
104  359  
104  360  
104  361  
103  362  
103  363  
102  364  
102  365  
102  366  
101  367  
101  368  
100  369  
100  370  
100  371  
99  372  
99  373  
98  374  
98  375  
98  376  
97  377  
97  378  
96  379  
96  380  
95  381  
95  382  
95  383  
94  384  
94  385  
93  386  
93  387  
92  388  
92  389  
92  390  
91  391  
91  392  
243  307  
243  308  
242  309  
242  310  
242  311  
242  312  
242  313  
242  314  
242  315  
242  316  
242  317  
241  318  
241  319  
241  320  
241  321  
241  322  
241  323  
240  324  
240  325  
240  326  
240  327  
240  328  
239  329  
239  330  
239  331  
239  332  
239  333  
238  334  
238  335  
238  336  
238  337  
238  338  
237  339  
237  340  
237  341  
237  342  
237  343  
236  344  
236  345  
236  346  
236  347  
236  348  
235  349  
235  350  
235  351  
235  352  
235  353  
234  354  
234  355  
234  356  
234  357  
234  358  
234  359  
282  308  
282  309  
282  310  
282  311  
282  312  
281  313  
281  314  
281  315  
281  316  
281  317  
281  318  
280  319  
280  320  
280  321  
280  322  
280  323  
280  324  
280  325  
280  326  
280  327  
279  328  
279  329  
279  330  
279  331  
279  332  
279  333  
279  334  
279  335  
279  336  
279  337  
279  338  
279  339  
279  340  
278  341  
279  342  
279  343  
401  308  
401  309  
401  310  
401  311  
401  312  
401  313  
401  314  
401  315  
401  316  
401  317  
401  318  
401  319  
400  320  
400  321  
400  322  
400  323  
400  324  
400  325  
400  326  
400  327  
400  328  
400  329  
400  330  
400  331  
400  332  
400  333  
401  334  
401  335  
401  336  
401  337  
401  338  
401  339  
401  340  
401  341  
401  342  
401  343  
402  344  
402  345  
402  346  
402  347  
237  321  
237  322  
237  323  
237  324  
237  325  
236  326  
236  327  
236  328  
236  329  
236  330  
235  331  
235  332  
235  333  
235  334  
235  335  
234  336  
234  337  
234  338  
234  339  
234  340  
233  341  
233  342  
233  343  
233  344  
232  345  
232  346  
232  347  
232  348  
232  349  
232  350  
231  351  
231  352  
231  353  
231  354  
231  355  
231  356  
231  357  
230  358  
230  359  
230  360  
406  321  
406  322  
406  323  
406  324  
406  325  
406  326  
406  327  
406  328  
406  329  
406  330  
406  331  
406  332  
406  333  
406  334  
406  335  
406  336  
406  337  
406  338  
406  339  
406  340  
406  341  
188  328  
187  329  
187  330  
187  331  
186  332  
186  333  
186  334  
185  335  
185  336  
185  337  
185  338  
184  339  
184  340  
184  341  
183  342  
183  343  
183  344  
182  345  
182  346  
182  347  
182  348  
181  349  
181  350  
181  351  
180  352  
156  329  
156  330  
156  331  
155  332  
155  333  
155  334  
155  335  
155  336  
154  337  
154  338  
154  339  
153  340  
153  341  
153  342  
153  343  
153  344  
152  345  
152  346  
152  347  
151  348  
151  349  
151  350  
150  351  
150  352  
150  353  
149  354  
149  355  
149  356  
148  357  
147  358  
147  359  
267  330  
267  331  
267  332  
267  333  
267  334  
267  335  
266  336  
266  337  
266  338  
266  339  
266  340  
266  341  
265  342  
265  343  
265  344  
265  345  
265  346  
265  347  
265  348  
265  349  
265  350  
265  351  
264  352  
264  353  
264  354  
264  355  
264  356  
88  332  
89  332  
90  332  
91  333  
92  333  
93  333  
94  334  
95  334  
96  335  
97  335  
98  336  
99  336  
100  337  
101  337  
102  338  
103  338  
104  339  
105  339  
106  340  
107  340  
108  341  
83  341  
84  341  
85  342  
86  342  
87  342  
88  343  
89  343  
90  343  
91  343  
92  343  
93  343  
94  343  
95  344  
96  344  
97  344  
98  344  
99  344  
100  344  
101  344  
102  344  
103  344  
104  345  
105  345  
106  345  
111  356  
111  357  
110  358  
110  359  
109  360  
109  361  
108  362  
108  363  
108  364  
108  365  
107  366  
107  367  
106  368  
106  369  
106  370  
105  371  
104  372  
104  373  
104  374  
103  375  
103  376  
102  377  
102  378  
101  379  
101  380  
101  381  
100  382  
100  383  
99  384  
99  385  
99  386  
98  387  
98  388  
97  389  
97  390  
96  391  
96  392  
96  393  
95  394  
95  395  
334  357  
334  358  
334  359  
334  360  
334  361  
334  362  
333  363  
333  364  
333  365  
333  366  
333  367  
333  368  
333  369  
333  370  
333  371  
332  372  
332  373  
332  374  
332  375  
332  376  
332  377  
332  378  
332  379  
332  380  
332  381  
332  382  
332  383  
332  384  
125  362  
124  363  
124  364  
124  365  
124  366  
123  367  
123  368  
122  369  
122  370  
122  371  
122  372  
121  373  
121  374  
120  375  
120  376  
119  377  
119  378  
119  379  
119  380  
118  381  
118  382  
117  383  
117  384  
117  385  
117  386  
116  387  
116  388  
115  389  
114  390  
114  391  
114  392  
114  393  
114  394  
113  395  
112  396  
112  397  
112  398  
112  399  
112  400  
111  401  
111  402  
110  403  
110  404  
109  405  
109  406  
109  407  
109  408  
108  409  
107  410  
107  411  
107  412  
107  413  
107  414  
106  415  
105  416  
231  363  
232  363  
233  363  
234  363  
235  363  
236  363  
237  363  
238  363  
239  363  
240  363  
241  363  
242  363  
243  363  
244  363  
245  363  
246  363  
247  363  
248  363  
249  363  
250  363  
251  363  
252  363  
253  363  
254  363  
255  363  
256  363  
356  365  
357  365  
358  365  
359  365  
360  365  
361  365  
362  365  
363  365  
364  365  
365  365  
366  365  
367  365  
368  365  
369  365  
370  365  
371  365  
372  365  
373  365  
374  366  
375  366  
376  366  
377  366  
378  366  
379  366  
380  366  
381  366  
382  366  
383  366  
384  366  
385  366  
386  366  
387  366  
388  366  
389  366  
390  366  
391  366  
392  366  
393  366  
394  366  
395  366  
396  366  
397  366  
398  366  
223  369  
224  369  
225  369  
226  369  
227  369  
228  369  
229  369  
230  369  
231  369  
232  369  
233  369  
234  369  
235  369  
236  369  
237  369  
238  369  
239  369  
240  369  
241  369  
242  369  
243  369  
244  369  
441  374  
441  375  
441  376  
442  377  
442  378  
442  379  
441  380  
441  381  
441  382  
442  383  
442  384  
442  385  
442  386  
442  387  
442  388  
442  389  
442  390  
442  391  
442  392  
442  393  
443  394  
443  395  
443  396  
443  397  
443  398  
443  399  
443  400  
443  401  
443  402  
443  403  
444  404  
444  405  
444  406  
444  407  
443  408  
443  409  
266  378  
266  379  
266  380  
266  381  
266  382  
266  383  
266  384  
266  385  
266  386  
265  387  
265  388  
265  389  
265  390  
265  391  
265  392  
265  393  
264  394  
264  395  
264  396  
264  397  
264  398  
264  399  
264  400  
264  401  
264  402  
263  403  
263  404  
263  405  
263  406  
263  407  
263  408  
263  409  
262  410  
262  411  
262  412  
262  413  
262  414  
262  415  
139  384  
139  385  
138  386  
138  387  
138  388  
137  389  
137  390  
137  391  
136  392  
136  393  
136  394  
135  395  
135  396  
135  397  
134  398  
134  399  
133  400  
133  401  
133  402  
132  403  
132  404  
131  405  
131  406  
131  407  
130  408  
130  409  
233  384  
234  384  
235  384  
236  384  
237  384  
238  384  
239  384  
240  384  
241  384  
242  384  
243  384  
244  384  
245  384  
246  384  
247  384  
248  384  
249  384  
250  384  
251  384  
252  384  
324  387  
325  387  
326  387  
327  387  
328  387  
319  388  
320  388  
321  388  
322  388  
323  388  
316  389  
317  389  
318  389  
313  390  
314  390  
315  390  
310  391  
311  391  
312  391  
309  392  
355  387  
356  387  
357  387  
358  387  
361  387  
362  387  
363  387  
359  388  
360  388  
364  388  
365  388  
366  388  
367  388  
368  388  
369  388  
370  388  
371  388  
372  388  
373  388  
374  388  
375  388  
376  388  
377  388  
378  388  
379  388  
380  388  
381  388  
382  388  
383  388  
384  388  
385  388  
386  388  
387  388  
388  388  
389  388  
390  388  
391  388  
392  388  
393  388  
394  388  
395  388  
396  389  
397  389  
398  389  
269  396  
269  397  
269  398  
268  399  
268  400  
268  401  
268  402  
268  403  
268  404  
268  405  
268  406  
268  407  
268  408  
268  409  
268  410  
268  411  
268  412  
268  413  
268  414  
268  415  
226  397  
226  398  
226  399  
226  400  
226  401  
225  402  
225  403  
225  404  
225  405  
225  406  
224  407  
224  408  
224  409  
224  410  
224  411  
223  412  
223  413  
223  414  
223  415  
223  416  
222  417  
222  418  
222  419  
222  420  
222  421  
221  422  
221  423  
221  424  
221  425  
221  426  
220  427  
220  428  
220  429  
220  430  
220  431  
219  432  
219  433  
219  434  
219  435  
219  436  
219  437  
218  438  
218  439  
218  440  
218  441  
218  442  
217  443  
217  444  
217  445  
217  446  
217  447  
217  448  
216  449  
216  450  
216  451  
216  452  
216  453  
215  454  
215  455  
215  456  
215  457  
214  458  
214  459  
214  460  
214  461  
222  399  
222  400  
222  401  
222  402  
221  403  
221  404  
221  405  
221  406  
221  407  
221  408  
220  409  
220  410  
220  411  
220  412  
220  413  
219  414  
219  415  
219  416  
219  417  
219  418  
219  419  
218  420  
218  421  
218  422  
218  423  
218  424  
217  425  
217  426  
217  427  
217  428  
216  429  
216  430  
216  431  
216  432  
216  433  
88  400  
88  401  
87  402  
87  403  
86  404  
86  405  
85  406  
85  407  
85  408  
84  409  
84  410  
84  411  
83  412  
83  413  
83  414  
82  415  
82  416  
82  417  
81  418  
81  419  
80  420  
80  421  
79  422  
79  423  
78  424  
78  425  
78  426  
78  427  
77  428  
77  429  
76  430  
76  431  
76  432  
75  433  
75  434  
75  435  
74  436  
74  437  
73  438  
73  439  
165  407  
165  408  
165  409  
164  410  
164  411  
164  412  
163  413  
163  414  
163  415  
162  416  
162  417  
162  418  
161  419  
161  420  
161  421  
161  422  
160  423  
160  424  
160  425  
159  426  
159  427  
159  428  
159  429  
158  430  
158  431  
158  432  
157  433  
157  434  
157  435  
157  436  
156  437  
156  438  
156  439  
156  440  
155  441  
155  442  
155  443  
155  444  
154  445  
154  446  
154  447  
407  412  
407  413  
407  414  
408  415  
408  416  
408  417  
408  418  
408  419  
408  420  
408  421  
408  422  
408  423  
408  424  
408  425  
408  426  
408  427  
408  428  
408  429  
409  430  
409  431  
409  432  
409  433  
409  434  
409  435  
409  436  
409  437  
409  438  
409  439  
409  440  
409  441  
409  442  
409  443  
409  444  
409  445  
409  446  
409  447  
272  422  
272  423  
272  424  
272  425  
272  426  
272  427  
272  428  
272  429  
272  430  
272  431  
272  432  
272  433  
272  434  
273  435  
273  436  
273  437  
273  438  
273  439  
273  440  
274  441  
274  442  
254  430  
254  431  
254  432  
254  433  
253  434  
253  435  
253  436  
253  437  
253  438  
252  439  
252  440  
252  441  
252  442  
252  443  
251  444  
251  445  
251  446  
251  447  
251  448  
251  449  
250  450  
250  451  
250  452  
250  453  
250  454  
250  455  
250  456  
250  457  
249  458  
122  435  
122  436  
121  437  
121  438  
121  439  
120  440  
120  441  
120  442  
119  443  
119  444  
119  445  
118  446  
118  447  
118  448  
117  449  
117  450  
117  451  
116  452  
116  453  
116  454  
115  455  
115  456  
115  457  
115  458  
114  459  
114  460  
114  461  
113  462  
113  463  
113  464  
112  465  
112  466  
112  467  
111  468  
111  469  
111  470  
110  471  
110  472  
110  473  
109  474  
109  475  
32  439  
33  439  
34  439  
35  439  
36  439  
37  439  
38  439  
39  439  
40  439  
41  440  
42  440  
43  440  
44  440  
45  440  
46  440  
47  441  
48  441  
49  441  
50  441  
51  441  
52  441  
53  442  
54  442  
55  442  
71  446  
70  447  
70  448  
69  449  
69  450  
68  451  
68  452  
68  453  
67  454  
67  455  
66  456  
66  457  
66  458  
65  459  
65  460  
64  461  
64  462  
63  463  
63  464  
63  465  
62  466  
62  467  
62  468  
61  469  
61  470  
60  471  
264  451  
264  452  
264  453  
264  454  
264  455  
264  456  
264  457  
264  458  
264  459  
264  460  
263  461  
263  462  
263  463  
263  464  
263  465  
263  466  
263  467  
262  468  
262  469  
262  470  
262  471  
198  462  
199  462  
200  462  
201  462  
202  462  
203  462  
204  462  
205  462  
206  462  
207  463  
208  463  
209  463  
210  463  
211  463  
212  463  
213  463  
214  463  
215  463  
216  463  
217  463  
218  463  
219  464  
220  464  
221  464  
222  464  
223  464  
224  464  
225  464  
226  464  
227  464  
228  464  
229  465  
230  465  
231  465  
232  465  
233  465  
234  465  
235  465  
236  465  
237  465  
238  465  
239  465  
240  465  
241  465  
242  465  
188  463  
188  464  
187  465  
187  466  
187  467  
187  468  
187  469  
186  470  
186  471  
186  472  
186  473  
186  474  
185  475  
185  476  
185  477  
185  478  
184  479  
184  480  
184  481  
183  482  
183  483  
183  484  
182  485  
182  486  
331  464  
331  465  
330  466  
330  467  
330  468  
330  469  
330  470  
330  471  
329  472  
329  473  
329  474  
329  475  
329  476  
329  477  
329  478  
329  479  
329  480  
329  481  
329  482  
329  483  
329  484  
329  485  
329  486  
329  487  
329  488  
328  489  
328  490  
328  491  
328  492  
328  493  
169  467  
169  468  
168  469  
168  470  
168  471  
168  472  
167  473  
167  474  
167  475  
167  476  
166  477  
166  478  
166  479  
166  480  
165  481  
165  482  
165  483  
165  484  
164  485  
164  486  
164  487  
164  488  
164  489  
164  490  
254  469  
254  470  
254  471  
254  472  
254  473  
254  474  
253  475  
253  476  
253  477  
253  478  
253  479  
253  480  
253  481  
253  482  
253  483  
253  484  
252  485  
252  486  
252  487  
252  488  
252  489  
252  490  
252  491  
251  492  
251  493  
251  494  
251  495  
251  496  
251  497  
207  471  
208  471  
209  471  
210  471  
211  471  
212  471  
213  471  
214  471  
215  471  
216  471  
217  471  
218  471  
219  471  
220  471  
221  471  
222  471  
223  471  
224  472  
225  472  
226  472  
227  472  
228  472  
362  472  
363  472  
361  473  
364  473  
365  473  
366  473  
367  473  
368  473  
369  473  
370  473  
371  473  
372  473  
373  473  
374  473  
375  473  
376  473  
377  473  
378  473  
379  474  
380  474  
381  474  
382  474  
348  473  
348  474  
348  475  
347  476  
347  477  
347  478  
347  479  
347  480  
347  481  
347  482  
347  483  
347  484  
347  485  
347  486  
347  487  
347  488  
347  489  
347  490  
347  491  
347  492  
347  493  
347  494  
347  495  
203  474  
204  474  
205  474  
206  474  
207  474  
208  474  
209  475  
210  475  
211  475  
212  475  
213  475  
214  475  
215  475  
216  475  
217  475  
218  475  
219  475  
220  475  
221  475  
222  476  
223  476  
224  476  
225  476  
226  476  
227  476  
228  476  
229  476  
230  476  
231  476  
351  479  
351  480  
351  481  
351  482  
351  483  
351  484  
351  485  
351  486  
351  487  
351  488  
351  489  
351  490  
351  491  
351  492  
351  493  
351  494  
351  495  
351  496  
351  497  
351  498  
380  482  
381  482  
379  483  
378  484  
376  485  
377  485  
375  486  
373  487  
374  487  
372  488  
370  489  
371  489  
369  490  
368  491  
367  492  
366  493  
365  494  
364  495  
363  496  
362  497  
360  498  
361  498  
359  499  
358  500  
357  501  
356  502  
356  503  
56  484  
55  485  
55  486  
55  487  
54  488  
54  489  
53  490  
53  491  
53  492  
52  493  
52  494  
51  495  
51  496  
51  497  
50  498  
50  499  
49  500  
49  501  
49  502  
48  503  
152  490  
153  490  
154  490  
149  491  
150  491  
151  491  
146  492  
147  492  
148  492  
144  493  
145  493  
142  494  
143  494  
140  495  
141  495  
138  496  
139  496  
136  497  
137  497  
135  498  
134  499  
260  495  
260  496  
260  497  
260  498  
260  499  
260  500  
260  501  
259  502  
259  503  
259  504  
259  505  
259  506  
259  507  
259  508  
259  509  
259  510  
258  511  
258  512  
258  513  
258  514  
258  515  
258  516  
258  517  
258  518  
258  519  
258  520  
207  496  
207  497  
207  498  
207  499  
207  500  
206  501  
206  502  
206  503  
206  504  
206  505  
205  506  
205  507  
205  508  
205  509  
205  510  
205  511  
204  512  
204  513  
204  514  
204  515  
204  516  
203  517  
203  518  
203  519  
203  520  
203  521  
203  522  
202  523  
202  524  
202  525  
202  526  
202  527  
201  528  
201  529  
201  530  
201  531  
201  532  
200  533  
200  534  
200  535  
200  536  
200  537  
200  538  
199  539  
199  540  
199  541  
199  542  
199  543  
198  544  
198  545  
198  546  
198  547  
198  548  
198  549  
197  550  
197  551  
197  552  
406  496  
405  497  
404  498  
403  499  
402  500  
401  501  
400  502  
399  503  
398  504  
397  505  
396  506  
395  507  
394  508  
393  509  
392  510  
391  511  
390  512  
389  513  
388  514  
388  515  
387  516  
386  517  
384  518  
385  518  
383  519  
250  500  
250  501  
250  502  
249  503  
249  504  
249  505  
249  506  
249  507  
249  508  
248  509  
248  510  
248  511  
248  512  
248  513  
248  514  
248  515  
248  516  
248  517  
248  518  
248  519  
248  520  
248  521  
247  522  
247  523  
247  524  
247  525  
247  526  
247  527  
247  528  
216  502  
217  502  
218  502  
219  502  
220  502  
221  502  
222  503  
223  503  
224  503  
225  503  
226  503  
227  503  
228  503  
229  503  
230  503  
231  503  
232  503  
233  503  
234  503  
235  503  
236  503  
237  503  
238  503  
239  504  
240  504  
255  505  
255  506  
255  507  
255  508  
254  509  
254  510  
254  511  
254  512  
254  513  
254  514  
253  515  
253  516  
253  517  
253  518  
253  519  
253  520  
253  521  
253  522  
253  523  
253  524  
253  525  
253  526  
252  527  
252  528  
252  529  
252  530  
252  531  
252  532  
252  533  
251  534  
251  535  
251  536  
251  537  
251  538  
251  539  
251  540  
251  541  
202  506  
202  507  
201  508  
201  509  
201  510  
201  511  
201  512  
200  513  
200  514  
200  515  
200  516  
200  517  
200  518  
199  519  
199  520  
199  521  
199  522  
199  523  
199  524  
198  525  
198  526  
198  527  
198  528  
198  529  
197  530  
197  531  
197  532  
46  509  
45  510  
45  511  
45  512  
44  513  
44  514  
43  515  
43  516  
42  517  
42  518  
42  519  
41  520  
41  521  
40  522  
40  523  
39  524  
39  525  
39  526  
38  527  
38  528  
38  529  
37  530  
37  531  
37  532  
36  533  
36  534  
35  535  
35  536  
34  537  
34  538  
34  539  
33  540  
33  541  
32  542  
32  543  
32  544  
344  509  
343  510  
341  511  
342  511  
340  512  
339  513  
338  514  
337  515  
336  516  
335  517  
334  518  
333  519  
332  520  
331  521  
330  522  
329  523  
328  524  
327  525  
326  526  
325  527  
324  528  
323  529  
322  530  
321  531  
319  532  
320  532  
318  533  
317  534  
316  535  
315  536  
314  537  
313  538  
312  539  
311  540  
310  541  
308  542  
309  542  
307  543  
214  517  
215  517  
216  517  
217  517  
218  517  
219  517  
220  517  
221  517  
222  518  
223  518  
224  518  
225  518  
226  518  
227  518  
228  518  
229  518  
230  518  
231  518  
232  518  
233  518  
234  519  
235  519  
236  519  
237  519  
276  521  
275  522  
275  523  
274  524  
274  525  
273  526  
273  527  
272  528  
272  529  
272  530  
271  531  
271  532  
271  533  
270  534  
270  535  
270  536  
269  537  
269  538  
269  539  
269  540  
269  541  
93  522  
93  523  
92  524  
92  525  
92  526  
91  527  
91  528  
91  529  
90  530  
90  531  
90  532  
89  533  
89  534  
89  535  
88  536  
88  537  
88  538  
88  539  
87  540  
87  541  
87  542  
87  543  
87  544  
86  545  
86  546  
86  547  
86  548  
85  549  
85  550  
85  551  
85  552  
269  524  
268  525  
268  526  
267  527  
267  528  
267  529  
266  530  
266  531  
266  532  
265  533  
265  534  
265  535  
264  536  
264  537  
264  538  
264  539  
264  540  
263  541  
263  542  
263  543  
263  544  
263  545  
262  546  
262  547  
262  548  
262  549  
263  550  
264  550  
265  550  
211  526  
212  526  
213  526  
214  526  
215  526  
216  526  
217  526  
218  526  
219  526  
220  527  
221  527  
222  527  
223  527  
224  527  
225  527  
226  527  
227  527  
228  527  
229  528  
230  528  
231  528  
232  528  
233  528  
256  528  
256  529  
256  530  
256  531  
256  532  
256  533  
255  534  
255  535  
255  536  
255  537  
255  538  
255  539  
255  540  
255  541  
255  542  
254  543  
254  544  
254  545  
254  546  
254  547  
254  548  
254  549  
254  550  
254  551  
254  552  
262  528  
262  529  
261  530  
261  531  
261  532  
261  533  
260  534  
260  535  
260  536  
260  537  
260  538  
260  539  
259  540  
259  541  
259  542  
259  543  
259  544  
258  545  
258  546  
258  547  
258  548  
258  549  
213  535  
214  536  
215  536  
216  536  
217  536  
218  536  
219  536  
220  536  
221  536  
222  536  
223  536  
224  536  
225  537  
226  537  
227  537  
228  537  
229  537  
230  537  
231  537  
232  537  
233  537  
234  538  
209  538  
210  539  
211  539  
212  539  
213  539  
214  539  
215  539  
216  539  
217  539  
218  539  
219  539  
220  540  
221  540  
222  540  
223  540  
224  540  
225  540  
226  540  
227  540  
228  540  
229  540  
230  540  
231  540  
232  540  
233  541  
211  548  
212  548  
213  548  
214  548  
215  549  
216  549  
217  549  
218  549  
219  549  
220  549  
221  549  
222  549  
223  549  
224  550  
225  550  
226  550  
227  550  
228  550  
229  550  
230  550  
231  550  
232  550  
233  550  
234  550  
209  552  
210  552  
211  552  
212  552  
213  552  
214  552  
215  552  
216  552  
217  552  
218  552  
219  552  
220  552  
221  552  
222  553  
223  553  
224  553  
225  553  
226  553  
227  553  
228  553  
229  553  
230  554  
231  554  
232  554  
233  554  
179  599  
180  599  
181  599  
182  599  
183  599  
184  600  
185  600  
186  600  
187  600  
188  600  
189  600  
190  601  
191  601  
192  601  
193  601  
194  601  
195  601  
196  601  
197  601  
198  601  
199  601  
200  601  
201  602  
202  602  
203  602  
204  602  
205  602  
206  602  
207  603  
208  603  
209  603  
213  603  
214  603  
210  604  
211  604  
212  604  
215  604  
