118  67  
117  68  
117  69  
116  70  
115  71  
115  72  
114  73  
113  74  
113  75  
112  76  
111  77  
111  78  
110  79  
109  80  
108  81  
108  82  
107  83  
106  84  
106  85  
105  86  
104  87  
104  88  
103  89  
102  90  
102  91  
101  92  
100  93  
99  94  
99  95  
98  96  
97  97  
97  98  
96  99  
95  100  
94  101  
94  102  
93  103  
92  104  
92  105  
91  106  
90  107  
90  108  
89  109  
88  110  
88  111  
87  112  
86  113  
85  114  
85  115  
84  116  
83  117  
83  118  
82  119  
81  120  
81  121  
80  122  
79  123  
79  124  
78  125  
77  126  
77  127  
76  128  
75  129  
75  130  
74  131  
73  132  
72  133  
72  134  
71  135  
70  136  
70  137  
69  138  
68  139  
67  140  
67  141  
66  142  
66  143  
65  144  
64  145  
63  146  
63  147  
152  69  
153  69  
154  69  
155  69  
147  70  
148  70  
149  70  
150  70  
151  70  
142  71  
143  71  
144  71  
145  71  
146  71  
137  72  
138  72  
139  72  
140  72  
141  72  
135  73  
136  73  
180  78  
180  79  
179  80  
179  81  
178  82  
177  83  
177  84  
176  85  
176  86  
175  87  
175  88  
174  89  
173  90  
173  91  
172  92  
172  93  
171  94  
171  95  
170  96  
170  97  
169  98  
169  99  
168  100  
168  101  
167  102  
167  103  
167  104  
166  105  
138  103  
139  103  
135  104  
136  104  
137  104  
132  105  
133  105  
134  105  
126  106  
127  106  
128  106  
129  106  
130  106  
131  106  
119  107  
120  107  
121  107  
122  107  
123  107  
124  107  
125  107  
113  108  
114  108  
115  108  
116  108  
117  108  
118  108  
111  109  
112  109  
202  104  
203  104  
196  105  
197  105  
198  105  
199  105  
200  105  
201  105  
190  106  
191  106  
192  106  
193  106  
194  106  
195  106  
184  107  
185  107  
186  107  
187  107  
188  107  
189  107  
164  109  
164  110  
163  111  
162  112  
162  113  
161  114  
160  115  
160  116  
159  117  
159  118  
158  119  
158  120  
157  121  
157  122  
156  123  
156  124  
155  125  
155  126  
154  127  
153  128  
153  129  
121  116  
122  116  
123  116  
124  116  
125  116  
126  116  
113  117  
114  117  
115  117  
116  117  
117  117  
118  117  
119  117  
120  117  
107  118  
108  118  
109  118  
110  118  
111  118  
112  118  
102  119  
103  119  
104  119  
105  119  
106  119  
155  170  
155  171  
155  172  
156  173  
156  174  
157  175  
157  176  
157  177  
158  178  
158  179  
159  180  
159  181  
160  182  
160  183  
161  184  
161  185  
162  186  
162  187  
163  188  
163  189  
163  190  
164  191  
164  192  
164  193  
165  194  
165  195  
166  196  
166  197  
167  198  
167  199  
167  200  
168  201  
168  202  
169  203  
169  204  
169  205  
170  206  
170  207  
171  208  
171  209  
171  210  
172  211  
172  212  
173  213  
173  214  
174  215  
174  216  
175  217  
175  218  
175  219  
176  220  
176  221  
177  222  
177  223  
177  224  
178  225  
178  226  
179  227  
179  228  
179  229  
63  173  
63  174  
64  175  
64  176  
65  177  
66  178  
66  179  
67  180  
67  181  
68  182  
69  183  
69  184  
70  185  
70  186  
71  187  
72  188  
72  189  
73  190  
73  191  
74  192  
74  193  
75  194  
76  195  
76  196  
77  197  
77  198  
78  199  
79  200  
79  201  
80  202  
80  203  
81  204  
81  205  
82  206  
82  207  
83  208  
84  209  
84  210  
85  211  
85  212  
86  213  
87  214  
87  215  
88  216  
88  217  
89  218  
90  219  
90  220  
91  221  
91  222  
92  223  
93  224  
93  225  
94  226  
94  227  
95  228  
96  229  
96  230  
97  231  
97  232  
98  233  
98  234  
99  235  
100  236  
100  237  
101  238  
117  178  
118  178  
119  178  
120  178  
121  178  
122  178  
123  178  
124  178  
125  178  
126  178  
127  178  
128  178  
111  179  
112  179  
113  179  
114  179  
115  179  
116  179  
106  180  
107  180  
108  180  
109  180  
110  180  
137  185  
137  186  
138  187  
138  188  
139  189  
139  190  
139  191  
140  192  
140  193  
141  194  
141  195  
141  196  
142  197  
142  198  
143  199  
143  200  
144  201  
144  202  
145  203  
145  204  
146  205  
146  206  
147  207  
147  208  
148  209  
148  210  
149  211  
149  212  
150  213  
150  214  
151  215  
151  216  
152  217  
152  218  
152  219  
207  201  
208  201  
209  201  
210  201  
211  201  
212  201  
213  201  
214  201  
215  201  
216  201  
217  201  
218  201  
196  202  
197  202  
198  202  
199  202  
200  202  
201  202  
202  202  
203  202  
204  202  
205  202  
206  202  
219  202  
190  203  
191  203  
192  203  
193  203  
194  203  
195  203  
211  208  
212  208  
213  208  
214  208  
215  208  
216  208  
217  208  
218  208  
191  209  
192  209  
193  209  
194  209  
195  209  
196  209  
197  209  
198  209  
199  209  
200  209  
201  209  
202  209  
203  209  
204  209  
205  209  
206  209  
207  209  
208  209  
209  209  
210  209  
184  210  
185  210  
186  210  
187  210  
188  210  
189  210  
190  210  
179  210  
180  211  
180  212  
180  213  
181  214  
181  215  
182  216  
182  217  
183  218  
183  219  
183  220  
184  221  
184  222  
185  223  
185  224  
185  225  
186  226  
186  227  
187  228  
187  229  
188  230  
188  231  
188  232  
189  233  
301  238  
302  238  
303  238  
304  238  
305  238  
306  238  
307  238  
308  238  
309  238  
310  238  
311  238  
312  238  
313  238  
287  239  
288  239  
289  239  
290  239  
291  239  
292  239  
293  239  
294  239  
295  239  
296  239  
297  239  
298  239  
299  239  
300  239  
302  242  
303  242  
304  242  
305  242  
306  242  
307  242  
308  242  
309  242  
310  242  
311  242  
312  242  
313  242  
314  242  
315  242  
296  243  
297  243  
298  243  
299  243  
300  243  
301  243  
328  256  
328  257  
328  258  
328  259  
328  260  
328  261  
328  262  
328  263  
328  264  
328  265  
328  266  
328  267  
327  268  
327  269  
327  270  
327  271  
327  272  
327  273  
327  274  
327  275  
193  260  
192  261  
192  262  
192  263  
191  264  
191  265  
190  266  
190  267  
190  268  
189  269  
189  270  
189  271  
188  272  
188  273  
187  274  
187  275  
187  276  
186  277  
186  278  
186  279  
185  280  
185  281  
184  282  
184  283  
184  284  
183  285  
183  286  
183  287  
182  288  
182  289  
182  290  
181  291  
181  292  
180  293  
180  294  
180  295  
179  296  
179  297  
179  298  
178  299  
178  300  
178  301  
177  302  
177  303  
177  304  
176  305  
176  306  
176  307  
175  308  
175  309  
174  310  
174  311  
174  312  
173  313  
173  314  
173  315  
172  316  
172  317  
172  318  
171  319  
171  320  
170  321  
170  322  
170  323  
169  324  
169  325  
169  326  
168  327  
168  328  
167  329  
167  330  
167  331  
166  332  
166  333  
166  334  
165  335  
165  336  
164  337  
164  338  
164  339  
163  340  
163  341  
163  342  
162  343  
162  344  
162  345  
161  346  
161  347  
160  348  
160  349  
160  350  
159  351  
159  352  
159  353  
158  354  
158  355  
158  356  
157  357  
157  358  
157  359  
156  360  
156  361  
155  362  
155  363  
155  364  
154  365  
154  366  
154  367  
153  368  
153  369  
153  370  
152  371  
152  372  
152  373  
151  374  
151  375  
150  376  
150  377  
150  378  
149  379  
149  380  
149  381  
148  382  
148  383  
147  384  
147  385  
147  386  
146  387  
146  388  
146  389  
145  390  
145  391  
145  392  
144  393  
144  394  
143  395  
143  396  
143  397  
142  398  
142  399  
141  400  
141  401  
141  402  
140  403  
140  404  
264  262  
264  263  
263  264  
263  265  
263  266  
263  267  
262  268  
262  269  
262  270  
262  271  
261  272  
261  273  
261  274  
261  275  
260  276  
260  277  
260  278  
260  279  
259  280  
259  281  
259  282  
259  283  
258  284  
258  285  
258  286  
258  287  
257  288  
257  289  
257  290  
256  291  
256  292  
256  293  
256  294  
255  295  
255  296  
255  297  
255  298  
254  299  
254  300  
253  301  
253  302  
253  303  
253  304  
252  305  
252  306  
252  307  
252  308  
252  309  
252  310  
251  311  
251  312  
251  313  
251  314  
250  315  
250  316  
250  317  
250  318  
249  319  
249  320  
249  321  
249  322  
249  323  
248  324  
248  325  
248  326  
248  327  
247  328  
247  329  
247  330  
246  331  
246  332  
246  333  
246  334  
245  335  
245  336  
245  337  
245  338  
244  339  
244  340  
244  341  
244  342  
243  343  
243  344  
243  345  
243  346  
243  347  
242  348  
242  349  
242  350  
241  351  
241  352  
241  353  
241  354  
240  355  
240  356  
240  357  
240  358  
239  359  
239  360  
239  361  
239  362  
239  363  
238  364  
238  365  
238  366  
238  367  
237  368  
237  369  
237  370  
237  371  
236  372  
236  373  
235  374  
235  375  
235  376  
235  377  
234  378  
234  379  
234  380  
234  381  
234  382  
233  383  
233  384  
233  385  
233  386  
232  387  
232  388  
232  389  
232  390  
231  391  
231  392  
231  393  
231  394  
230  395  
230  396  
230  397  
230  398  
229  399  
229  400  
229  401  
229  402  
228  403  
228  404  
228  405  
228  406  
227  407  
227  408  
227  409  
227  410  
226  411  
226  412  
226  413  
225  414  
225  415  
225  416  
225  417  
224  418  
224  419  
224  420  
223  421  
223  422  
223  423  
223  424  
183  266  
183  267  
182  268  
182  269  
182  270  
181  271  
181  272  
181  273  
180  274  
180  275  
180  276  
179  277  
179  278  
178  279  
178  280  
178  281  
177  282  
177  283  
176  284  
176  285  
176  286  
175  287  
175  288  
174  289  
174  290  
174  291  
173  292  
173  293  
173  294  
172  295  
172  296  
171  297  
171  298  
171  299  
170  300  
170  301  
169  302  
169  303  
169  304  
168  305  
168  306  
168  307  
167  308  
167  309  
167  310  
166  311  
166  312  
165  313  
165  314  
165  315  
164  316  
164  317  
163  318  
163  319  
163  320  
162  321  
162  322  
161  323  
161  324  
161  325  
160  326  
160  327  
160  328  
159  329  
159  330  
158  331  
158  332  
158  333  
157  334  
157  335  
156  336  
156  337  
155  338  
155  339  
155  340  
154  341  
154  342  
154  343  
153  344  
153  345  
153  346  
152  347  
152  348  
152  349  
151  350  
151  351  
150  352  
150  353  
150  354  
149  355  
149  356  
149  357  
148  358  
148  359  
147  360  
147  361  
147  362  
146  363  
146  364  
146  365  
145  366  
145  367  
144  368  
144  369  
144  370  
143  371  
143  372  
143  373  
142  374  
142  375  
142  376  
141  377  
141  378  
140  379  
140  380  
140  381  
139  382  
139  383  
138  384  
138  385  
138  386  
137  387  
137  388  
137  389  
136  390  
136  391  
136  392  
135  393  
135  394  
134  395  
134  396  
134  397  
133  398  
133  399  
132  400  
132  401  
131  402  
131  403  
131  404  
130  405  
130  406  
130  407  
129  408  
129  409  
129  410  
128  411  
128  412  
210  271  
211  271  
212  271  
213  271  
214  271  
215  271  
216  271  
217  271  
218  271  
219  271  
220  271  
221  271  
222  271  
223  271  
224  271  
225  271  
226  271  
227  271  
228  271  
205  272  
206  272  
207  272  
208  272  
209  272  
273  273  
273  274  
273  275  
273  276  
273  277  
272  278  
272  279  
272  280  
272  281  
271  282  
271  283  
271  284  
271  285  
271  286  
270  287  
270  288  
270  289  
270  290  
270  291  
269  292  
269  293  
269  294  
269  295  
268  296  
268  297  
268  298  
268  299  
267  300  
267  301  
267  302  
267  303  
267  304  
266  305  
266  306  
266  307  
266  308  
265  309  
265  310  
265  311  
264  312  
264  313  
264  314  
264  315  
264  316  
263  317  
263  318  
263  319  
263  320  
262  321  
262  322  
262  323  
261  324  
261  325  
261  326  
261  327  
261  328  
261  329  
260  330  
260  331  
260  332  
260  333  
260  334  
259  335  
259  336  
259  337  
259  338  
258  339  
258  340  
258  341  
258  342  
257  343  
257  344  
257  345  
257  346  
256  347  
256  348  
256  349  
256  350  
255  351  
255  352  
255  353  
255  354  
255  355  
254  356  
254  357  
254  358  
253  359  
253  360  
253  361  
253  362  
252  363  
252  364  
252  365  
252  366  
208  278  
209  278  
210  278  
211  278  
212  278  
213  278  
214  278  
233  278  
234  278  
235  278  
215  279  
216  279  
217  279  
218  279  
219  279  
220  279  
221  279  
222  279  
223  279  
224  279  
225  279  
226  279  
227  279  
228  279  
229  279  
230  279  
231  279  
232  279  
236  279  
115  294  
116  294  
117  294  
118  294  
119  294  
120  294  
121  294  
122  294  
123  294  
124  294  
125  294  
126  294  
127  294  
128  294  
129  294  
130  294  
131  294  
132  294  
133  294  
134  294  
135  294  
136  294  
137  294  
138  294  
139  294  
140  294  
141  294  
142  294  
143  294  
158  295  
158  296  
157  297  
157  298  
157  299  
156  300  
156  301  
156  302  
155  303  
155  304  
154  305  
154  306  
154  307  
153  308  
153  309  
152  310  
152  311  
152  312  
151  313  
151  314  
150  315  
150  316  
150  317  
149  318  
149  319  
148  320  
148  321  
148  322  
147  323  
147  324  
146  325  
146  326  
146  327  
145  328  
145  329  
144  330  
85  300  
84  301  
84  302  
83  303  
83  304  
82  305  
82  306  
81  307  
81  308  
80  309  
80  310  
79  311  
79  312  
78  313  
78  314  
77  315  
77  316  
76  317  
76  318  
75  319  
75  320  
74  321  
74  322  
73  323  
73  324  
73  325  
72  326  
72  327  
71  328  
71  329  
70  330  
70  331  
69  332  
69  333  
68  334  
68  335  
67  336  
66  337  
66  338  
65  339  
65  340  
64  341  
64  342  
63  343  
63  344  
62  345  
62  346  
61  347  
61  348  
60  349  
60  350  
59  351  
59  352  
58  353  
58  354  
57  355  
57  356  
56  357  
55  358  
55  359  
54  360  
54  361  
53  362  
53  363  
52  364  
52  365  
51  366  
51  367  
50  368  
50  369  
49  370  
49  371  
48  372  
48  373  
47  374  
47  375  
46  376  
46  377  
45  378  
45  379  
44  380  
44  381  
43  382  
43  383  
43  384  
42  385  
42  386  
41  387  
41  388  
40  389  
40  390  
39  391  
39  392  
38  393  
38  394  
37  395  
37  396  
36  397  
36  398  
35  399  
35  400  
34  401  
34  402  
33  403  
33  404  
32  405  
32  406  
201  300  
202  300  
203  300  
204  300  
205  300  
206  300  
207  300  
208  300  
209  300  
210  300  
211  300  
212  300  
213  300  
214  300  
215  300  
216  300  
217  300  
218  300  
219  300  
220  300  
221  300  
105  301  
105  302  
104  303  
104  304  
103  305  
103  306  
102  307  
102  308  
101  309  
101  310  
100  311  
100  312  
99  313  
99  314  
98  315  
98  316  
97  317  
97  318  
96  319  
96  320  
95  321  
95  322  
94  323  
94  324  
93  325  
66  302  
65  303  
65  304  
64  305  
64  306  
63  307  
63  308  
62  309  
62  310  
61  311  
61  312  
60  313  
60  314  
59  315  
59  316  
58  317  
58  318  
57  319  
57  320  
56  321  
56  322  
55  323  
54  324  
54  325  
53  326  
53  327  
52  328  
52  329  
51  330  
51  331  
50  332  
50  333  
49  334  
49  335  
48  336  
48  337  
47  338  
47  339  
46  340  
46  341  
45  342  
45  343  
44  344  
44  345  
43  346  
43  347  
42  348  
42  349  
41  350  
41  351  
40  352  
40  353  
39  354  
39  355  
38  356  
38  357  
37  358  
37  359  
36  360  
35  361  
35  362  
34  363  
34  364  
33  365  
33  366  
32  367  
32  368  
286  310  
287  310  
288  310  
289  310  
290  310  
291  310  
292  310  
293  310  
294  310  
295  310  
296  310  
297  310  
298  310  
299  310  
300  310  
301  310  
302  310  
303  310  
304  310  
305  310  
306  310  
307  310  
308  310  
309  310  
310  310  
311  310  
312  310  
313  310  
314  310  
311  325  
312  325  
313  325  
314  325  
315  325  
316  325  
317  325  
318  325  
319  325  
320  325  
321  325  
322  325  
323  325  
324  325  
325  325  
326  325  
327  325  
328  325  
329  325  
330  325  
331  325  
332  325  
333  326  
180  340  
181  341  
182  341  
183  341  
184  341  
185  341  
186  341  
187  342  
188  342  
189  342  
190  342  
191  342  
192  342  
193  342  
194  342  
195  342  
196  342  
197  342  
198  342  
199  342  
200  342  
201  342  
202  342  
203  342  
204  342  
205  342  
206  342  
207  342  
208  342  
209  342  
210  342  
211  342  
212  342  
213  342  
228  342  
228  343  
228  344  
228  345  
228  346  
227  347  
227  348  
227  349  
226  350  
226  351  
226  352  
226  353  
225  354  
225  355  
225  356  
225  357  
224  358  
224  359  
224  360  
224  361  
223  362  
223  363  
223  364  
223  365  
222  366  
222  367  
345  342  
346  343  
346  344  
346  345  
346  346  
346  347  
346  348  
346  349  
346  350  
346  351  
346  352  
346  353  
346  354  
346  355  
346  356  
346  357  
346  358  
346  359  
346  360  
346  361  
345  362  
345  363  
345  364  
345  365  
345  366  
345  367  
345  368  
345  369  
345  370  
345  371  
345  372  
345  373  
185  348  
186  348  
187  348  
188  348  
189  348  
190  348  
191  348  
192  348  
193  348  
194  348  
195  348  
196  348  
197  348  
198  348  
199  348  
200  348  
201  348  
202  348  
203  348  
204  348  
205  348  
206  348  
207  348  
208  348  
209  348  
210  348  
211  348  
212  348  
341  348  
341  349  
341  350  
341  351  
341  352  
341  353  
341  354  
341  355  
341  356  
341  357  
341  358  
341  359  
341  360  
341  361  
340  362  
340  363  
340  364  
340  365  
340  366  
340  367  
340  368  
340  369  
339  370  
339  371  
132  349  
132  350  
131  351  
131  352  
131  353  
130  354  
130  355  
130  356  
129  357  
129  358  
128  359  
128  360  
127  361  
127  362  
127  363  
126  364  
126  365  
126  366  
125  367  
125  368  
124  369  
124  370  
124  371  
123  372  
123  373  
122  374  
122  375  
122  376  
121  377  
121  378  
121  379  
120  380  
120  381  
119  382  
119  383  
118  384  
118  385  
118  386  
117  387  
117  388  
116  389  
116  390  
116  391  
115  392  
390  349  
391  349  
392  349  
393  349  
394  349  
395  349  
396  349  
397  350  
398  350  
399  350  
400  350  
401  350  
402  350  
403  350  
404  350  
405  350  
406  350  
407  350  
408  350  
409  350  
410  350  
411  350  
412  350  
413  350  
414  350  
415  350  
416  350  
417  350  
418  350  
419  350  
420  350  
421  350  
422  351  
423  351  
424  351  
425  351  
426  351  
427  351  
428  351  
429  351  
430  351  
431  351  
432  351  
433  351  
434  351  
435  351  
436  351  
437  351  
438  351  
439  351  
440  351  
441  351  
88  350  
89  350  
90  350  
91  350  
92  350  
93  350  
94  350  
95  350  
96  350  
97  350  
98  350  
99  350  
100  351  
101  351  
102  351  
103  351  
104  351  
105  351  
106  351  
107  351  
108  351  
109  351  
110  351  
111  351  
112  351  
113  351  
114  351  
115  351  
116  351  
117  351  
118  351  
119  351  
283  350  
284  350  
285  350  
286  350  
287  350  
288  350  
289  350  
290  350  
291  350  
292  350  
293  350  
294  350  
295  350  
296  350  
297  350  
298  350  
299  350  
300  350  
301  350  
302  350  
303  350  
304  351  
305  351  
135  353  
135  354  
134  355  
134  356  
134  357  
133  358  
133  359  
132  360  
132  361  
132  362  
131  363  
131  364  
130  365  
130  366  
130  367  
129  368  
129  369  
129  370  
128  371  
128  372  
127  373  
127  374  
127  375  
126  376  
126  377  
125  378  
125  379  
125  380  
124  381  
124  382  
123  383  
123  384  
123  385  
122  386  
122  387  
121  388  
121  389  
121  390  
120  391  
120  392  
119  393  
119  394  
119  395  
118  396  
284  354  
285  354  
286  354  
287  354  
288  354  
289  354  
290  354  
291  354  
292  354  
293  354  
294  354  
295  354  
296  354  
297  354  
298  354  
299  354  
300  354  
303  354  
304  354  
301  355  
302  355  
185  356  
186  356  
187  356  
188  356  
189  356  
190  356  
191  356  
192  356  
193  356  
194  356  
195  356  
196  356  
197  356  
198  356  
199  356  
200  356  
201  356  
202  356  
203  356  
204  357  
205  357  
206  357  
207  357  
208  357  
209  357  
78  358  
77  359  
77  360  
77  361  
76  362  
76  363  
75  364  
75  365  
74  366  
74  367  
73  368  
73  369  
72  370  
72  371  
71  372  
71  373  
70  374  
70  375  
69  376  
69  377  
68  378  
68  379  
67  380  
67  381  
66  382  
66  383  
66  384  
65  385  
65  386  
64  387  
64  388  
181  361  
182  361  
183  361  
184  361  
185  361  
186  361  
187  361  
188  361  
189  361  
190  361  
191  361  
192  361  
193  361  
194  361  
195  361  
196  361  
197  361  
198  361  
199  361  
200  361  
201  361  
202  361  
203  361  
204  361  
205  361  
206  362  
207  362  
117  363  
117  364  
117  365  
116  366  
116  367  
115  368  
115  369  
115  370  
114  371  
114  372  
114  373  
113  374  
113  375  
113  376  
112  377  
111  378  
111  379  
110  380  
110  381  
110  382  
109  383  
109  384  
108  385  
108  386  
107  387  
107  388  
107  389  
106  390  
106  391  
105  392  
83  373  
84  373  
85  373  
86  373  
87  373  
88  373  
89  373  
90  373  
91  373  
92  373  
93  373  
94  373  
95  373  
96  373  
97  373  
98  373  
99  374  
100  374  
101  374  
102  374  
103  374  
393  373  
394  373  
395  373  
396  373  
397  373  
398  373  
399  373  
400  373  
401  374  
402  374  
403  374  
404  374  
405  374  
406  374  
407  374  
408  374  
409  374  
410  374  
411  374  
412  374  
413  374  
414  374  
415  374  
416  374  
417  374  
418  374  
419  374  
420  374  
421  374  
422  375  
423  375  
424  375  
425  375  
426  375  
427  375  
428  375  
429  375  
430  375  
431  375  
432  375  
433  375  
434  375  
435  375  
436  375  
437  375  
438  375  
439  375  
440  375  
441  375  
442  375  
443  375  
444  375  
445  375  
446  375  
447  375  
448  375  
173  374  
174  375  
175  375  
176  375  
177  375  
178  375  
179  375  
180  375  
181  375  
182  375  
183  375  
184  375  
185  375  
186  375  
187  376  
188  376  
189  376  
190  376  
191  376  
192  376  
193  376  
194  376  
195  376  
196  376  
197  376  
198  376  
199  376  
200  376  
201  376  
202  376  
203  376  
204  376  
205  376  
206  376  
207  376  
208  376  
209  376  
210  376  
211  376  
212  376  
273  374  
274  374  
275  374  
276  374  
277  374  
278  374  
279  374  
280  374  
281  374  
282  374  
283  374  
284  374  
285  374  
286  375  
287  375  
288  375  
289  375  
290  375  
291  375  
292  375  
293  375  
294  375  
295  375  
296  375  
297  375  
298  375  
299  375  
300  375  
301  375  
302  375  
303  375  
304  375  
305  375  
306  375  
307  375  
308  375  
309  375  
310  375  
311  375  
312  375  
313  375  
314  375  
315  375  
316  375  
317  375  
318  375  
319  375  
320  375  
321  375  
322  375  
323  375  
324  376  
325  376  
326  376  
327  376  
328  376  
329  376  
330  376  
331  376  
332  376  
333  376  
334  376  
335  376  
336  376  
250  375  
249  376  
249  377  
249  378  
249  379  
248  380  
248  381  
248  382  
247  383  
247  384  
247  385  
247  386  
246  387  
246  388  
246  389  
246  390  
246  391  
245  392  
245  393  
245  394  
245  395  
244  396  
244  397  
244  398  
244  399  
244  400  
243  401  
243  402  
243  403  
243  404  
243  405  
242  406  
242  407  
242  408  
242  409  
241  410  
241  411  
241  412  
241  413  
240  414  
240  415  
240  416  
240  417  
240  418  
239  419  
239  420  
239  421  
239  422  
238  423  
238  424  
238  425  
238  426  
238  427  
81  376  
82  377  
83  377  
84  377  
85  377  
86  377  
87  377  
88  377  
89  377  
90  377  
91  377  
92  377  
93  377  
94  378  
95  378  
96  378  
97  378  
98  378  
99  378  
100  378  
101  378  
102  378  
103  378  
321  392  
322  392  
323  392  
324  392  
302  393  
303  393  
304  393  
305  393  
306  393  
307  393  
308  393  
309  393  
310  393  
311  393  
312  393  
313  393  
314  393  
315  393  
316  393  
317  393  
318  393  
319  393  
320  393  
61  402  
62  402  
63  402  
64  402  
65  402  
66  402  
67  403  
68  403  
69  403  
70  403  
71  403  
72  403  
73  403  
74  403  
75  403  
76  403  
77  403  
78  403  
79  403  
80  403  
81  403  
82  403  
83  403  
84  403  
85  404  
86  404  
87  404  
88  404  
89  404  
90  404  
91  404  
92  404  
93  404  
94  404  
95  405  
96  405  
97  405  
98  405  
99  405  
100  405  
101  405  
102  405  
103  405  
104  405  
82  433  
83  433  
84  434  
85  434  
86  434  
87  434  
88  434  
89  434  
90  434  
91  434  
92  434  
93  435  
94  435  
95  435  
96  435  
97  435  
98  435  
99  435  
100  435  
101  435  
102  435  
103  435  
104  435  
105  435  
106  435  
107  435  
108  436  
109  436  
110  436  
111  436  
112  436  
113  436  
114  436  
115  436  
116  436  
117  436  
118  436  
119  437  
120  437  
121  437  
32  438  
33  439  
34  440  
35  440  
36  441  
37  442  
38  443  
39  443  
40  444  
41  445  
42  446  
43  446  
44  447  
45  448  
46  449  
47  450  
48  451  
49  451  
50  452  
51  453  
52  454  
53  454  
54  455  
55  456  
56  457  
57  457  
58  458  
59  459  
60  460  
61  460  
62  461  
63  462  
64  463  
65  463  
66  464  
67  465  
68  466  
69  466  
70  467  
71  468  
72  469  
73  470  
74  471  
75  471  
76  472  
77  473  
78  474  
79  475  
80  475  
81  476  
82  477  
83  478  
84  478  
85  479  
86  480  
87  481  
88  482  
89  483  
90  483  
91  484  
92  485  
93  486  
94  487  
95  487  
96  488  
97  489  
98  490  
99  491  
100  491  
101  492  
102  493  
103  493  
104  494  
105  495  
106  496  
107  496  
108  497  
109  498  
110  499  
111  499  
112  500  
113  501  
114  502  
115  502  
116  503  
117  504  
118  505  
119  506  
120  507  
121  507  
122  508  
123  509  
124  510  
125  510  
126  511  
127  512  
128  513  
129  513  
130  514  
131  515  
132  516  
133  516  
134  517  
135  518  
131  450  
132  451  
133  452  
134  453  
135  454  
136  455  
137  456  
138  456  
139  457  
140  458  
141  459  
142  460  
143  461  
144  462  
145  463  
146  464  
147  465  
148  466  
149  467  
150  468  
151  469  
151  470  
152  471  
153  472  
154  473  
155  474  
156  475  
157  476  
158  477  
159  478  
160  479  
161  480  
162  481  
163  482  
163  483  
164  484  
165  485  
166  486  
167  487  
168  488  
141  451  
142  452  
143  453  
144  454  
145  455  
146  456  
147  457  
148  458  
149  459  
150  460  
151  461  
151  462  
152  463  
153  464  
154  465  
155  466  
156  467  
157  468  
158  469  
159  470  
160  471  
161  472  
162  473  
163  474  
164  475  
165  476  
166  477  
167  478  
168  479  
169  480  
170  481  
171  482  
172  483  
173  484  
174  485  
175  486  
176  487  
177  488  
178  489  
179  490  
179  491  
180  492  
181  493  
182  494  
183  495  
184  496  
185  497  
186  498  
187  499  
188  500  
189  501  
190  502  
191  503  
192  504  
193  505  
194  506  
195  507  
196  508  
197  509  
198  510  
199  511  
200  512  
201  513  
202  514  
202  515  
203  516  
204  517  
205  518  
206  519  
207  520  
208  521  
209  522  
210  523  
211  524  
212  525  
213  526  
214  527  
215  528  
216  529  
32  460  
33  460  
34  461  
35  462  
36  463  
37  463  
38  464  
39  465  
40  465  
41  466  
42  467  
43  468  
44  468  
45  469  
46  470  
47  471  
48  471  
49  472  
50  473  
51  474  
52  474  
53  475  
54  476  
55  476  
56  477  
57  478  
58  479  
59  479  
60  480  
61  481  
62  482  
63  482  
64  483  
65  484  
66  484  
67  485  
68  486  
69  486  
70  487  
71  488  
72  488  
73  489  
74  490  
75  491  
76  491  
77  492  
78  493  
79  494  
80  494  
81  495  
82  496  
83  496  
84  497  
85  498  
86  499  
87  499  
88  500  
89  501  
90  502  
91  502  
92  503  
93  504  
94  505  
95  505  
96  506  
97  507  
98  508  
99  508  
100  509  
101  510  
102  510  
103  511  
104  512  
105  513  
106  513  
107  514  
108  515  
109  515  
110  516  
111  517  
112  518  
113  518  
114  519  
115  520  
116  520  
117  521  
118  522  
119  523  
120  523  
121  524  
122  525  
123  526  
124  526  
125  527  
169  460  
170  460  
171  460  
172  460  
173  460  
174  460  
175  460  
176  460  
177  461  
178  461  
179  461  
180  461  
181  461  
182  461  
183  461  
184  461  
185  461  
186  461  
187  461  
188  461  
189  461  
190  461  
191  461  
192  461  
193  461  
194  462  
195  462  
196  462  
197  462  
198  462  
199  462  
377  461  
378  461  
379  461  
380  461  
381  461  
382  461  
383  461  
384  461  
385  461  
386  461  
387  462  
388  462  
389  462  
390  462  
391  462  
392  462  
393  462  
394  462  
395  462  
396  462  
397  463  
398  463  
399  463  
400  463  
401  463  
402  463  
403  463  
404  463  
405  463  
406  463  
407  464  
408  464  
409  464  
415  466  
416  466  
417  466  
418  466  
419  466  
420  466  
421  466  
422  466  
423  466  
424  466  
425  467  
426  467  
427  467  
428  467  
429  467  
430  467  
431  467  
432  467  
433  467  
434  467  
435  468  
96  469  
97  469  
98  470  
99  470  
100  470  
101  470  
102  470  
103  470  
104  470  
105  471  
106  471  
107  471  
108  471  
109  471  
110  471  
111  472  
112  472  
113  472  
114  472  
115  472  
116  472  
117  472  
118  472  
119  472  
120  473  
121  473  
122  473  
123  473  
124  473  
125  473  
126  474  
127  474  
128  474  
129  474  
130  474  
131  475  
132  475  
133  475  
134  475  
135  475  
249  474  
250  475  
251  476  
251  477  
252  478  
252  479  
253  480  
254  481  
254  482  
255  483  
255  484  
256  485  
256  486  
257  487  
258  488  
259  489  
259  490  
260  491  
260  492  
261  493  
262  493  
181  477  
182  477  
183  477  
184  477  
185  477  
186  477  
187  478  
188  478  
189  478  
190  478  
191  478  
192  478  
193  478  
194  478  
195  478  
196  479  
197  479  
198  479  
199  479  
200  479  
201  479  
202  480  
203  480  
204  480  
205  480  
206  480  
207  480  
208  480  
209  480  
210  480  
123  484  
124  484  
125  484  
126  484  
127  484  
128  484  
129  484  
130  485  
131  485  
132  485  
133  485  
134  485  
135  485  
136  485  
137  485  
138  485  
139  485  
140  485  
141  486  
142  486  
143  486  
144  486  
170  489  
171  490  
172  491  
173  492  
174  493  
175  494  
176  495  
177  496  
178  497  
179  498  
180  499  
180  500  
181  501  
182  502  
183  503  
184  504  
185  505  
186  506  
187  507  
188  508  
189  508  
190  509  
191  510  
192  511  
193  512  
194  513  
195  514  
195  515  
196  516  
197  517  
198  517  
199  518  
200  519  
195  491  
196  491  
197  491  
198  491  
199  491  
200  491  
201  492  
202  492  
203  492  
204  492  
205  492  
206  492  
207  492  
208  492  
209  492  
210  492  
211  492  
212  492  
213  493  
214  493  
215  493  
216  493  
217  493  
123  494  
124  494  
125  494  
126  494  
127  495  
128  495  
129  495  
130  495  
131  495  
132  495  
133  495  
134  495  
135  496  
136  496  
137  496  
138  496  
139  496  
140  496  
141  496  
142  496  
143  496  
