38  6  
42  12  
43  5  
44  14  
54  26  
55  28  
60  32  
67  36  
72  44  
73  45  
74  46  
75  49  
76  52  
77  48  
78  50  
80  54  
83  60  
84  59  
85  61  
86  64  
87  62  
91  70  
92  71  
93  72  
95  73  
96  74  
97  76  
100  75  
101  83  
102  82  
103  84  
105  87  
109  90  
110  91  
112  94  
113  92  
118  103  
120  106  
123  108  
124  110  
125  111  
127  112  
128  113  
130  115  
133  117  
134  116  
135  121  
136  123  
137  122  
138  120  
139  126  
141  124  
142  127  
145  128  
146  129  
147  130  
149  132  
151  134  
152  135  
154  137  
155  145  
156  141  
158  139  
159  143  
160  146  
166  152  
169  154  
172  155  
176  164  
184  171  
185  173  
191  177  
194  179  
202  184  
211  194  
213  196  
214  197  
216  198  
218  199  
221  201  
229  212  
231  215  
233  217  
