2  9  
6  11  
7  14  
8  18  
9  19  
12  20  
13  21  
14  22  
16  25  
17  26  
18  30  
19  28  
20  31  
22  33  
24  35  
26  37  
27  36  
28  38  
31  40  
32  42  
33  43  
34  41  
35  48  
38  49  
40  51  
42  55  
43  57  
44  59  
46  58  
47  60  
48  61  
51  65  
52  67  
53  68  
55  72  
57  71  
60  74  
63  79  
64  80  
67  81  
68  83  
69  85  
72  87  
77  89  
78  92  
81  94  
84  96  
85  99  
87  103  
88  105  
89  107  
93  109  
96  110  
97  112  
98  111  
100  113  
103  116  
104  117  
107  123  
110  121  
112  122  
116  127  
119  130  
123  135  
124  132  
125  137  
128  138  
130  140  
131  143  
132  142  
133  141  
135  144  
136  145  
137  139  
140  151  
142  152  
145  153  
146  154  
147  155  
149  158  
153  159  
156  160  
157  161  
158  170  
159  162  
160  163  
161  164  
162  166  
163  165  
164  168  
165  169  
166  175  
169  172  
171  176  
172  174  
173  178  
176  180  
180  184  
181  185  
182  186  
184  187  
188  189  
191  190  
193  192  
194  191  
