21  11  
22  12  
25  20  
27  18  
28  19  
29  23  
30  26  
31  27  
32  30  
33  28  
34  29  
35  25  
36  24  
39  39  
41  34  
48  44  
50  41  
51  42  
53  46  
55  48  
57  50  
58  51  
60  54  
62  57  
63  58  
64  59  
65  55  
67  69  
71  66  
73  65  
77  74  
78  77  
82  76  
83  90  
84  80  
85  79  
87  86  
88  75  
91  83  
95  84  
99  101  
100  103  
101  104  
102  105  
103  106  
104  109  
105  111  
106  108  
107  117  
108  115  
109  116  
110  119  
112  121  
114  123  
121  138  
124  139  
