0  0  
1  1  
3  2  
4  3  
5  4  
6  5  
9  6  
10  8  
12  11  
13  10  
15  16  
16  15  
17  18  
18  19  
19  17  
20  20  
21  21  
22  22  
23  23  
24  24  
25  25  
26  26  
29  28  
30  29  
33  30  
36  34  
37  32  
39  33  
40  35  
41  36  
42  42  
43  37  
44  38  
45  39  
47  40  
48  41  
50  48  
51  49  
52  53  
53  50  
56  55  
57  56  
60  57  
61  59  
62  60  
63  61  
65  63  
66  64  
67  65  
68  66  
69  72  
70  68  
71  69  
72  74  
73  75  
74  78  
76  79  
78  87  
79  80  
80  81  
81  82  
83  84  
84  85  
85  88  
88  86  
92  89  
93  90  
94  92  
96  94  
97  95    
