0  6  
1  0  
2  2  
3  3  
4  4  
6  5  
7  1  
15  7  
16  8  
19  14  
20  11  
21  17  
24  13  
25  12  
28  15  
29  16  
33  19  
39  20  
42  22  
47  23  
50  28  
53  29  
54  30  
58  32  
64  39  
65  35  
67  38  
69  40  
70  42  
73  44  
74  46  
75  47  
79  45  
80  48  
84  49  
87  52  
90  54  
91  56  
92  57  
93  55  
96  60  
98  61  
100  63  
101  64  
104  67  
106  68  
107  69  
108  76  
109  74  
113  80  
114  77  
115  83  
116  78  
118  79  
121  84  
123  86  
124  93  
125  87  
126  88  
128  89  
131  94  
136  98  
137  95  
139  96  
141  105  
142  107  
145  106  
146  99  
147  101  
148  109  
149  102  
150  103  
151  108  
155  111  
156  113  
157  110  
159  115  
161  116  
162  117  
164  118  
165  122  
168  121  
172  124  
173  125  
174  126  
176  127  
179  130  
180  133  
181  135  
182  134  
183  132  
184  136  
185  137  
186  139  
