255  32  
255  33  
255  34  
255  35  
255  36  
255  37  
255  38  
255  39  
255  40  
255  41  
255  42  
255  43  
255  44  
255  45  
255  46  
255  47  
255  48  
255  49  
255  50  
255  51  
255  52  
174  41  
175  41  
176  41  
177  41  
178  41  
179  41  
180  41  
181  41  
182  41  
183  41  
184  41  
185  41  
186  41  
187  41  
188  41  
189  41  
190  41  
191  41  
192  41  
193  41  
194  41  
195  41  
196  41  
197  41  
198  41  
199  41  
200  41  
201  41  
202  41  
203  41  
204  41  
205  41  
206  41  
207  41  
208  41  
209  41  
210  41  
211  41  
212  41  
213  41  
214  41  
215  41  
216  41  
217  41  
218  41  
219  41  
220  41  
221  41  
222  41  
223  41  
224  41  
225  41  
226  41  
227  41  
228  41  
229  41  
230  41  
231  41  
232  41  
233  41  
234  41  
235  41  
236  41  
237  41  
238  41  
239  41  
240  41  
241  41  
242  41  
243  41  
244  41  
245  41  
162  58  
163  58  
164  58  
165  58  
166  58  
167  58  
168  58  
169  58  
170  58  
171  58  
172  58  
173  58  
174  58  
175  58  
176  58  
177  58  
178  58  
179  58  
180  58  
181  58  
182  58  
183  58  
184  58  
185  58  
186  58  
187  58  
188  58  
189  58  
190  58  
191  58  
192  58  
193  58  
194  58  
195  58  
196  58  
197  58  
198  58  
199  58  
200  58  
201  58  
202  58  
203  58  
204  58  
205  58  
206  58  
207  58  
208  58  
209  58  
210  58  
211  58  
212  58  
213  58  
214  58  
215  58  
216  58  
217  58  
218  58  
219  58  
220  58  
221  58  
222  58  
223  58  
224  58  
225  58  
226  58  
227  58  
228  58  
229  58  
230  58  
231  58  
232  58  
233  58  
234  58  
235  58  
236  58  
237  58  
238  58  
239  58  
240  58  
241  58  
242  58  
243  58  
244  58  
245  58  
252  60  
252  61  
252  62  
252  63  
252  64  
252  65  
252  66  
252  67  
252  68  
252  69  
252  70  
252  71  
252  72  
252  73  
252  74  
252  75  
253  76  
253  77  
253  78  
253  79  
253  80  
253  81  
253  82  
253  83  
253  84  
253  85  
253  86  
253  87  
253  88  
253  89  
253  90  
253  91  
253  92  
253  93  
253  94  
253  95  
253  96  
253  97  
253  98  
253  99  
253  100  
253  101  
253  102  
253  103  
253  104  
253  105  
253  106  
253  107  
253  108  
253  109  
253  110  
253  111  
253  112  
253  113  
253  114  
253  115  
253  116  
253  117  
253  118  
253  119  
253  120  
253  121  
253  122  
253  123  
253  124  
253  125  
253  126  
253  127  
253  128  
253  129  
253  130  
253  131  
253  132  
253  133  
254  134  
254  135  
254  136  
254  137  
254  138  
254  139  
254  140  
254  141  
254  142  
254  143  
254  144  
254  145  
254  146  
254  147  
254  148  
254  149  
254  150  
254  151  
254  152  
254  153  
254  154  
254  155  
254  156  
254  157  
254  158  
254  159  
254  160  
254  161  
254  162  
254  163  
254  164  
254  165  
254  166  
254  167  
254  168  
254  169  
254  170  
254  171  
254  172  
254  173  
254  174  
254  175  
255  176  
255  177  
255  178  
255  179  
255  180  
255  181  
255  182  
255  183  
255  184  
255  185  
255  186  
255  187  
256  63  
256  64  
256  65  
256  66  
256  67  
256  68  
256  69  
256  70  
256  71  
256  72  
256  73  
256  74  
256  75  
256  76  
256  77  
256  78  
256  79  
256  80  
256  81  
256  82  
256  83  
256  84  
256  85  
256  86  
256  87  
256  88  
256  89  
256  90  
256  91  
256  92  
256  93  
256  94  
256  95  
257  96  
257  97  
257  98  
257  99  
257  100  
257  101  
257  102  
257  103  
257  104  
257  105  
257  106  
257  107  
257  108  
257  109  
257  110  
257  111  
257  112  
257  113  
257  114  
257  115  
257  116  
257  117  
257  118  
257  119  
257  120  
257  121  
257  122  
257  123  
257  124  
257  125  
257  126  
257  127  
257  128  
257  129  
257  130  
257  131  
257  132  
257  133  
257  134  
257  135  
257  136  
257  137  
257  138  
257  139  
257  140  
257  141  
257  142  
257  143  
258  144  
258  145  
258  146  
258  147  
258  148  
258  149  
258  150  
258  151  
258  152  
258  153  
258  154  
258  155  
258  156  
258  157  
258  158  
258  159  
258  160  
258  161  
258  162  
258  163  
258  164  
258  165  
258  166  
258  167  
258  168  
258  169  
258  170  
258  171  
258  172  
258  173  
258  174  
258  175  
258  176  
258  177  
258  178  
258  179  
258  180  
258  181  
258  182  
258  183  
258  184  
258  185  
258  186  
258  187  
258  188  
258  189  
258  190  
258  191  
258  192  
258  193  
258  194  
258  195  
258  196  
258  197  
258  198  
258  199  
258  200  
258  201  
259  202  
259  203  
259  204  
259  205  
259  206  
259  207  
259  208  
259  209  
259  210  
259  211  
259  212  
259  213  
259  214  
259  215  
259  216  
259  217  
259  218  
259  219  
259  220  
259  221  
259  222  
259  223  
259  224  
259  225  
259  226  
259  227  
259  228  
259  229  
259  230  
259  231  
259  232  
259  233  
259  234  
259  235  
259  236  
259  237  
259  238  
259  239  
259  240  
259  241  
127  92  
100  93  
101  93  
102  93  
103  93  
104  93  
105  93  
106  93  
107  93  
108  93  
109  93  
110  93  
111  93  
112  93  
113  93  
114  93  
115  93  
116  93  
117  93  
118  93  
119  93  
120  93  
121  93  
122  93  
123  93  
124  93  
125  93  
126  93  
137  92  
138  92  
139  92  
140  92  
141  92  
142  92  
143  92  
144  92  
145  92  
146  92  
147  92  
148  92  
149  92  
150  92  
151  92  
152  92  
153  92  
154  92  
155  92  
156  92  
157  92  
158  92  
159  92  
160  92  
161  92  
162  92  
163  92  
164  92  
165  92  
166  92  
167  92  
168  92  
169  92  
170  92  
171  92  
172  92  
173  92  
174  92  
175  92  
176  92  
177  92  
178  92  
179  92  
180  92  
181  92  
182  92  
183  92  
184  92  
185  92  
186  92  
187  92  
188  92  
189  92  
190  92  
191  92  
192  92  
193  92  
194  92  
195  92  
196  92  
197  92  
198  92  
199  92  
200  92  
201  92  
202  92  
203  92  
204  92  
205  92  
206  92  
207  92  
208  92  
209  92  
210  92  
211  92  
212  92  
213  92  
214  92  
215  92  
216  92  
217  92  
218  92  
219  92  
220  92  
221  92  
222  92  
223  92  
224  92  
225  92  
226  92  
227  92  
228  92  
229  92  
230  92  
231  92  
232  92  
233  92  
234  92  
235  92  
236  92  
150  111  
106  112  
107  112  
108  112  
109  112  
110  112  
111  112  
112  112  
113  112  
114  112  
115  112  
116  112  
117  112  
118  112  
119  112  
120  112  
121  112  
122  112  
123  112  
124  112  
125  112  
126  112  
127  112  
128  112  
129  112  
130  112  
131  112  
132  112  
133  112  
134  112  
135  112  
136  112  
137  112  
138  112  
139  112  
140  112  
141  112  
142  112  
143  112  
144  112  
145  112  
146  112  
147  112  
148  112  
149  112  
162  111  
163  111  
164  111  
165  111  
166  111  
167  111  
168  111  
169  111  
170  111  
171  111  
172  111  
173  111  
174  111  
175  111  
176  111  
177  111  
178  111  
179  111  
180  111  
181  111  
182  111  
183  111  
184  111  
185  111  
186  111  
187  111  
188  111  
189  111  
190  111  
191  111  
192  111  
193  111  
198  111  
199  111  
200  111  
201  111  
202  111  
203  111  
204  111  
205  111  
206  111  
207  111  
208  111  
209  111  
210  111  
211  111  
212  111  
213  111  
214  111  
215  111  
216  111  
217  111  
218  111  
219  111  
220  111  
221  111  
222  111  
55  122  
56  123  
57  124  
57  125  
58  126  
58  127  
59  128  
60  129  
60  130  
61  131  
61  132  
62  133  
63  134  
63  135  
64  136  
64  137  
65  138  
66  139  
66  140  
67  141  
67  142  
68  143  
69  144  
69  145  
70  146  
70  147  
71  148  
71  149  
72  150  
73  151  
73  152  
74  153  
74  154  
75  155  
76  156  
76  157  
77  158  
77  159  
78  160  
78  161  
79  162  
80  163  
80  164  
81  165  
250  169  
251  169  
252  169  
157  170  
158  170  
159  170  
160  170  
161  170  
162  170  
163  170  
164  170  
165  170  
166  170  
167  170  
168  170  
169  170  
170  170  
171  170  
172  170  
173  170  
174  170  
175  170  
176  170  
177  170  
178  170  
179  170  
180  170  
181  170  
182  170  
183  170  
184  170  
185  170  
186  170  
187  170  
188  170  
189  170  
190  170  
191  170  
192  170  
193  170  
194  170  
195  170  
196  170  
197  170  
198  170  
199  170  
200  170  
201  170  
202  170  
203  170  
204  170  
205  170  
206  170  
207  170  
208  170  
209  170  
210  170  
211  170  
212  170  
213  170  
214  170  
215  170  
216  170  
217  170  
218  170  
219  170  
220  170  
221  170  
222  170  
223  170  
224  170  
225  170  
226  170  
227  170  
228  170  
229  170  
230  170  
231  170  
232  170  
233  170  
234  170  
235  170  
236  170  
237  170  
238  170  
239  170  
240  170  
241  170  
242  170  
243  170  
244  170  
245  170  
246  170  
247  170  
248  170  
249  170  
95  171  
96  171  
99  171  
100  171  
101  171  
102  171  
103  171  
104  171  
105  171  
106  171  
107  171  
108  171  
109  171  
110  171  
111  171  
112  171  
113  171  
114  171  
115  171  
116  171  
117  171  
118  171  
119  171  
120  171  
121  171  
122  171  
123  171  
124  171  
125  171  
126  171  
127  171  
128  171  
129  171  
130  171  
131  171  
132  171  
133  171  
134  171  
135  171  
136  171  
137  171  
138  171  
139  171  
140  171  
141  171  
142  171  
143  171  
144  171  
145  171  
146  171  
147  171  
148  171  
149  171  
150  171  
151  171  
152  171  
153  171  
154  171  
155  171  
156  171  
91  172  
92  172  
93  172  
94  172  
97  172  
98  172  
196  190  
197  190  
198  190  
199  190  
200  190  
201  190  
202  190  
203  190  
153  191  
154  191  
155  191  
156  191  
157  191  
158  191  
159  191  
160  191  
161  191  
162  191  
163  191  
164  191  
165  191  
166  191  
167  191  
168  191  
169  191  
170  191  
171  191  
172  191  
173  191  
174  191  
175  191  
176  191  
177  191  
178  191  
179  191  
180  191  
181  191  
182  191  
183  191  
184  191  
185  191  
186  191  
187  191  
188  191  
189  191  
190  191  
191  191  
192  191  
193  191  
194  191  
195  191  
132  192  
133  192  
134  192  
135  192  
136  192  
137  192  
138  192  
139  192  
140  192  
141  192  
142  192  
143  192  
144  192  
145  192  
146  192  
147  192  
148  192  
149  192  
150  192  
151  192  
152  192  
234  190  
235  190  
236  190  
237  190  
238  190  
239  190  
240  190  
241  190  
242  190  
243  190  
244  190  
245  190  
246  190  
247  190  
248  190  
249  190  
250  190  
226  191  
227  191  
228  191  
229  191  
230  191  
231  191  
232  191  
233  191  
291  190  
292  190  
293  190  
294  190  
295  190  
296  190  
297  190  
298  190  
299  190  
300  190  
301  190  
302  190  
303  190  
304  190  
305  190  
306  190  
307  190  
308  190  
309  190  
310  190  
311  190  
312  190  
313  190  
314  190  
315  190  
316  190  
317  190  
318  190  
319  190  
320  190  
321  190  
322  190  
323  190  
324  190  
325  190  
326  190  
327  190  
328  190  
329  190  
330  190  
331  190  
332  190  
333  190  
334  190  
335  190  
336  190  
337  190  
338  190  
339  190  
340  190  
341  190  
342  190  
343  190  
344  190  
345  190  
346  190  
347  190  
348  190  
349  190  
350  190  
351  190  
352  190  
353  190  
354  190  
355  190  
356  190  
357  190  
358  190  
359  190  
360  190  
361  190  
362  190  
363  190  
364  190  
365  190  
366  190  
367  190  
368  190  
369  190  
370  190  
371  190  
372  190  
373  190  
374  190  
375  190  
376  190  
377  190  
378  190  
379  190  
380  190  
381  190  
382  190  
383  190  
384  190  
385  190  
386  190  
387  190  
388  190  
389  190  
390  190  
391  190  
392  190  
393  190  
394  190  
395  190  
396  190  
397  190  
398  190  
200  193  
201  193  
202  193  
197  194  
198  194  
199  194  
194  195  
195  195  
196  195  
191  196  
192  196  
193  196  
189  197  
190  197  
186  198  
187  198  
188  198  
184  199  
185  199  
181  200  
182  200  
183  200  
178  201  
179  201  
180  201  
176  202  
177  202  
218  193  
219  193  
216  194  
217  194  
214  195  
215  195  
211  196  
212  196  
213  196  
208  197  
209  197  
210  197  
205  198  
206  198  
207  198  
203  199  
204  199  
200  200  
201  200  
202  200  
197  201  
198  201  
199  201  
196  202  
195  203  
255  194  
255  195  
255  196  
255  197  
255  198  
255  199  
255  200  
255  201  
255  202  
255  203  
255  204  
255  205  
255  206  
255  207  
255  208  
255  209  
255  210  
255  211  
255  212  
255  213  
255  214  
255  215  
255  216  
255  217  
255  218  
255  219  
255  220  
255  221  
256  222  
256  223  
256  224  
256  225  
255  226  
255  227  
256  228  
256  229  
256  230  
256  231  
256  232  
256  233  
256  234  
256  235  
256  236  
256  237  
256  238  
256  239  
256  240  
256  241  
356  202  
357  202  
358  202  
359  202  
360  202  
361  202  
362  202  
363  202  
364  202  
365  202  
366  202  
367  202  
368  202  
369  202  
312  203  
313  203  
314  203  
315  203  
316  203  
317  203  
318  203  
319  203  
320  203  
321  203  
322  203  
323  203  
324  203  
325  203  
326  203  
327  203  
328  203  
329  203  
330  203  
331  203  
332  203  
333  203  
334  203  
335  203  
336  203  
337  203  
338  203  
339  203  
340  203  
341  203  
342  203  
343  203  
344  203  
345  203  
346  203  
347  203  
348  203  
349  203  
350  203  
351  203  
352  203  
353  203  
354  203  
355  203  
370  203  
371  203  
372  203  
373  203  
374  203  
375  203  
376  203  
377  203  
378  203  
379  203  
380  203  
381  203  
382  203  
383  203  
384  203  
385  203  
386  203  
387  203  
388  203  
389  203  
390  203  
391  203  
392  203  
393  203  
394  203  
395  203  
396  203  
397  203  
398  203  
399  203  
400  203  
401  203  
402  203  
403  203  
404  203  
405  203  
406  203  
407  203  
408  203  
409  204  
410  204  
411  204  
412  204  
413  204  
414  204  
415  204  
416  204  
417  204  
418  204  
419  204  
241  203  
242  203  
243  203  
218  204  
219  204  
220  204  
223  204  
224  204  
225  204  
226  204  
227  204  
228  204  
229  204  
230  204  
231  204  
232  204  
233  204  
234  204  
235  204  
236  204  
237  204  
238  204  
239  204  
240  204  
206  205  
207  205  
208  205  
209  205  
210  205  
211  205  
212  205  
213  205  
214  205  
215  205  
216  205  
217  205  
221  205  
222  205  
426  206  
427  206  
428  206  
430  206  
431  206  
432  206  
433  206  
434  206  
435  206  
436  206  
437  206  
438  206  
439  206  
440  206  
441  206  
429  207  
442  207  
443  207  
444  207  
445  207  
446  207  
447  207  
448  207  
86  268  
86  269  
86  270  
86  271  
86  272  
86  273  
86  274  
86  275  
86  276  
86  277  
86  278  
86  279  
86  280  
86  281  
86  282  
86  283  
86  284  
86  285  
86  286  
86  287  
87  288  
87  289  
87  290  
87  291  
87  292  
87  293  
87  294  
87  295  
88  296  
88  297  
88  298  
88  299  
88  300  
88  301  
88  302  
88  303  
89  304  
112  288  
113  288  
94  289  
95  289  
96  289  
97  289  
98  289  
99  289  
100  289  
101  289  
102  289  
103  289  
104  289  
105  289  
106  289  
107  289  
108  289  
109  289  
110  289  
111  289  
42  296  
43  296  
44  297  
45  297  
46  298  
47  298  
48  298  
49  299  
50  299  
51  300  
52  300  
53  301  
54  301  
55  302  
56  302  
57  303  
58  303  
59  303  
60  304  
61  304  
62  305  
63  305  
64  305  
65  306  
66  306  
67  306  
68  307  
69  307  
70  308  
71  308  
72  308  
73  309  
74  309  
75  309  
76  310  
42  304  
43  304  
44  305  
45  305  
46  305  
47  306  
48  306  
49  306  
50  307  
51  307  
52  308  
53  308  
54  308  
55  309  
56  309  
57  310  
58  310  
59  310  
60  311  
61  311  
62  312  
63  312  
64  313  
65  313  
66  313  
67  314  
68  314  
69  315  
70  315  
71  315  
72  316  
73  316  
74  317  
75  317  
76  317  
77  318  
78  318  
79  318  
80  319  
81  319  
82  320  
83  320  
84  320  
85  321  
86  321  
87  322  
88  322  
89  322  
90  323  
91  323  
92  324  
93  324  
94  324  
95  325  
96  325  
97  326  
98  326  
99  326  
100  327  
101  327  
102  327  
103  328  
104  328  
105  329  
106  329  
107  329  
108  330  
109  330  
110  331  
111  331  
112  331  
113  332  
114  332  
115  333  
116  333  
117  333  
118  334  
119  334  
120  335  
121  335  
122  335  
123  336  
124  336  
125  336  
126  337  
127  337  
128  338  
129  338  
130  338  
131  339  
132  339  
133  340  
134  340  
135  340  
136  341  
137  341  
138  342  
139  342  
140  342  
141  343  
142  343  
143  344  
144  344  
145  344  
146  345  
147  345  
148  346  
149  346  
150  346  
151  347  
152  347  
153  348  
154  348  
155  348  
156  349  
157  349  
158  349  
159  350  
160  350  
161  351  
162  351  
163  352  
164  352  
35  309  
35  310  
35  311  
35  312  
35  313  
35  314  
35  315  
35  316  
35  317  
35  318  
35  319  
35  320  
35  321  
35  322  
35  323  
35  324  
35  325  
35  326  
35  327  
35  328  
35  329  
35  330  
35  331  
35  332  
35  333  
35  334  
35  335  
36  336  
36  337  
36  338  
36  339  
36  340  
36  341  
36  342  
36  343  
36  344  
36  345  
36  346  
36  347  
36  348  
36  349  
36  350  
36  351  
36  352  
36  353  
36  354  
36  355  
36  356  
36  357  
36  358  
36  359  
36  360  
36  361  
36  362  
37  363  
37  364  
37  365  
37  366  
37  367  
37  368  
37  369  
37  370  
37  371  
37  372  
37  373  
37  374  
37  375  
37  376  
37  377  
37  378  
37  379  
37  380  
37  381  
37  382  
37  383  
37  384  
37  385  
37  386  
37  387  
37  388  
38  389  
38  390  
38  391  
38  392  
38  393  
38  394  
38  395  
38  396  
38  397  
38  398  
38  399  
38  400  
38  401  
38  402  
38  403  
38  404  
38  405  
38  406  
38  407  
38  408  
38  409  
39  410  
39  411  
39  412  
39  413  
39  414  
39  415  
39  416  
39  417  
39  418  
39  419  
39  420  
39  421  
39  422  
39  423  
39  424  
39  425  
39  426  
39  427  
39  428  
39  429  
39  430  
39  431  
39  432  
39  433  
39  434  
39  435  
39  436  
40  437  
40  438  
40  439  
40  440  
40  441  
40  442  
40  443  
40  444  
40  445  
40  446  
40  447  
40  448  
40  449  
40  450  
40  451  
40  452  
40  453  
40  454  
40  455  
40  456  
40  457  
40  458  
40  459  
40  460  
40  461  
40  462  
40  463  
40  464  
40  465  
41  466  
41  467  
41  468  
41  469  
41  470  
41  471  
41  472  
41  473  
41  474  
41  475  
41  476  
41  477  
41  478  
41  479  
41  480  
41  481  
41  482  
41  483  
41  484  
41  485  
41  486  
41  487  
41  488  
41  489  
41  490  
41  491  
41  492  
41  493  
41  494  
41  495  
41  496  
41  497  
41  498  
42  499  
42  500  
42  501  
42  502  
42  503  
42  504  
42  505  
42  506  
42  507  
42  508  
42  509  
42  510  
42  511  
42  512  
42  513  
42  514  
42  515  
42  516  
42  517  
42  518  
42  519  
42  520  
42  521  
42  522  
42  523  
42  524  
258  337  
258  338  
258  339  
258  340  
258  341  
258  342  
258  343  
258  344  
258  345  
258  346  
258  347  
258  348  
258  349  
258  350  
258  351  
258  352  
258  353  
258  354  
258  355  
258  356  
258  357  
258  358  
258  359  
258  360  
258  361  
258  362  
258  363  
258  364  
258  365  
262  337  
262  338  
262  339  
262  340  
262  341  
262  342  
262  343  
262  344  
262  345  
262  346  
262  347  
262  348  
262  349  
262  350  
262  351  
262  352  
262  353  
262  354  
262  355  
262  356  
262  357  
262  358  
262  359  
262  360  
262  361  
262  362  
262  363  
262  364  
262  365  
162  384  
163  384  
164  384  
165  384  
166  384  
167  384  
168  384  
169  384  
170  384  
171  384  
172  384  
173  384  
174  384  
175  384  
176  384  
177  384  
178  384  
179  384  
180  384  
181  384  
155  385  
156  385  
157  385  
158  385  
159  385  
160  385  
161  385  
182  395  
183  395  
184  395  
185  395  
186  395  
187  395  
188  395  
189  395  
190  395  
191  395  
192  395  
193  395  
194  395  
195  395  
196  395  
197  395  
198  395  
199  395  
200  395  
201  395  
202  395  
203  395  
204  395  
205  395  
206  395  
207  395  
208  395  
209  395  
210  395  
211  395  
174  396  
175  396  
176  396  
177  396  
178  396  
179  396  
180  396  
181  396  
167  399  
168  399  
169  399  
170  399  
204  399  
166  400  
171  400  
172  400  
173  400  
174  400  
175  400  
176  400  
177  400  
178  400  
179  400  
180  400  
181  400  
182  400  
183  400  
184  400  
185  400  
186  400  
187  400  
188  400  
189  400  
190  400  
191  400  
192  400  
193  400  
194  400  
195  400  
196  400  
197  400  
198  400  
199  400  
200  400  
201  400  
202  400  
203  400  
224  399  
225  399  
226  399  
227  399  
228  399  
229  399  
230  399  
231  399  
232  399  
233  399  
234  399  
235  399  
236  399  
237  399  
238  399  
239  399  
206  400  
207  400  
208  400  
209  400  
210  400  
211  400  
212  400  
213  400  
214  400  
215  400  
216  400  
217  400  
218  400  
219  400  
220  400  
221  400  
222  400  
223  400  
121  449  
121  450  
121  451  
121  452  
121  453  
121  454  
121  455  
120  456  
120  457  
120  458  
120  459  
120  460  
120  461  
120  462  
120  463  
120  464  
120  465  
120  466  
120  467  
120  468  
120  469  
120  470  
120  471  
222  460  
223  460  
224  460  
225  460  
226  460  
227  460  
228  460  
229  460  
216  461  
217  461  
218  461  
219  461  
220  461  
221  461  
205  462  
206  462  
207  462  
208  462  
209  462  
210  462  
211  462  
212  462  
213  462  
214  462  
215  462  
203  463  
204  463  
120  481  
120  482  
120  483  
120  484  
119  485  
119  486  
119  487  
119  488  
119  489  
119  490  
119  491  
119  492  
119  493  
119  494  
119  495  
119  496  
119  497  
120  498  
120  499  
120  500  
120  501  
120  502  
120  503  
120  504  
120  505  
120  506  
120  507  
120  508  
120  509  
120  510  
120  511  
120  512  
120  513  
121  514  
121  515  
121  516  
121  517  
76  485  
77  486  
77  487  
77  488  
77  489  
77  490  
77  491  
77  492  
77  493  
77  494  
77  495  
77  496  
77  497  
77  498  
77  499  
77  500  
77  501  
77  502  
77  503  
77  504  
77  505  
77  506  
77  507  
77  508  
77  509  
77  510  
77  511  
77  512  
77  513  
77  514  
77  515  
77  516  
77  517  
77  518  
77  519  
77  520  
77  521  
77  522  
77  523  
77  524  
261  509  
261  510  
261  511  
261  512  
261  513  
261  514  
261  515  
261  516  
261  517  
261  518  
261  519  
261  520  
261  521  
261  522  
261  523  
261  524  
261  525  
261  526  
261  527  
261  528  
262  529  
262  530  
262  531  
262  532  
262  533  
262  534  
262  535  
262  536  
262  537  
262  538  
262  539  
262  540  
262  541  
262  542  
262  543  
262  544  
262  545  
262  546  
262  547  
262  548  
262  549  
262  550  
262  551  
262  552  
262  553  
262  554  
262  555  
262  556  
262  557  
262  558  
262  559  
262  560  
262  561  
262  562  
262  563  
262  564  
262  565  
262  566  
262  567  
262  568  
262  569  
262  570  
262  571  
262  572  
262  573  
262  574  
262  575  
262  576  
262  577  
262  578  
262  579  
262  580  
262  581  
262  582  
262  583  
262  584  
262  585  
262  586  
262  587  
262  588  
262  589  
262  590  
262  591  
262  592  
262  593  
262  594  
264  509  
264  510  
264  511  
265  512  
265  513  
265  514  
265  515  
265  516  
265  517  
265  518  
265  519  
265  520  
265  521  
265  522  
265  523  
265  524  
265  525  
265  526  
265  527  
265  528  
265  529  
265  530  
265  531  
265  532  
265  533  
265  534  
266  535  
266  536  
266  537  
266  538  
266  539  
266  540  
266  541  
266  542  
266  543  
266  544  
266  545  
266  546  
265  547  
265  548  
265  549  
265  550  
265  551  
265  552  
265  553  
265  554  
265  555  
265  556  
265  557  
265  558  
265  559  
265  560  
265  561  
265  562  
265  563  
265  564  
266  565  
266  566  
266  567  
266  568  
266  569  
266  570  
266  571  
266  572  
266  573  
266  574  
266  575  
266  576  
266  577  
266  578  
266  579  
266  580  
266  581  
266  582  
266  583  
266  584  
266  585  
266  586  
266  587  
266  588  
266  589  
266  590  
266  591  
266  592  
266  593  
266  594  
266  595  
266  596  
266  597  
266  598  
266  599  
266  600  
266  601  
266  602  
266  603  
266  604  
266  605  
266  606  
266  607  
266  608  
136  530  
137  530  
138  530  
139  530  
140  530  
141  530  
142  530  
143  530  
144  530  
145  530  
146  530  
147  530  
148  530  
149  530  
150  530  
130  531  
131  531  
132  531  
133  531  
134  531  
135  531  
206  550  
207  550  
208  550  
209  550  
210  550  
211  550  
212  550  
213  550  
214  550  
215  550  
216  550  
217  550  
218  550  
219  550  
220  550  
221  550  
222  550  
223  550  
224  550  
225  550  
226  550  
227  550  
228  550  
229  550  
204  551  
205  551  
173  551  
174  551  
175  551  
176  551  
177  551  
178  551  
179  551  
180  551  
181  551  
182  551  
183  551  
184  551  
185  551  
186  551  
187  551  
188  551  
189  551  
190  551  
191  551  
192  551  
193  551  
194  551  
195  551  
196  551  
197  551  
198  551  
167  558  
167  559  
167  560  
167  561  
167  562  
167  563  
167  564  
167  565  
167  566  
167  567  
167  568  
167  569  
167  570  
167  571  
167  572  
167  573  
167  574  
167  575  
167  576  
167  577  
167  578  
167  579  
167  580  
167  581  
167  582  
167  583  
167  584  
167  585  
167  586  
167  587  
167  588  
167  589  
167  590  
167  591  
43  559  
43  560  
43  561  
43  562  
43  563  
43  564  
43  565  
43  566  
43  567  
43  568  
43  569  
43  570  
44  571  
44  572  
44  573  
44  574  
44  575  
44  576  
44  577  
44  578  
44  579  
44  580  
44  581  
44  582  
44  583  
44  584  
44  585  
44  586  
44  587  
44  588  
44  589  
44  590  
44  591  
44  592  
44  593  
44  594  
44  595  
44  596  
44  597  
44  598  
45  599  
45  600  
45  601  
45  602  
45  603  
45  604  
45  605  
45  606  
45  607  
45  608  
174  597  
175  597  
176  597  
177  597  
178  597  
179  597  
180  597  
181  597  
182  597  
183  597  
184  597  
185  597  
186  597  
187  597  
188  597  
189  597  
190  597  
191  597  
192  597  
193  597  
194  597  
195  597  
196  597  
197  597  
198  597  
199  597  
200  597  
201  597  
202  597  
203  597  
240  601  
241  601  
242  601  
243  601  
244  601  
245  601  
246  601  
247  601  
248  601  
249  601  
250  601  
251  601  
252  601  
253  601  
254  601  
255  601  
156  602  
157  602  
158  602  
159  602  
160  602  
161  602  
162  602  
163  602  
164  602  
165  602  
166  602  
167  602  
193  602  
194  602  
195  602  
196  602  
197  602  
198  602  
199  602  
200  602  
201  602  
202  602  
203  602  
204  602  
205  602  
206  602  
207  602  
208  602  
209  602  
210  602  
211  602  
212  602  
213  602  
214  602  
215  602  
216  602  
217  602  
218  602  
219  602  
220  602  
221  602  
222  602  
223  602  
224  602  
225  602  
226  602  
227  602  
228  602  
229  602  
230  602  
231  602  
232  602  
233  602  
234  602  
235  602  
236  602  
237  602  
238  602  
239  602  
168  603  
169  603  
170  603  
171  603  
172  603  
173  603  
174  603  
175  603  
176  603  
177  603  
178  603  
179  603  
180  603  
181  603  
182  603  
183  603  
184  603  
185  603  
186  603  
187  603  
188  603  
189  603  
190  603  
191  603  
192  603  
299  602  
300  602  
301  602  
302  602  
303  602  
304  602  
305  602  
306  602  
307  602  
308  602  
309  602  
310  602  
311  602  
312  602  
313  602  
314  602  
315  602  
316  602  
317  602  
318  602  
319  602  
320  602  
321  602  
322  602  
323  602  
324  602  
325  602  
326  602  
327  602  
328  602  
329  602  
330  602  
331  602  
332  602  
333  602  
334  602  
335  602  
336  602  
337  602  
338  602  
371  604  
372  604  
373  604  
374  604  
355  605  
356  605  
357  605  
358  605  
359  605  
360  605  
361  605  
362  605  
363  605  
364  605  
365  605  
366  605  
367  605  
368  605  
369  605  
370  605  
339  606  
340  606  
341  606  
342  606  
343  606  
344  606  
345  606  
346  606  
347  606  
348  606  
349  606  
350  606  
351  606  
352  606  
353  606  
354  606  
319  607  
320  607  
321  607  
322  607  
323  607  
324  607  
325  607  
326  607  
327  607  
328  607  
329  607  
330  607  
331  607  
332  607  
333  607  
334  607  
335  607  
336  607  
337  607  
338  607  
300  608  
301  608  
302  608  
303  608  
304  608  
305  608  
306  608  
307  608  
308  608  
309  608  
310  608  
311  608  
312  608  
313  608  
314  608  
315  608  
316  608  
317  608  
318  608  
