391  32  
391  33  
391  34  
391  35  
391  36  
391  37  
391  38  
391  39  
391  40  
391  41  
391  42  
391  43  
391  44  
391  45  
391  46  
391  47  
391  48  
391  49  
391  50  
391  51  
391  52  
391  53  
391  54  
391  55  
391  56  
391  57  
391  58  
391  59  
391  60  
391  61  
391  62  
391  63  
391  64  
391  65  
391  66  
392  67  
392  68  
392  69  
392  70  
392  71  
392  72  
392  73  
392  74  
392  75  
392  76  
392  77  
392  78  
392  79  
392  80  
392  81  
392  82  
392  83  
392  84  
392  85  
392  86  
392  87  
392  88  
392  89  
392  90  
358  160  
359  160  
360  160  
361  160  
362  160  
363  160  
364  160  
343  161  
344  161  
345  161  
346  161  
347  161  
348  161  
349  161  
350  161  
351  161  
352  161  
353  161  
354  161  
355  161  
356  161  
357  161  
321  162  
322  162  
323  162  
324  162  
325  162  
326  162  
327  162  
328  162  
329  162  
330  162  
331  162  
332  162  
333  162  
334  162  
335  162  
336  162  
337  162  
338  162  
339  162  
340  162  
341  162  
342  162  
338  165  
339  165  
340  165  
341  165  
342  165  
343  165  
344  165  
345  165  
346  165  
347  165  
320  166  
321  166  
322  166  
323  166  
324  166  
325  166  
326  166  
327  166  
328  166  
329  166  
330  166  
331  166  
332  166  
333  166  
334  166  
335  166  
336  166  
337  166  
293  170  
293  171  
293  172  
293  173  
293  174  
293  175  
293  176  
293  177  
293  178  
293  179  
293  180  
293  181  
293  182  
293  183  
293  184  
293  185  
294  186  
294  187  
294  188  
294  189  
294  190  
294  191  
294  192  
282  175  
282  176  
282  177  
282  178  
282  179  
282  180  
282  181  
282  182  
282  183  
282  184  
282  185  
282  186  
282  187  
282  188  
282  189  
282  190  
282  191  
282  192  
282  193  
282  194  
282  195  
282  196  
282  197  
282  198  
282  199  
282  200  
282  201  
282  202  
282  203  
282  204  
282  205  
282  206  
282  207  
283  208  
283  209  
283  210  
283  211  
283  212  
283  213  
283  214  
283  215  
283  216  
283  217  
283  218  
283  219  
283  220  
283  221  
283  222  
417  188  
418  188  
419  188  
420  188  
421  188  
422  188  
423  188  
409  189  
410  189  
411  189  
412  189  
413  189  
414  189  
415  189  
416  189  
399  190  
400  190  
401  190  
402  190  
403  190  
404  190  
405  190  
406  190  
407  190  
408  190  
448  192  
429  193  
431  193  
432  193  
433  193  
434  193  
435  193  
436  193  
437  193  
438  193  
439  193  
440  193  
441  193  
442  193  
443  193  
444  193  
445  193  
446  193  
447  193  
430  194  
293  199  
293  200  
294  201  
294  202  
294  203  
294  204  
294  205  
294  206  
294  207  
294  208  
294  209  
294  210  
294  211  
294  212  
294  213  
294  214  
294  215  
294  216  
294  217  
294  218  
294  219  
293  220  
293  221  
293  222  
427  246  
428  246  
429  246  
430  246  
431  246  
432  246  
433  246  
434  246  
435  246  
436  246  
437  246  
438  246  
439  246  
440  246  
441  246  
442  246  
443  246  
444  246  
445  246  
446  246  
447  246  
448  246  
426  247  
318  249  
319  249  
320  249  
321  249  
322  249  
323  249  
324  249  
325  249  
326  249  
327  249  
328  249  
329  249  
330  249  
331  249  
332  249  
333  249  
334  249  
335  249  
336  249  
337  249  
338  249  
339  249  
318  253  
319  253  
333  253  
334  253  
335  253  
336  253  
337  253  
338  253  
320  254  
321  254  
322  254  
323  254  
324  254  
325  254  
326  254  
327  254  
328  254  
329  254  
330  254  
331  254  
332  254  
158  265  
152  266  
153  266  
154  266  
155  266  
156  266  
157  266  
149  267  
150  267  
151  267  
146  268  
147  268  
148  268  
143  269  
144  269  
145  269  
139  270  
140  270  
141  270  
142  270  
225  280  
226  280  
227  280  
228  280  
229  280  
230  280  
231  280  
232  280  
233  280  
234  280  
235  280  
236  280  
237  280  
238  280  
239  280  
240  280  
241  280  
242  280  
243  280  
244  280  
245  280  
246  280  
247  280  
248  280  
249  280  
250  280  
251  280  
252  280  
253  280  
226  284  
227  284  
228  284  
229  284  
230  284  
231  284  
232  284  
233  284  
234  284  
235  284  
236  284  
237  284  
238  284  
239  284  
240  284  
241  284  
242  284  
243  284  
244  284  
245  284  
246  284  
247  284  
248  284  
249  284  
250  284  
251  284  
252  284  
253  284  
254  284  
255  284  
256  284  
445  291  
446  291  
447  291  
448  291  
397  292  
398  292  
399  292  
400  292  
401  292  
402  292  
403  292  
404  292  
405  292  
406  292  
407  292  
408  292  
409  292  
410  292  
411  292  
412  292  
413  292  
414  292  
415  292  
416  292  
417  292  
418  292  
419  292  
420  292  
421  292  
422  292  
423  292  
424  292  
425  292  
426  292  
427  292  
428  292  
429  292  
430  292  
431  292  
432  292  
433  292  
434  292  
435  292  
436  292  
437  292  
438  292  
439  292  
440  292  
441  292  
442  292  
443  292  
444  292  
140  292  
141  292  
142  292  
143  292  
144  292  
145  292  
146  292  
134  293  
135  293  
136  293  
137  293  
138  293  
139  293  
129  294  
130  294  
131  294  
132  294  
133  294  
127  295  
128  295  
295  293  
296  293  
297  293  
298  293  
299  293  
300  293  
301  293  
302  293  
303  293  
304  293  
305  293  
306  293  
307  293  
308  293  
309  293  
310  293  
311  293  
312  293  
313  293  
314  293  
315  293  
316  293  
317  293  
318  293  
319  293  
320  293  
321  293  
322  293  
323  293  
324  293  
325  293  
326  293  
327  293  
328  293  
329  293  
330  293  
331  293  
332  293  
333  293  
334  293  
335  293  
336  293  
337  293  
338  293  
339  293  
340  293  
363  294  
363  295  
363  296  
363  297  
363  298  
363  299  
363  300  
363  301  
363  302  
364  303  
364  304  
364  305  
364  306  
364  307  
364  308  
364  309  
364  310  
364  311  
364  312  
364  313  
351  295  
351  296  
351  297  
351  298  
351  299  
351  300  
351  301  
351  302  
351  303  
351  304  
351  305  
351  306  
351  307  
351  308  
351  309  
351  310  
351  311  
352  312  
352  313  
352  314  
296  297  
297  297  
298  297  
299  297  
300  297  
301  297  
302  297  
303  297  
304  297  
305  297  
306  297  
307  297  
308  297  
309  297  
310  297  
311  297  
312  297  
313  297  
314  297  
315  297  
316  297  
317  297  
318  297  
319  297  
320  297  
321  297  
322  297  
323  297  
324  297  
325  297  
326  297  
327  297  
328  297  
329  297  
330  297  
331  297  
332  297  
333  297  
334  297  
335  297  
336  297  
337  297  
338  297  
339  297  
399  297  
400  297  
401  297  
402  297  
403  297  
404  297  
405  297  
406  297  
407  297  
408  297  
409  297  
410  297  
411  297  
412  297  
413  297  
414  297  
415  297  
416  297  
417  297  
418  297  
419  297  
420  297  
421  297  
422  297  
423  297  
424  297  
425  297  
426  297  
427  297  
428  297  
429  297  
430  297  
431  297  
432  297  
433  297  
434  297  
435  297  
436  297  
437  297  
438  297  
439  297  
440  297  
441  297  
442  297  
443  297  
444  297  
445  297  
446  297  
447  297  
448  297  
201  302  
201  303  
201  304  
201  305  
200  306  
200  307  
200  308  
200  309  
200  310  
200  311  
200  312  
200  313  
200  314  
200  315  
200  316  
200  317  
200  318  
200  319  
200  320  
200  321  
200  322  
200  323  
296  314  
297  314  
298  314  
299  314  
300  314  
301  314  
302  314  
303  314  
304  314  
305  314  
306  314  
307  314  
308  314  
309  314  
310  314  
311  314  
312  314  
313  314  
314  314  
315  314  
316  314  
317  314  
318  314  
319  314  
320  314  
321  314  
322  314  
323  314  
324  314  
325  314  
326  314  
327  314  
328  314  
329  314  
330  314  
331  314  
332  314  
333  314  
334  314  
335  314  
336  314  
337  314  
338  314  
339  314  
340  314  
341  314  
342  314  
343  314  
344  314  
345  315  
397  314  
398  314  
399  314  
400  314  
401  314  
402  314  
403  314  
404  314  
405  314  
406  314  
407  314  
408  314  
409  314  
410  314  
411  314  
412  314  
413  314  
414  314  
415  314  
416  314  
417  314  
418  314  
419  314  
420  314  
421  314  
422  314  
423  314  
424  314  
425  314  
426  314  
427  314  
428  314  
429  314  
430  314  
431  314  
432  314  
433  314  
434  314  
435  314  
436  314  
437  314  
438  314  
439  314  
440  314  
441  314  
442  314  
443  314  
444  314  
445  314  
446  314  
447  314  
448  314  
140  315  
141  315  
142  315  
143  315  
144  315  
145  315  
146  315  
147  315  
148  315  
149  315  
150  315  
151  315  
120  316  
121  316  
122  316  
123  316  
124  316  
125  316  
126  316  
127  316  
128  316  
129  316  
130  316  
131  316  
132  316  
133  316  
134  316  
135  316  
136  316  
137  316  
138  316  
139  316  
116  317  
117  317  
118  317  
119  317  
297  318  
298  318  
299  318  
300  318  
301  318  
302  318  
303  318  
304  318  
305  318  
306  318  
307  318  
308  318  
309  318  
310  318  
311  318  
312  318  
313  318  
314  318  
315  318  
316  318  
317  318  
318  318  
319  318  
320  318  
321  318  
322  318  
323  318  
324  318  
325  318  
326  318  
327  318  
328  318  
329  318  
330  318  
331  318  
332  318  
333  318  
334  318  
335  318  
336  318  
337  318  
338  318  
339  318  
340  318  
399  319  
400  319  
401  319  
402  319  
403  319  
404  319  
405  319  
406  319  
407  319  
408  319  
409  319  
410  319  
411  319  
412  319  
413  319  
414  319  
415  319  
416  319  
417  319  
418  319  
419  319  
420  319  
421  319  
422  319  
423  319  
424  319  
425  319  
426  319  
427  319  
428  319  
429  319  
430  319  
431  319  
432  319  
433  319  
434  319  
435  319  
436  319  
437  319  
438  319  
439  319  
440  319  
441  319  
442  319  
443  319  
444  319  
445  319  
446  319  
447  319  
448  319  
114  323  
115  323  
116  324  
117  324  
118  324  
119  324  
120  324  
121  324  
122  324  
123  324  
124  324  
125  324  
126  324  
127  324  
128  325  
129  325  
130  325  
131  325  
132  325  
133  325  
134  325  
135  325  
136  325  
137  325  
138  325  
139  325  
140  325  
141  325  
142  325  
143  325  
144  325  
145  325  
146  325  
147  325  
148  325  
196  330  
196  331  
196  332  
196  333  
196  334  
196  335  
197  336  
197  337  
198  338  
198  339  
198  340  
198  341  
198  342  
198  343  
199  344  
199  345  
199  346  
199  347  
199  348  
199  349  
199  350  
297  359  
298  359  
299  359  
300  359  
301  359  
302  359  
303  359  
304  359  
305  359  
306  360  
307  360  
308  360  
309  360  
310  360  
311  360  
312  360  
313  360  
314  360  
315  360  
316  360  
317  360  
318  360  
319  360  
320  360  
321  360  
322  360  
323  360  
324  360  
325  360  
326  360  
327  360  
328  360  
329  360  
330  360  
331  360  
332  360  
333  360  
334  360  
335  360  
336  360  
337  360  
338  360  
339  360  
340  360  
352  360  
352  361  
352  362  
352  363  
352  364  
352  365  
352  366  
352  367  
352  368  
352  369  
352  370  
352  371  
352  372  
352  373  
352  374  
352  375  
352  376  
352  377  
352  378  
352  379  
352  380  
395  361  
396  361  
397  361  
398  361  
399  361  
400  361  
401  361  
402  361  
403  361  
404  361  
405  361  
406  361  
407  361  
408  361  
409  362  
410  362  
411  362  
412  362  
413  362  
414  362  
415  362  
416  362  
417  362  
418  362  
419  362  
420  362  
421  362  
422  362  
423  362  
424  362  
425  362  
426  362  
427  362  
428  362  
429  362  
430  362  
431  362  
432  362  
433  362  
434  362  
435  362  
436  362  
437  362  
438  362  
439  362  
440  362  
441  362  
442  362  
443  362  
444  362  
445  362  
446  362  
447  362  
448  362  
298  363  
299  363  
300  363  
301  363  
302  363  
303  363  
304  363  
305  363  
306  364  
307  364  
308  364  
309  364  
310  364  
311  364  
312  364  
313  364  
314  364  
315  364  
316  364  
317  364  
318  364  
319  364  
320  364  
321  364  
322  364  
323  364  
324  364  
325  364  
326  364  
327  364  
328  364  
329  364  
330  364  
331  364  
332  364  
333  364  
334  364  
335  364  
336  364  
337  364  
338  364  
339  364  
340  364  
341  364  
342  364  
343  364  
344  365  
364  363  
364  364  
365  365  
365  366  
365  367  
365  368  
365  369  
365  370  
365  371  
365  372  
365  373  
365  374  
365  375  
365  376  
365  377  
365  378  
365  379  
365  380  
365  381  
365  382  
365  383  
365  384  
365  385  
365  386  
365  387  
365  388  
365  389  
365  390  
365  391  
395  365  
396  365  
397  366  
398  366  
399  366  
400  366  
401  366  
402  366  
403  366  
404  366  
405  366  
406  366  
407  366  
408  366  
409  366  
410  366  
411  366  
412  366  
413  366  
414  366  
415  366  
416  366  
417  366  
418  367  
419  367  
420  367  
421  367  
422  367  
423  367  
424  367  
425  367  
426  367  
427  367  
428  367  
429  367  
430  367  
431  367  
432  367  
433  367  
434  367  
435  367  
436  367  
437  367  
438  367  
439  367  
440  367  
441  367  
442  367  
443  367  
444  367  
445  367  
446  367  
447  367  
448  367  
229  376  
230  376  
231  376  
232  376  
233  376  
234  376  
235  376  
236  376  
237  376  
238  376  
239  376  
240  376  
241  376  
242  376  
243  376  
244  376  
245  376  
246  376  
247  376  
248  376  
249  376  
250  376  
229  379  
230  379  
231  379  
232  380  
233  380  
234  380  
235  380  
236  380  
237  380  
238  380  
239  380  
240  380  
241  380  
242  380  
243  380  
244  380  
245  380  
246  380  
247  380  
248  380  
249  380  
250  380  
251  380  
252  380  
297  380  
298  380  
299  380  
300  380  
301  380  
302  380  
303  380  
304  380  
305  380  
306  380  
307  380  
308  380  
309  380  
310  380  
311  381  
312  381  
313  381  
314  381  
315  381  
316  381  
317  381  
318  381  
319  381  
320  381  
321  381  
322  381  
323  381  
324  381  
325  381  
326  381  
327  381  
328  381  
329  381  
330  381  
331  381  
332  381  
333  381  
334  381  
335  381  
336  381  
337  381  
338  381  
339  381  
340  381  
341  381  
342  381  
396  383  
397  383  
398  383  
399  383  
400  383  
401  383  
402  383  
403  383  
404  383  
405  383  
406  383  
407  383  
408  383  
409  383  
410  383  
411  383  
412  383  
413  383  
414  383  
415  383  
416  383  
417  384  
418  384  
419  384  
420  384  
421  384  
422  384  
423  384  
424  384  
425  384  
426  384  
427  384  
428  384  
429  384  
430  384  
431  384  
432  384  
433  384  
434  384  
435  384  
436  384  
437  384  
438  384  
439  384  
440  384  
441  384  
442  384  
443  384  
444  384  
445  384  
446  384  
447  384  
448  384  
298  384  
299  384  
300  384  
301  384  
302  384  
303  384  
304  384  
305  384  
306  384  
307  384  
308  384  
309  384  
310  384  
311  384  
312  384  
313  384  
314  384  
315  384  
316  385  
317  385  
318  385  
319  385  
320  385  
321  385  
322  385  
323  385  
324  385  
325  385  
326  385  
327  385  
328  385  
329  385  
330  385  
331  385  
332  385  
333  385  
334  385  
335  385  
336  385  
337  385  
338  385  
339  385  
340  385  
341  385  
342  385  
343  385  
344  385  
346  385  
347  385  
345  386  
397  387  
398  387  
399  387  
400  387  
401  387  
402  387  
403  387  
404  387  
405  388  
406  388  
407  388  
408  388  
409  388  
410  388  
411  388  
412  388  
413  388  
414  388  
415  388  
416  388  
417  388  
418  388  
419  388  
420  388  
421  388  
422  388  
423  388  
424  388  
425  388  
426  388  
427  388  
428  388  
429  388  
430  388  
431  388  
432  388  
433  389  
434  389  
435  389  
436  389  
437  389  
438  389  
439  389  
440  389  
441  389  
442  389  
443  389  
444  389  
445  389  
446  389  
447  389  
448  389  
296  389  
297  389  
298  389  
299  389  
300  389  
301  389  
302  389  
303  389  
304  389  
305  389  
306  389  
307  389  
308  389  
309  389  
310  389  
311  389  
295  390  
312  390  
313  390  
314  390  
315  390  
316  390  
317  390  
318  390  
319  390  
320  390  
321  390  
322  390  
323  390  
324  390  
325  390  
326  390  
327  390  
328  390  
329  390  
330  390  
331  390  
332  390  
333  390  
334  390  
335  390  
336  390  
337  390  
338  390  
339  391  
294  392  
295  392  
296  392  
297  393  
298  393  
299  393  
300  393  
301  393  
302  393  
303  393  
304  393  
305  393  
306  393  
307  393  
308  393  
309  393  
310  393  
311  393  
312  393  
313  393  
314  394  
315  394  
316  394  
317  394  
318  394  
319  394  
320  394  
321  394  
322  394  
323  394  
324  394  
325  394  
326  394  
327  394  
328  394  
329  394  
330  394  
331  394  
332  394  
333  394  
334  394  
335  394  
336  394  
337  394  
338  395  
339  395  
340  395  
341  395  
342  395  
343  395  
344  395  
345  395  
346  395  
400  392  
401  393  
402  393  
403  393  
404  393  
405  393  
406  393  
407  393  
408  393  
409  393  
410  393  
411  393  
412  393  
413  393  
414  393  
415  393  
416  393  
417  393  
418  393  
419  393  
420  393  
421  393  
422  393  
423  393  
424  393  
425  393  
426  393  
427  393  
428  393  
429  393  
430  393  
431  393  
432  393  
433  393  
434  394  
435  394  
436  394  
437  394  
438  394  
439  394  
440  394  
441  394  
442  394  
443  394  
444  394  
445  394  
446  394  
447  394  
448  394  
236  396  
237  396  
238  396  
239  396  
240  396  
241  396  
242  396  
243  396  
244  396  
245  396  
246  396  
247  396  
248  396  
249  396  
250  396  
251  396  
252  396  
253  396  
235  397  
254  397  
255  397  
256  397  
236  398  
237  399  
238  399  
239  399  
400  397  
401  397  
402  397  
403  397  
404  397  
405  397  
406  397  
407  397  
408  397  
409  397  
410  397  
411  397  
412  397  
413  397  
414  397  
415  397  
416  398  
417  398  
418  398  
419  398  
420  398  
421  398  
422  398  
423  398  
424  398  
425  398  
426  398  
427  398  
428  398  
429  398  
430  398  
431  398  
432  398  
433  398  
434  398  
435  398  
436  398  
437  398  
438  398  
439  398  
440  398  
441  398  
442  398  
443  398  
444  398  
445  398  
446  398  
447  398  
448  399  
303  418  
304  418  
305  418  
306  418  
307  418  
308  419  
309  419  
310  419  
311  419  
312  419  
313  419  
314  419  
315  419  
316  419  
317  419  
318  420  
319  420  
320  420  
321  420  
322  420  
323  420  
324  420  
325  420  
326  420  
327  420  
328  420  
329  420  
330  420  
331  420  
332  420  
333  420  
334  420  
335  420  
336  420  
337  420  
338  420  
339  420  
340  421  
341  421  
342  421  
343  421  
344  421  
345  421  
346  421  
347  421  
348  421  
349  421  
398  422  
399  422  
400  422  
401  422  
402  422  
403  422  
404  422  
405  422  
406  423  
407  423  
408  423  
409  423  
410  423  
411  423  
412  423  
413  423  
414  423  
415  423  
416  423  
417  423  
418  423  
419  423  
420  423  
421  423  
422  423  
423  423  
424  424  
425  424  
426  424  
427  424  
428  424  
429  424  
430  424  
431  424  
432  424  
433  424  
434  424  
435  424  
436  424  
437  424  
438  424  
439  424  
440  424  
441  424  
442  424  
443  424  
444  424  
445  424  
446  424  
447  424  
448  424  
399  426  
400  426  
401  426  
402  426  
403  427  
404  427  
405  427  
406  427  
407  427  
408  427  
409  427  
410  427  
411  427  
412  427  
413  427  
414  427  
415  427  
416  427  
417  427  
418  427  
419  428  
420  428  
421  428  
422  428  
423  428  
424  428  
425  428  
426  428  
427  428  
428  428  
429  428  
430  428  
431  428  
432  428  
433  428  
434  428  
435  428  
436  428  
437  428  
438  428  
439  428  
440  428  
441  429  
442  429  
443  429  
444  429  
445  429  
446  429  
447  429  
448  429  
321  427  
322  427  
323  427  
324  427  
325  427  
326  427  
327  428  
328  428  
329  428  
330  428  
331  428  
332  428  
333  428  
334  428  
335  428  
336  428  
337  428  
338  428  
339  428  
340  428  
341  428  
300  429  
300  430  
300  431  
300  432  
300  433  
300  434  
300  435  
300  436  
300  437  
300  438  
300  439  
300  440  
300  441  
300  442  
300  443  
300  444  
300  445  
300  446  
300  447  
300  448  
300  449  
300  450  
300  451  
300  452  
300  453  
300  454  
300  455  
300  456  
300  457  
300  458  
300  459  
301  460  
301  461  
301  462  
301  463  
301  464  
301  465  
301  466  
301  467  
301  468  
301  469  
301  470  
301  471  
301  472  
301  473  
301  474  
301  475  
301  476  
301  477  
301  478  
301  479  
301  480  
301  481  
301  482  
301  483  
301  484  
301  485  
289  430  
289  431  
289  432  
289  433  
289  434  
289  435  
289  436  
289  437  
289  438  
289  439  
289  440  
289  441  
289  442  
289  443  
289  444  
289  445  
289  446  
289  447  
289  448  
289  449  
289  450  
289  451  
289  452  
289  453  
290  454  
290  455  
290  456  
290  457  
290  458  
290  459  
290  460  
290  461  
290  462  
290  463  
290  464  
290  465  
290  466  
290  467  
290  468  
290  469  
290  470  
317  430  
317  431  
317  432  
316  433  
316  434  
316  435  
316  436  
316  437  
316  438  
316  439  
316  440  
316  441  
316  442  
316  443  
316  444  
316  445  
316  446  
316  447  
316  448  
316  449  
402  430  
403  430  
404  431  
405  431  
406  431  
407  431  
408  431  
409  431  
410  431  
411  431  
412  431  
413  431  
414  431  
415  431  
416  431  
417  431  
418  431  
419  431  
420  431  
421  432  
422  432  
423  432  
424  432  
425  432  
426  432  
427  432  
428  432  
429  432  
430  432  
431  432  
432  432  
433  432  
434  432  
435  432  
436  432  
437  432  
438  432  
439  432  
440  432  
441  433  
442  433  
443  433  
444  433  
445  433  
446  433  
447  433  
448  433  
361  434  
361  435  
361  436  
361  437  
360  438  
360  439  
360  440  
360  441  
360  442  
360  443  
360  444  
360  445  
360  446  
360  447  
360  448  
360  449  
360  450  
360  451  
360  452  
360  453  
360  454  
360  455  
360  456  
360  457  
360  458  
360  459  
360  460  
360  461  
360  462  
361  463  
404  435  
405  435  
406  435  
407  435  
408  435  
409  435  
410  435  
411  435  
412  435  
413  435  
414  435  
415  435  
416  435  
417  435  
418  435  
419  436  
420  436  
421  436  
422  436  
423  436  
424  436  
425  436  
426  436  
427  436  
428  436  
429  436  
430  437  
431  437  
432  437  
433  437  
434  437  
435  437  
436  437  
437  437  
438  437  
439  437  
440  437  
441  437  
442  437  
443  437  
444  437  
445  437  
446  437  
447  437  
448  437  
327  453  
328  453  
329  453  
330  453  
331  453  
332  453  
333  453  
334  453  
335  453  
336  453  
337  453  
338  453  
339  453  
340  453  
341  453  
342  454  
343  454  
344  454  
345  454  
346  454  
347  454  
348  454  
349  454  
319  460  
320  460  
321  460  
322  460  
323  460  
324  460  
325  460  
326  460  
327  460  
328  460  
329  460  
330  460  
331  460  
332  460  
333  460  
334  461  
335  461  
336  461  
337  461  
338  461  
339  461  
340  461  
341  461  
342  461  
343  461  
344  461  
345  461  
346  461  
347  461  
402  469  
403  470  
404  470  
405  470  
406  470  
407  470  
408  470  
409  470  
410  470  
411  470  
412  470  
413  470  
414  470  
415  470  
416  470  
417  470  
418  470  
419  471  
420  471  
421  471  
422  471  
423  471  
424  471  
425  471  
426  471  
427  471  
428  471  
429  471  
430  471  
431  471  
432  471  
433  471  
434  471  
435  472  
436  472  
437  472  
438  472  
439  472  
440  472  
441  472  
442  472  
443  472  
444  472  
445  472  
446  472  
447  472  
448  472  
370  472  
370  473  
370  474  
370  475  
371  476  
371  477  
371  478  
371  479  
371  480  
371  481  
372  482  
372  483  
372  484  
372  485  
372  486  
372  487  
372  488  
372  489  
372  490  
372  491  
402  474  
403  474  
404  474  
405  474  
406  474  
407  474  
408  474  
409  474  
410  474  
411  474  
412  474  
413  474  
414  475  
415  475  
416  475  
417  475  
418  475  
419  475  
420  475  
421  475  
422  475  
423  475  
424  475  
425  475  
426  475  
427  475  
428  475  
429  475  
430  476  
431  476  
432  476  
433  476  
434  476  
435  476  
436  476  
437  476  
438  476  
439  476  
440  476  
441  476  
442  476  
443  476  
444  476  
445  477  
446  477  
447  477  
448  477  
320  489  
321  489  
322  489  
323  489  
324  489  
325  489  
326  489  
327  489  
328  489  
329  489  
330  489  
331  490  
332  490  
333  490  
334  490  
335  490  
336  490  
337  490  
338  490  
339  490  
340  490  
341  490  
342  490  
343  490  
344  490  
345  490  
346  491  
347  491  
348  491  
349  491  
350  491  
351  491  
352  491  
353  491  
354  491  
355  491  
356  491  
357  492  
358  492  
404  495  
405  495  
406  495  
407  495  
408  495  
409  495  
410  495  
411  496  
412  496  
413  496  
414  496  
415  496  
416  496  
417  496  
418  496  
419  496  
420  496  
421  496  
422  496  
423  496  
424  496  
425  496  
426  496  
427  497  
428  497  
