116  
27  73  45  25  32  98  24  28  25  20  25  25  33  29  25  22  70  61  28  20  23  36  50  57  21  25  85  45  140  22  26  40  20  57  196  22  98  21  33  66  81  30  65  24  59  24  31  55  24  26  20  46  31  61  20  61  62  66  23  53  81  46  47  22  21  77  31  25  20  32  108  55  20  60  22  53  24  20  37  50  23  28  33  62  65  47  32  53  21  84  45  29  45  34  32  79  32  35  46  20  36  36  34  44  34  33  37  22  42  36  37  65  31  50  38  38  
264  4  
265  4  
266  4  
267  4  
268  4  
269  4  
270  4  
271  4  
272  4  
273  4  
274  4  
275  4  
276  4  
277  4  
278  4  
279  4  
280  4  
281  4  
282  4  
283  4  
284  4  
285  4  
286  4  
287  4  
288  4  
289  4  
290  4  
479  6  
479  7  
479  8  
479  9  
479  10  
479  11  
479  12  
479  13  
479  14  
478  15  
478  16  
478  17  
478  18  
479  19  
479  20  
479  21  
479  22  
479  23  
479  24  
479  25  
479  26  
479  27  
479  28  
479  29  
479  30  
479  31  
479  32  
479  33  
479  34  
479  35  
479  36  
479  37  
479  38  
479  39  
479  40  
479  41  
479  42  
479  43  
479  44  
479  45  
479  46  
479  47  
479  48  
479  49  
479  50  
479  51  
479  52  
479  53  
479  54  
479  55  
479  56  
479  57  
479  58  
479  59  
479  60  
479  61  
479  62  
479  63  
479  64  
479  65  
479  66  
479  67  
479  68  
479  69  
479  70  
479  71  
479  72  
479  73  
479  74  
479  75  
479  76  
479  77  
479  78  
335  8  
336  8  
345  8  
346  8  
328  9  
329  9  
330  9  
331  9  
332  9  
333  9  
334  9  
337  9  
338  9  
339  9  
340  9  
341  9  
342  9  
343  9  
344  9  
324  10  
325  10  
326  10  
327  10  
318  11  
319  11  
320  11  
321  11  
322  11  
323  11  
314  12  
315  12  
316  12  
317  12  
312  13  
313  13  
307  14  
308  14  
309  14  
310  14  
311  14  
304  15  
305  15  
306  15  
302  16  
303  16  
335  13  
328  14  
329  14  
330  14  
331  14  
332  14  
333  14  
334  14  
321  15  
322  15  
323  15  
324  15  
325  15  
326  15  
327  15  
316  16  
317  16  
318  16  
319  16  
320  16  
312  17  
313  17  
314  17  
315  17  
311  18  
255  67  
255  68  
255  69  
255  70  
255  71  
256  72  
256  73  
256  74  
256  75  
256  76  
256  77  
256  78  
256  79  
256  80  
256  81  
256  82  
256  83  
256  84  
257  85  
257  86  
257  87  
257  88  
257  89  
257  90  
257  91  
257  92  
257  93  
257  94  
257  95  
257  96  
257  97  
257  98  
479  85  
479  86  
479  87  
479  88  
479  89  
479  90  
479  91  
479  92  
479  93  
479  94  
479  95  
479  96  
479  97  
479  98  
479  99  
479  100  
479  101  
479  102  
479  103  
479  104  
479  105  
479  106  
479  107  
479  108  
479  109  
479  110  
479  111  
479  112  
479  113  
479  114  
479  115  
479  116  
479  117  
479  118  
479  119  
479  120  
479  121  
479  122  
479  123  
479  124  
479  125  
479  126  
479  127  
479  128  
479  129  
479  130  
479  131  
479  132  
479  133  
479  134  
479  135  
479  136  
479  137  
479  138  
479  139  
479  140  
479  141  
479  142  
479  143  
479  144  
479  145  
479  146  
479  147  
479  148  
479  149  
479  150  
479  151  
479  152  
479  153  
479  154  
479  155  
479  156  
479  157  
479  158  
479  159  
479  160  
479  161  
479  162  
479  163  
479  164  
479  165  
479  166  
479  167  
479  168  
479  169  
479  170  
479  171  
479  172  
479  173  
479  174  
479  175  
479  176  
479  177  
479  178  
479  179  
479  180  
479  181  
478  182  
303  133  
304  133  
305  133  
288  134  
289  134  
290  134  
291  134  
292  134  
293  134  
294  134  
295  134  
296  134  
297  134  
298  134  
299  134  
300  134  
301  134  
302  134  
282  135  
283  135  
284  135  
285  135  
286  135  
287  135  
224  137  
225  138  
225  139  
225  140  
225  141  
225  142  
224  143  
224  144  
224  145  
224  146  
224  147  
224  148  
224  149  
224  150  
224  151  
223  152  
223  153  
223  154  
223  155  
223  156  
223  157  
223  158  
223  159  
223  160  
223  161  
223  162  
223  163  
223  164  
240  140  
239  141  
239  142  
239  143  
239  144  
239  145  
239  146  
239  147  
239  148  
239  149  
239  150  
239  151  
239  152  
239  153  
239  154  
239  155  
239  156  
239  157  
239  158  
239  159  
239  160  
239  161  
239  162  
240  163  
240  164  
247  145  
247  146  
247  147  
247  148  
247  149  
248  150  
248  151  
248  152  
248  153  
248  154  
248  155  
248  156  
249  157  
249  158  
249  159  
249  160  
249  161  
249  162  
249  163  
249  164  
189  150  
189  151  
188  152  
188  153  
188  154  
188  155  
188  156  
188  157  
187  158  
187  159  
187  160  
187  161  
187  162  
187  163  
187  164  
187  165  
187  166  
187  167  
188  168  
188  169  
188  170  
188  171  
188  172  
188  173  
189  174  
359  158  
359  159  
359  160  
359  161  
359  162  
359  163  
359  164  
359  165  
359  166  
359  167  
359  168  
359  169  
359  170  
359  171  
359  172  
359  173  
358  174  
358  175  
358  176  
358  177  
358  178  
358  179  
358  180  
358  181  
358  182  
396  162  
396  163  
396  164  
397  165  
397  166  
397  167  
397  168  
397  169  
397  170  
397  171  
397  172  
397  173  
397  174  
397  175  
397  176  
397  177  
397  178  
397  179  
397  180  
397  181  
397  182  
397  183  
397  184  
397  185  
397  186  
397  187  
397  188  
397  189  
397  190  
397  191  
397  192  
396  193  
396  194  
193  168  
193  169  
193  170  
193  171  
193  172  
193  173  
193  174  
193  175  
193  176  
193  177  
194  178  
194  179  
194  180  
195  181  
195  182  
195  183  
195  184  
195  185  
195  186  
195  187  
195  188  
196  189  
196  190  
196  191  
196  192  
197  193  
197  194  
197  195  
197  196  
216  170  
216  171  
216  172  
216  173  
217  174  
217  175  
217  176  
217  177  
217  178  
217  179  
218  180  
218  181  
218  182  
218  183  
218  184  
218  185  
218  186  
218  187  
219  188  
219  189  
219  190  
219  191  
219  192  
219  193  
219  194  
162  183  
163  183  
164  183  
165  183  
166  183  
167  183  
168  183  
169  183  
170  183  
171  183  
172  183  
173  183  
174  183  
175  183  
176  183  
177  183  
178  183  
179  183  
180  183  
181  183  
182  183  
183  183  
316  184  
317  184  
318  184  
319  184  
320  184  
321  184  
322  184  
323  184  
324  184  
325  184  
326  184  
327  184  
328  184  
329  184  
330  184  
331  184  
332  184  
333  184  
334  184  
299  185  
300  185  
301  185  
302  185  
303  185  
304  185  
305  185  
306  185  
307  185  
308  185  
309  185  
310  185  
311  185  
312  185  
313  185  
314  185  
315  185  
270  186  
271  186  
272  186  
273  186  
274  186  
275  186  
276  186  
277  186  
278  186  
279  186  
280  186  
281  186  
282  186  
283  186  
284  186  
285  186  
286  186  
287  186  
288  186  
289  186  
290  186  
291  186  
292  186  
293  186  
294  186  
295  186  
296  186  
297  186  
298  186  
265  187  
266  187  
267  187  
268  187  
269  187  
479  190  
479  191  
479  192  
479  193  
479  194  
479  195  
479  196  
479  197  
479  198  
479  199  
479  200  
479  201  
479  202  
479  203  
479  204  
479  205  
479  206  
479  207  
479  208  
479  209  
479  210  
479  211  
479  212  
479  213  
479  214  
479  215  
479  216  
479  217  
479  218  
479  219  
479  220  
479  221  
479  222  
479  223  
479  224  
479  225  
479  226  
479  227  
479  228  
479  229  
479  230  
479  231  
479  232  
479  233  
479  234  
479  235  
479  236  
479  237  
479  238  
479  239  
479  240  
479  241  
479  242  
479  243  
479  244  
479  245  
479  246  
479  247  
479  248  
479  249  
479  250  
175  193  
176  193  
177  193  
178  193  
179  193  
180  193  
181  193  
182  193  
183  193  
184  193  
161  194  
162  194  
163  194  
164  194  
165  194  
166  194  
167  194  
168  194  
169  194  
170  194  
171  194  
172  194  
173  194  
174  194  
157  195  
158  195  
159  195  
160  195  
79  199  
80  199  
81  199  
69  200  
70  200  
71  200  
72  200  
73  200  
74  200  
75  200  
76  200  
77  200  
78  200  
82  200  
83  200  
84  200  
65  201  
66  201  
67  201  
68  201  
344  213  
344  214  
344  215  
345  216  
345  217  
345  218  
345  219  
346  220  
346  221  
346  222  
347  223  
347  224  
347  225  
347  226  
347  227  
348  228  
348  229  
348  230  
348  231  
349  232  
349  233  
349  234  
349  235  
411  258  
411  259  
412  260  
412  261  
412  262  
412  263  
412  264  
412  265  
412  266  
412  267  
412  268  
412  269  
412  270  
412  271  
412  272  
412  273  
412  274  
412  275  
412  276  
412  277  
412  278  
412  279  
412  280  
412  281  
412  282  
412  283  
412  284  
412  285  
412  286  
412  287  
412  288  
412  289  
412  290  
412  291  
412  292  
412  293  
479  266  
479  267  
479  268  
479  269  
479  270  
479  271  
479  272  
479  273  
479  274  
479  275  
479  276  
479  277  
479  278  
479  279  
479  280  
479  281  
479  282  
479  283  
479  284  
479  285  
479  286  
479  287  
479  288  
479  289  
479  290  
479  291  
479  292  
479  293  
479  294  
479  295  
479  296  
479  297  
479  298  
479  299  
479  300  
479  301  
479  302  
479  303  
479  304  
479  305  
479  306  
479  307  
479  308  
479  309  
479  310  
479  311  
479  312  
479  313  
479  314  
479  315  
359  270  
359  271  
359  272  
359  273  
359  274  
360  275  
360  276  
360  277  
360  278  
361  279  
361  280  
361  281  
362  282  
362  283  
362  284  
362  285  
363  286  
363  287  
363  288  
363  289  
363  290  
364  291  
364  292  
364  293  
364  294  
365  295  
365  296  
365  297  
365  298  
366  299  
366  300  
366  301  
366  302  
367  303  
367  304  
367  305  
367  306  
368  307  
368  308  
368  309  
368  310  
369  311  
369  312  
369  313  
369  314  
370  315  
370  316  
370  317  
370  318  
371  319  
371  320  
371  321  
371  322  
371  323  
372  324  
372  325  
372  326  
363  315  
363  316  
364  317  
364  318  
364  319  
365  320  
365  321  
365  322  
365  323  
365  324  
366  325  
366  326  
366  327  
366  328  
366  329  
367  330  
367  331  
367  332  
367  333  
368  334  
368  335  
479  320  
479  321  
479  322  
479  323  
479  324  
479  325  
479  326  
479  327  
479  328  
479  329  
479  330  
479  331  
479  332  
479  333  
479  334  
479  335  
479  336  
479  337  
479  338  
479  339  
479  340  
479  341  
479  342  
479  343  
479  344  
85  365  
86  365  
87  365  
88  365  
92  365  
93  365  
98  365  
99  365  
100  365  
101  365  
102  365  
105  365  
106  365  
107  365  
108  365  
109  365  
110  365  
111  365  
112  365  
113  365  
114  365  
115  365  
116  365  
117  365  
118  365  
119  365  
120  365  
121  365  
37  366  
38  366  
39  366  
40  366  
41  366  
42  366  
43  366  
44  366  
45  366  
46  366  
47  366  
48  366  
49  366  
50  366  
51  366  
52  366  
53  366  
54  366  
55  366  
56  366  
57  366  
58  366  
59  366  
60  366  
61  366  
62  366  
63  366  
64  366  
65  366  
66  366  
67  366  
68  366  
69  366  
70  366  
71  366  
72  366  
73  366  
74  366  
75  366  
76  366  
77  366  
78  366  
79  366  
80  366  
81  366  
82  366  
83  366  
84  366  
89  366  
90  366  
91  366  
94  366  
95  366  
96  366  
97  366  
103  366  
104  366  
189  365  
190  365  
191  365  
192  365  
193  365  
194  365  
195  365  
196  365  
197  365  
198  365  
199  365  
200  365  
201  365  
202  365  
203  365  
204  365  
205  365  
206  365  
207  365  
208  365  
209  365  
210  365  
211  365  
212  365  
213  365  
214  365  
215  365  
216  365  
217  365  
218  365  
219  365  
220  365  
221  365  
222  365  
223  365  
224  365  
225  365  
226  365  
227  365  
228  365  
229  365  
230  365  
231  365  
232  365  
233  365  
246  365  
247  365  
248  365  
249  365  
250  365  
251  365  
252  365  
253  365  
254  365  
255  365  
256  365  
257  365  
258  365  
259  365  
260  365  
261  365  
262  365  
263  365  
264  365  
265  365  
266  365  
267  365  
268  365  
269  365  
270  365  
271  365  
272  365  
273  365  
274  365  
275  365  
276  365  
277  365  
278  365  
279  365  
280  365  
281  365  
282  365  
283  365  
284  365  
285  365  
286  365  
287  365  
288  365  
289  365  
290  365  
291  365  
292  365  
293  365  
294  365  
295  365  
296  365  
297  365  
298  365  
299  365  
300  365  
301  365  
302  365  
303  365  
304  365  
305  365  
306  365  
307  365  
308  365  
309  365  
310  365  
311  365  
312  365  
313  365  
314  365  
315  365  
316  365  
317  365  
318  365  
319  365  
320  365  
321  365  
322  365  
323  365  
324  365  
325  365  
326  365  
327  365  
328  365  
329  365  
330  365  
331  365  
332  365  
333  365  
334  365  
335  365  
336  365  
337  365  
338  365  
339  365  
340  365  
341  365  
342  365  
343  365  
344  365  
345  365  
346  365  
347  365  
348  365  
349  365  
350  365  
351  365  
352  365  
353  365  
354  365  
355  365  
356  365  
357  365  
358  365  
359  365  
360  365  
361  365  
362  365  
363  365  
364  365  
365  365  
366  365  
367  365  
368  365  
369  365  
370  365  
371  365  
372  365  
373  365  
374  365  
375  365  
376  365  
377  365  
378  365  
379  365  
380  365  
381  365  
382  365  
383  365  
384  365  
385  365  
2  366  
3  366  
4  366  
5  366  
6  366  
7  366  
8  366  
9  366  
10  366  
11  366  
12  366  
13  366  
14  366  
15  366  
16  366  
17  366  
18  366  
19  366  
20  366  
21  366  
22  366  
23  366  
479  368  
479  369  
479  370  
479  371  
479  372  
479  373  
479  374  
479  375  
479  376  
479  377  
479  378  
479  379  
479  380  
479  381  
479  382  
479  383  
479  384  
479  385  
479  386  
479  387  
479  388  
479  389  
479  390  
479  391  
479  392  
479  393  
56  372  
57  372  
55  373  
58  373  
62  373  
63  373  
64  373  
69  373  
70  373  
71  373  
76  373  
84  373  
59  374  
60  374  
61  374  
65  374  
66  374  
67  374  
68  374  
72  374  
73  374  
74  374  
75  374  
77  374  
78  374  
79  374  
80  374  
81  374  
82  374  
83  374  
85  374  
86  374  
87  374  
88  374  
89  374  
90  374  
91  374  
92  374  
93  374  
94  374  
100  372  
101  372  
102  372  
103  372  
104  372  
105  372  
106  372  
107  372  
108  372  
109  372  
110  372  
111  372  
112  372  
113  372  
114  372  
115  372  
116  372  
117  372  
118  372  
119  372  
244  374  
245  374  
246  374  
247  374  
248  374  
249  374  
250  374  
251  374  
252  374  
253  374  
254  374  
255  374  
256  374  
257  374  
258  374  
259  374  
260  374  
261  374  
262  374  
263  374  
264  374  
265  374  
266  374  
267  374  
268  374  
269  374  
270  374  
271  374  
272  374  
273  374  
274  374  
275  374  
276  374  
277  374  
278  374  
279  374  
280  374  
281  374  
282  374  
283  374  
284  374  
285  374  
286  374  
287  374  
288  374  
289  374  
290  374  
291  374  
292  374  
293  374  
294  374  
295  374  
296  374  
297  374  
298  374  
299  374  
300  374  
374  376  
374  377  
374  378  
374  379  
374  380  
373  381  
373  382  
373  383  
373  384  
373  385  
373  386  
373  387  
373  388  
373  389  
373  390  
373  391  
373  392  
373  393  
372  394  
372  395  
372  396  
372  397  
372  398  
372  399  
372  400  
372  401  
372  402  
372  403  
372  404  
372  405  
371  406  
371  407  
371  408  
371  409  
371  410  
371  411  
371  412  
371  413  
371  414  
371  415  
371  416  
371  417  
371  418  
371  419  
370  420  
370  421  
370  422  
370  423  
370  424  
370  425  
370  426  
370  427  
370  428  
370  429  
370  430  
370  431  
370  432  
370  433  
369  434  
369  435  
369  436  
369  437  
369  438  
369  439  
369  440  
369  441  
369  442  
369  443  
369  444  
369  445  
369  446  
369  447  
369  448  
368  449  
368  450  
368  451  
368  452  
368  453  
368  454  
368  455  
368  456  
368  457  
368  458  
367  459  
367  460  
367  461  
367  462  
367  463  
367  464  
367  465  
367  466  
367  467  
367  468  
367  469  
367  470  
367  471  
366  472  
366  473  
366  474  
366  475  
366  476  
366  477  
366  478  
365  479  
365  480  
365  481  
365  482  
365  483  
366  484  
366  485  
365  486  
365  487  
365  488  
365  489  
365  490  
365  491  
365  492  
365  493  
365  494  
365  495  
364  496  
364  497  
364  498  
364  499  
364  500  
364  501  
364  502  
364  503  
364  504  
364  505  
364  506  
364  507  
364  508  
364  509  
364  510  
363  511  
363  512  
363  513  
363  514  
363  515  
363  516  
363  517  
363  518  
363  519  
363  520  
363  521  
363  522  
362  523  
362  524  
362  525  
362  526  
362  527  
362  528  
362  529  
362  530  
362  531  
362  532  
362  533  
362  534  
362  535  
361  536  
361  537  
361  538  
361  539  
361  540  
361  541  
361  542  
361  543  
361  544  
361  545  
361  546  
361  547  
360  548  
360  549  
360  550  
360  551  
360  552  
360  553  
360  554  
360  555  
360  556  
360  557  
360  558  
360  559  
360  560  
359  561  
359  562  
359  563  
359  564  
359  565  
359  566  
359  567  
359  568  
359  569  
359  570  
359  571  
162  378  
162  379  
162  380  
162  381  
163  382  
163  383  
163  384  
164  385  
164  386  
164  387  
164  388  
165  389  
165  390  
165  391  
166  392  
166  393  
166  394  
166  395  
167  396  
167  397  
167  398  
167  399  
319  379  
319  380  
319  381  
319  382  
319  383  
319  384  
319  385  
319  386  
319  387  
319  388  
319  389  
319  390  
319  391  
319  392  
319  393  
319  394  
319  395  
319  396  
319  397  
319  398  
319  399  
319  400  
319  401  
319  402  
319  403  
319  404  
319  405  
319  406  
319  407  
319  408  
319  409  
319  410  
319  411  
319  412  
319  413  
319  414  
319  415  
319  416  
319  417  
319  418  
319  419  
319  420  
319  421  
319  422  
319  423  
319  424  
319  425  
319  426  
319  427  
319  428  
319  429  
319  430  
320  431  
320  432  
320  433  
320  434  
320  435  
320  436  
320  437  
320  438  
320  439  
320  440  
320  441  
320  442  
320  443  
320  444  
320  445  
320  446  
320  447  
320  448  
320  449  
320  450  
320  451  
320  452  
320  453  
320  454  
320  455  
320  456  
320  457  
320  458  
320  459  
320  460  
320  461  
320  462  
320  463  
320  464  
320  465  
320  466  
320  467  
320  468  
320  469  
320  470  
320  471  
320  472  
320  473  
320  474  
320  475  
320  476  
366  390  
366  391  
366  392  
366  393  
366  394  
366  395  
366  396  
366  397  
366  398  
366  399  
366  400  
366  401  
365  402  
365  403  
365  404  
365  405  
365  406  
365  407  
365  408  
365  409  
365  410  
407  396  
407  397  
407  398  
407  399  
407  400  
407  401  
407  402  
406  403  
406  404  
405  405  
405  406  
405  407  
405  408  
406  409  
406  410  
406  411  
406  412  
406  413  
406  414  
406  415  
406  416  
406  417  
406  418  
405  419  
404  420  
403  421  
403  422  
403  423  
404  424  
404  425  
403  426  
403  427  
403  428  
45  400  
46  400  
47  400  
48  400  
49  400  
50  400  
51  400  
52  400  
53  400  
54  400  
55  400  
56  400  
57  400  
38  401  
39  401  
40  401  
41  401  
42  401  
43  401  
44  401  
58  401  
59  401  
60  401  
61  401  
62  401  
63  401  
64  401  
65  401  
66  401  
67  401  
68  401  
69  401  
70  401  
71  401  
72  401  
73  401  
74  401  
75  401  
76  401  
77  401  
78  401  
79  401  
80  401  
81  401  
82  401  
83  401  
84  401  
85  401  
86  401  
87  401  
88  401  
89  401  
90  401  
91  401  
92  401  
93  401  
94  401  
95  401  
96  401  
97  401  
98  401  
99  401  
100  401  
101  401  
102  401  
103  401  
479  402  
479  403  
479  404  
479  405  
479  406  
479  407  
479  408  
479  409  
479  410  
479  411  
479  412  
479  413  
479  414  
479  415  
478  416  
478  417  
478  418  
478  419  
479  420  
479  421  
479  422  
479  423  
479  424  
479  425  
479  426  
479  427  
479  428  
479  429  
479  430  
479  431  
479  432  
479  433  
479  434  
479  435  
479  436  
478  437  
478  438  
478  439  
479  440  
479  441  
479  442  
479  443  
479  444  
478  445  
478  446  
479  447  
479  448  
479  449  
479  450  
479  451  
479  452  
479  453  
479  454  
479  455  
479  456  
479  457  
479  458  
479  459  
479  460  
479  461  
479  462  
479  463  
479  464  
479  465  
479  466  
479  467  
479  468  
479  469  
479  470  
479  471  
479  472  
479  473  
479  474  
479  475  
479  476  
479  477  
478  478  
478  479  
478  480  
479  481  
479  482  
244  404  
245  404  
246  404  
247  404  
248  404  
249  404  
250  404  
251  404  
252  404  
253  404  
254  404  
255  404  
243  405  
256  405  
257  405  
258  405  
259  405  
260  405  
261  405  
262  405  
263  405  
264  405  
265  405  
266  405  
267  405  
268  405  
269  405  
270  405  
271  405  
272  405  
47  419  
48  419  
49  419  
50  419  
51  419  
52  419  
53  419  
54  419  
55  419  
56  419  
57  419  
58  419  
59  419  
60  419  
61  419  
62  419  
63  419  
64  419  
65  419  
66  419  
67  419  
68  419  
92  419  
93  419  
69  420  
70  420  
71  420  
72  420  
73  420  
74  420  
75  420  
76  420  
77  420  
78  420  
79  420  
80  420  
81  420  
82  420  
83  420  
84  420  
85  420  
86  420  
87  420  
88  420  
89  420  
90  420  
91  420  
94  420  
95  420  
96  420  
97  420  
98  420  
99  420  
100  420  
101  420  
102  420  
103  420  
104  420  
105  420  
106  420  
107  420  
108  420  
109  421  
110  421  
111  421  
193  422  
194  423  
194  424  
194  425  
194  426  
195  427  
195  428  
195  429  
195  430  
195  431  
195  432  
196  433  
196  434  
196  435  
196  436  
197  437  
197  438  
197  439  
198  440  
198  441  
198  442  
198  443  
199  444  
199  445  
250  422  
251  422  
252  422  
253  422  
254  422  
255  422  
256  422  
257  422  
258  422  
259  422  
260  422  
261  422  
262  422  
263  422  
264  422  
265  422  
266  422  
267  422  
268  422  
269  422  
270  422  
276  422  
277  422  
278  422  
279  422  
280  422  
281  422  
282  422  
283  422  
284  422  
285  422  
286  422  
287  422  
288  422  
289  422  
290  422  
291  422  
292  422  
293  422  
294  422  
295  422  
296  422  
297  422  
298  422  
299  422  
300  422  
301  422  
302  422  
303  422  
304  422  
305  422  
306  422  
307  422  
308  422  
271  423  
272  423  
273  423  
274  423  
275  423  
53  425  
54  425  
55  425  
56  425  
57  425  
58  425  
59  425  
60  425  
61  425  
62  425  
63  425  
64  425  
65  425  
66  425  
67  425  
68  425  
69  425  
70  425  
71  425  
72  425  
76  425  
73  426  
74  426  
75  426  
84  426  
85  426  
86  426  
87  426  
88  426  
89  426  
90  426  
91  426  
92  426  
93  426  
94  426  
95  426  
96  426  
97  426  
98  426  
99  426  
100  426  
101  426  
102  426  
103  426  
104  426  
105  426  
106  426  
107  426  
108  426  
109  426  
110  426  
111  426  
112  426  
113  426  
114  426  
260  428  
261  428  
262  428  
263  428  
264  428  
265  428  
266  428  
267  428  
268  428  
269  428  
270  428  
271  428  
272  428  
273  428  
274  428  
275  428  
276  428  
277  428  
278  428  
279  428  
280  428  
281  428  
282  428  
283  428  
284  428  
285  428  
286  428  
287  428  
288  428  
289  428  
290  428  
291  428  
292  428  
293  428  
294  428  
295  428  
296  428  
297  428  
298  428  
299  428  
300  428  
301  428  
302  428  
303  428  
304  428  
305  428  
306  428  
307  428  
308  428  
309  428  
310  428  
311  428  
312  428  
313  428  
314  428  
235  432  
236  432  
237  432  
238  432  
239  432  
240  432  
241  432  
242  432  
243  432  
244  432  
245  432  
246  432  
247  432  
248  432  
249  432  
250  432  
251  432  
252  432  
253  432  
254  432  
255  432  
256  432  
257  432  
258  432  
266  433  
267  433  
268  433  
269  433  
270  433  
271  433  
272  433  
273  433  
274  433  
275  433  
276  433  
277  433  
278  433  
279  433  
280  433  
281  433  
282  433  
283  433  
284  433  
285  433  
286  433  
287  433  
288  433  
289  433  
290  433  
291  433  
297  433  
298  433  
299  433  
300  433  
301  433  
302  433  
303  433  
304  433  
305  433  
306  433  
307  433  
308  433  
309  433  
310  433  
311  433  
312  433  
313  433  
314  433  
315  433  
316  433  
363  434  
363  435  
363  436  
363  437  
363  438  
363  439  
363  440  
363  441  
363  442  
363  443  
362  444  
362  445  
362  446  
362  447  
362  448  
362  449  
362  450  
362  451  
362  452  
362  453  
362  454  
362  455  
362  456  
362  457  
362  458  
362  459  
362  460  
362  461  
362  462  
362  463  
361  464  
361  465  
361  466  
361  467  
361  468  
361  469  
361  470  
361  471  
361  472  
361  473  
361  474  
361  475  
361  476  
361  477  
360  478  
360  479  
165  439  
165  440  
165  441  
166  442  
166  443  
166  444  
167  445  
167  446  
167  447  
167  448  
168  449  
168  450  
168  451  
169  452  
169  453  
169  454  
169  455  
170  456  
170  457  
170  458  
171  459  
171  460  
171  461  
171  462  
172  463  
172  464  
172  465  
173  466  
173  467  
173  468  
173  469  
60  442  
61  442  
62  442  
63  443  
64  443  
65  443  
66  443  
67  443  
68  443  
69  443  
70  443  
71  443  
72  443  
73  443  
74  443  
75  443  
76  443  
77  443  
78  443  
79  443  
80  443  
81  443  
82  443  
83  443  
84  443  
85  443  
86  443  
87  443  
88  443  
89  443  
90  443  
91  443  
92  443  
93  443  
94  443  
95  443  
96  443  
97  443  
98  443  
99  443  
100  443  
101  443  
102  443  
103  443  
104  443  
105  443  
106  443  
107  443  
108  443  
109  443  
110  444  
111  444  
112  444  
113  444  
114  444  
115  444  
116  444  
117  444  
118  444  
119  444  
120  444  
161  442  
161  443  
161  444  
162  445  
162  446  
162  447  
162  448  
163  449  
163  450  
163  451  
164  452  
164  453  
164  454  
164  455  
165  456  
165  457  
165  458  
166  459  
166  460  
166  461  
237  446  
238  446  
239  446  
240  446  
241  446  
242  446  
243  446  
244  446  
245  446  
246  446  
247  446  
248  446  
249  446  
250  446  
251  446  
252  446  
253  446  
254  446  
255  446  
256  447  
257  447  
258  447  
259  447  
260  447  
261  447  
262  447  
263  447  
264  447  
265  447  
266  447  
267  447  
268  447  
269  447  
270  447  
271  447  
272  447  
273  447  
274  447  
275  447  
276  447  
277  447  
278  447  
279  447  
280  447  
281  447  
282  447  
283  447  
284  447  
285  447  
286  447  
287  447  
288  447  
289  447  
290  447  
291  447  
292  447  
293  448  
294  448  
295  448  
296  448  
297  448  
61  447  
62  447  
63  447  
64  447  
65  447  
66  447  
67  447  
68  447  
69  447  
70  448  
71  448  
72  448  
73  448  
74  448  
75  448  
76  448  
77  448  
78  448  
79  448  
80  448  
81  448  
82  448  
83  448  
84  448  
85  448  
86  448  
87  448  
88  448  
89  448  
90  448  
91  448  
92  448  
93  448  
94  448  
96  448  
97  448  
98  448  
99  448  
100  448  
95  449  
101  449  
102  449  
103  449  
104  449  
105  449  
106  449  
107  449  
108  449  
109  449  
110  449  
111  449  
112  449  
113  449  
114  449  
115  449  
116  449  
117  449  
118  449  
119  449  
120  449  
121  449  
122  449  
230  448  
231  449  
232  449  
233  449  
240  449  
241  449  
242  449  
243  449  
244  449  
245  449  
246  449  
247  449  
248  449  
249  449  
250  449  
251  449  
252  449  
253  449  
254  449  
255  449  
234  450  
235  450  
236  450  
237  450  
238  450  
239  450  
256  450  
257  450  
258  450  
259  450  
260  450  
261  450  
262  450  
263  450  
264  450  
265  450  
266  450  
267  450  
268  450  
269  450  
270  450  
271  450  
272  450  
273  450  
274  450  
275  450  
279  450  
280  450  
281  450  
282  450  
283  450  
284  450  
285  450  
286  450  
287  450  
288  450  
289  450  
276  451  
277  451  
278  451  
290  451  
291  451  
292  451  
293  451  
294  451  
295  451  
183  455  
183  456  
183  457  
183  458  
184  459  
184  460  
184  461  
184  462  
185  463  
185  464  
185  465  
185  466  
186  467  
186  468  
186  469  
186  470  
187  471  
187  472  
187  473  
188  474  
188  475  
188  476  
188  477  
67  464  
68  464  
69  464  
70  464  
71  464  
72  464  
73  464  
74  464  
75  464  
76  464  
77  464  
78  464  
79  464  
80  464  
81  464  
82  464  
83  464  
84  464  
85  464  
86  464  
87  464  
88  464  
89  464  
90  464  
91  464  
92  464  
93  464  
94  464  
95  464  
96  464  
97  464  
98  464  
99  464  
100  465  
101  465  
102  465  
103  465  
107  465  
108  465  
109  465  
110  465  
111  465  
112  465  
113  465  
114  465  
115  465  
116  465  
117  465  
118  465  
119  465  
104  466  
105  466  
106  466  
49  468  
50  468  
51  468  
52  468  
53  468  
54  468  
55  468  
56  468  
57  468  
59  468  
60  468  
61  468  
62  468  
58  469  
63  469  
64  469  
65  469  
66  469  
67  469  
68  469  
69  469  
70  469  
71  469  
72  469  
73  469  
74  469  
75  469  
76  469  
77  469  
78  469  
79  469  
80  469  
81  469  
82  469  
83  469  
84  469  
85  469  
86  469  
87  469  
88  469  
89  469  
90  469  
91  470  
92  470  
93  470  
94  470  
95  470  
96  470  
97  470  
98  470  
99  470  
100  470  
101  470  
102  470  
103  470  
104  470  
105  470  
106  470  
107  470  
108  470  
109  470  
110  470  
111  470  
112  470  
113  470  
114  470  
115  470  
116  470  
117  470  
118  470  
119  470  
120  471  
121  471  
122  471  
123  471  
124  471  
125  471  
126  471  
127  471  
128  471  
129  471  
240  470  
241  470  
242  470  
252  470  
253  470  
254  470  
255  470  
256  470  
257  470  
258  470  
259  470  
260  470  
261  470  
262  470  
263  470  
264  470  
265  470  
266  470  
267  470  
268  470  
269  470  
270  470  
271  470  
272  470  
273  470  
274  470  
243  471  
244  471  
245  471  
246  471  
247  471  
248  471  
249  471  
250  471  
251  471  
275  471  
276  471  
277  471  
278  471  
279  471  
280  471  
281  471  
282  471  
283  471  
284  471  
285  471  
38  471  
39  471  
40  471  
41  471  
42  471  
43  471  
44  471  
45  471  
46  471  
47  471  
48  471  
49  471  
52  471  
53  471  
50  472  
51  472  
54  472  
55  472  
56  472  
57  472  
58  472  
59  472  
60  472  
61  472  
62  472  
63  472  
64  472  
65  472  
69  472  
70  472  
74  472  
75  472  
66  473  
67  473  
68  473  
71  473  
72  473  
73  473  
76  473  
77  473  
78  473  
79  473  
80  473  
81  473  
82  473  
83  473  
84  473  
294  471  
295  471  
296  471  
297  471  
298  471  
299  471  
300  471  
301  471  
302  471  
303  471  
304  472  
305  472  
306  472  
307  472  
308  472  
309  472  
310  472  
311  472  
312  472  
313  472  
314  472  
315  472  
211  477  
212  477  
213  478  
214  478  
215  478  
216  478  
217  478  
218  478  
219  478  
220  478  
221  478  
222  478  
223  478  
224  478  
225  478  
226  478  
227  478  
228  478  
229  478  
230  478  
231  478  
239  478  
240  479  
241  479  
242  479  
243  479  
244  479  
245  479  
246  479  
247  479  
248  479  
249  479  
250  479  
251  479  
252  479  
253  479  
254  479  
255  479  
256  479  
257  479  
258  479  
259  479  
260  479  
261  479  
262  479  
263  479  
264  479  
265  479  
266  479  
267  479  
268  480  
269  480  
270  480  
271  480  
272  480  
273  480  
274  480  
275  480  
276  480  
277  480  
278  480  
279  480  
280  480  
281  480  
282  480  
283  480  
284  480  
285  480  
286  480  
287  480  
288  480  
289  480  
290  480  
291  480  
292  480  
293  480  
294  480  
295  480  
296  480  
297  480  
298  481  
299  481  
300  481  
301  481  
302  481  
303  481  
304  481  
305  481  
306  481  
307  481  
308  481  
309  481  
310  481  
311  481  
312  481  
313  481  
314  481  
315  481  
360  487  
360  488  
360  489  
360  490  
360  491  
360  492  
360  493  
360  494  
360  495  
359  496  
359  497  
359  498  
359  499  
359  500  
359  501  
359  502  
359  503  
359  504  
359  505  
359  506  
359  507  
359  508  
359  509  
358  510  
358  511  
358  512  
358  513  
358  514  
358  515  
358  516  
358  517  
54  499  
55  499  
56  499  
57  499  
58  500  
59  500  
60  500  
61  500  
62  500  
63  500  
64  500  
65  500  
66  500  
67  500  
68  500  
69  500  
70  500  
71  500  
72  500  
73  500  
74  500  
75  500  
76  500  
77  500  
78  500  
123  503  
124  503  
125  503  
126  503  
127  503  
128  503  
129  503  
130  503  
131  503  
132  503  
133  503  
134  503  
135  503  
136  503  
137  503  
138  503  
139  503  
140  503  
141  504  
142  504  
184  504  
184  505  
184  506  
184  507  
185  508  
185  509  
185  510  
186  511  
186  512  
186  513  
186  514  
187  515  
187  516  
187  517  
188  518  
188  519  
188  520  
188  521  
189  522  
189  523  
189  524  
190  525  
190  526  
190  527  
190  528  
191  529  
191  530  
191  531  
192  532  
192  533  
192  534  
192  535  
214  507  
215  507  
216  507  
217  507  
218  507  
219  507  
220  507  
221  507  
222  507  
223  507  
224  507  
225  507  
226  507  
227  507  
228  507  
229  507  
230  507  
231  507  
232  507  
233  507  
234  507  
235  507  
236  507  
237  507  
213  508  
238  508  
239  508  
240  508  
241  508  
242  508  
243  508  
244  508  
245  508  
246  508  
247  508  
248  508  
249  508  
250  508  
251  508  
252  508  
253  508  
254  508  
255  508  
256  508  
257  508  
258  508  
259  508  
260  508  
261  508  
262  508  
263  508  
213  509  
264  509  
265  509  
266  509  
267  509  
268  509  
269  509  
270  509  
271  509  
272  509  
273  509  
274  509  
275  509  
276  509  
277  509  
278  509  
279  509  
280  509  
281  509  
282  509  
283  509  
284  509  
213  510  
285  510  
286  510  
287  510  
288  510  
289  510  
290  510  
291  510  
292  510  
293  510  
294  510  
295  510  
296  510  
297  510  
298  510  
299  510  
300  510  
301  510  
302  510  
303  510  
304  510  
305  510  
306  510  
307  510  
308  510  
309  510  
310  510  
311  510  
312  510  
313  510  
314  510  
315  510  
316  510  
214  511  
214  512  
92  513  
93  513  
94  513  
95  513  
96  513  
97  513  
98  513  
99  513  
100  513  
101  513  
102  513  
103  513  
104  513  
105  513  
106  513  
107  513  
108  513  
109  513  
110  513  
111  513  
112  513  
113  513  
114  513  
115  513  
116  513  
117  514  
118  514  
119  514  
120  514  
121  514  
122  514  
123  514  
124  514  
125  514  
126  514  
127  514  
128  514  
129  514  
130  514  
131  514  
132  514  
133  514  
134  514  
135  515  
136  515  
137  515  
138  515  
139  515  
140  515  
141  515  
142  515  
143  515  
144  515  
145  515  
146  515  
99  516  
100  516  
101  516  
102  516  
103  516  
104  516  
105  516  
106  516  
107  516  
108  516  
109  516  
110  517  
111  517  
112  517  
113  517  
114  517  
115  517  
116  517  
117  517  
118  517  
321  516  
321  517  
321  518  
321  519  
321  520  
321  521  
321  522  
321  523  
321  524  
321  525  
321  526  
321  527  
321  528  
321  529  
321  530  
321  531  
321  532  
321  533  
321  534  
321  535  
321  536  
321  537  
321  538  
321  539  
321  540  
321  541  
321  542  
321  543  
321  544  
321  545  
321  546  
321  547  
321  548  
321  549  
321  550  
321  551  
321  552  
321  553  
321  554  
321  555  
321  556  
321  557  
321  558  
321  559  
321  560  
321  561  
321  562  
321  563  
321  564  
321  565  
321  566  
321  567  
321  568  
321  569  
321  570  
321  571  
321  572  
321  573  
321  574  
321  575  
126  518  
127  518  
128  518  
129  518  
130  518  
131  518  
132  518  
133  518  
134  518  
135  518  
136  518  
137  518  
138  518  
139  518  
140  518  
141  518  
142  518  
143  518  
144  518  
145  519  
146  519  
147  519  
357  526  
357  527  
357  528  
357  529  
357  530  
357  531  
357  532  
357  533  
357  534  
357  535  
357  536  
357  537  
357  538  
357  539  
357  540  
356  541  
356  542  
356  543  
356  544  
356  545  
356  546  
356  547  
356  548  
356  549  
356  550  
356  551  
355  552  
355  553  
355  554  
355  555  
355  556  
355  557  
355  558  
355  559  
355  560  
355  561  
355  562  
355  563  
355  564  
355  565  
355  566  
355  567  
355  568  
354  569  
354  570  
354  571  
354  572  
354  573  
354  574  
354  575  
354  576  
354  577  
354  578  
101  527  
102  527  
103  527  
104  527  
105  527  
106  527  
107  527  
108  527  
109  527  
110  527  
111  527  
112  527  
113  528  
114  528  
115  528  
116  528  
117  528  
118  528  
119  528  
120  528  
121  528  
122  528  
123  528  
124  528  
132  529  
133  529  
134  529  
135  529  
136  529  
137  529  
138  529  
139  529  
140  529  
141  529  
142  529  
143  529  
144  529  
145  529  
146  529  
147  529  
148  529  
149  529  
150  529  
151  530  
218  531  
219  532  
219  533  
219  534  
219  535  
220  536  
220  537  
220  538  
220  539  
220  540  
221  541  
221  542  
221  543  
221  544  
221  545  
222  546  
222  547  
222  548  
222  549  
223  550  
223  551  
223  552  
223  553  
224  554  
224  555  
224  556  
224  557  
225  558  
225  559  
225  560  
225  561  
225  562  
226  563  
226  564  
226  565  
226  566  
226  567  
105  532  
106  532  
107  532  
108  532  
109  532  
110  532  
111  532  
112  532  
113  532  
114  532  
115  532  
116  533  
117  533  
118  533  
119  533  
120  533  
121  533  
122  533  
123  533  
124  533  
125  533  
126  533  
127  533  
128  533  
129  533  
130  533  
131  533  
132  534  
133  534  
134  534  
135  534  
136  534  
137  534  
138  534  
139  534  
140  534  
141  534  
142  534  
143  534  
144  534  
145  534  
146  534  
147  534  
148  534  
149  534  
150  534  
151  535  
152  535  
153  535  
154  535  
295  539  
296  539  
297  539  
298  539  
299  539  
300  539  
301  539  
302  539  
303  539  
304  539  
305  539  
306  539  
307  539  
308  539  
309  539  
310  539  
311  539  
312  540  
313  540  
314  540  
315  540  
316  540  
317  540  
130  544  
131  544  
132  544  
133  544  
134  544  
135  544  
136  544  
137  544  
138  544  
139  544  
140  544  
141  544  
142  545  
143  545  
144  545  
145  545  
146  545  
147  545  
148  545  
149  545  
150  545  
151  545  
152  545  
153  545  
154  545  
155  545  
156  545  
157  545  
115  547  
116  547  
117  547  
118  548  
119  548  
120  548  
121  548  
122  548  
123  548  
124  548  
125  548  
126  548  
127  548  
128  548  
129  548  
130  548  
131  548  
132  548  
133  548  
134  548  
135  549  
136  549  
137  549  
138  549  
139  549  
140  549  
141  549  
142  549  
143  549  
144  549  
145  549  
146  549  
147  549  
256  553  
257  553  
258  553  
259  553  
260  553  
261  553  
262  553  
263  553  
264  553  
265  553  
266  553  
267  553  
268  553  
269  554  
270  554  
271  554  
272  554  
273  554  
274  554  
275  554  
276  554  
277  554  
278  554  
279  554  
280  554  
281  554  
282  554  
283  554  
284  554  
285  554  
286  555  
287  555  
288  555  
289  555  
290  555  
291  555  
292  555  
293  555  
294  555  
295  555  
296  555  
297  555  
298  555  
299  555  
300  555  
301  555  
302  555  
303  555  
304  555  
305  555  
306  556  
307  556  
308  556  
309  556  
310  556  
311  556  
312  556  
313  556  
314  556  
315  556  
316  556  
317  556  
253  556  
254  556  
255  556  
256  556  
257  556  
258  556  
259  556  
260  556  
261  556  
262  556  
263  556  
264  556  
265  556  
266  556  
267  556  
268  557  
269  557  
270  557  
271  557  
272  557  
273  557  
274  557  
275  557  
276  557  
277  557  
278  557  
279  557  
280  557  
281  557  
282  557  
283  557  
284  558  
285  558  
286  558  
287  558  
288  558  
289  558  
290  558  
291  558  
292  558  
293  558  
294  558  
295  558  
296  558  
297  558  
298  558  
299  558  
300  558  
301  559  
302  559  
303  559  
304  559  
305  559  
306  559  
307  559  
308  559  
309  559  
310  559  
311  559  
312  559  
313  559  
314  559  
315  559  
316  559  
317  559  
117  562  
118  562  
119  562  
120  562  
121  562  
122  562  
123  562  
124  562  
125  562  
126  562  
127  563  
128  563  
129  563  
130  563  
131  563  
132  563  
133  563  
134  563  
135  563  
136  563  
137  563  
138  563  
139  563  
140  563  
141  563  
142  563  
143  563  
144  564  
145  564  
146  564  
147  564  
148  564  
149  564  
150  564  
151  564  
152  564  
153  564  
154  564  
155  564  
156  564  
157  564  
158  564  
159  564  
160  565  
161  565  
162  565  
163  565  
210  562  
211  563  
211  564  
211  565  
212  566  
212  567  
212  568  
212  569  
213  570  
213  571  
213  572  
213  573  
214  574  
214  575  
214  576  
214  577  
215  578  
215  579  
215  580  
215  581  
216  582  
216  583  
216  584  
216  585  
217  586  
217  587  
217  588  
218  589  
218  590  
218  591  
218  592  
218  593  
479  565  
479  566  
479  567  
479  568  
479  569  
479  570  
479  571  
479  572  
479  573  
479  574  
479  575  
479  576  
479  577  
479  578  
479  579  
479  580  
479  581  
479  582  
479  583  
479  584  
479  585  
479  586  
479  587  
479  588  
479  589  
479  590  
479  591  
479  592  
479  593  
479  594  
479  595  
479  596  
479  597  
479  598  
479  599  
479  600  
479  601  
479  602  
479  603  
479  604  
479  605  
479  606  
479  607  
479  608  
479  609  
479  610  
479  611  
479  612  
479  613  
478  614  
478  615  
478  616  
478  617  
125  566  
126  566  
127  566  
128  566  
129  566  
130  566  
131  566  
132  566  
133  566  
134  566  
136  566  
137  566  
135  567  
138  567  
139  567  
140  567  
141  567  
142  567  
143  567  
144  567  
145  567  
233  573  
234  573  
235  574  
236  574  
237  574  
238  574  
239  574  
240  574  
241  574  
242  574  
243  574  
244  574  
245  574  
246  574  
252  574  
253  574  
247  575  
248  575  
249  575  
250  575  
251  575  
254  575  
255  575  
256  575  
257  575  
258  575  
259  575  
260  575  
261  575  
262  576  
263  576  
264  576  
265  576  
266  576  
267  576  
268  576  
269  576  
270  576  
271  576  
272  576  
273  576  
274  576  
275  576  
276  576  
277  576  
278  576  
279  576  
280  577  
281  577  
282  577  
283  577  
284  577  
285  577  
286  577  
287  577  
288  577  
289  577  
290  577  
291  577  
292  577  
293  577  
294  578  
295  578  
296  578  
297  578  
298  578  
299  578  
300  578  
301  578  
302  578  
303  578  
304  578  
305  578  
306  578  
307  578  
308  578  
309  578  
310  578  
311  579  
312  579  
313  579  
314  579  
315  579  
316  579  
358  579  
358  580  
358  581  
358  582  
358  583  
358  584  
358  585  
358  586  
358  587  
358  588  
358  589  
357  590  
357  591  
357  592  
357  593  
357  594  
357  595  
357  596  
357  597  
357  598  
357  599  
357  600  
357  601  
356  602  
356  603  
356  604  
356  605  
356  606  
356  607  
356  608  
356  609  
356  610  
356  611  
356  612  
356  613  
356  614  
356  615  
355  616  
355  617  
355  618  
355  619  
355  620  
355  621  
355  622  
355  623  
353  586  
353  587  
353  588  
353  589  
353  590  
353  591  
353  592  
353  593  
353  594  
353  595  
353  596  
353  597  
353  598  
353  599  
352  600  
352  601  
352  602  
352  603  
352  604  
352  605  
352  606  
352  607  
352  608  
352  609  
352  610  
352  611  
351  612  
351  613  
351  614  
404  587  
404  588  
404  589  
404  590  
404  591  
404  592  
404  593  
404  594  
404  595  
404  596  
404  597  
404  598  
404  599  
404  600  
403  601  
404  602  
404  603  
404  604  
404  605  
404  606  
404  607  
404  608  
404  609  
404  610  
404  611  
404  612  
404  613  
405  614  
405  615  
405  616  
405  617  
405  618  
405  619  
405  620  
405  621  
406  622  
406  623  
406  624  
406  625  
406  626  
407  627  
407  628  
407  629  
407  630  
407  631  
15  591  
16  591  
17  591  
18  591  
19  591  
20  592  
21  592  
22  592  
23  592  
24  592  
25  592  
26  592  
27  592  
28  592  
29  592  
30  592  
31  592  
32  592  
33  593  
34  593  
35  593  
36  593  
37  593  
38  593  
39  593  
40  593  
41  593  
42  593  
43  594  
44  594  
45  594  
46  594  
47  594  
48  594  
130  591  
131  591  
132  591  
133  591  
134  591  
135  591  
136  591  
137  591  
138  592  
139  592  
140  592  
141  592  
142  592  
143  592  
144  592  
145  592  
146  592  
147  592  
148  592  
149  592  
150  593  
151  593  
152  593  
153  593  
154  593  
155  593  
156  593  
157  593  
158  593  
159  593  
160  593  
161  593  
238  593  
239  593  
240  593  
241  593  
242  593  
243  593  
244  593  
245  594  
246  594  
247  594  
248  594  
249  594  
250  594  
251  594  
252  594  
253  594  
254  594  
255  594  
256  594  
257  594  
258  595  
259  595  
260  595  
261  595  
262  595  
263  595  
264  595  
265  595  
266  595  
267  595  
268  595  
269  595  
270  595  
271  595  
272  596  
273  596  
274  596  
275  596  
276  596  
277  596  
278  596  
279  596  
280  596  
281  596  
282  596  
283  596  
284  596  
285  596  
286  597  
287  597  
288  597  
289  597  
290  597  
291  597  
292  597  
293  597  
294  597  
295  597  
296  597  
297  597  
298  597  
299  597  
300  597  
301  598  
302  598  
303  598  
304  598  
305  598  
306  598  
307  598  
308  598  
309  598  
310  598  
311  598  
312  598  
313  598  
314  598  
315  599  
316  599  
19  595  
20  596  
21  596  
22  596  
23  596  
24  596  
25  596  
26  596  
27  596  
28  596  
29  596  
30  596  
31  596  
32  596  
33  597  
34  597  
35  597  
36  597  
37  597  
38  597  
39  597  
40  597  
41  597  
42  597  
43  597  
44  598  
45  598  
46  598  
47  598  
48  598  
49  598  
50  598  
132  595  
133  595  
134  595  
135  595  
136  595  
137  595  
138  595  
139  595  
140  595  
141  595  
142  595  
143  595  
144  595  
145  595  
146  595  
147  595  
148  596  
149  596  
150  596  
151  596  
152  596  
153  596  
154  596  
155  596  
156  596  
157  596  
158  596  
159  597  
160  597  
161  597  
162  597  
163  597  
164  597  
165  597  
166  597  
134  601  
135  601  
136  601  
137  601  
138  601  
139  602  
140  602  
141  602  
142  602  
143  602  
144  602  
145  602  
146  602  
147  602  
148  602  
149  602  
150  602  
151  603  
152  603  
153  603  
154  603  
155  603  
156  603  
157  603  
158  603  
159  603  
160  603  
161  603  
162  603  
163  603  
164  603  
165  603  
166  604  
167  604  
168  604  
169  604  
170  604  
171  604  
172  604  
173  604  
174  604  
175  604  
176  605  
177  605  
178  605  
179  605  
234  601  
234  602  
235  603  
235  604  
235  605  
235  606  
235  607  
236  608  
236  609  
236  610  
236  611  
237  612  
237  613  
237  614  
237  615  
237  616  
238  617  
238  618  
238  619  
238  620  
23  602  
24  602  
25  602  
26  602  
27  603  
28  603  
29  603  
30  603  
31  603  
32  603  
33  603  
34  603  
35  603  
36  603  
37  603  
38  604  
39  604  
40  604  
41  604  
42  604  
43  604  
44  604  
45  604  
46  604  
47  604  
48  604  
49  605  
50  605  
51  605  
52  605  
53  605  
54  605  
55  605  
56  605  
57  605  
58  605  
321  604  
321  605  
321  606  
321  607  
321  608  
321  609  
321  610  
321  611  
321  612  
321  613  
321  614  
321  615  
321  616  
321  617  
321  618  
321  619  
321  620  
321  621  
321  622  
321  623  
321  624  
321  625  
321  626  
321  627  
321  628  
321  629  
322  630  
322  631  
322  632  
322  633  
322  634  
322  635  
322  636  
322  637  
322  638  
322  639  
25  606  
26  606  
27  606  
28  606  
29  606  
30  606  
31  606  
32  607  
33  607  
34  607  
35  607  
36  607  
37  607  
38  607  
39  607  
40  607  
41  607  
42  607  
43  608  
44  608  
45  608  
46  608  
47  608  
48  608  
49  608  
50  608  
51  608  
52  608  
53  608  
54  609  
55  609  
56  609  
57  609  
58  609  
137  606  
138  606  
139  606  
140  606  
141  606  
142  606  
143  606  
144  606  
145  606  
146  606  
147  606  
148  607  
149  607  
150  607  
151  607  
152  607  
153  607  
154  607  
155  607  
156  607  
157  607  
158  608  
159  608  
160  608  
161  608  
162  608  
163  608  
164  608  
165  608  
166  608  
167  609  
168  609  
169  609  
170  609  
171  609  
172  609  
173  609  
174  609  
175  609  
176  609  
177  609  
178  610  
179  610  
180  610  
414  606  
414  607  
414  608  
414  609  
414  610  
414  611  
415  612  
415  613  
415  614  
415  615  
415  616  
415  617  
415  618  
415  619  
415  620  
415  621  
415  622  
415  623  
415  624  
415  625  
415  626  
415  627  
415  628  
415  629  
415  630  
415  631  
415  632  
415  633  
415  634  
415  635  
415  636  
415  637  
415  638  
415  639  
30  610  
31  610  
32  610  
33  610  
34  610  
35  611  
36  611  
37  611  
38  611  
39  611  
40  611  
41  611  
42  611  
43  611  
44  611  
45  611  
46  611  
47  611  
48  612  
49  612  
50  612  
51  612  
52  612  
53  612  
54  612  
55  612  
56  612  
57  612  
58  613  
59  613  
60  613  
61  613  
62  613  
146  613  
147  613  
148  613  
149  613  
150  613  
151  613  
152  613  
153  613  
154  614  
155  614  
156  614  
157  614  
158  614  
159  614  
160  614  
161  614  
162  614  
163  614  
164  615  
165  615  
166  615  
167  615  
168  615  
169  615  
170  615  
171  615  
172  615  
173  615  
174  615  
175  615  
176  615  
177  616  
178  616  
179  616  
180  616  
181  616  
182  616  
42  615  
43  615  
44  615  
45  615  
46  615  
47  615  
48  615  
49  615  
50  615  
51  615  
52  615  
53  615  
54  616  
55  616  
56  616  
57  616  
58  616  
59  616  
60  616  
61  616  
62  616  
63  616  
142  616  
143  616  
144  617  
145  617  
146  617  
147  617  
148  617  
149  617  
150  617  
151  617  
152  617  
153  617  
154  617  
155  617  
156  618  
157  618  
158  618  
159  618  
160  618  
161  618  
162  618  
163  618  
164  618  
165  618  
166  618  
167  619  
168  619  
169  619  
170  619  
171  619  
172  619  
173  619  
174  619  
175  619  
176  619  
177  619  
178  620  
179  620  
180  620  
181  620  
182  620  
183  620  
29  618  
30  618  
31  618  
32  618  
33  618  
34  618  
35  618  
36  618  
37  618  
38  618  
39  618  
40  618  
41  618  
42  618  
43  618  
44  618  
45  618  
46  619  
47  619  
48  619  
49  619  
50  619  
51  619  
52  619  
53  619  
54  619  
55  619  
56  619  
57  619  
58  620  
59  620  
60  620  
61  620  
62  620  
63  620  
64  620  
143  620  
144  620  
145  620  
146  620  
147  620  
148  620  
149  620  
150  620  
151  620  
152  621  
153  621  
154  621  
155  621  
156  621  
157  621  
158  621  
159  621  
160  621  
161  621  
162  621  
163  621  
164  621  
165  622  
166  622  
167  622  
168  622  
169  622  
170  622  
171  622  
172  622  
173  622  
174  622  
175  622  
176  623  
177  623  
178  623  
179  623  
123  626  
124  626  
125  626  
126  626  
127  626  
128  626  
129  626  
130  626  
131  626  
132  626  
133  626  
134  626  
135  626  
136  627  
137  627  
138  627  
139  627  
140  627  
141  627  
142  627  
143  628  
144  628  
145  628  
146  628  
147  628  
148  628  
149  628  
150  628  
151  628  
152  628  
153  628  
154  629  
155  629  
156  629  
157  629  
158  629  
159  629  
160  629  
161  629  
162  629  
163  629  
164  629  
165  629  
166  630  
167  630  
168  630  
169  630  
170  630  
171  630  
172  630  
173  630  
174  630  
175  631  
176  631  
177  631  
178  631  
179  631  
180  631  
181  631  
182  631  
183  631  
184  631  
185  631  
186  631  
187  631  
6  627  
7  628  
8  628  
9  628  
10  628  
11  628  
12  628  
13  628  
14  628  
15  628  
16  628  
17  629  
18  629  
19  629  
20  629  
21  629  
22  629  
23  629  
24  629  
25  629  
26  629  
27  629  
28  630  
29  630  
30  630  
31  630  
32  630  
33  630  
34  630  
35  630  
36  630  
38  631  
39  631  
40  631  
41  631  
42  631  
43  631  
44  631  
45  631  
46  631  
49  631  
50  631  
51  631  
52  631  
53  631  
47  632  
48  632  
54  632  
55  632  
56  632  
57  632  
58  632  
59  632  
60  633  
61  633  
62  633  
63  633  
64  633  
65  633  
66  633  
67  633  
68  633  
69  633  
70  633  
71  634  
72  634  
73  634  
74  634  
75  634  
76  634  
77  634  
78  634  
79  634  
80  634  
81  634  
82  634  
83  634  
84  635  
85  635  
86  635  
87  635  
114  635  
115  635  
116  635  
117  635  
118  635  
119  635  
120  635  
121  635  
122  635  
123  636  
124  636  
125  636  
126  636  
127  636  
128  636  
129  636  
130  636  
131  636  
132  636  
133  637  
134  637  
135  637  
136  637  
137  637  
138  637  
139  637  
140  637  
141  637  
142  638  
143  638  
144  638  
145  638  
146  638  
147  638  
148  638  
149  638  
150  638  
151  639  
94  636  
95  636  
96  636  
97  636  
98  636  
99  637  
100  637  
101  637  
102  637  
103  637  
104  637  
105  637  
106  637  
107  637  
108  638  
109  638  
110  638  
111  638  
112  638  
113  638  
114  638  
115  638  
116  638  
117  638  
118  638  
119  638  
120  638  
121  639  
122  639  
123  639  
124  639  
125  639  
126  639  
127  639  
128  639  
129  639  
130  639  
131  639  
