116  
20  28  27  26  23  44  23  21  23  27  77  22  41  38  39  163  33  157  23  22  25  26  20  20  31  29  23  22  21  24  33  52  92  74  44  21  24  48  52  49  89  43  45  41  41  20  41  48  35  29  46  26  51  22  29  31  27  25  24  42  106  53  44  20  75  84  50  28  24  35  59  51  48  44  60  31  33  59  39  28  22  69  26  23  20  21  20  44  22  60  91  27  23  129  27  44  45  37  34  73  78  27  28  20  42  45  49  63  111  152  41  88  35  52  30  74  
153  56  
153  57  
153  58  
153  59  
153  60  
153  61  
153  62  
153  63  
153  64  
153  65  
152  66  
152  67  
152  68  
152  69  
152  70  
152  71  
152  72  
152  73  
152  74  
152  75  
458  178  
458  179  
459  180  
459  181  
459  182  
459  183  
459  184  
459  185  
460  186  
460  187  
460  188  
460  189  
460  190  
460  191  
460  192  
461  193  
461  194  
461  195  
461  196  
461  197  
461  198  
461  199  
462  200  
462  201  
462  202  
462  203  
462  204  
463  205  
318  225  
318  226  
318  227  
318  228  
318  229  
318  230  
318  231  
318  232  
318  233  
318  234  
318  235  
318  236  
318  237  
318  238  
318  239  
318  240  
318  241  
318  242  
318  243  
318  244  
318  245  
318  246  
319  247  
319  248  
319  249  
319  250  
319  251  
334  233  
334  234  
334  235  
333  236  
333  237  
333  238  
333  239  
333  240  
333  241  
333  242  
333  243  
333  244  
333  245  
333  246  
333  247  
333  248  
333  249  
333  250  
333  251  
333  252  
333  253  
333  254  
333  255  
333  256  
333  257  
333  258  
362  247  
362  248  
362  249  
362  250  
362  251  
363  252  
363  253  
363  254  
363  255  
363  256  
363  257  
363  258  
363  259  
363  260  
363  261  
363  262  
363  263  
363  264  
363  265  
363  266  
363  267  
363  268  
363  269  
123  268  
124  268  
125  268  
126  268  
127  268  
128  268  
129  268  
130  268  
131  268  
118  269  
119  269  
120  269  
121  269  
122  269  
132  269  
133  269  
113  270  
114  270  
115  270  
116  270  
117  270  
106  271  
107  271  
108  271  
109  271  
110  271  
111  271  
112  271  
99  272  
100  272  
101  272  
102  272  
103  272  
104  272  
105  272  
94  273  
95  273  
96  273  
97  273  
98  273  
90  274  
91  274  
92  274  
93  274  
254  271  
255  271  
256  271  
257  271  
258  271  
246  272  
247  272  
248  272  
249  272  
250  272  
251  272  
252  272  
253  272  
240  273  
241  273  
242  273  
243  273  
244  273  
245  273  
236  274  
237  274  
238  274  
239  274  
415  272  
415  273  
415  274  
415  275  
415  276  
414  277  
414  278  
414  279  
414  280  
414  281  
414  282  
414  283  
414  284  
415  285  
415  286  
415  287  
415  288  
415  289  
415  290  
416  291  
416  292  
453  282  
453  283  
453  284  
453  285  
453  286  
453  287  
453  288  
453  289  
453  290  
453  291  
453  292  
453  293  
453  294  
453  295  
453  296  
453  297  
453  298  
453  299  
453  300  
453  301  
453  302  
453  303  
453  304  
456  282  
456  283  
456  284  
456  285  
456  286  
456  287  
456  288  
456  289  
456  290  
456  291  
456  292  
456  293  
456  294  
456  295  
456  296  
456  297  
456  298  
456  299  
456  300  
456  301  
456  302  
456  303  
456  304  
456  305  
456  306  
456  307  
456  308  
464  282  
464  283  
464  284  
464  285  
464  286  
464  287  
464  288  
464  289  
464  290  
465  291  
465  292  
465  293  
465  294  
465  295  
465  296  
465  297  
465  298  
465  299  
465  300  
465  301  
465  302  
465  303  
465  304  
465  305  
465  306  
465  307  
465  308  
465  309  
465  310  
465  311  
465  312  
465  313  
465  314  
465  315  
465  316  
465  317  
465  318  
465  319  
465  320  
465  321  
465  322  
465  323  
465  324  
466  325  
466  326  
466  327  
466  328  
466  329  
466  330  
466  331  
466  332  
466  333  
466  334  
466  335  
466  336  
466  337  
466  338  
466  339  
466  340  
466  341  
466  342  
466  343  
466  344  
466  345  
466  346  
466  347  
466  348  
466  349  
466  350  
466  351  
466  352  
466  353  
466  354  
466  355  
466  356  
466  357  
466  358  
449  283  
449  284  
449  285  
450  286  
450  287  
450  288  
450  289  
450  290  
450  291  
450  292  
450  293  
450  294  
450  295  
450  296  
450  297  
450  298  
450  299  
450  300  
450  301  
450  302  
450  303  
450  304  
147  293  
147  294  
147  295  
147  296  
147  297  
147  298  
146  299  
146  300  
146  301  
146  302  
146  303  
146  304  
146  305  
146  306  
146  307  
146  308  
146  309  
146  310  
146  311  
146  312  
146  313  
146  314  
146  315  
146  316  
146  317  
146  318  
146  319  
145  320  
145  321  
145  322  
145  323  
145  324  
145  325  
145  326  
145  327  
145  328  
145  329  
145  330  
145  331  
145  332  
145  333  
235  294  
235  295  
235  296  
235  297  
235  298  
235  299  
235  300  
235  301  
235  302  
235  303  
235  304  
235  305  
235  306  
235  307  
235  308  
235  309  
235  310  
235  311  
235  312  
235  313  
235  314  
235  315  
235  316  
235  317  
235  318  
235  319  
235  320  
235  321  
235  322  
235  323  
235  324  
235  325  
235  326  
235  327  
235  328  
235  329  
234  330  
234  331  
212  297  
212  298  
212  299  
212  300  
212  301  
212  302  
212  303  
212  304  
212  305  
212  306  
212  307  
212  308  
212  309  
212  310  
212  311  
212  312  
212  313  
212  314  
212  315  
212  316  
212  317  
212  318  
212  319  
212  320  
212  321  
211  322  
211  323  
211  324  
211  325  
211  326  
211  327  
211  328  
211  329  
211  330  
211  331  
211  332  
211  333  
211  334  
211  335  
268  302  
268  303  
268  304  
268  305  
268  306  
268  307  
268  308  
268  309  
268  310  
268  311  
268  312  
268  313  
268  314  
268  315  
268  316  
268  317  
268  318  
268  319  
267  320  
267  321  
267  322  
267  323  
267  324  
267  325  
267  326  
267  327  
267  328  
267  329  
267  330  
267  331  
267  332  
267  333  
267  334  
267  335  
267  336  
267  337  
267  338  
267  339  
267  340  
267  341  
267  342  
267  343  
267  344  
267  345  
267  346  
267  347  
267  348  
267  349  
267  350  
267  351  
267  352  
267  353  
267  354  
267  355  
267  356  
267  357  
267  358  
267  359  
267  360  
267  361  
267  362  
267  363  
267  364  
267  365  
267  366  
267  367  
267  368  
267  369  
266  370  
266  371  
266  372  
266  373  
266  374  
266  375  
266  376  
266  377  
266  378  
266  379  
266  380  
266  381  
266  382  
266  383  
266  384  
266  385  
266  386  
266  387  
266  388  
266  389  
266  390  
266  391  
266  392  
266  393  
266  394  
266  395  
266  396  
266  397  
266  398  
266  399  
266  400  
266  401  
266  402  
266  403  
266  404  
266  405  
266  406  
266  407  
266  408  
266  409  
266  410  
266  411  
266  412  
266  413  
266  414  
266  415  
266  416  
265  417  
265  418  
265  419  
265  420  
265  421  
265  422  
265  423  
265  424  
265  425  
265  426  
265  427  
265  428  
265  429  
265  430  
265  431  
265  432  
265  433  
265  434  
265  435  
265  436  
265  437  
265  438  
265  439  
265  440  
265  441  
265  442  
265  443  
265  444  
265  445  
265  446  
265  447  
265  448  
265  449  
265  450  
265  451  
265  452  
265  453  
265  454  
265  455  
265  456  
265  457  
265  458  
265  459  
265  460  
265  461  
264  462  
264  463  
264  464  
163  303  
163  304  
163  305  
163  306  
163  307  
163  308  
163  309  
163  310  
163  311  
163  312  
163  313  
163  314  
162  315  
162  316  
162  317  
163  318  
163  319  
163  320  
162  321  
162  322  
162  323  
162  324  
162  325  
162  326  
162  327  
162  328  
162  329  
162  330  
162  331  
162  332  
162  333  
162  334  
162  335  
272  307  
272  308  
272  309  
272  310  
272  311  
272  312  
272  313  
272  314  
272  315  
272  316  
272  317  
272  318  
272  319  
272  320  
271  321  
271  322  
271  323  
271  324  
271  325  
271  326  
271  327  
271  328  
271  329  
271  330  
271  331  
271  332  
271  333  
271  334  
271  335  
271  336  
271  337  
271  338  
271  339  
271  340  
271  341  
271  342  
271  343  
271  344  
271  345  
271  346  
271  347  
271  348  
271  349  
271  350  
271  351  
271  352  
271  353  
271  354  
271  355  
271  356  
271  357  
271  358  
271  359  
271  360  
270  361  
270  362  
270  363  
270  364  
270  365  
270  366  
270  367  
270  368  
270  369  
270  370  
270  371  
270  372  
270  373  
270  374  
270  375  
270  376  
270  377  
270  378  
270  379  
270  380  
270  381  
270  382  
270  383  
270  384  
270  385  
270  386  
270  387  
270  388  
270  389  
270  390  
270  391  
270  392  
270  393  
270  394  
270  395  
270  396  
270  397  
270  398  
270  399  
270  400  
270  401  
270  402  
270  403  
270  404  
270  405  
269  406  
269  407  
269  408  
269  409  
269  410  
269  411  
269  412  
269  413  
269  414  
269  415  
269  416  
269  417  
269  418  
269  419  
269  420  
269  421  
269  422  
269  423  
269  424  
269  425  
269  426  
269  427  
269  428  
269  429  
269  430  
269  431  
269  432  
269  433  
269  434  
269  435  
269  436  
269  437  
269  438  
269  439  
269  440  
269  441  
269  442  
269  443  
269  444  
269  445  
269  446  
269  447  
269  448  
269  449  
269  450  
269  451  
269  452  
269  453  
269  454  
269  455  
269  456  
269  457  
269  458  
269  459  
269  460  
269  461  
269  462  
268  463  
36  310  
36  311  
36  312  
36  313  
36  314  
36  315  
36  316  
36  317  
36  318  
36  319  
36  320  
36  321  
36  322  
36  323  
36  324  
35  325  
35  326  
35  327  
35  328  
35  329  
35  330  
35  331  
35  332  
314  314  
314  315  
314  316  
314  317  
314  318  
314  319  
314  320  
314  321  
314  322  
314  323  
314  324  
314  325  
314  326  
314  327  
314  328  
314  329  
314  330  
314  331  
314  332  
314  333  
314  334  
314  335  
357  317  
357  318  
357  319  
357  320  
357  321  
357  322  
357  323  
357  324  
357  325  
357  326  
357  327  
357  328  
357  329  
357  330  
357  331  
357  332  
357  333  
357  334  
357  335  
357  336  
357  337  
357  338  
357  339  
357  340  
357  341  
308  318  
308  319  
308  320  
308  321  
308  322  
308  323  
308  324  
308  325  
308  326  
308  327  
308  328  
308  329  
308  330  
308  331  
308  332  
308  333  
308  334  
308  335  
308  336  
308  337  
308  338  
308  339  
308  340  
308  341  
308  342  
308  343  
372  322  
372  323  
372  324  
372  325  
372  326  
372  327  
372  328  
372  329  
372  330  
372  331  
372  332  
372  333  
372  334  
372  335  
372  336  
372  337  
372  338  
372  339  
372  340  
372  341  
219  342  
220  342  
221  342  
222  342  
223  342  
224  342  
225  342  
226  342  
212  343  
213  343  
214  343  
215  343  
216  343  
217  343  
218  343  
227  343  
228  343  
209  344  
210  344  
211  344  
439  345  
439  346  
439  347  
439  348  
439  349  
439  350  
439  351  
439  352  
439  353  
439  354  
439  355  
439  356  
439  357  
439  358  
439  359  
439  360  
439  361  
439  362  
439  363  
439  364  
439  365  
439  366  
439  367  
439  368  
439  369  
439  370  
439  371  
439  372  
439  373  
440  374  
440  375  
229  346  
230  346  
231  346  
232  346  
233  346  
234  346  
235  346  
221  347  
222  347  
223  347  
224  347  
225  347  
226  347  
227  347  
228  347  
211  348  
212  348  
213  348  
214  348  
215  348  
216  348  
217  348  
218  348  
219  348  
220  348  
207  349  
208  349  
209  349  
210  349  
417  357  
417  358  
417  359  
416  360  
416  361  
416  362  
416  363  
417  364  
417  365  
417  366  
417  367  
417  368  
417  369  
417  370  
417  371  
417  372  
417  373  
417  374  
417  375  
417  376  
417  377  
417  378  
417  379  
445  358  
445  359  
445  360  
445  361  
445  362  
445  363  
445  364  
445  365  
445  366  
445  367  
445  368  
445  369  
445  370  
445  371  
446  372  
446  373  
446  374  
446  375  
446  376  
446  377  
446  378  
446  379  
122  361  
122  362  
122  363  
122  364  
122  365  
122  366  
122  367  
122  368  
122  369  
122  370  
122  371  
122  372  
122  373  
122  374  
122  375  
122  376  
122  377  
122  378  
122  379  
122  380  
122  381  
236  362  
237  362  
238  362  
239  362  
240  362  
225  363  
226  363  
227  363  
228  363  
229  363  
230  363  
231  363  
232  363  
233  363  
234  363  
235  363  
217  364  
218  364  
219  364  
220  364  
221  364  
222  364  
223  364  
224  364  
466  366  
466  367  
467  368  
467  369  
467  370  
467  371  
467  372  
467  373  
467  374  
467  375  
467  376  
467  377  
467  378  
467  379  
467  380  
467  381  
467  382  
467  383  
467  384  
467  385  
467  386  
467  387  
467  388  
467  389  
467  390  
467  391  
467  392  
467  393  
468  394  
468  395  
468  396  
467  397  
467  398  
51  370  
51  371  
51  372  
51  373  
51  374  
51  375  
51  376  
51  377  
51  378  
51  379  
51  380  
51  381  
51  382  
51  383  
51  384  
51  385  
51  386  
51  387  
51  388  
51  389  
51  390  
51  391  
51  392  
51  393  
51  394  
50  395  
50  396  
50  397  
50  398  
50  399  
50  400  
50  401  
50  402  
50  403  
50  404  
50  405  
50  406  
50  407  
50  408  
50  409  
50  410  
49  411  
49  412  
49  413  
49  414  
49  415  
49  416  
49  417  
49  418  
49  419  
49  420  
49  421  
339  375  
339  376  
339  377  
339  378  
339  379  
339  380  
338  381  
338  382  
338  383  
338  384  
338  385  
338  386  
338  387  
338  388  
338  389  
338  390  
338  391  
338  392  
338  393  
338  394  
338  395  
338  396  
338  397  
338  398  
338  399  
338  400  
338  401  
338  402  
338  403  
338  404  
338  405  
338  406  
338  407  
338  408  
338  409  
338  410  
338  411  
338  412  
338  413  
338  414  
338  415  
338  416  
338  417  
338  418  
338  419  
338  420  
338  421  
338  422  
338  423  
338  424  
338  425  
338  426  
338  427  
338  428  
338  429  
338  430  
338  431  
338  432  
338  433  
338  434  
338  435  
338  436  
338  437  
338  438  
338  439  
338  440  
338  441  
338  442  
338  443  
338  444  
338  445  
338  446  
338  447  
338  448  
338  449  
338  450  
338  451  
338  452  
338  453  
338  454  
338  455  
338  456  
338  457  
338  458  
338  459  
338  460  
338  461  
338  462  
338  463  
338  464  
338  465  
338  466  
104  376  
104  377  
104  378  
104  379  
104  380  
104  381  
104  382  
104  383  
104  384  
104  385  
104  386  
104  387  
104  388  
104  389  
104  390  
104  391  
104  392  
104  393  
104  394  
103  395  
103  396  
103  397  
103  398  
103  399  
103  400  
103  401  
103  402  
103  403  
103  404  
103  405  
103  406  
103  407  
103  408  
103  409  
103  410  
103  411  
103  412  
103  413  
103  414  
103  415  
103  416  
102  417  
102  418  
102  419  
102  420  
102  421  
102  422  
102  423  
102  424  
102  425  
102  426  
102  427  
102  428  
102  429  
102  430  
102  431  
102  432  
102  433  
102  434  
102  435  
102  436  
102  437  
102  438  
101  439  
101  440  
101  441  
101  442  
101  443  
101  444  
101  445  
101  446  
101  447  
101  448  
101  449  
20  378  
20  379  
20  380  
20  381  
20  382  
20  383  
20  384  
20  385  
20  386  
20  387  
20  388  
19  389  
19  390  
19  391  
19  392  
19  393  
19  394  
19  395  
19  396  
19  397  
19  398  
19  399  
19  400  
19  401  
18  402  
18  403  
18  404  
18  405  
18  406  
18  407  
18  408  
18  409  
18  410  
18  411  
18  412  
18  413  
18  414  
18  415  
17  416  
17  417  
13  418  
14  418  
15  418  
16  418  
309  379  
309  380  
309  381  
309  382  
309  383  
308  384  
308  385  
309  386  
309  387  
308  388  
308  389  
308  390  
308  391  
308  392  
308  393  
308  394  
308  395  
308  396  
308  397  
308  398  
309  399  
342  384  
342  385  
342  386  
342  387  
342  388  
342  389  
342  390  
342  391  
342  392  
342  393  
342  394  
342  395  
342  396  
342  397  
342  398  
342  399  
342  400  
342  401  
342  402  
342  403  
342  404  
342  405  
342  406  
342  407  
141  387  
141  388  
141  389  
141  390  
141  391  
141  392  
141  393  
141  394  
141  395  
141  396  
141  397  
141  398  
141  399  
141  400  
141  401  
141  402  
141  403  
141  404  
141  405  
141  406  
141  407  
140  408  
140  409  
140  410  
140  411  
140  412  
140  413  
140  414  
140  415  
140  416  
140  417  
140  418  
140  419  
140  420  
140  421  
140  422  
140  423  
140  424  
140  425  
140  426  
140  427  
140  428  
140  429  
139  430  
139  431  
139  432  
139  433  
139  434  
234  388  
234  389  
234  390  
234  391  
234  392  
234  393  
234  394  
234  395  
234  396  
234  397  
234  398  
234  399  
234  400  
234  401  
234  402  
234  403  
234  404  
234  405  
234  406  
234  407  
234  408  
234  409  
234  410  
234  411  
234  412  
233  413  
233  414  
233  415  
233  416  
233  417  
233  418  
233  419  
233  420  
233  421  
233  422  
233  423  
233  424  
233  425  
233  426  
233  427  
233  428  
233  429  
233  430  
233  431  
233  432  
233  433  
233  434  
233  435  
233  436  
233  437  
233  438  
233  439  
206  389  
207  390  
207  391  
207  392  
207  393  
206  394  
207  395  
207  396  
207  397  
207  398  
207  399  
207  400  
207  401  
207  402  
207  403  
207  404  
207  405  
207  406  
207  407  
207  408  
207  409  
207  410  
207  411  
207  412  
207  413  
207  414  
207  415  
207  416  
207  417  
207  418  
207  419  
207  420  
207  421  
207  422  
207  423  
207  424  
207  425  
207  426  
207  427  
207  428  
207  429  
207  430  
207  431  
207  432  
207  433  
207  434  
207  435  
206  436  
206  437  
417  390  
417  391  
417  392  
417  393  
417  394  
417  395  
417  396  
417  397  
417  398  
417  399  
417  400  
417  401  
417  402  
417  403  
417  404  
417  405  
417  406  
417  407  
417  408  
417  409  
417  410  
417  411  
417  412  
417  413  
417  414  
417  415  
417  416  
417  417  
418  418  
417  419  
417  420  
417  421  
418  422  
418  423  
418  424  
418  425  
418  426  
418  427  
418  428  
418  429  
418  430  
418  431  
418  432  
417  433  
417  434  
417  435  
418  436  
418  437  
418  438  
418  439  
418  440  
418  441  
418  442  
418  443  
418  444  
418  445  
418  446  
418  447  
418  448  
418  449  
418  450  
418  451  
418  452  
418  453  
418  454  
418  455  
418  456  
418  457  
418  458  
418  459  
418  460  
418  461  
418  462  
418  463  
418  464  
418  465  
418  466  
418  467  
418  468  
418  469  
418  470  
418  471  
418  472  
418  473  
418  474  
418  475  
418  476  
419  477  
419  478  
160  394  
160  395  
160  396  
160  397  
160  398  
160  399  
160  400  
160  401  
160  402  
160  403  
160  404  
160  405  
160  406  
160  407  
160  408  
160  409  
160  410  
160  411  
160  412  
159  413  
159  414  
159  415  
159  416  
159  417  
159  418  
159  419  
159  420  
159  421  
159  422  
159  423  
159  424  
159  425  
159  426  
159  427  
159  428  
159  429  
159  430  
159  431  
159  432  
159  433  
159  434  
158  435  
158  436  
313  394  
313  395  
313  396  
313  397  
313  398  
313  399  
313  400  
313  401  
313  402  
313  403  
313  404  
313  405  
313  406  
313  407  
313  408  
313  409  
313  410  
313  411  
313  412  
313  413  
313  414  
313  415  
313  416  
313  417  
313  418  
313  419  
313  420  
313  421  
313  422  
313  423  
313  424  
313  425  
313  426  
313  427  
313  428  
312  429  
312  430  
312  431  
312  432  
312  433  
312  434  
312  435  
312  436  
312  437  
312  438  
327  399  
327  400  
327  401  
327  402  
327  403  
327  404  
327  405  
326  406  
326  407  
326  408  
326  409  
326  410  
326  411  
326  412  
326  413  
326  414  
326  415  
326  416  
326  417  
326  418  
326  419  
326  420  
326  421  
326  422  
326  423  
326  424  
326  425  
326  426  
326  427  
326  428  
326  429  
326  430  
326  431  
326  432  
326  433  
326  434  
326  435  
326  436  
326  437  
326  438  
326  439  
367  405  
367  406  
367  407  
367  408  
367  409  
367  410  
367  411  
367  412  
367  413  
367  414  
367  415  
367  416  
367  417  
367  418  
367  419  
367  420  
367  421  
367  422  
367  423  
367  424  
367  425  
367  426  
367  427  
367  428  
367  429  
367  430  
367  431  
367  432  
367  433  
367  434  
367  435  
367  436  
367  437  
367  438  
367  439  
367  440  
367  441  
367  442  
367  443  
367  444  
367  445  
468  406  
468  407  
468  408  
468  409  
468  410  
468  411  
468  412  
468  413  
468  414  
468  415  
468  416  
468  417  
468  418  
468  419  
468  420  
469  421  
470  421  
471  421  
472  421  
473  421  
356  408  
356  409  
356  410  
356  411  
356  412  
356  413  
356  414  
356  415  
356  416  
356  417  
356  418  
356  419  
356  420  
356  421  
356  422  
356  423  
356  424  
356  425  
356  426  
356  427  
356  428  
356  429  
356  430  
356  431  
356  432  
356  433  
356  434  
356  435  
356  436  
356  437  
356  438  
356  439  
356  440  
356  441  
356  442  
356  443  
356  444  
356  445  
356  446  
356  447  
355  448  
407  412  
407  413  
407  414  
407  415  
407  416  
407  417  
407  418  
407  419  
407  420  
407  421  
407  422  
407  423  
407  424  
407  425  
407  426  
407  427  
407  428  
407  429  
407  430  
407  431  
407  432  
407  433  
407  434  
407  435  
407  436  
407  437  
407  438  
407  439  
407  440  
407  441  
407  442  
407  443  
407  444  
407  445  
407  446  
407  447  
407  448  
407  449  
407  450  
407  451  
407  452  
407  453  
407  454  
407  455  
408  456  
408  457  
408  458  
408  459  
393  415  
393  416  
393  417  
393  418  
393  419  
393  420  
393  421  
393  422  
393  423  
393  424  
393  425  
393  426  
393  427  
393  428  
393  429  
393  430  
393  431  
393  432  
393  433  
393  434  
393  435  
393  436  
393  437  
394  438  
394  439  
394  440  
394  441  
394  442  
394  443  
394  444  
394  445  
394  446  
394  447  
394  448  
394  449  
307  416  
307  417  
307  418  
307  419  
307  420  
307  421  
307  422  
307  423  
307  424  
307  425  
307  426  
307  427  
307  428  
307  429  
307  430  
307  431  
307  432  
307  433  
307  434  
307  435  
307  436  
307  437  
307  438  
307  439  
307  440  
307  441  
307  442  
307  443  
307  444  
342  419  
342  420  
342  421  
342  422  
342  423  
342  424  
342  425  
342  426  
342  427  
342  428  
342  429  
342  430  
342  431  
342  432  
342  433  
342  434  
342  435  
342  436  
342  437  
342  438  
342  439  
342  440  
342  441  
342  442  
342  443  
342  444  
342  445  
342  446  
342  447  
342  448  
342  449  
342  450  
342  451  
342  452  
342  453  
342  454  
342  455  
342  456  
342  457  
342  458  
342  459  
342  460  
342  461  
342  462  
342  463  
342  464  
362  422  
362  423  
362  424  
362  425  
362  426  
362  427  
362  428  
362  429  
362  430  
362  431  
362  432  
362  433  
362  434  
362  435  
362  436  
362  437  
362  438  
362  439  
362  440  
362  441  
362  442  
362  443  
362  444  
362  445  
362  446  
362  447  
413  422  
413  423  
413  424  
413  425  
413  426  
413  427  
413  428  
414  429  
414  430  
414  431  
414  432  
414  433  
414  434  
414  435  
414  436  
414  437  
414  438  
414  439  
414  440  
414  441  
414  442  
414  443  
414  444  
414  445  
414  446  
414  447  
414  448  
414  449  
414  450  
414  451  
414  452  
414  453  
414  454  
414  455  
414  456  
414  457  
414  458  
414  459  
414  460  
414  461  
414  462  
414  463  
414  464  
414  465  
414  466  
414  467  
414  468  
414  469  
414  470  
414  471  
414  472  
469  423  
468  424  
468  425  
468  426  
469  427  
469  428  
469  429  
469  430  
469  431  
469  432  
469  433  
469  434  
469  435  
469  436  
469  437  
469  438  
469  439  
469  440  
469  441  
469  442  
469  443  
469  444  
447  428  
447  429  
447  430  
446  431  
446  432  
446  433  
446  434  
447  435  
447  436  
447  437  
447  438  
447  439  
447  440  
447  441  
447  442  
447  443  
447  444  
447  445  
447  446  
447  447  
447  448  
447  449  
447  450  
447  451  
447  452  
447  453  
447  454  
447  455  
447  456  
48  429  
48  430  
48  431  
48  432  
48  433  
48  434  
48  435  
48  436  
48  437  
48  438  
48  439  
48  440  
47  441  
47  442  
47  443  
47  444  
47  445  
47  446  
47  447  
47  448  
47  449  
47  450  
47  451  
47  452  
47  453  
47  454  
48  455  
49  455  
50  455  
51  455  
52  455  
440  430  
440  431  
440  432  
440  433  
440  434  
440  435  
440  436  
440  437  
440  438  
440  439  
440  440  
440  441  
440  442  
440  443  
440  444  
440  445  
440  446  
440  447  
440  448  
440  449  
440  450  
440  451  
440  452  
440  453  
440  454  
440  455  
440  456  
389  434  
389  435  
389  436  
389  437  
389  438  
389  439  
389  440  
389  441  
389  442  
389  443  
389  444  
389  445  
389  446  
389  447  
389  448  
389  449  
389  450  
389  451  
389  452  
389  453  
389  454  
389  455  
389  456  
389  457  
389  458  
436  437  
436  438  
436  439  
436  440  
436  441  
436  442  
436  443  
436  444  
436  445  
436  446  
436  447  
436  448  
436  449  
436  450  
436  451  
436  452  
436  453  
436  454  
436  455  
436  456  
436  457  
436  458  
436  459  
436  460  
54  455  
55  455  
56  455  
57  455  
58  455  
59  455  
60  455  
61  455  
62  455  
63  455  
64  455  
65  455  
66  455  
67  455  
68  455  
69  455  
70  455  
71  455  
72  455  
73  455  
74  455  
75  455  
76  455  
77  455  
78  455  
79  455  
80  455  
81  455  
82  455  
83  455  
84  455  
85  455  
86  455  
87  455  
88  455  
89  455  
90  455  
91  455  
92  455  
93  455  
94  455  
95  455  
31  465  
32  465  
33  465  
34  465  
35  465  
36  465  
37  465  
38  465  
39  465  
40  465  
41  465  
42  465  
43  465  
44  465  
45  465  
46  465  
47  465  
48  465  
49  465  
50  465  
51  465  
52  465  
53  465  
54  465  
55  465  
56  465  
57  465  
58  465  
59  465  
60  465  
61  465  
62  465  
63  465  
64  465  
65  465  
66  465  
67  465  
68  465  
69  465  
70  465  
71  465  
72  465  
73  465  
74  465  
75  465  
76  465  
77  465  
78  465  
79  465  
80  465  
81  465  
82  465  
83  465  
84  465  
85  465  
86  465  
87  465  
88  465  
89  465  
90  465  
91  465  
92  465  
93  465  
94  465  
95  465  
96  465  
97  465  
98  465  
99  465  
100  465  
101  465  
102  465  
103  465  
104  465  
105  465  
106  465  
107  465  
108  465  
109  465  
110  465  
111  465  
112  465  
113  465  
114  465  
115  465  
116  465  
117  465  
118  465  
119  465  
120  465  
121  465  
122  465  
123  465  
124  465  
125  465  
126  465  
127  465  
128  465  
129  466  
130  466  
131  466  
132  466  
133  466  
134  466  
135  466  
136  466  
226  468  
227  468  
228  468  
229  468  
230  468  
231  468  
232  468  
233  468  
234  468  
235  468  
236  468  
237  468  
238  468  
239  468  
240  468  
241  468  
242  468  
243  468  
244  468  
245  468  
246  468  
247  468  
248  468  
249  468  
250  468  
251  468  
252  468  
253  468  
254  468  
255  468  
256  468  
257  468  
258  468  
259  468  
260  468  
208  469  
209  469  
210  469  
211  469  
212  469  
213  469  
214  469  
215  469  
216  469  
217  469  
218  469  
219  469  
220  469  
221  469  
222  469  
223  469  
224  469  
225  469  
296  469  
297  469  
298  469  
299  469  
300  469  
301  470  
302  470  
303  470  
304  470  
305  470  
306  470  
307  470  
308  470  
309  470  
310  470  
311  470  
312  470  
313  470  
314  471  
315  471  
316  471  
317  471  
318  471  
319  471  
320  471  
321  471  
322  471  
323  471  
324  472  
325  472  
326  472  
327  472  
328  472  
329  472  
330  472  
331  472  
332  472  
333  472  
334  473  
335  473  
336  473  
337  473  
338  473  
339  473  
311  475  
312  475  
313  475  
314  475  
315  476  
316  476  
317  476  
318  476  
319  476  
320  476  
321  476  
322  476  
323  476  
324  476  
325  476  
326  476  
327  477  
328  477  
329  477  
330  477  
377  477  
378  477  
379  477  
380  477  
381  478  
382  478  
383  478  
384  478  
385  478  
386  478  
387  478  
388  478  
389  478  
390  478  
391  479  
392  479  
393  479  
394  479  
395  479  
396  479  
397  479  
398  479  
399  479  
400  479  
401  480  
402  480  
403  480  
404  480  
405  480  
406  480  
407  480  
408  480  
409  480  
410  480  
411  481  
412  481  
413  481  
414  481  
415  481  
416  481  
417  481  
418  481  
419  481  
420  481  
421  481  
422  481  
423  481  
424  482  
425  482  
426  482  
427  482  
428  482  
429  482  
430  482  
431  482  
432  482  
433  482  
434  482  
435  483  
436  483  
437  483  
438  483  
439  483  
440  483  
441  483  
442  483  
443  483  
444  483  
445  484  
446  484  
447  484  
448  484  
449  484  
450  484  
451  484  
30  479  
31  479  
32  479  
33  479  
34  479  
35  479  
36  479  
37  479  
38  479  
39  479  
40  479  
41  479  
42  479  
43  479  
44  479  
45  479  
46  479  
47  479  
48  479  
49  479  
50  479  
51  479  
52  479  
53  479  
54  479  
55  479  
56  479  
57  479  
58  479  
59  479  
60  479  
61  479  
62  479  
63  479  
64  479  
65  479  
66  479  
67  479  
68  479  
69  479  
70  479  
71  479  
72  479  
73  479  
74  479  
75  479  
76  479  
77  479  
78  479  
79  479  
80  479  
81  479  
82  479  
83  479  
84  479  
85  479  
86  479  
87  479  
88  479  
89  480  
90  480  
91  480  
92  480  
93  480  
94  480  
95  480  
96  480  
97  480  
98  480  
99  480  
100  480  
101  480  
102  480  
103  480  
104  480  
105  480  
106  480  
107  480  
108  480  
109  480  
110  480  
111  480  
112  480  
113  480  
131  483  
131  484  
131  485  
131  486  
131  487  
131  488  
131  489  
131  490  
130  491  
130  492  
130  493  
130  494  
130  495  
130  496  
130  497  
130  498  
130  499  
130  500  
130  501  
130  502  
130  503  
130  504  
130  505  
130  506  
130  507  
130  508  
130  509  
130  510  
130  511  
130  512  
130  513  
130  514  
130  515  
129  516  
129  517  
129  518  
129  519  
129  520  
129  521  
129  522  
129  523  
129  524  
129  525  
129  526  
129  527  
129  528  
129  529  
129  530  
129  531  
129  532  
273  483  
274  483  
275  483  
276  483  
277  483  
278  483  
279  483  
280  483  
281  483  
282  484  
283  484  
284  484  
285  484  
286  484  
287  484  
288  484  
289  484  
290  484  
291  484  
292  484  
293  484  
294  484  
295  484  
296  484  
297  484  
298  485  
299  485  
300  485  
236  484  
237  484  
238  484  
239  484  
240  484  
241  484  
242  484  
243  485  
244  485  
245  485  
246  485  
247  485  
248  485  
249  485  
250  485  
251  485  
252  485  
253  485  
254  485  
255  485  
256  485  
257  485  
258  485  
259  485  
220  486  
221  486  
222  486  
223  486  
224  486  
225  486  
226  486  
227  486  
228  486  
229  486  
230  487  
231  487  
232  487  
233  487  
234  487  
235  487  
236  487  
237  487  
238  487  
239  487  
240  487  
241  487  
242  488  
243  488  
244  488  
245  488  
246  488  
247  488  
248  488  
249  488  
250  488  
251  488  
252  488  
253  488  
254  488  
312  489  
311  490  
311  491  
311  492  
311  493  
311  494  
311  495  
311  496  
311  497  
311  498  
311  499  
311  500  
311  501  
311  502  
311  503  
311  504  
311  505  
311  506  
311  507  
311  508  
311  509  
311  510  
311  511  
311  512  
311  513  
311  514  
311  515  
311  516  
311  517  
311  518  
311  519  
311  520  
311  521  
311  522  
311  523  
311  524  
311  525  
311  526  
311  527  
311  528  
311  529  
311  530  
311  531  
311  532  
311  533  
311  534  
311  535  
311  536  
311  537  
311  538  
311  539  
311  540  
310  541  
310  542  
309  543  
309  544  
309  545  
309  546  
309  547  
45  490  
46  490  
47  490  
48  490  
49  490  
50  490  
51  490  
52  490  
53  490  
54  490  
55  490  
56  490  
57  490  
58  490  
59  490  
60  490  
61  490  
62  490  
63  490  
64  490  
65  490  
66  490  
67  490  
68  490  
69  490  
70  490  
71  490  
72  490  
73  490  
74  490  
75  490  
76  490  
77  490  
78  490  
79  490  
80  490  
81  490  
82  490  
83  490  
84  490  
85  491  
86  491  
87  491  
88  491  
89  491  
90  491  
91  491  
92  491  
93  491  
94  491  
95  491  
326  492  
326  493  
325  494  
325  495  
325  496  
325  497  
325  498  
325  499  
325  500  
325  501  
325  502  
325  503  
325  504  
325  505  
325  506  
325  507  
325  508  
325  509  
325  510  
325  511  
325  512  
325  513  
325  514  
325  515  
325  516  
325  517  
325  518  
325  519  
325  520  
325  521  
325  522  
325  523  
326  524  
326  525  
326  526  
326  527  
326  528  
326  529  
326  530  
326  531  
326  532  
326  533  
326  534  
326  535  
326  536  
326  537  
326  538  
326  539  
355  492  
355  493  
355  494  
355  495  
355  496  
355  497  
355  498  
355  499  
355  500  
355  501  
355  502  
355  503  
355  504  
355  505  
355  506  
355  507  
355  508  
355  509  
355  510  
355  511  
355  512  
354  513  
354  514  
354  515  
354  516  
354  517  
354  518  
354  519  
355  520  
355  521  
355  522  
355  523  
355  524  
354  525  
354  526  
354  527  
354  528  
354  529  
354  530  
354  531  
354  532  
354  533  
354  534  
355  535  
342  493  
342  494  
342  495  
342  496  
342  497  
342  498  
342  499  
342  500  
342  501  
342  502  
342  503  
342  504  
342  505  
342  506  
342  507  
342  508  
342  509  
342  510  
342  511  
342  512  
342  513  
342  514  
342  515  
342  516  
342  517  
342  518  
342  519  
342  520  
342  521  
342  522  
342  523  
342  524  
342  525  
342  526  
342  527  
342  528  
342  529  
342  530  
342  531  
342  532  
342  533  
342  534  
342  535  
342  536  
342  537  
342  538  
342  539  
342  540  
342  541  
342  542  
342  543  
342  544  
342  545  
342  546  
342  547  
342  548  
342  549  
342  550  
342  551  
342  552  
284  494  
285  494  
286  494  
287  494  
288  494  
289  494  
273  495  
274  495  
275  495  
276  495  
277  495  
278  495  
279  495  
280  495  
281  495  
282  495  
283  495  
290  495  
291  495  
292  495  
293  495  
294  495  
295  495  
296  495  
297  495  
298  495  
299  495  
300  495  
301  495  
302  495  
303  495  
98  495  
98  496  
98  497  
98  498  
98  499  
98  500  
98  501  
98  502  
98  503  
98  504  
98  505  
98  506  
98  507  
98  508  
98  509  
98  510  
97  511  
97  512  
97  513  
97  514  
97  515  
97  516  
97  517  
97  518  
97  519  
97  520  
97  521  
97  522  
97  523  
97  524  
97  525  
97  526  
97  527  
202  495  
203  495  
204  495  
205  495  
206  495  
207  495  
208  495  
209  495  
210  495  
211  495  
212  495  
213  495  
214  495  
215  495  
216  495  
217  495  
218  495  
219  495  
220  495  
221  495  
222  495  
223  495  
224  495  
225  495  
226  495  
227  495  
228  495  
229  495  
230  495  
231  495  
232  495  
233  495  
234  495  
235  495  
236  495  
237  495  
238  495  
239  495  
240  495  
241  495  
242  495  
243  495  
244  495  
245  495  
246  495  
247  495  
248  495  
249  495  
250  495  
251  495  
252  495  
253  495  
254  495  
255  495  
256  495  
257  495  
258  495  
259  495  
260  495  
407  498  
407  499  
407  500  
407  501  
406  502  
406  503  
406  504  
407  505  
407  506  
407  507  
407  508  
407  509  
407  510  
407  511  
407  512  
407  513  
407  514  
407  515  
407  516  
407  517  
407  518  
407  519  
407  520  
407  521  
407  522  
407  523  
407  524  
407  525  
407  526  
407  527  
407  528  
407  529  
407  530  
407  531  
407  532  
407  533  
407  534  
407  535  
407  536  
403  500  
402  501  
402  502  
402  503  
402  504  
402  505  
402  506  
403  507  
403  508  
403  509  
403  510  
403  511  
403  512  
403  513  
403  514  
403  515  
403  516  
403  517  
403  518  
403  519  
403  520  
403  521  
403  522  
404  523  
404  524  
404  525  
404  526  
404  527  
449  505  
449  506  
449  507  
449  508  
449  509  
449  510  
449  511  
449  512  
449  513  
449  514  
449  515  
449  516  
449  517  
449  518  
449  519  
449  520  
449  521  
449  522  
449  523  
449  524  
449  525  
449  526  
191  507  
192  507  
193  507  
194  507  
195  507  
196  507  
197  507  
198  507  
199  507  
200  507  
201  507  
202  507  
203  507  
204  507  
205  507  
206  507  
207  507  
208  507  
209  507  
210  507  
211  507  
212  507  
213  507  
214  507  
215  507  
216  507  
217  507  
218  507  
219  507  
220  507  
221  507  
222  507  
223  507  
224  507  
225  507  
226  507  
227  507  
228  507  
229  507  
230  507  
231  507  
232  508  
233  508  
234  508  
235  508  
236  508  
237  508  
238  508  
239  508  
240  508  
241  508  
242  508  
243  508  
244  508  
245  508  
246  508  
247  508  
248  508  
249  508  
250  508  
251  508  
252  508  
253  508  
254  508  
255  508  
256  508  
257  508  
258  508  
259  508  
320  510  
320  511  
320  512  
320  513  
320  514  
320  515  
320  516  
320  517  
320  518  
320  519  
320  520  
320  521  
320  522  
320  523  
320  524  
320  525  
320  526  
320  527  
320  528  
320  529  
320  530  
320  531  
320  532  
320  533  
320  534  
320  535  
372  510  
373  511  
373  512  
373  513  
373  514  
373  515  
373  516  
373  517  
373  518  
373  519  
373  520  
373  521  
373  522  
372  523  
372  524  
372  525  
372  526  
372  527  
372  528  
372  529  
372  530  
372  531  
373  532  
362  511  
362  512  
362  513  
362  514  
362  515  
362  516  
362  517  
362  518  
362  519  
362  520  
362  521  
362  522  
362  523  
362  524  
362  525  
362  526  
362  527  
362  528  
362  529  
362  530  
398  514  
398  515  
398  516  
398  517  
398  518  
398  519  
398  520  
398  521  
398  522  
398  523  
398  524  
398  525  
398  526  
398  527  
398  528  
398  529  
398  530  
398  531  
398  532  
398  533  
398  534  
473  514  
473  515  
473  516  
473  517  
473  518  
473  519  
473  520  
473  521  
473  522  
473  523  
473  524  
473  525  
473  526  
473  527  
474  528  
474  529  
475  530  
476  530  
477  531  
478  531  
219  518  
220  518  
221  518  
216  519  
217  519  
218  519  
222  519  
223  519  
224  519  
225  519  
226  519  
227  519  
228  519  
229  519  
230  519  
231  519  
232  519  
233  519  
234  519  
235  519  
236  519  
237  519  
238  519  
239  519  
240  519  
241  519  
242  519  
243  519  
244  519  
245  519  
246  519  
247  519  
248  519  
249  519  
250  519  
251  519  
252  519  
253  519  
254  519  
255  519  
256  519  
257  520  
258  520  
259  520  
171  530  
172  530  
173  530  
174  530  
175  530  
176  530  
177  530  
178  530  
179  530  
180  530  
181  530  
182  530  
183  530  
184  530  
185  530  
186  530  
187  530  
188  530  
189  530  
190  530  
191  530  
192  530  
199  531  
200  531  
201  531  
202  531  
203  531  
204  531  
205  531  
206  531  
207  531  
208  531  
209  531  
210  531  
211  531  
212  531  
213  531  
214  531  
215  531  
216  531  
217  531  
218  531  
219  532  
220  532  
221  532  
222  532  
223  532  
224  532  
225  532  
226  532  
227  532  
228  532  
229  532  
230  532  
231  532  
232  532  
233  532  
234  532  
235  532  
236  532  
237  532  
238  532  
239  532  
240  532  
241  532  
242  532  
243  533  
244  533  
245  533  
246  533  
247  533  
248  533  
249  533  
250  533  
251  533  
252  533  
253  533  
254  533  
255  533  
256  533  
257  533  
258  533  
60  537  
61  537  
62  537  
63  537  
64  537  
65  537  
66  537  
67  537  
68  537  
69  537  
70  537  
71  537  
72  537  
73  537  
74  538  
75  538  
76  538  
77  538  
78  538  
79  538  
80  538  
81  538  
82  538  
83  538  
84  538  
85  538  
86  538  
87  538  
88  538  
89  538  
90  538  
91  538  
92  538  
93  538  
94  538  
95  539  
96  539  
97  539  
98  539  
99  539  
100  539  
101  539  
102  539  
103  539  
104  539  
105  540  
106  540  
107  540  
108  540  
109  540  
110  540  
111  540  
112  540  
113  540  
114  540  
115  540  
116  540  
117  540  
118  540  
119  540  
120  540  
121  540  
122  541  
123  541  
124  541  
125  541  
126  541  
127  541  
128  541  
129  541  
130  541  
131  541  
132  541  
133  542  
134  542  
135  542  
136  542  
137  542  
138  542  
139  542  
140  542  
141  542  
142  542  
143  542  
144  542  
145  542  
146  542  
147  542  
148  542  
149  542  
150  542  
197  542  
198  542  
199  542  
200  542  
201  542  
202  542  
203  542  
204  542  
205  542  
206  542  
207  542  
208  542  
209  542  
210  542  
211  542  
212  543  
213  543  
214  543  
215  543  
216  543  
217  543  
218  543  
219  543  
220  543  
221  543  
222  543  
223  543  
27  547  
28  547  
29  547  
30  547  
31  547  
32  547  
33  547  
34  547  
35  547  
36  547  
37  547  
38  547  
39  547  
40  548  
41  548  
42  548  
43  548  
44  548  
45  548  
46  548  
47  548  
48  548  
49  548  
57  549  
58  549  
59  549  
60  549  
61  549  
62  549  
63  549  
64  549  
65  549  
66  549  
67  549  
68  549  
69  550  
70  550  
71  550  
72  550  
73  550  
74  550  
75  550  
76  550  
77  550  
78  550  
79  550  
80  550  
81  551  
82  551  
83  551  
84  551  
85  551  
86  551  
87  551  
88  551  
89  551  
90  551  
91  551  
92  551  
93  551  
94  551  
95  552  
96  552  
97  552  
98  552  
99  552  
100  552  
101  552  
102  552  
103  552  
104  552  
105  552  
106  552  
107  552  
108  552  
109  552  
110  553  
111  553  
112  553  
113  553  
114  553  
115  553  
116  553  
117  553  
118  553  
119  553  
120  553  
121  553  
122  553  
123  553  
124  553  
125  553  
126  553  
127  554  
128  554  
129  554  
130  554  
131  554  
132  554  
133  554  
134  554  
135  554  
136  554  
137  554  
138  554  
139  554  
140  554  
141  554  
142  555  
143  555  
144  555  
145  555  
146  555  
147  555  
148  555  
149  555  
150  555  
151  555  
152  555  
153  555  
154  555  
155  555  
156  555  
157  555  
158  555  
159  555  
160  556  
161  556  
162  556  
163  556  
164  556  
165  556  
166  556  
167  556  
168  556  
169  557  
170  557  
171  557  
172  557  
173  557  
174  557  
175  557  
176  557  
177  557  
178  557  
179  557  
180  557  
181  557  
182  557  
183  557  
184  557  
185  557  
193  558  
194  558  
195  558  
196  558  
197  558  
198  558  
199  558  
200  558  
201  558  
202  558  
203  559  
204  559  
205  559  
206  559  
207  559  
208  559  
209  559  
210  559  
211  559  
212  559  
213  559  
214  559  
215  559  
216  559  
217  559  
218  559  
219  559  
419  558  
419  559  
419  560  
419  561  
419  562  
419  563  
419  564  
420  565  
420  566  
420  567  
420  568  
420  569  
420  570  
421  571  
421  572  
420  573  
420  574  
420  575  
420  576  
420  577  
421  578  
421  579  
421  580  
421  581  
421  582  
421  583  
421  584  
421  585  
421  586  
421  587  
421  588  
421  589  
421  590  
421  591  
421  592  
421  593  
421  594  
421  595  
421  596  
421  597  
421  598  
422  599  
423  600  
423  601  
26  559  
27  559  
28  559  
29  559  
30  559  
31  559  
32  559  
33  559  
34  559  
35  559  
36  559  
37  559  
38  559  
39  560  
40  560  
41  560  
42  560  
43  560  
44  560  
45  560  
46  560  
47  560  
48  560  
49  560  
50  560  
51  560  
52  560  
53  560  
54  561  
55  561  
56  561  
57  561  
58  561  
59  561  
60  561  
61  562  
62  562  
63  562  
64  562  
65  562  
66  562  
67  563  
68  563  
69  563  
70  563  
263  562  
263  563  
263  564  
263  565  
263  566  
263  567  
263  568  
263  569  
263  570  
263  571  
263  572  
263  573  
263  574  
263  575  
263  576  
263  577  
263  578  
263  579  
263  580  
263  581  
263  582  
263  583  
263  584  
263  585  
263  586  
263  587  
263  588  
263  589  
263  590  
263  591  
263  592  
263  593  
263  594  
263  595  
263  596  
263  597  
263  598  
268  563  
268  564  
268  565  
268  566  
268  567  
268  568  
268  569  
268  570  
268  571  
267  572  
267  573  
267  574  
267  575  
267  576  
267  577  
267  578  
267  579  
267  580  
267  581  
267  582  
267  583  
267  584  
267  585  
267  586  
267  587  
267  588  
267  589  
267  590  
267  591  
267  592  
267  593  
267  594  
267  595  
267  596  
34  564  
35  564  
36  564  
37  564  
38  564  
39  564  
40  564  
41  565  
42  565  
43  565  
44  565  
45  565  
46  565  
47  565  
48  565  
49  565  
50  565  
51  565  
52  565  
53  565  
54  565  
55  566  
56  566  
57  566  
58  566  
59  566  
60  566  
61  566  
62  566  
63  566  
64  566  
65  566  
66  566  
67  566  
68  566  
69  566  
70  567  
71  567  
72  567  
73  567  
74  567  
75  567  
76  567  
77  567  
78  567  
80  567  
81  567  
82  567  
79  568  
83  568  
84  568  
85  568  
86  568  
87  568  
88  568  
89  568  
90  569  
91  569  
92  569  
93  569  
94  569  
95  569  
96  569  
97  569  
98  569  
99  569  
100  569  
101  569  
102  569  
103  569  
104  570  
105  570  
106  570  
75  564  
76  564  
77  564  
78  564  
79  564  
80  564  
81  565  
82  565  
83  565  
84  565  
85  565  
86  565  
87  565  
88  565  
89  565  
90  565  
91  565  
92  565  
93  565  
94  565  
95  565  
96  566  
97  566  
98  566  
99  566  
100  566  
101  566  
102  566  
103  566  
104  566  
105  566  
106  566  
122  566  
123  566  
124  566  
125  566  
126  566  
127  566  
128  566  
129  566  
130  566  
132  566  
133  566  
134  566  
135  566  
136  566  
137  566  
138  566  
107  567  
108  567  
109  567  
110  567  
111  567  
112  567  
113  567  
114  567  
115  567  
116  567  
117  567  
118  567  
119  567  
120  567  
121  567  
131  567  
139  567  
140  567  
141  567  
142  567  
143  567  
144  568  
145  568  
146  568  
147  568  
148  568  
149  568  
150  568  
151  568  
152  568  
187  576  
188  577  
189  577  
190  577  
191  577  
192  577  
193  577  
194  577  
195  577  
196  577  
197  577  
198  577  
199  577  
200  577  
201  577  
202  577  
203  577  
204  577  
205  578  
206  578  
207  578  
208  578  
209  578  
210  578  
211  578  
212  578  
213  578  
10  578  
11  578  
12  578  
13  579  
14  579  
15  579  
16  579  
17  579  
18  579  
19  579  
20  579  
21  580  
22  580  
23  580  
24  580  
25  580  
26  580  
27  580  
28  580  
29  580  
30  580  
31  580  
32  580  
33  581  
34  581  
35  581  
36  581  
37  581  
408  580  
408  581  
408  582  
408  583  
408  584  
408  585  
408  586  
408  587  
407  588  
407  589  
407  590  
407  591  
407  592  
406  593  
406  594  
406  595  
402  596  
403  596  
404  596  
405  596  
2  581  
3  581  
4  581  
5  581  
6  581  
7  581  
8  581  
9  581  
10  582  
11  582  
12  582  
13  582  
14  582  
15  582  
16  582  
17  582  
18  583  
19  583  
20  583  
21  583  
22  583  
23  583  
24  583  
25  583  
26  583  
27  583  
28  583  
29  584  
30  584  
31  584  
32  584  
33  584  
34  584  
35  584  
36  584  
37  584  
38  585  
39  585  
40  585  
41  585  
42  585  
43  585  
45  582  
46  582  
47  582  
48  582  
49  582  
50  582  
51  582  
52  583  
53  583  
54  583  
55  583  
56  583  
57  583  
58  583  
59  583  
60  583  
61  584  
62  584  
63  584  
64  584  
65  584  
66  584  
67  584  
68  584  
69  584  
70  584  
71  584  
72  585  
73  585  
74  585  
75  585  
76  585  
77  585  
78  585  
79  585  
80  585  
81  585  
82  585  
83  586  
84  586  
85  586  
86  586  
87  586  
88  586  
89  586  
51  586  
52  586  
53  586  
54  586  
55  586  
56  587  
57  587  
58  587  
59  587  
60  587  
61  587  
62  587  
63  587  
64  587  
65  587  
66  587  
67  587  
68  588  
69  588  
70  588  
71  588  
72  588  
73  588  
74  588  
75  588  
76  588  
77  588  
78  589  
79  589  
80  589  
81  589  
82  589  
83  589  
84  589  
85  589  
86  589  
87  589  
88  589  
89  589  
90  589  
91  590  
92  590  
93  590  
94  590  
95  590  
96  590  
97  590  
98  590  
99  590  
106  588  
107  588  
108  588  
109  588  
110  588  
111  588  
112  588  
113  588  
114  588  
115  588  
116  588  
117  589  
118  589  
119  589  
120  589  
121  589  
122  589  
123  589  
124  589  
125  589  
126  589  
127  590  
128  590  
129  590  
130  590  
131  590  
132  590  
133  590  
134  590  
135  590  
136  590  
137  590  
138  590  
139  591  
140  591  
141  591  
142  591  
143  591  
144  591  
145  591  
146  591  
147  591  
148  592  
149  592  
150  592  
151  592  
152  592  
153  592  
154  592  
155  592  
156  592  
157  592  
158  592  
159  592  
160  593  
161  593  
162  593  
163  593  
164  593  
165  593  
166  593  
167  593  
168  593  
107  591  
108  591  
109  591  
110  591  
111  591  
112  591  
113  591  
114  592  
115  592  
116  592  
117  592  
118  592  
119  592  
120  592  
121  592  
122  592  
123  592  
124  593  
125  593  
126  593  
127  593  
128  593  
129  593  
130  593  
131  593  
132  593  
133  594  
134  594  
135  594  
136  594  
137  594  
138  594  
139  594  
140  594  
141  594  
142  594  
143  594  
144  594  
145  594  
146  595  
147  595  
148  595  
149  595  
150  595  
151  595  
152  595  
153  595  
154  595  
155  595  
156  596  
157  596  
158  596  
159  596  
160  596  
161  596  
162  596  
163  596  
164  596  
165  596  
166  596  
167  596  
168  596  
169  597  
170  597  
171  597  
172  597  
173  597  
174  597  
175  597  
176  597  
177  597  
178  597  
179  597  
180  598  
181  598  
182  598  
183  598  
184  598  
185  598  
186  598  
187  598  
188  599  
189  599  
190  599  
191  599  
192  599  
193  599  
194  599  
195  599  
196  599  
197  599  
198  599  
199  599  
200  599  
216  599  
217  599  
201  600  
202  600  
203  600  
204  600  
205  600  
206  600  
207  600  
208  600  
209  600  
210  600  
211  600  
212  600  
213  600  
214  600  
215  600  
2  592  
3  592  
4  593  
5  593  
6  593  
7  593  
8  593  
9  593  
10  593  
11  593  
12  593  
13  594  
14  594  
15  594  
16  594  
17  594  
18  594  
19  594  
20  594  
21  595  
22  595  
23  595  
24  595  
25  595  
26  595  
27  595  
28  595  
29  595  
30  595  
31  596  
32  596  
33  596  
34  596  
35  596  
36  596  
37  596  
38  596  
39  596  
40  597  
41  597  
42  597  
43  597  
44  597  
45  597  
46  597  
47  597  
48  597  
49  598  
50  598  
51  598  
52  598  
53  598  
54  598  
55  598  
56  598  
57  599  
58  599  
59  599  
60  599  
61  599  
62  599  
63  599  
64  599  
65  599  
66  599  
67  599  
68  599  
69  600  
70  600  
71  600  
72  600  
73  600  
74  600  
75  600  
76  600  
77  600  
78  601  
79  601  
80  601  
81  601  
82  601  
83  601  
84  601  
85  601  
86  601  
87  602  
88  602  
89  602  
90  602  
91  602  
92  602  
93  603  
94  603  
95  603  
96  603  
97  603  
98  603  
99  603  
100  603  
101  603  
102  603  
103  604  
104  604  
105  604  
106  604  
107  604  
108  604  
109  604  
110  604  
111  604  
112  605  
113  605  
114  605  
115  605  
116  605  
117  605  
118  605  
119  605  
120  606  
121  606  
122  606  
123  606  
124  606  
125  606  
126  606  
127  606  
128  606  
129  606  
130  606  
131  607  
132  607  
133  607  
134  607  
135  607  
136  607  
137  607  
138  607  
139  607  
140  608  
141  608  
142  608  
143  608  
144  608  
145  608  
146  608  
147  608  
148  608  
149  608  
150  609  
151  609  
152  609  
153  609  
176  594  
177  594  
178  594  
179  594  
180  594  
181  594  
182  594  
183  594  
184  595  
185  595  
186  595  
187  595  
188  595  
189  595  
190  595  
191  595  
192  595  
193  596  
194  596  
195  596  
196  596  
197  596  
198  596  
199  596  
200  596  
201  596  
202  596  
213  596  
214  596  
215  596  
216  596  
203  597  
204  597  
205  597  
206  597  
207  597  
208  597  
209  597  
210  597  
211  597  
212  597  
221  605  
222  605  
212  606  
213  606  
214  606  
215  606  
216  606  
217  606  
218  606  
219  606  
220  606  
203  607  
204  607  
205  607  
206  607  
207  607  
208  607  
209  607  
210  607  
211  607  
194  608  
195  608  
196  608  
197  608  
198  608  
199  608  
200  608  
201  608  
202  608  
184  609  
185  609  
186  609  
187  609  
188  609  
189  609  
190  609  
191  609  
192  609  
193  609  
176  610  
177  610  
178  610  
179  610  
180  610  
181  610  
182  610  
183  610  
162  611  
163  611  
164  611  
165  611  
166  611  
167  611  
168  611  
169  611  
170  611  
171  611  
172  611  
173  611  
174  611  
175  611  
154  612  
155  612  
156  612  
157  612  
158  612  
159  612  
160  612  
161  612  
147  613  
148  613  
149  613  
150  613  
151  613  
152  613  
153  613  
139  614  
140  614  
141  614  
142  614  
143  614  
144  614  
145  614  
146  614  
135  615  
136  615  
137  615  
138  615  
330  605  
330  606  
330  607  
330  608  
330  609  
330  610  
330  611  
330  612  
330  613  
330  614  
330  615  
330  616  
330  617  
330  618  
330  619  
330  620  
330  621  
330  622  
330  623  
330  624  
330  625  
330  626  
330  627  
330  628  
330  629  
330  630  
330  631  
330  632  
330  633  
330  634  
330  635  
330  636  
330  637  
330  638  
330  639  
124  616  
125  616  
126  616  
127  616  
113  617  
114  617  
115  617  
116  617  
117  617  
118  617  
119  617  
120  617  
121  617  
122  617  
123  617  
103  618  
104  618  
105  618  
106  618  
107  618  
108  618  
109  618  
110  618  
111  618  
112  618  
93  619  
94  619  
95  619  
96  619  
97  619  
98  619  
99  619  
100  619  
101  619  
102  619  
83  620  
84  620  
85  620  
86  620  
87  620  
88  620  
89  620  
90  620  
91  620  
92  620  
76  621  
77  621  
78  621  
79  621  
80  621  
81  621  
82  621  
49  623  
50  623  
51  623  
52  623  
53  623  
54  623  
55  623  
56  623  
57  623  
41  624  
42  624  
43  624  
44  624  
45  624  
46  624  
47  624  
48  624  
32  625  
33  625  
34  625  
35  625  
36  625  
37  625  
38  625  
39  625  
40  625  
28  626  
29  626  
30  626  
31  626  
470  633  
471  633  
472  633  
473  633  
457  634  
458  634  
459  634  
460  634  
461  634  
462  634  
463  634  
464  634  
465  634  
466  634  
467  634  
468  634  
469  634  
449  635  
450  635  
451  635  
452  635  
453  635  
454  635  
455  635  
456  635  
427  636  
428  636  
429  636  
430  636  
431  636  
432  636  
433  636  
434  636  
435  636  
436  636  
437  636  
438  636  
439  636  
440  636  
441  636  
442  636  
443  636  
444  636  
445  636  
446  636  
447  636  
448  636  
424  637  
425  637  
426  637  
417  638  
418  638  
419  638  
420  638  
421  638  
422  638  
423  638  
400  639  
401  639  
402  639  
403  639  
404  639  
405  639  
406  639  
407  639  
408  639  
409  639  
410  639  
411  639  
412  639  
413  639  
414  639  
415  639  
416  639  
