0  0  
1  1  
2  2  
3  3  
4  5  
5  6  
6  7  
7  8  
8  4  
9  10  
10  9  
11  11  
12  13  
13  15  
14  16  
15  17  
16  18  
18  20  
19  21  
20  23  
21  24  
22  25    
25  27  
26  28  
28  22  
29  30  
31  31  
32  33  
33  34  
34  36  
35  37  
37  42  
38  39  
40  40  
42  43  
44  44  
45  47  
46  49  
47  48  
51  52  
52  51  
53  53  
56  54  
57  56  
58  58  
59  59  
60  60  
61  61  
62  62  
63  63  
64  64  
66  67  
67  68  
68  66  
69  71  
70  77  
71  70  
72  75  
73  76  
74  74  
75  78  
76  79  
78  73  
79  80  
82  81  
83  83  
85  85  
86  87  
88  88  
89  89  
91  90  
92  92  
93  91  
94  93  
95  94  
96  96  
97  97  
98  98  
99  99  
100  100  
103  102  
104  103  
106  105  
107  106  
108  107  
112  109  
113  110  
114  111  
115  112  
116  113  
117  115  
118  116  
119  117  
120  119  
121  125  
122  122  
123  126  
124  129  
125  128  
126  121  
127  127  
128  130  
129  132  
130  133  
131  134  
133  135  
134  136  
135  137  
136  139  
138  140  
140  141  
141  142    
144  144  
145  146  
147  145  
148  148  
149  149  
150  151  
