0  0  
2  1  
4  3  
8  8  
12  13  
14  15  
15  14  
20  17  
22  16  
23  19  
25  21  
27  22  
28  23  
29  25  
30  28  
32  24    
34  26  
35  34  
36  35  
37  31  
38  36  
39  33  
41  37  
42  38  
43  39  
44  41  
45  42  
47  43  
52  80  
53  73  
55  50  
56  51  
57  52  
58  79  
59  54  
60  56  
61  57  
62  58  
63  60  
65  61  
66  62  
67  63  
69  64  
72  67  
73  68  
74  89  
75  70  
77  72  
78  74  
79  75  
80  76  
82  77  
85  84  
86  85  
87  86  
88  88  
89  90  
90  91  
91  92  
92  93  
93  94  
94  95  
96  96    
