0  0  
2  2  
3  3  
6  4  
7  5  
9  6  
12  7  
13  8  
15  10  
17  11  
18  12  
19  9  
20  14  
22  15  
23  16  
24  17  
25  18  
28  19  
29  20  
31  22  
32  23  
33  24  
34  25  
35  27  
36  28  
37  26  
39  29  
41  32  
42  30  
43  34  
44  35  
45  36  
46  40  
47  38  
52  43  
53  44  
57  48  
58  53  
60  50  
61  51  
63  54  
64  55  
66  57  
67  59  
70  62  
72  64  
75  66  
76  67  
77  69  
78  68  
81  71  
82  72  
84  74  
86  75  
88  77  
89  85  
90  81  
93  82  
95  87  
96  88  
101  93  
102  94  
103  95  
104  97  
105  98  
106  99  
108  100  
110  101  
113  102  
114  103  
117  104    
122  107  
123  108  
