0  0  
1  1  
5  5  
6  6  
7  7  
8  17  
9  24  
10  8  
11  9  
12  10  
13  12  
15  11  
16  20  
17  13  
18  16  
19  21  
20  23  
21  19  
22  25  
23  26  
24  27  
25  15  
26  44  
27  28  
28  29  
30  31  
31  32  
32  18  
33  33  
34  34  
35  39  
36  37  
37  38  
38  36  
39  46  
40  40  
41  49  
42  43  
43  45  
44  48  
45  51  
46  55  
48  58  
49  57  
51  59  
52  60  
53  62  
54  61  
55  63  
56  65  
57  64  
59  66  
60  67  
61  68  
62  69  
63  70  
64  71    
66  72  
67  76  
69  74  
70  73  
71  75  
72  77  
73  78  
74  79  
76  80  
78  82  
79  83  
81  84  
82  87  
83  86  
84  85  
85  88  
88  92  
89  93  
91  90  
92  97  
93  94  
94  95  
95  96  
96  99  
97  98  
98  100  
100  89  
101  101  
103  102  
104  103  
105  106  
106  107  
107  108  
108  115  
110  112  
111  109  
113  113  
114  111  
115  114  
119  116  
122  120  
123  121  
124  122  
126  124  
127  125  
128  123  
130  129  
131  127  
132  128  
134  131  
135  133  
137  134  
138  135  
139  136  
140  137  
142  139  
143  148  
144  141  
145  142  
146  143  
147  145  
148  150  
149  151  
150  146  
151  155  
152  153  
153  154  
154  144  
156  156  
157  157  
158  158  
159  147  
160  160  
163  161  
164  162  
165  163  
166  166  
167  167  
168  164  
169  168  
170  169  
172  171  
173  172  
174  173  
175  174  
176  175  
178  177  
180  178  
181  179  
182  181  
183  182  
184  180  
185  185  
187  186  
188  188  
189  189  
190  190  
191  192  
192  193  
194  196  
195  197  
