0  0  
1  1  
3  2  
4  3  
5  4  
7  6  
8  9  
9  8  
10  7  
11  5  
13  12  
14  14  
16  16  
17  17  
18  15  
19  18  
22  19  
23  21  
24  22  
25  23  
27  24  
28  25  
29  26  
30  27  
31  28  
32  29  
33  30  
35  31  
36  32  
37  33  
38  34  
40  35  
41  36  
42  37  
43  38  
44  40  
45  41  
47  45  
48  43  
49  44  
50  46  
52  49  
53  50  
55  51  
57  52  
58  53  
59  56  
61  58  
62  59  
63  60  
64  62  
65  63  
66  64  
68  67  
69  65  
70  68  
71  69  
72  70  
73  72  
74  73  
75  74  
76  75  
77  77  
79  76  
80  78  
81  79  
82  81  
83  82  
84  83  
87  86  
88  88  
89  90  
90  91  
91  89  
92  92  
93  93  
94  94  
95  80  
97  96  
98  97  
99  100  
100  98  
101  99  
103  101  
104  104  
105  102  
106  103  
107  106  
108  107    
111  110  
113  111  
114  112  
117  116  
118  117  
119  118  
120  119  
121  120  
122  121  
