2  2  
6  7  
8  4  
11  6  
14  8  
15  9  
17  10    
27  14  
28  13  
31  15  
34  18    
39  25  
40  26  
41  31  
42  28  
43  30  
44  34    
48  33  
50  35  
51  40  
57  37  
58  39  
66  44  
67  43  
69  46  
70  50  
72  58  
73  51  
74  52  
76  53  
79  55  
83  54  
84  59  
87  61  
88  60  
89  63  
90  62  
92  64  
93  65  
96  66  
97  67  
100  70  
102  73  
104  74  
106  75  
110  77  
111  78  
113  71  
127  86  
136  89    
144  93  
146  94  
156  98    
165  103  
167  107  
168  106  
177  111  
178  112  
179  113  
180  114  
182  117  
189  120  
190  123  
192  121  
194  124  
196  126  
198  125  
201  127  
202  128  
203  129  
205  131  
208  133  
209  134  
212  135  
213  136  
214  137  
218  140  
220  141  
222  142  
226  143  
229  145  
