53  
32  22  24  20  24  24  23  48  20  21  24  27  29  38  35  56  82  63  75  78  49  24  37  37  36  33  29  35  21  20  39  85  29  20  26  22  20  35  40  32  46  50  21  21  70  28  23  28  23  40  21  53  65  
221  41  
222  41  
223  41  
224  41  
225  42  
226  42  
227  42  
228  42  
229  42  
230  42  
231  43  
232  43  
233  43  
234  43  
235  43  
236  43  
237  43  
238  43  
241  43  
242  43  
243  43  
239  44  
240  44  
244  44  
245  44  
246  44  
247  44  
248  44  
249  44  
250  44  
251  44  
252  45  
305  103  
306  103  
307  103  
311  103  
308  104  
309  104  
310  104  
312  104  
313  104  
314  104  
315  104  
316  104  
317  104  
318  104  
319  104  
320  104  
321  104  
322  104  
323  104  
324  104  
325  104  
326  104  
331  104  
332  104  
333  104  
334  104  
335  104  
336  104  
337  104  
338  104  
339  104  
340  104  
341  104  
342  104  
343  105  
344  105  
345  105  
346  105  
347  105  
348  105  
349  105  
350  105  
351  105  
352  105  
353  105  
354  105  
326  108  
327  108  
328  108  
329  108  
330  108  
331  108  
332  108  
333  108  
334  108  
335  108  
336  108  
337  108  
338  108  
339  108  
340  108  
341  109  
341  110  
341  111  
340  112  
340  113  
307  125  
308  125  
309  125  
310  125  
311  125  
312  125  
313  125  
314  125  
315  125  
316  125  
317  125  
318  125  
319  125  
320  125  
321  125  
322  125  
323  125  
324  125  
325  125  
326  125  
327  125  
328  125  
329  125  
330  126  
149  131  
150  131  
151  131  
152  131  
148  132  
153  132  
154  132  
155  132  
156  132  
157  132  
158  132  
159  132  
160  132  
161  132  
162  132  
163  132  
164  132  
165  132  
166  132  
167  132  
168  132  
169  132  
170  132  
171  132  
186  144  
187  144  
188  144  
189  144  
190  144  
191  144  
192  144  
193  144  
194  144  
195  144  
196  144  
197  144  
198  144  
199  144  
200  144  
201  144  
202  144  
203  144  
204  144  
205  144  
206  144  
207  144  
208  144  
326  150  
327  150  
328  150  
329  150  
330  150  
331  150  
332  150  
333  150  
334  150  
335  150  
336  150  
337  150  
338  150  
339  150  
340  150  
341  150  
342  150  
343  150  
344  150  
345  150  
346  150  
347  150  
348  150  
349  150  
350  150  
351  150  
352  150  
353  150  
354  150  
355  150  
356  150  
357  150  
358  150  
359  150  
360  150  
361  150  
362  150  
363  150  
364  150  
365  150  
366  150  
367  150  
368  150  
369  150  
370  150  
371  150  
372  150  
373  150  
215  154  
215  155  
214  156  
214  157  
215  158  
215  159  
215  160  
215  161  
214  162  
214  163  
214  164  
214  165  
214  166  
214  167  
214  168  
214  169  
214  170  
214  171  
214  172  
214  173  
300  176  
300  177  
300  178  
301  179  
301  180  
301  181  
301  182  
301  183  
301  184  
301  185  
301  186  
301  187  
301  188  
301  189  
301  190  
301  191  
300  192  
300  193  
300  194  
300  195  
300  196  
320  189  
321  190  
321  191  
321  192  
321  193  
321  194  
321  195  
321  196  
321  197  
321  198  
321  199  
321  200  
321  201  
321  202  
320  203  
320  204  
320  205  
320  206  
320  207  
320  208  
319  209  
319  210  
319  211  
319  212  
435  200  
435  201  
435  202  
435  203  
435  204  
435  205  
435  206  
435  207  
435  208  
435  209  
435  210  
435  211  
435  212  
436  213  
436  214  
436  215  
436  216  
436  217  
436  218  
436  219  
436  220  
436  221  
436  222  
436  223  
436  224  
436  225  
436  226  
69  205  
69  206  
69  207  
69  208  
69  209  
68  210  
69  211  
69  212  
69  213  
69  214  
69  215  
69  216  
69  217  
69  218  
69  219  
69  220  
69  221  
69  222  
69  223  
69  224  
69  225  
69  226  
69  227  
69  228  
69  229  
69  230  
69  231  
69  232  
69  233  
63  206  
64  207  
64  208  
64  209  
64  210  
64  211  
64  212  
64  213  
64  214  
64  215  
64  216  
64  217  
64  218  
64  219  
64  220  
64  221  
64  222  
64  223  
64  224  
64  225  
64  226  
64  227  
64  228  
64  229  
64  230  
64  231  
64  232  
64  233  
64  234  
64  235  
64  236  
64  237  
64  238  
64  239  
64  240  
64  241  
64  242  
64  243  
358  218  
358  219  
358  220  
358  221  
358  222  
358  223  
358  224  
358  225  
358  226  
358  227  
358  228  
358  229  
358  230  
358  231  
359  232  
359  233  
359  234  
359  235  
359  236  
359  237  
359  238  
359  239  
359  240  
359  241  
359  242  
359  243  
359  244  
359  245  
359  246  
359  247  
359  248  
359  249  
359  250  
359  251  
359  252  
423  264  
424  264  
425  264  
426  264  
427  264  
417  265  
418  265  
419  265  
420  265  
421  265  
422  265  
372  266  
402  266  
403  266  
404  266  
405  266  
406  266  
407  266  
408  266  
409  266  
410  266  
411  266  
412  266  
413  266  
414  266  
415  266  
416  266  
373  267  
374  267  
375  267  
376  267  
377  267  
378  267  
379  267  
380  267  
381  267  
382  267  
383  267  
384  267  
385  267  
386  267  
387  267  
388  267  
389  267  
390  267  
391  267  
392  267  
393  267  
394  267  
395  267  
396  267  
397  267  
398  267  
399  267  
400  267  
401  267  
67  270  
67  271  
67  272  
67  273  
67  274  
67  275  
67  276  
67  277  
67  278  
67  279  
67  280  
67  281  
67  282  
67  283  
67  284  
67  285  
67  286  
67  287  
67  288  
67  289  
67  290  
67  291  
66  292  
66  293  
66  294  
66  295  
66  296  
66  297  
66  298  
66  299  
66  300  
66  301  
66  302  
66  303  
66  304  
66  305  
66  306  
66  307  
66  308  
66  309  
66  310  
67  311  
67  312  
67  313  
67  314  
67  315  
67  316  
67  317  
67  318  
67  319  
67  320  
67  321  
67  322  
67  323  
67  324  
67  325  
67  326  
67  327  
68  328  
68  329  
68  330  
68  331  
68  332  
68  333  
68  334  
68  335  
68  336  
68  337  
68  338  
68  339  
68  340  
68  341  
68  342  
68  343  
68  344  
68  345  
68  346  
68  347  
68  348  
68  349  
68  350  
68  351  
202  277  
203  277  
204  277  
205  277  
206  277  
207  277  
145  278  
192  278  
193  278  
194  278  
195  278  
196  278  
197  278  
198  278  
199  278  
200  278  
201  278  
146  279  
147  279  
148  279  
149  279  
150  279  
151  279  
152  279  
153  279  
154  279  
155  279  
156  279  
157  279  
158  279  
159  279  
160  279  
161  279  
162  279  
163  279  
164  279  
165  279  
166  279  
167  279  
168  279  
169  279  
170  279  
171  279  
172  279  
173  279  
174  279  
175  279  
176  279  
177  279  
178  279  
179  279  
180  279  
181  279  
182  279  
183  279  
184  279  
185  279  
186  279  
187  279  
188  279  
189  279  
190  279  
191  279  
435  277  
435  278  
435  279  
435  280  
435  281  
435  282  
435  283  
435  284  
435  285  
435  286  
435  287  
435  288  
435  289  
435  290  
435  291  
435  292  
435  293  
435  294  
435  295  
435  296  
435  297  
435  298  
435  299  
435  300  
435  301  
435  302  
435  303  
435  304  
435  305  
435  306  
435  307  
435  308  
435  309  
435  310  
435  311  
435  312  
435  313  
435  314  
435  315  
435  316  
435  317  
435  318  
435  319  
434  320  
434  321  
434  322  
434  323  
434  324  
434  325  
434  326  
434  327  
434  328  
434  329  
434  330  
434  331  
434  332  
434  333  
434  334  
434  335  
434  336  
434  337  
434  338  
434  339  
434  340  
434  341  
434  342  
434  343  
434  344  
434  345  
434  346  
434  347  
434  348  
434  349  
434  350  
434  351  
208  280  
209  280  
210  280  
133  281  
134  281  
135  281  
136  281  
137  281  
201  281  
202  281  
203  281  
204  281  
205  281  
206  281  
207  281  
138  282  
139  282  
140  282  
141  282  
142  282  
143  282  
144  282  
145  282  
146  282  
147  282  
148  282  
149  282  
153  282  
154  282  
188  282  
189  282  
193  282  
194  282  
195  282  
196  282  
197  282  
198  282  
199  282  
200  282  
150  283  
151  283  
152  283  
155  283  
156  283  
157  283  
158  283  
159  283  
160  283  
161  283  
162  283  
163  283  
164  283  
165  283  
166  283  
167  283  
168  283  
169  283  
170  283  
171  283  
172  283  
173  283  
174  283  
175  283  
176  283  
177  283  
178  283  
179  283  
180  283  
181  283  
182  283  
183  283  
184  283  
185  283  
186  283  
187  283  
190  283  
191  283  
192  283  
350  300  
303  301  
304  301  
305  301  
306  301  
307  301  
336  301  
337  301  
338  301  
339  301  
340  301  
341  301  
342  301  
343  301  
344  301  
345  301  
346  301  
347  301  
348  301  
349  301  
302  302  
308  302  
309  302  
310  302  
311  302  
312  302  
313  302  
314  302  
315  302  
316  302  
317  302  
318  302  
319  302  
320  302  
321  302  
322  302  
323  302  
324  302  
325  302  
326  302  
327  302  
328  302  
329  302  
330  302  
331  302  
332  302  
333  302  
334  302  
335  302  
97  308  
97  309  
97  310  
97  311  
97  312  
97  313  
97  314  
97  315  
97  316  
97  317  
97  318  
97  319  
97  320  
97  321  
98  322  
98  323  
98  324  
98  325  
98  326  
98  327  
98  328  
98  329  
98  330  
98  331  
278  310  
278  311  
278  312  
278  313  
278  314  
278  315  
277  316  
277  317  
277  318  
277  319  
277  320  
277  321  
277  322  
277  323  
277  324  
277  325  
277  326  
277  327  
277  328  
277  329  
277  330  
277  331  
277  332  
277  333  
277  334  
277  335  
277  336  
277  337  
277  338  
277  339  
277  340  
277  341  
277  342  
277  343  
277  344  
277  345  
277  346  
282  310  
282  311  
282  312  
282  313  
282  314  
282  315  
282  316  
282  317  
282  318  
282  319  
282  320  
282  321  
282  322  
282  323  
282  324  
282  325  
282  326  
282  327  
282  328  
282  329  
282  330  
282  331  
282  332  
282  333  
282  334  
282  335  
282  336  
282  337  
282  338  
282  339  
282  340  
282  341  
282  342  
282  343  
282  344  
282  345  
282  346  
300  310  
300  311  
300  312  
300  313  
300  314  
300  315  
300  316  
300  317  
300  318  
300  319  
300  320  
300  321  
300  322  
300  323  
300  324  
300  325  
300  326  
300  327  
299  328  
299  329  
299  330  
299  331  
299  332  
299  333  
299  334  
299  335  
299  336  
299  337  
299  338  
299  339  
299  340  
299  341  
299  342  
299  343  
299  344  
300  345  
265  311  
265  312  
265  313  
265  314  
265  315  
265  316  
265  317  
265  318  
265  319  
265  320  
265  321  
265  322  
265  323  
265  324  
265  325  
265  326  
265  327  
265  328  
265  329  
265  330  
265  331  
265  332  
265  333  
265  334  
265  335  
265  336  
265  337  
265  338  
265  339  
265  340  
265  341  
265  342  
264  343  
32  313  
32  314  
32  315  
32  316  
33  317  
33  318  
33  319  
33  320  
33  321  
33  322  
33  323  
33  324  
33  325  
33  326  
33  327  
33  328  
33  329  
33  330  
33  331  
33  332  
33  333  
33  334  
33  335  
33  336  
33  337  
33  338  
33  339  
32  340  
32  341  
430  321  
429  322  
429  323  
429  324  
429  325  
429  326  
429  327  
429  328  
429  329  
429  330  
429  331  
429  332  
429  333  
429  334  
429  335  
429  336  
429  337  
429  338  
429  339  
429  340  
429  341  
429  342  
429  343  
429  344  
429  345  
429  346  
429  347  
430  348  
430  349  
430  350  
430  351  
430  352  
430  353  
430  354  
431  355  
295  322  
295  323  
295  324  
295  325  
295  326  
295  327  
295  328  
295  329  
295  330  
295  331  
295  332  
295  333  
295  334  
295  335  
295  336  
295  337  
295  338  
295  339  
295  340  
295  341  
295  342  
32  343  
32  344  
32  345  
33  346  
33  347  
33  348  
33  349  
33  350  
33  351  
33  352  
33  353  
33  354  
33  355  
33  356  
33  357  
33  358  
33  359  
33  360  
33  361  
33  362  
33  371  
33  372  
33  373  
33  374  
33  375  
33  376  
33  377  
33  378  
33  379  
33  380  
33  381  
33  382  
33  383  
33  384  
33  385  
33  386  
33  387  
33  388  
33  389  
33  390  
33  391  
33  392  
33  393  
33  394  
33  395  
33  396  
33  397  
33  398  
33  399  
33  400  
33  401  
33  402  
33  403  
33  404  
33  405  
33  406  
33  407  
33  408  
33  409  
130  375  
130  376  
129  377  
129  378  
129  379  
129  380  
129  381  
129  382  
129  383  
129  384  
129  385  
129  386  
129  387  
129  388  
129  389  
129  390  
130  391  
130  392  
130  393  
130  394  
129  395  
129  396  
130  397  
130  398  
130  399  
130  400  
130  401  
130  402  
130  403  
130  404  
130  405  
130  406  
130  407  
130  408  
130  409  
130  410  
130  411  
130  412  
130  413  
130  414  
130  415  
130  416  
130  417  
130  418  
130  419  
130  420  
130  421  
130  422  
130  423  
130  424  
130  425  
130  426  
130  427  
130  428  
130  429  
130  430  
130  431  
130  432  
130  433  
130  434  
130  435  
130  436  
130  437  
130  438  
130  439  
130  440  
130  441  
130  442  
130  443  
130  444  
130  445  
130  446  
130  447  
130  448  
130  449  
130  450  
130  451  
130  452  
130  453  
130  454  
130  455  
130  456  
130  457  
130  458  
130  459  
78  387  
79  388  
80  389  
81  390  
82  391  
83  391  
84  392  
85  392  
86  393  
87  394  
88  395  
89  396  
90  397  
91  398  
92  399  
93  400  
94  401  
95  402  
96  403  
97  404  
98  405  
99  406  
100  407  
101  408  
101  409  
102  410  
102  411  
103  412  
104  413  
273  429  
273  430  
272  431  
272  432  
272  433  
272  434  
272  435  
272  436  
272  437  
272  438  
272  439  
272  440  
272  441  
272  442  
273  443  
273  444  
273  445  
273  446  
273  447  
273  448  
256  433  
256  434  
256  435  
256  436  
256  437  
256  438  
256  439  
256  440  
255  441  
255  442  
255  443  
255  444  
255  445  
255  446  
255  447  
255  448  
255  449  
255  450  
255  451  
255  452  
255  453  
255  454  
255  455  
255  456  
255  457  
255  458  
107  441  
103  442  
104  442  
105  442  
106  442  
97  443  
98  443  
99  443  
100  443  
101  443  
102  443  
87  444  
88  444  
89  444  
90  444  
91  444  
92  444  
93  444  
94  444  
95  444  
96  444  
86  445  
90  448  
91  448  
92  448  
93  448  
94  448  
95  448  
96  448  
77  449  
78  449  
79  449  
80  449  
81  449  
82  449  
83  449  
84  449  
85  449  
86  449  
87  449  
88  449  
89  449  
228  462  
229  463  
229  464  
229  465  
230  466  
231  467  
231  468  
232  469  
233  470  
233  471  
234  472  
234  473  
235  474  
235  475  
236  476  
236  477  
237  478  
238  479  
239  480  
239  481  
240  482  
240  483  
241  484  
242  485  
242  486  
243  487  
244  488  
244  489  
245  490  
245  491  
245  492  
246  493  
247  494  
248  495  
248  496  
221  465  
222  466  
222  467  
223  468  
224  469  
224  470  
224  471  
225  472  
226  473  
226  474  
227  475  
228  476  
228  477  
229  478  
229  479  
230  480  
230  481  
231  482  
232  483  
232  484  
233  485  
233  486  
234  487  
235  488  
235  489  
236  490  
236  491  
237  492  
237  493  
238  494  
238  495  
239  496  
240  497  
240  498  
241  499  
241  500  
242  501  
242  502  
243  503  
244  504  
377  465  
378  465  
379  465  
380  465  
381  465  
382  465  
383  465  
384  465  
385  465  
386  466  
387  466  
388  466  
389  466  
390  466  
391  466  
392  466  
393  466  
394  466  
395  466  
396  466  
397  466  
398  467  
399  467  
400  467  
401  467  
402  467  
403  467  
404  467  
405  467  
406  467  
407  467  
408  467  
376  470  
377  470  
378  470  
379  471  
380  471  
381  471  
382  471  
383  471  
384  471  
385  471  
386  471  
387  471  
388  471  
389  471  
390  471  
391  471  
392  471  
393  471  
394  471  
407  471  
408  471  
409  471  
410  471  
411  471  
412  471  
413  471  
414  471  
415  471  
416  471  
417  471  
418  471  
419  471  
420  471  
421  471  
395  472  
396  472  
397  472  
398  472  
399  472  
400  472  
401  472  
402  472  
403  472  
404  472  
405  472  
406  472  
372  475  
373  475  
374  475  
375  475  
376  475  
377  475  
378  476  
379  476  
380  476  
381  476  
382  476  
383  476  
384  476  
385  476  
386  476  
387  476  
388  476  
389  476  
413  476  
414  476  
415  476  
416  476  
417  476  
418  476  
419  476  
420  476  
421  476  
390  477  
391  477  
392  477  
393  477  
394  477  
395  477  
396  477  
397  477  
398  477  
399  477  
400  477  
401  477  
402  477  
403  477  
404  477  
405  477  
406  477  
407  477  
408  477  
409  477  
410  477  
411  477  
412  477  
350  476  
351  477  
351  478  
351  479  
351  480  
351  481  
351  482  
351  483  
351  484  
351  485  
351  486  
351  487  
351  488  
351  489  
351  490  
351  491  
351  492  
351  493  
351  494  
351  495  
351  496  
355  476  
356  476  
357  476  
358  476  
359  476  
354  477  
360  477  
361  477  
362  477  
363  477  
364  477  
365  477  
366  478  
367  478  
368  478  
369  479  
370  479  
371  479  
372  479  
373  479  
374  479  
130  482  
131  482  
132  482  
133  482  
134  483  
135  483  
136  484  
137  484  
138  484  
139  484  
140  485  
141  485  
142  485  
143  485  
144  485  
145  485  
146  486  
147  486  
148  486  
149  486  
150  486  
151  486  
152  486  
153  486  
154  486  
155  486  
156  486  
157  486  
158  486  
188  486  
189  486  
190  486  
191  486  
192  486  
193  486  
194  486  
195  486  
196  486  
197  486  
198  486  
199  486  
159  487  
160  487  
161  487  
162  487  
163  487  
164  487  
165  487  
166  487  
167  487  
168  487  
169  487  
170  487  
171  487  
172  487  
173  487  
174  487  
175  487  
176  487  
177  487  
178  487  
179  487  
180  487  
181  487  
182  487  
183  487  
184  487  
185  487  
186  487  
187  487  
98  483  
99  483  
100  483  
101  483  
90  484  
91  484  
92  484  
93  484  
94  484  
95  484  
96  484  
97  484  
76  485  
77  485  
78  485  
79  485  
80  485  
81  485  
82  485  
83  485  
84  485  
85  485  
86  485  
87  485  
88  485  
89  485  
74  486  
75  486  
47  484  
48  484  
49  484  
50  484  
51  484  
52  484  
53  484  
54  484  
55  485  
56  485  
57  485  
58  485  
59  485  
60  485  
61  485  
62  485  
63  485  
64  485  
65  485  
66  485  
67  485  
68  486  
69  486  
202  490  
203  490  
204  490  
205  490  
196  491  
197  491  
198  491  
199  491  
200  491  
201  491  
178  492  
179  492  
180  492  
181  492  
182  492  
183  492  
184  492  
185  492  
186  492  
187  492  
188  492  
189  492  
190  492  
191  492  
192  492  
193  492  
194  492  
195  492  
152  491  
153  491  
154  491  
155  491  
156  491  
157  491  
158  491  
159  492  
160  492  
161  492  
162  492  
163  492  
164  492  
165  492  
166  492  
167  492  
168  492  
169  492  
170  492  
171  492  
172  492  
173  492  
174  492  
328  491  
327  492  
327  493  
326  494  
326  495  
325  496  
325  497  
324  498  
324  499  
323  500  
323  501  
322  502  
322  503  
321  504  
321  505  
320  506  
319  507  
319  508  
318  509  
318  510  
317  511  
317  512  
316  513  
315  514  
315  515  
314  516  
313  517  
313  518  
312  519  
311  520  
311  521  
310  522  
310  523  
309  524  
309  525  
308  526  
308  527  
307  528  
307  529  
306  530  
174  499  
175  499  
176  499  
179  499  
180  499  
181  499  
182  499  
183  499  
184  499  
185  499  
186  499  
187  499  
188  499  
189  499  
190  499  
191  499  
192  499  
193  499  
194  499  
177  500  
178  500  
371  513  
372  513  
373  513  
374  513  
375  513  
376  513  
377  513  
422  513  
423  513  
378  514  
379  514  
380  514  
381  514  
382  514  
383  514  
384  514  
385  514  
411  514  
412  514  
413  514  
414  514  
415  514  
416  514  
417  514  
418  514  
419  514  
420  514  
421  514  
386  515  
387  515  
388  515  
389  515  
390  515  
391  515  
392  515  
393  515  
394  515  
395  515  
396  515  
397  515  
398  515  
399  515  
400  515  
401  515  
402  515  
403  515  
404  515  
405  515  
406  515  
407  515  
408  515  
409  515  
410  515  
187  534  
188  535  
189  535  
190  536  
191  536  
192  537  
193  537  
194  538  
195  538  
196  539  
197  539  
198  540  
199  540  
200  541  
201  541  
202  542  
203  542  
204  543  
205  543  
206  544  
207  544  
208  544  
209  545  
210  545  
211  546  
212  546  
213  547  
214  547  
215  547  
216  548  
217  548  
218  549  
219  549  
220  550  
221  550  
222  551  
223  551  
224  552  
225  552  
226  553  
227  553  
228  553  
229  554  
230  554  
231  555  
232  555  
233  556  
234  556  
235  557  
236  557  
237  558  
238  558  
239  559  
240  559  
241  559  
242  560  
243  561  
244  561  
245  561  
246  562  
247  562  
248  563  
249  563  
250  564  
251  564  
