232  35  
233  35  
234  35  
235  35  
236  35  
237  35  
238  35  
239  35  
226  36  
227  36  
228  36  
229  36  
230  36  
231  36  
217  37  
218  37  
219  37  
220  37  
221  37  
222  37  
223  37  
224  37  
225  37  
210  38  
211  38  
212  38  
213  38  
214  38  
215  38  
216  38  
206  39  
207  39  
208  39  
209  39  
137  39  
138  39  
139  39  
140  39  
141  39  
142  39  
127  40  
128  40  
129  40  
130  40  
131  40  
132  40  
133  40  
134  40  
135  40  
136  40  
117  41  
118  41  
119  41  
120  41  
121  41  
122  41  
123  41  
124  41  
125  41  
126  41  
115  42  
116  42  
109  45  
109  46  
109  47  
110  48  
110  49  
110  50  
110  51  
111  52  
111  53  
111  54  
111  55  
111  56  
112  57  
112  58  
112  59  
112  60  
113  61  
113  62  
113  63  
113  64  
113  65  
114  66  
114  67  
114  68  
114  69  
115  70  
115  71  
115  72  
115  73  
115  74  
116  75  
116  76  
116  77  
117  78  
117  79  
117  80  
117  81  
117  82  
118  83  
118  84  
118  85  
118  86  
118  87  
119  88  
119  89  
119  90  
119  91  
119  92  
119  93  
120  94  
120  95  
120  96  
120  97  
120  98  
121  99  
121  100  
122  101  
122  102  
122  103  
122  104  
122  105  
123  106  
123  107  
123  108  
123  109  
123  110  
123  111  
124  112  
124  113  
124  114  
124  115  
124  116  
125  117  
125  118  
125  119  
125  120  
125  121  
252  49  
253  50  
253  51  
253  52  
253  53  
253  54  
253  55  
253  56  
253  57  
254  58  
254  59  
254  60  
254  61  
254  62  
254  63  
254  64  
255  65  
255  66  
255  67  
255  68  
255  69  
255  70  
255  71  
255  72  
255  73  
255  74  
256  75  
256  76  
256  77  
256  78  
256  79  
256  80  
256  81  
256  82  
256  83  
256  84  
256  85  
257  86  
257  87  
257  88  
257  89  
257  90  
257  91  
257  92  
257  93  
257  94  
257  95  
257  96  
303  53  
303  54  
303  55  
303  56  
303  57  
303  58  
303  59  
303  60  
303  61  
303  62  
303  63  
303  64  
303  65  
303  66  
303  67  
303  68  
304  69  
304  70  
304  71  
304  72  
304  73  
304  74  
304  75  
304  76  
304  77  
304  78  
304  79  
304  80  
304  81  
304  82  
280  57  
280  58  
281  59  
281  60  
281  61  
281  62  
281  63  
281  64  
281  65  
281  66  
281  67  
281  68  
281  69  
281  70  
281  71  
282  72  
282  73  
282  74  
282  75  
282  76  
282  77  
282  78  
282  79  
282  80  
282  81  
282  82  
282  83  
282  84  
282  85  
282  86  
282  87  
283  88  
283  89  
283  90  
283  91  
283  92  
283  93  
283  94  
283  95  
283  96  
283  97  
284  98  
83  62  
83  63  
83  64  
84  65  
84  66  
84  67  
84  68  
84  69  
84  70  
85  71  
85  72  
85  73  
86  74  
86  75  
86  76  
87  77  
87  78  
87  79  
88  80  
88  81  
79  64  
79  65  
79  66  
79  67  
80  68  
80  69  
80  70  
80  71  
80  72  
80  73  
81  74  
81  75  
82  76  
82  77  
82  78  
82  79  
83  80  
83  81  
83  82  
83  83  
83  84  
84  85  
84  86  
84  87  
84  88  
85  89  
85  90  
85  91  
85  92  
86  93  
86  94  
86  95  
86  96  
87  97  
87  98  
87  99  
87  100  
88  101  
88  102  
88  103  
89  104  
89  105  
89  106  
89  107  
89  108  
90  109  
90  110  
90  111  
90  112  
90  113  
91  114  
91  115  
89  83  
89  84  
89  85  
89  86  
89  87  
90  88  
90  89  
90  90  
90  91  
90  92  
91  93  
91  94  
91  95  
92  96  
92  97  
92  98  
92  99  
92  100  
93  101  
93  102  
93  103  
93  104  
94  105  
94  106  
94  107  
94  108  
95  109  
163  85  
163  86  
163  87  
164  88  
164  89  
164  90  
164  91  
165  92  
165  93  
165  94  
165  95  
165  96  
165  97  
166  98  
166  99  
166  100  
166  101  
166  102  
167  103  
167  104  
167  105  
167  106  
167  107  
167  108  
168  109  
168  110  
168  111  
168  112  
168  113  
169  114  
169  115  
169  116  
169  117  
169  118  
169  119  
170  120  
170  121  
170  122  
170  123  
170  124  
171  125  
171  126  
172  127  
430  92  
430  93  
430  94  
430  95  
430  96  
430  97  
430  98  
430  99  
430  100  
430  101  
429  102  
429  103  
429  104  
429  105  
429  106  
429  107  
428  108  
428  109  
428  110  
428  111  
428  112  
428  113  
427  114  
427  115  
427  116  
411  95  
411  96  
411  97  
412  98  
412  99  
412  100  
412  101  
412  102  
412  103  
412  104  
412  105  
412  106  
412  107  
412  108  
412  109  
412  110  
412  111  
411  112  
411  113  
411  114  
411  115  
411  116  
411  117  
411  118  
411  119  
411  120  
411  121  
411  122  
411  123  
411  124  
411  125  
411  126  
411  127  
411  128  
411  129  
411  130  
411  131  
411  132  
411  133  
411  134  
385  100  
386  100  
387  100  
388  100  
389  100  
390  100  
391  100  
392  100  
393  100  
364  101  
365  101  
366  101  
367  101  
368  101  
369  101  
370  101  
371  101  
372  101  
373  101  
374  101  
375  101  
376  101  
377  101  
378  101  
379  101  
380  101  
381  101  
382  101  
383  101  
384  101  
346  102  
347  102  
348  102  
349  102  
350  102  
351  102  
352  102  
353  102  
354  102  
355  102  
356  102  
357  102  
358  102  
359  102  
360  102  
361  102  
362  102  
363  102  
404  107  
404  108  
404  109  
404  110  
404  111  
404  112  
404  113  
404  114  
404  115  
404  116  
404  117  
404  118  
404  119  
404  120  
404  121  
404  122  
404  123  
403  124  
403  125  
403  126  
403  127  
403  128  
403  129  
403  130  
403  131  
403  132  
403  133  
403  134  
403  135  
403  136  
403  137  
404  138  
404  139  
306  108  
306  109  
306  110  
306  111  
306  112  
306  113  
306  114  
306  115  
306  116  
306  117  
306  118  
306  119  
306  120  
306  121  
306  122  
306  123  
306  124  
306  125  
306  126  
307  127  
307  128  
307  129  
307  130  
307  131  
307  132  
307  133  
307  134  
307  135  
307  136  
307  137  
307  138  
307  139  
307  140  
307  141  
307  142  
307  143  
307  144  
308  145  
308  146  
308  147  
308  148  
308  149  
308  150  
236  111  
237  111  
238  111  
239  111  
240  111  
241  111  
242  111  
243  111  
244  111  
245  111  
246  111  
247  111  
248  111  
249  111  
250  111  
251  111  
252  111  
253  111  
254  111  
255  111  
256  112  
284  112  
284  113  
284  114  
284  115  
284  116  
284  117  
284  118  
285  119  
285  120  
285  121  
285  122  
285  123  
285  124  
285  125  
285  126  
285  127  
285  128  
285  129  
286  130  
286  131  
286  132  
286  133  
286  134  
286  135  
286  136  
286  137  
286  138  
286  139  
286  140  
286  141  
287  142  
287  143  
287  144  
287  145  
287  146  
287  147  
287  148  
287  149  
287  150  
287  151  
287  152  
287  153  
287  154  
287  155  
287  156  
235  116  
236  116  
237  116  
238  116  
239  116  
240  116  
241  116  
242  116  
243  116  
244  116  
245  116  
246  116  
247  116  
248  116  
249  116  
221  117  
222  117  
223  117  
224  117  
225  117  
226  117  
227  117  
228  117  
229  117  
230  117  
231  117  
232  117  
233  117  
234  117  
158  121  
142  122  
143  122  
144  122  
145  122  
146  122  
147  122  
148  122  
149  122  
150  122  
151  122  
152  122  
153  122  
154  122  
155  122  
156  122  
157  122  
129  123  
130  123  
131  123  
132  123  
133  123  
134  123  
135  123  
136  123  
137  123  
138  123  
139  123  
140  123  
141  123  
124  124  
125  124  
126  124  
127  124  
128  124  
302  124  
302  125  
302  126  
302  127  
302  128  
302  129  
302  130  
302  131  
302  132  
302  133  
302  134  
302  135  
303  136  
303  137  
303  138  
303  139  
303  140  
303  141  
303  142  
303  143  
303  144  
304  145  
55  128  
56  128  
57  128  
58  128  
59  128  
60  128  
61  128  
62  128  
63  128  
64  128  
65  128  
66  128  
67  128  
38  129  
39  129  
40  129  
41  129  
42  129  
43  129  
44  129  
45  129  
46  129  
47  129  
48  129  
49  129  
50  129  
51  129  
52  129  
53  129  
54  129  
32  130  
33  130  
34  130  
35  130  
36  130  
37  130  
378  143  
379  143  
380  143  
381  143  
382  143  
383  143  
384  143  
385  143  
386  143  
387  143  
388  143  
389  143  
390  143  
391  143  
392  143  
393  143  
394  143  
355  144  
356  144  
357  144  
358  144  
359  144  
360  144  
361  144  
362  144  
363  144  
364  144  
365  144  
366  144  
367  144  
368  144  
369  144  
370  144  
371  144  
372  144  
373  144  
374  144  
375  144  
376  144  
377  144  
340  145  
341  145  
342  145  
343  145  
344  145  
345  145  
346  145  
347  145  
348  145  
349  145  
350  145  
351  145  
352  145  
353  145  
354  145  
243  145  
244  145  
245  145  
246  145  
247  145  
248  145  
249  145  
250  145  
224  146  
225  146  
229  146  
230  146  
231  146  
232  146  
233  146  
234  146  
235  146  
236  146  
237  146  
238  146  
239  146  
240  146  
241  146  
242  146  
226  147  
227  147  
228  147  
150  150  
151  150  
152  150  
153  150  
154  150  
155  150  
156  150  
157  150  
158  150  
159  150  
160  150  
161  150  
162  150  
163  150  
130  151  
131  151  
132  151  
133  151  
134  151  
135  151  
136  151  
137  151  
138  151  
139  151  
140  151  
141  151  
142  151  
143  151  
144  151  
145  151  
146  151  
147  151  
148  151  
149  151  
65  154  
66  154  
67  154  
68  154  
69  154  
70  154  
71  154  
72  154  
55  155  
56  155  
57  155  
58  155  
59  155  
60  155  
61  155  
62  155  
63  155  
64  155  
44  156  
45  156  
46  156  
47  156  
48  156  
49  156  
50  156  
51  156  
52  156  
53  156  
54  156  
255  162  
256  162  
257  162  
258  162  
246  163  
247  163  
248  163  
249  163  
250  163  
251  163  
252  163  
253  163  
254  163  
259  163  
235  164  
236  164  
237  164  
238  164  
239  164  
240  164  
241  164  
242  164  
243  164  
244  164  
245  164  
259  164  
228  165  
229  165  
230  165  
231  165  
232  165  
233  165  
234  165  
259  165  
353  166  
354  166  
355  166  
356  166  
357  166  
358  166  
359  166  
360  166  
361  166  
362  166  
363  166  
364  166  
365  166  
366  166  
367  166  
368  166  
334  167  
335  167  
336  167  
337  167  
338  167  
339  167  
340  167  
341  167  
342  167  
343  167  
344  167  
345  167  
346  167  
347  167  
348  167  
349  167  
350  167  
351  167  
352  167  
333  168  
247  167  
248  167  
249  167  
250  167  
251  167  
252  167  
253  167  
230  168  
231  168  
232  168  
233  168  
234  168  
235  168  
236  168  
237  168  
238  168  
239  168  
240  168  
241  168  
242  168  
243  168  
244  168  
245  168  
246  168  
304  169  
304  170  
304  171  
305  172  
305  173  
305  174  
305  175  
305  176  
305  177  
305  178  
305  179  
305  180  
305  181  
305  182  
305  183  
305  184  
305  185  
305  186  
305  187  
305  188  
305  189  
305  190  
305  191  
305  192  
305  193  
305  194  
153  171  
154  171  
155  171  
156  171  
157  171  
158  171  
159  171  
160  171  
161  171  
162  171  
163  171  
164  171  
165  171  
166  171  
167  171  
168  171  
169  171  
170  171  
140  172  
141  172  
142  172  
143  172  
144  172  
145  172  
146  172  
147  172  
148  172  
149  172  
150  172  
151  172  
152  172  
135  173  
136  173  
137  173  
138  173  
139  173  
37  173  
37  174  
38  175  
38  176  
38  177  
39  178  
39  179  
39  180  
40  181  
40  182  
40  183  
41  184  
41  185  
41  186  
41  187  
42  188  
42  189  
42  190  
43  191  
43  192  
43  193  
44  194  
44  195  
44  196  
45  197  
45  198  
45  199  
75  174  
76  174  
77  174  
78  174  
49  175  
50  175  
51  175  
52  175  
53  175  
54  175  
55  175  
56  175  
57  175  
58  175  
59  175  
60  175  
61  175  
62  175  
63  175  
64  175  
65  175  
66  175  
67  175  
68  175  
69  175  
70  175  
71  175  
72  175  
73  175  
74  175  
270  174  
270  175  
270  176  
270  177  
270  178  
270  179  
270  180  
271  181  
271  182  
271  183  
271  184  
271  185  
271  186  
271  187  
271  188  
271  189  
271  190  
271  191  
271  192  
271  193  
289  176  
289  177  
289  178  
289  179  
289  180  
289  181  
289  182  
289  183  
289  184  
289  185  
289  186  
289  187  
290  188  
290  189  
290  190  
290  191  
290  192  
290  193  
290  194  
290  195  
290  196  
290  197  
290  198  
290  199  
407  185  
407  186  
407  187  
407  188  
407  189  
407  190  
407  191  
407  192  
407  193  
407  194  
407  195  
407  196  
407  197  
407  198  
407  199  
407  200  
407  201  
406  202  
406  203  
406  204  
406  205  
406  206  
406  207  
406  208  
406  209  
406  210  
406  211  
406  212  
406  213  
406  214  
406  215  
406  216  
243  193  
244  193  
245  193  
246  193  
247  193  
248  193  
249  193  
250  193  
251  193  
252  193  
253  193  
254  193  
255  193  
232  194  
233  194  
234  194  
235  194  
236  194  
237  194  
238  194  
239  194  
240  194  
241  194  
242  194  
161  196  
162  196  
163  196  
164  196  
165  196  
166  196  
167  196  
168  196  
169  196  
170  196  
171  196  
172  196  
173  196  
174  196  
175  196  
176  196  
148  197  
149  197  
150  197  
151  197  
152  197  
153  197  
154  197  
155  197  
156  197  
157  197  
158  197  
159  197  
160  197  
361  196  
362  196  
363  196  
364  196  
365  196  
343  197  
344  197  
345  197  
346  197  
347  197  
348  197  
349  197  
350  197  
351  197  
352  197  
353  197  
354  197  
355  197  
356  197  
357  197  
358  197  
359  197  
360  197  
340  198  
341  198  
342  198  
73  198  
74  198  
75  198  
78  198  
79  198  
80  198  
81  198  
82  198  
83  198  
84  198  
60  199  
61  199  
62  199  
63  199  
64  199  
65  199  
66  199  
67  199  
68  199  
69  199  
70  199  
71  199  
72  199  
76  199  
77  199  
59  200  
383  207  
352  208  
353  208  
354  208  
355  208  
356  208  
357  208  
358  208  
359  208  
360  208  
361  208  
362  208  
363  208  
364  208  
365  208  
366  208  
367  208  
368  208  
369  208  
370  208  
371  208  
372  208  
373  208  
374  208  
375  208  
376  208  
377  208  
378  208  
379  208  
380  208  
381  208  
382  208  
342  209  
343  209  
344  209  
345  209  
346  209  
347  209  
348  209  
349  209  
350  209  
351  209  
306  210  
306  211  
306  212  
307  213  
307  214  
307  215  
307  216  
307  217  
306  218  
307  219  
307  220  
307  221  
307  222  
307  223  
307  224  
307  225  
307  226  
307  227  
307  228  
307  229  
307  230  
150  215  
151  215  
152  215  
155  215  
156  215  
157  215  
158  215  
159  215  
160  215  
161  215  
162  215  
163  215  
164  215  
165  215  
166  215  
167  215  
168  215  
169  215  
170  215  
171  215  
172  215  
173  215  
174  215  
175  215  
176  215  
177  215  
178  215  
179  215  
145  216  
146  216  
147  216  
148  216  
149  216  
153  216  
154  216  
311  215  
311  216  
311  217  
311  218  
311  219  
311  220  
311  221  
311  222  
311  223  
311  224  
311  225  
311  226  
311  227  
311  228  
311  229  
311  230  
311  231  
311  232  
311  233  
311  234  
311  235  
311  236  
311  237  
311  238  
311  239  
311  240  
312  241  
312  242  
312  243  
312  244  
312  245  
312  246  
312  247  
312  248  
59  217  
60  217  
61  217  
62  217  
63  217  
64  217  
65  217  
66  217  
67  217  
68  217  
69  217  
70  217  
71  217  
72  217  
73  217  
74  217  
75  217  
76  217  
77  217  
78  217  
79  217  
80  217  
81  217  
82  217  
83  217  
84  217  
85  217  
86  217  
87  217  
88  217  
89  217  
90  217  
91  217  
58  218  
292  217  
292  218  
292  219  
292  220  
292  221  
292  222  
292  223  
292  224  
292  225  
292  226  
292  227  
292  228  
292  229  
292  230  
292  231  
292  232  
293  233  
293  234  
293  235  
293  236  
293  237  
293  238  
293  239  
293  240  
293  241  
293  242  
293  243  
293  244  
293  245  
293  246  
293  247  
293  248  
293  249  
293  250  
293  251  
52  220  
52  221  
53  222  
53  223  
53  224  
53  225  
54  226  
54  227  
54  228  
55  229  
55  230  
55  231  
56  232  
56  233  
56  234  
57  235  
57  236  
57  237  
58  238  
58  239  
58  240  
359  234  
360  234  
361  234  
362  234  
363  234  
364  234  
365  234  
366  234  
367  234  
368  234  
369  234  
370  234  
371  234  
372  234  
373  234  
374  234  
375  234  
376  234  
377  234  
378  234  
379  234  
380  234  
381  234  
382  234  
383  234  
384  234  
385  234  
386  234  
387  234  
388  234  
389  234  
390  234  
391  234  
77  238  
78  238  
79  238  
80  238  
81  238  
82  238  
83  238  
84  238  
85  238  
86  238  
87  238  
88  238  
89  238  
90  238  
91  238  
92  238  
93  238  
68  239  
69  239  
70  239  
71  239  
72  239  
73  239  
74  239  
75  239  
76  239  
159  238  
160  238  
161  238  
162  238  
163  238  
164  238  
165  238  
166  238  
167  238  
168  238  
169  238  
170  238  
171  238  
172  238  
173  238  
174  238  
175  238  
176  238  
177  238  
178  238  
179  238  
180  238  
181  238  
182  238  
377  242  
378  242  
379  242  
380  242  
338  243  
339  243  
340  243  
341  243  
342  243  
343  243  
344  243  
345  243  
346  243  
347  243  
348  243  
349  243  
350  243  
351  243  
352  243  
353  243  
354  243  
355  243  
356  243  
357  243  
358  243  
359  243  
360  243  
361  243  
362  243  
363  243  
364  243  
365  243  
366  243  
367  243  
368  243  
369  243  
370  243  
371  243  
372  243  
373  243  
374  243  
375  243  
376  243  
130  243  
129  244  
129  245  
129  246  
129  247  
129  248  
130  249  
130  250  
130  251  
130  252  
130  253  
131  254  
131  255  
131  256  
132  257  
132  258  
132  259  
132  260  
133  261  
133  262  
133  263  
133  264  
133  265  
133  266  
153  243  
153  244  
153  245  
154  246  
154  247  
154  248  
155  249  
155  250  
155  251  
155  252  
155  253  
155  254  
156  255  
156  256  
156  257  
156  258  
157  259  
157  260  
157  261  
157  262  
157  263  
158  264  
158  265  
158  266  
158  267  
158  268  
159  269  
159  270  
159  271  
159  272  
160  273  
160  274  
160  275  
160  276  
161  277  
161  278  
161  279  
161  280  
161  281  
161  282  
162  283  
162  284  
162  285  
162  286  
163  287  
163  288  
163  289  
163  290  
164  291  
164  292  
164  293  
164  294  
164  295  
164  296  
234  243  
235  243  
236  243  
237  243  
238  243  
239  243  
240  243  
241  243  
242  243  
243  243  
244  243  
245  243  
246  243  
247  243  
248  243  
249  243  
250  243  
251  243  
252  243  
253  243  
254  243  
255  243  
256  243  
257  243  
112  247  
112  248  
113  249  
113  250  
113  251  
113  252  
113  253  
114  254  
114  255  
114  256  
114  257  
115  258  
115  259  
115  260  
115  261  
115  262  
116  263  
116  264  
116  265  
117  266  
117  267  
117  268  
117  269  
118  270  
118  271  
118  272  
118  273  
119  274  
119  275  
119  276  
119  277  
120  278  
120  279  
120  280  
120  281  
121  282  
121  283  
121  284  
122  285  
122  286  
122  287  
159  249  
159  250  
159  251  
159  252  
160  253  
160  254  
160  255  
161  256  
161  257  
161  258  
161  259  
161  260  
161  261  
162  262  
162  263  
162  264  
162  265  
162  266  
162  267  
163  268  
163  269  
163  270  
164  271  
164  272  
164  273  
164  274  
164  275  
165  276  
165  277  
165  278  
166  279  
166  280  
166  281  
166  282  
166  283  
166  284  
167  285  
167  286  
167  287  
167  288  
168  289  
168  290  
168  291  
168  292  
168  293  
168  294  
37  251  
37  252  
37  253  
38  254  
38  255  
39  256  
39  257  
39  258  
40  259  
40  260  
40  261  
41  262  
41  263  
41  264  
42  265  
42  266  
42  267  
43  268  
43  269  
43  270  
44  271  
44  272  
44  273  
45  274  
45  275  
45  276  
46  277  
46  278  
47  279  
47  280  
47  281  
48  282  
48  283  
48  284  
128  256  
128  257  
128  258  
128  259  
128  260  
128  261  
129  262  
129  263  
129  264  
130  265  
130  266  
130  267  
130  268  
131  269  
131  270  
131  271  
132  272  
132  273  
132  274  
132  275  
132  276  
133  277  
133  278  
133  279  
133  280  
133  281  
134  282  
134  283  
134  284  
134  285  
134  286  
135  287  
135  288  
135  289  
350  260  
351  260  
352  260  
353  260  
354  260  
355  260  
356  260  
361  260  
362  260  
357  261  
358  261  
359  261  
360  261  
363  261  
364  261  
365  261  
366  261  
367  261  
368  261  
369  261  
370  262  
371  262  
372  262  
373  262  
374  262  
375  262  
376  262  
377  262  
378  263  
379  264  
379  265  
134  268  
135  269  
135  270  
135  271  
135  272  
135  273  
136  274  
136  275  
137  276  
137  277  
137  278  
137  279  
138  280  
138  281  
138  282  
138  283  
138  284  
139  285  
139  286  
139  287  
139  288  
139  289  
139  290  
140  291  
140  292  
140  293  
140  294  
141  295  
273  269  
273  270  
273  271  
273  272  
273  273  
273  274  
273  275  
273  276  
273  277  
274  278  
274  279  
274  280  
274  281  
274  282  
274  283  
274  284  
275  285  
275  286  
275  287  
275  288  
275  289  
295  269  
295  270  
295  271  
295  272  
295  273  
295  274  
295  275  
295  276  
295  277  
295  278  
295  279  
295  280  
295  281  
295  282  
295  283  
295  284  
295  285  
296  286  
296  287  
296  288  
277  270  
277  271  
277  272  
277  273  
277  274  
277  275  
277  276  
277  277  
278  278  
278  279  
278  280  
278  281  
278  282  
278  283  
278  284  
278  285  
278  286  
279  287  
279  288  
279  289  
374  282  
361  283  
362  283  
363  283  
364  283  
365  283  
366  283  
367  283  
368  283  
369  283  
370  283  
371  283  
372  283  
373  283  
353  284  
354  284  
355  284  
356  284  
357  284  
358  284  
359  284  
360  284  
350  285  
351  285  
352  285  
48  286  
49  287  
50  288  
50  289  
50  290  
51  291  
51  292  
52  293  
52  294  
53  295  
53  296  
53  297  
54  298  
54  299  
54  300  
55  301  
55  302  
56  303  
56  304  
56  305  
56  306  
57  307  
57  308  
58  309  
58  310  
58  311  
59  312  
59  313  
59  314  
60  315  
320  288  
321  288  
322  288  
323  288  
324  288  
325  288  
326  288  
327  288  
328  288  
329  288  
330  288  
331  288  
332  288  
333  288  
334  288  
335  288  
337  288  
338  288  
339  288  
340  288  
336  289  
379  290  
380  290  
381  290  
382  290  
383  290  
384  290  
385  290  
386  290  
387  290  
388  290  
389  290  
390  290  
391  290  
392  290  
393  290  
394  290  
395  290  
357  291  
358  291  
359  291  
360  291  
361  291  
362  291  
363  291  
364  291  
365  291  
366  291  
367  291  
368  291  
369  291  
370  291  
371  291  
372  291  
373  291  
374  291  
375  291  
376  291  
377  291  
378  291  
87  296  
88  296  
89  297  
90  297  
91  297  
92  297  
93  297  
94  297  
95  297  
96  297  
97  297  
98  297  
99  297  
100  297  
101  297  
102  297  
103  297  
104  297  
105  297  
106  297  
107  297  
108  297  
109  297  
110  297  
111  297  
112  297  
113  297  
114  297  
115  297  
319  296  
319  297  
318  298  
318  299  
318  300  
318  301  
318  302  
318  303  
318  304  
318  305  
318  306  
318  307  
318  308  
318  309  
318  310  
318  311  
318  312  
318  313  
318  314  
318  315  
319  316  
319  317  
319  318  
319  319  
319  320  
319  321  
344  296  
345  296  
346  296  
347  296  
348  296  
349  296  
350  296  
351  296  
352  296  
353  296  
354  296  
355  296  
356  296  
357  296  
358  296  
359  296  
360  296  
361  296  
362  296  
363  296  
364  296  
365  296  
366  296  
367  296  
368  296  
369  296  
370  296  
371  296  
372  296  
373  296  
374  296  
375  296  
376  296  
377  296  
378  296  
379  296  
380  296  
381  296  
382  296  
383  296  
49  298  
50  299  
50  300  
50  301  
51  302  
51  303  
52  304  
52  305  
52  306  
53  307  
53  308  
53  309  
54  310  
54  311  
54  312  
55  313  
56  314  
56  315  
56  316  
56  317  
171  298  
172  298  
173  298  
174  298  
175  298  
176  298  
177  298  
178  298  
179  298  
180  298  
181  298  
182  298  
183  298  
184  298  
185  298  
186  298  
187  299  
188  299  
189  299  
190  299  
191  299  
192  299  
314  300  
314  301  
314  302  
314  303  
314  304  
314  305  
314  306  
314  307  
314  308  
314  309  
314  310  
314  311  
314  312  
314  313  
315  314  
315  315  
315  316  
315  317  
315  318  
315  319  
315  320  
315  321  
315  322  
315  323  
315  324  
315  325  
315  326  
315  327  
315  328  
315  329  
297  306  
297  307  
297  308  
297  309  
297  310  
297  311  
297  312  
297  313  
297  314  
297  315  
297  316  
297  317  
297  318  
297  319  
297  320  
297  321  
297  322  
298  323  
298  324  
298  325  
298  326  
298  327  
298  328  
298  329  
298  330  
299  331  
299  332  
173  316  
174  316  
175  316  
176  316  
177  316  
178  316  
179  316  
180  316  
181  316  
182  316  
183  316  
184  316  
185  316  
186  316  
187  316  
188  316  
189  316  
190  316  
191  316  
192  316  
193  316  
350  322  
351  322  
352  322  
353  322  
354  322  
355  322  
356  322  
357  322  
358  322  
359  322  
360  322  
361  322  
362  322  
363  322  
364  322  
365  322  
366  322  
367  322  
368  322  
369  322  
370  322  
371  322  
372  322  
373  322  
374  322  
375  322  
376  322  
377  323  
378  323  
93  326  
94  326  
95  326  
90  327  
91  327  
92  327  
96  327  
97  327  
98  327  
99  327  
100  327  
101  327  
102  327  
103  327  
104  327  
105  327  
106  327  
107  327  
108  327  
109  327  
110  327  
111  327  
112  327  
113  327  
114  327  
115  327  
116  327  
117  327  
118  327  
119  327  
120  327  
121  327  
122  327  
123  327  
124  327  
125  327  
126  327  
127  327  
128  327  
129  327  
130  328  
131  328  
132  328  
133  328  
134  328  
135  328  
136  328  
137  328  
138  328  
139  328  
140  328  
141  328  
142  328  
143  328  
144  328  
145  328  
146  329  
147  329  
148  329  
149  329  
150  329  
151  329  
152  329  
153  329  
154  329  
155  329  
156  329  
157  329  
158  329  
159  329  
160  329  
161  329  
162  329  
163  329  
164  329  
165  329  
166  329  
167  329  
168  329  
169  329  
170  329  
181  329  
182  329  
183  329  
184  329  
185  330  
186  330  
187  330  
188  330  
189  330  
190  330  
191  330  
192  330  
193  330  
194  330  
195  330  
196  330  
197  330  
198  330  
199  330  
200  330  
201  330  
202  330  
203  330  
204  330  
205  330  
206  330  
90  330  
91  330  
92  331  
93  331  
94  331  
95  331  
96  331  
97  331  
98  331  
99  331  
100  331  
101  331  
102  331  
103  331  
104  331  
105  331  
106  331  
107  331  
108  331  
109  331  
110  331  
111  331  
112  331  
113  331  
114  331  
115  331  
116  331  
117  331  
118  331  
119  331  
120  331  
121  331  
122  331  
123  331  
124  331  
125  331  
126  331  
127  331  
128  331  
129  331  
130  331  
131  332  
219  331  
220  331  
221  331  
222  331  
223  331  
224  331  
225  331  
226  332  
227  332  
228  332  
229  332  
230  332  
231  332  
232  332  
233  332  
234  332  
235  332  
236  332  
237  332  
238  332  
239  332  
240  332  
241  332  
242  332  
243  332  
244  332  
245  332  
246  332  
247  332  
248  332  
249  332  
250  332  
251  332  
252  332  
253  332  
254  332  
258  332  
259  332  
260  332  
255  333  
256  333  
257  333  
261  333  
262  333  
263  333  
264  333  
265  333  
266  333  
267  333  
268  333  
269  333  
270  333  
271  333  
272  333  
273  333  
274  333  
275  333  
276  333  
180  333  
181  333  
182  333  
183  333  
184  333  
185  333  
186  333  
187  333  
188  334  
189  334  
190  334  
191  334  
192  334  
193  334  
194  334  
195  334  
196  334  
197  334  
198  334  
199  334  
200  334  
201  334  
202  334  
203  334  
204  334  
205  334  
206  334  
207  334  
208  334  
209  334  
210  334  
211  334  
212  334  
213  334  
214  334  
215  335  
216  335  
217  335  
218  335  
219  335  
220  335  
221  335  
222  335  
223  335  
224  335  
225  335  
226  335  
227  335  
228  335  
229  335  
230  335  
231  335  
232  335  
233  335  
237  335  
234  336  
235  336  
236  336  
238  336  
239  336  
240  336  
241  336  
242  336  
243  336  
244  336  
245  336  
246  336  
247  336  
248  336  
249  336  
250  336  
251  336  
252  336  
253  336  
254  336  
255  336  
256  336  
257  336  
258  336  
259  336  
260  336  
261  336  
262  337  
263  337  
264  337  
265  337  
266  337  
267  337  
268  337  
269  337  
270  337  
322  335  
323  335  
324  336  
325  336  
326  336  
327  336  
328  336  
329  336  
330  336  
331  336  
332  336  
333  336  
334  336  
335  336  
336  336  
337  336  
338  336  
339  337  
340  337  
341  337  
342  337  
343  337  
344  337  
345  337  
346  337  
347  337  
348  337  
349  337  
350  337  
351  337  
352  337  
353  337  
354  338  
355  338  
356  338  
357  338  
358  338  
359  338  
360  338  
361  338  
362  338  
363  338  
364  338  
365  338  
366  338  
367  338  
368  338  
369  338  
370  338  
371  338  
372  338  
373  338  
374  338  
375  338  
376  338  
324  340  
325  340  
326  340  
327  340  
328  340  
329  340  
330  340  
331  340  
332  340  
333  340  
334  340  
335  340  
336  340  
337  340  
338  340  
339  340  
340  340  
341  340  
342  340  
343  340  
344  341  
345  341  
346  341  
347  341  
348  341  
349  341  
350  341  
351  341  
352  341  
353  341  
354  341  
355  341  
356  341  
357  341  
358  341  
359  341  
360  342  
361  342  
362  342  
363  342  
364  342  
365  342  
366  342  
367  342  
368  342  
369  342  
370  342  
371  342  
372  342  
373  342  
374  342  
375  342  
376  342  
359  352  
360  352  
361  352  
362  352  
363  352  
364  352  
365  352  
366  352  
367  352  
368  352  
369  352  
370  352  
371  352  
372  352  
373  352  
374  352  
375  352  
376  352  
377  352  
378  352  
379  352  
380  353  
381  353  
382  353  
383  353  
384  353  
385  353  
386  353  
387  353  
388  354  
389  354  
382  361  
383  361  
384  361  
385  362  
386  362  
387  362  
388  362  
389  362  
390  362  
391  362  
392  362  
393  362  
394  362  
395  362  
396  362  
397  362  
398  362  
399  362  
400  362  
401  362  
402  362  
403  362  
404  362  
405  362  
406  362  
242  363  
243  363  
244  363  
245  363  
246  363  
247  363  
248  363  
249  363  
250  363  
251  363  
252  363  
253  363  
254  363  
255  363  
256  364  
257  364  
258  364  
259  364  
260  364  
261  364  
346  370  
351  370  
352  370  
347  371  
348  371  
349  371  
350  371  
353  371  
354  371  
355  371  
356  371  
357  371  
358  371  
359  372  
360  372  
361  372  
362  372  
363  372  
364  372  
365  372  
366  372  
367  372  
368  372  
369  372  
370  372  
371  372  
237  374  
238  374  
239  374  
240  374  
241  374  
242  374  
243  374  
244  374  
245  374  
246  374  
247  374  
248  374  
249  374  
250  374  
251  374  
252  374  
253  374  
254  374  
255  375  
256  375  
257  375  
132  379  
133  379  
134  379  
135  379  
138  379  
139  379  
140  379  
141  379  
142  379  
143  379  
144  379  
145  379  
146  379  
147  379  
148  379  
149  379  
150  379  
151  379  
152  379  
153  379  
128  380  
129  380  
130  380  
131  380  
136  380  
137  380  
189  379  
190  380  
190  381  
191  382  
191  383  
191  384  
191  385  
192  386  
192  387  
192  388  
192  389  
192  390  
192  391  
193  392  
193  393  
193  394  
194  395  
194  396  
194  397  
194  398  
195  399  
195  400  
195  401  
195  402  
196  403  
196  404  
196  405  
196  406  
71  382  
71  383  
72  384  
72  385  
72  386  
73  387  
73  388  
73  389  
74  390  
74  391  
75  392  
75  393  
75  394  
76  395  
77  396  
77  397  
77  398  
78  399  
78  400  
78  401  
79  402  
79  403  
80  404  
80  405  
80  406  
81  407  
81  408  
81  409  
82  410  
82  411  
82  412  
83  413  
83  414  
83  415  
84  416  
84  417  
85  418  
85  419  
85  420  
86  421  
86  422  
86  423  
87  424  
87  425  
87  426  
88  427  
89  428  
89  429  
90  430  
90  431  
90  432  
91  433  
91  434  
91  435  
92  436  
92  437  
93  438  
93  439  
344  382  
345  382  
346  382  
347  382  
348  382  
349  382  
350  382  
351  382  
352  382  
353  382  
354  382  
355  382  
356  382  
357  382  
358  382  
359  382  
360  382  
361  382  
362  382  
363  382  
364  382  
365  382  
366  382  
367  382  
368  382  
369  382  
370  382  
371  382  
376  382  
372  383  
373  383  
374  383  
375  383  
377  383  
378  383  
379  383  
380  383  
381  383  
382  383  
383  383  
384  383  
385  383  
386  383  
387  383  
388  383  
389  383  
390  383  
180  385  
180  386  
180  387  
181  388  
181  389  
181  390  
182  391  
182  392  
182  393  
182  394  
182  395  
182  396  
183  397  
183  398  
183  399  
183  400  
184  401  
184  402  
184  403  
185  404  
185  405  
185  406  
185  407  
185  408  
289  388  
289  389  
289  390  
290  391  
290  392  
290  393  
290  394  
290  395  
290  396  
290  397  
290  398  
290  399  
290  400  
290  401  
291  402  
291  403  
291  404  
291  405  
291  406  
291  407  
291  408  
291  409  
291  410  
292  411  
292  412  
292  413  
292  414  
292  415  
292  416  
292  417  
292  418  
292  419  
292  420  
292  421  
293  422  
293  423  
293  424  
293  425  
293  426  
293  427  
293  428  
293  429  
293  430  
293  431  
293  432  
293  433  
294  434  
294  435  
294  436  
294  437  
294  438  
294  439  
294  440  
294  441  
294  442  
294  443  
294  444  
294  445  
294  446  
294  447  
294  448  
294  449  
294  450  
294  451  
294  452  
295  453  
295  454  
295  455  
295  456  
295  457  
295  458  
295  459  
295  460  
296  461  
296  462  
296  463  
295  464  
294  388  
294  389  
295  390  
295  391  
295  392  
295  393  
295  394  
295  395  
295  396  
295  397  
295  398  
295  399  
296  400  
296  401  
296  402  
296  403  
296  404  
296  405  
296  406  
296  407  
296  408  
296  409  
296  410  
296  411  
296  412  
296  413  
296  414  
296  415  
296  416  
296  417  
296  418  
341  389  
342  389  
343  389  
344  389  
345  389  
346  389  
347  389  
348  389  
349  389  
350  389  
351  389  
352  389  
353  389  
354  389  
355  389  
356  389  
357  389  
358  389  
359  389  
360  389  
361  389  
362  389  
363  390  
364  390  
365  390  
366  390  
367  390  
368  390  
369  390  
370  390  
371  390  
372  390  
373  390  
374  390  
375  390  
376  390  
377  390  
378  390  
379  390  
380  391  
381  391  
382  391  
383  391  
384  391  
385  391  
386  391  
387  391  
388  391  
389  391  
344  414  
345  414  
346  414  
347  414  
348  414  
349  414  
350  414  
351  414  
352  414  
353  414  
354  414  
355  414  
356  414  
357  414  
358  415  
359  415  
360  415  
361  415  
362  415  
363  415  
364  415  
365  415  
366  415  
367  415  
368  415  
369  415  
370  415  
371  415  
372  415  
373  415  
374  415  
375  415  
376  416  
377  416  
378  416  
379  416  
380  416  
381  416  
382  416  
383  416  
384  416  
385  416  
386  416  
387  416  
388  416  
107  416  
107  417  
108  418  
108  419  
109  420  
109  421  
109  422  
109  423  
110  424  
110  425  
111  426  
111  427  
111  428  
112  429  
112  430  
112  431  
113  432  
113  433  
113  434  
114  435  
114  436  
114  437  
115  438  
115  439  
116  440  
116  441  
341  421  
342  421  
343  421  
344  421  
345  421  
346  421  
347  421  
348  421  
349  421  
350  421  
351  421  
352  421  
353  421  
354  421  
355  421  
356  421  
357  421  
358  422  
359  422  
360  422  
361  422  
362  422  
363  422  
364  422  
365  422  
366  422  
367  422  
368  422  
369  422  
370  422  
371  422  
372  423  
373  423  
374  423  
375  423  
376  423  
377  423  
378  423  
379  423  
380  423  
381  423  
382  423  
383  423  
384  423  
385  423  
386  423  
387  423  
388  424  
389  424  
390  424  
189  422  
189  423  
189  424  
189  425  
190  426  
190  427  
190  428  
190  429  
191  430  
191  431  
191  432  
191  433  
191  434  
192  435  
192  436  
192  437  
192  438  
192  439  
192  440  
193  441  
193  442  
193  443  
194  444  
194  445  
194  446  
194  447  
194  448  
195  449  
195  450  
195  451  
195  452  
195  453  
195  454  
196  455  
196  456  
196  457  
197  458  
197  459  
197  460  
298  426  
298  427  
298  428  
298  429  
298  430  
298  431  
298  432  
298  433  
298  434  
298  435  
298  436  
298  437  
298  438  
298  439  
298  440  
298  441  
298  442  
298  443  
299  444  
299  445  
299  446  
299  447  
299  448  
299  449  
299  450  
299  451  
299  452  
299  453  
299  454  
299  455  
299  456  
299  457  
299  458  
300  459  
300  460  
300  461  
300  462  
300  463  
300  464  
301  465  
301  466  
301  467  
301  468  
300  469  
150  435  
151  435  
152  435  
153  435  
154  435  
155  435  
156  436  
157  436  
158  436  
159  436  
160  436  
161  436  
162  436  
163  437  
164  437  
165  437  
166  437  
167  437  
168  437  
169  437  
170  437  
171  437  
96  447  
96  448  
97  449  
97  450  
98  451  
98  452  
98  453  
99  454  
99  455  
99  456  
100  457  
100  458  
100  459  
101  460  
101  461  
102  462  
102  463  
102  464  
103  465  
103  466  
103  467  
104  468  
104  469  
104  470  
105  471  
105  472  
105  473  
252  451  
253  451  
254  451  
255  451  
256  451  
257  451  
258  451  
259  451  
260  451  
261  451  
262  451  
263  451  
264  451  
265  451  
266  451  
267  452  
268  452  
269  452  
270  452  
271  452  
272  452  
345  453  
346  453  
347  453  
348  453  
349  453  
350  453  
351  453  
352  454  
353  454  
354  454  
355  454  
356  454  
357  454  
358  454  
359  454  
360  454  
361  454  
362  454  
363  454  
364  454  
365  454  
366  454  
367  455  
368  455  
369  455  
370  455  
371  455  
372  455  
373  455  
374  455  
375  455  
376  455  
377  455  
378  455  
379  455  
380  455  
381  456  
382  456  
383  456  
384  456  
385  456  
386  456  
345  460  
346  460  
347  460  
348  460  
349  460  
350  461  
351  461  
352  461  
353  461  
354  461  
355  461  
356  461  
357  461  
358  461  
359  461  
360  461  
361  461  
362  461  
363  461  
364  462  
365  462  
366  462  
367  462  
368  462  
369  462  
370  462  
371  462  
372  462  
373  462  
374  462  
375  463  
376  463  
377  463  
378  463  
379  463  
380  463  
381  463  
382  463  
383  463  
384  463  
346  481  
347  481  
348  481  
349  481  
350  481  
351  481  
352  481  
353  481  
354  481  
355  481  
356  481  
357  482  
358  482  
359  482  
360  482  
361  482  
362  482  
363  482  
364  482  
365  482  
366  482  
367  482  
368  482  
369  483  
370  483  
371  483  
372  483  
373  483  
374  483  
375  483  
376  483  
377  483  
378  484  
379  484  
380  484  
381  484  
382  484  
383  484  
384  484  
258  482  
259  482  
260  482  
261  482  
262  482  
263  482  
264  482  
265  482  
266  482  
267  482  
268  482  
269  482  
270  483  
271  483  
272  483  
273  483  
274  483  
275  483  
276  483  
277  483  
278  483  
279  483  
280  483  
281  483  
282  483  
283  483  
284  483  
285  483  
286  483  
287  483  
126  483  
127  484  
127  485  
127  486  
127  487  
128  488  
128  489  
129  490  
129  491  
129  492  
130  493  
130  494  
130  495  
130  496  
131  497  
131  498  
132  499  
132  500  
132  501  
132  502  
346  487  
347  487  
348  487  
349  487  
350  487  
351  487  
352  487  
353  487  
354  487  
355  488  
356  488  
357  488  
358  488  
359  488  
360  488  
361  488  
362  488  
363  488  
364  488  
365  488  
366  488  
367  489  
368  489  
369  489  
370  489  
371  489  
372  489  
373  489  
374  489  
375  489  
376  489  
377  490  
378  490  
379  490  
380  490  
381  490  
382  490  
383  490  
384  490  
352  493  
353  493  
354  493  
355  493  
356  493  
357  493  
358  493  
359  493  
360  494  
361  494  
362  494  
363  494  
364  494  
365  494  
366  494  
367  494  
368  494  
369  494  
370  494  
371  494  
372  494  
373  494  
374  495  
374  496  
374  497  
374  498  
227  500  
228  500  
229  500  
230  500  
231  500  
232  500  
233  500  
234  500  
235  500  
236  500  
237  500  
238  500  
239  501  
240  501  
241  501  
242  501  
243  501  
244  501  
245  501  
246  502  
247  502  
248  502  
111  503  
110  504  
112  504  
112  505  
113  506  
113  507  
113  508  
114  509  
114  510  
115  511  
115  512  
115  513  
116  514  
116  515  
116  516  
117  517  
117  518  
118  519  
118  520  
118  521  
118  522  
350  505  
351  505  
352  505  
353  505  
354  505  
355  505  
356  505  
357  505  
358  505  
359  505  
360  505  
361  506  
362  506  
363  506  
364  506  
365  506  
366  506  
367  506  
368  506  
369  507  
370  507  
371  507  
372  507  
373  507  
374  507  
138  506  
138  507  
139  508  
139  509  
140  510  
140  511  
140  512  
141  513  
141  514  
141  515  
142  516  
142  517  
143  518  
143  519  
144  520  
144  521  
144  522  
145  523  
145  524  
145  525  
146  526  
146  527  
146  528  
147  529  
147  530  
147  531  
148  532  
148  533  
149  534  
149  535  
149  536  
150  537  
150  538  
150  539  
151  540  
151  541  
217  526  
217  527  
217  528  
217  529  
218  530  
218  531  
218  532  
218  533  
219  534  
219  535  
220  536  
220  537  
220  538  
220  539  
220  540  
221  541  
221  542  
221  543  
222  544  
222  545  
123  534  
123  535  
124  536  
125  537  
126  538  
126  539  
126  540  
126  541  
127  542  
128  543  
128  544  
129  545  
129  546  
129  547  
130  548  
130  549  
131  550  
131  551  
131  552  
132  553  
132  554  
297  540  
297  541  
297  542  
297  543  
297  544  
297  545  
297  546  
297  547  
297  548  
298  549  
298  550  
298  551  
298  552  
298  553  
298  554  
298  555  
298  556  
298  557  
298  558  
298  559  
299  560  
299  561  
299  562  
299  563  
299  564  
299  565  
299  566  
299  567  
225  542  
225  543  
225  544  
225  545  
225  546  
226  547  
226  548  
226  549  
227  550  
227  551  
227  552  
228  553  
228  554  
228  555  
228  556  
228  557  
228  558  
229  559  
230  560  
231  560  
232  560  
398  567  
398  568  
398  569  
398  570  
398  571  
398  572  
398  573  
398  574  
398  575  
398  576  
398  577  
398  578  
398  579  
398  580  
398  581  
398  582  
398  583  
398  584  
398  585  
398  586  
398  587  
398  588  
397  589  
397  590  
397  591  
397  592  
397  593  
397  594  
397  595  
186  586  
186  587  
186  588  
185  589  
185  590  
185  591  
184  592  
184  593  
184  594  
184  595  
183  596  
183  597  
183  598  
183  599  
182  600  
182  601  
182  602  
181  603  
181  604  
181  605  
181  606  
180  607  
180  608  
262  590  
263  590  
264  590  
265  590  
266  590  
267  591  
268  591  
269  591  
270  591  
271  591  
272  591  
273  592  
274  592  
275  592  
276  592  
277  592  
278  592  
279  592  
280  592  
281  593  
282  593  
283  593  
284  593  
285  593  
286  593  
320  597  
321  598  
322  598  
323  598  
324  598  
325  598  
326  598  
327  598  
328  599  
329  599  
330  599  
331  599  
332  599  
333  599  
334  599  
335  599  
336  599  
337  599  
338  599  
339  599  
340  600  
341  600  
342  600  
343  600  
344  600  
345  600  
346  600  
347  601  
348  601  
349  601  
350  601  
351  601  
352  601  
353  602  
354  602  
355  602  
356  602  
357  602  
358  602  
359  602  
360  602  
361  602  
362  603  
363  603  
364  603  
365  603  
366  603  
367  603  
368  603  
369  603  
370  603  
371  604  
372  604  
373  604  
374  604  
