88  
46  20  27  26  26  24  20  33  37  25  41  21  38  35  32  23  45  41  77  31  44  68  37  42  25  69  29  26  25  43  20  26  26  20  26  20  44  25  28  41  23  29  23  24  37  21  21  84  38  39  48  41  38  41  38  27  29  67  34  31  31  91  23  30  21  51  103  31  29  32  21  22  38  38  47  160  31  35  44  23  31  48  51  80  32  28  26  25  
203  45  
203  46  
203  47  
203  48  
203  49  
203  50  
202  51  
202  52  
202  53  
202  54  
202  55  
202  56  
201  57  
201  58  
201  59  
201  60  
201  61  
201  62  
200  63  
200  64  
200  65  
200  66  
200  67  
200  68  
199  69  
199  70  
199  71  
199  72  
199  73  
199  74  
198  75  
198  76  
198  77  
198  78  
198  79  
197  80  
197  81  
197  82  
197  83  
197  84  
197  85  
196  86  
196  87  
196  88  
196  89  
196  90  
268  45  
268  46  
268  47  
268  48  
268  49  
268  50  
269  51  
269  52  
269  53  
269  54  
269  55  
270  56  
270  57  
270  58  
270  59  
270  60  
270  61  
271  62  
271  63  
271  64  
264  47  
264  48  
264  49  
264  50  
264  51  
265  52  
265  53  
265  54  
265  55  
265  56  
266  57  
266  58  
266  59  
266  60  
266  61  
266  62  
267  63  
267  64  
267  65  
267  66  
268  67  
268  68  
268  69  
268  70  
268  71  
268  72  
269  73  
283  70  
283  71  
283  72  
283  73  
283  74  
283  75  
282  76  
282  77  
282  78  
282  79  
282  80  
282  81  
282  82  
282  83  
282  84  
282  85  
282  86  
282  87  
282  88  
282  89  
282  90  
282  91  
282  92  
283  93  
283  94  
282  95  
445  78  
445  79  
445  80  
445  81  
445  82  
445  83  
445  84  
445  85  
445  86  
445  87  
445  88  
445  89  
445  90  
445  91  
446  92  
446  93  
446  94  
446  95  
446  96  
446  97  
446  98  
446  99  
446  100  
446  101  
446  102  
446  103  
269  79  
268  80  
268  81  
268  82  
268  83  
268  84  
268  85  
268  86  
267  87  
267  88  
267  89  
267  90  
267  91  
267  92  
267  93  
266  94  
266  95  
266  96  
266  97  
266  98  
266  99  
266  100  
266  101  
265  102  
410  81  
411  81  
412  82  
413  82  
414  82  
415  82  
416  82  
417  82  
418  82  
419  82  
420  83  
421  83  
422  83  
423  83  
424  83  
425  83  
426  83  
427  83  
428  84  
429  84  
253  106  
253  107  
253  108  
253  109  
253  110  
253  111  
253  112  
252  113  
252  114  
252  115  
252  116  
252  117  
252  118  
252  119  
251  120  
251  121  
251  122  
251  123  
251  124  
251  125  
251  126  
251  127  
251  128  
251  129  
251  130  
251  131  
250  132  
250  133  
250  134  
250  135  
250  136  
250  137  
250  138  
230  108  
231  108  
232  108  
233  108  
234  108  
235  108  
236  108  
237  108  
238  108  
239  108  
240  108  
241  108  
242  108  
218  109  
219  109  
220  109  
221  109  
222  109  
223  109  
224  109  
225  109  
226  109  
227  109  
228  109  
229  109  
243  109  
212  110  
213  110  
214  110  
215  110  
216  110  
217  110  
207  111  
208  111  
209  111  
210  111  
211  111  
430  112  
430  113  
430  114  
430  115  
430  116  
430  117  
430  118  
430  119  
430  120  
430  121  
430  122  
430  123  
430  124  
430  125  
430  126  
430  127  
430  128  
430  129  
430  130  
430  131  
430  132  
430  133  
430  134  
429  135  
429  136  
147  138  
148  138  
149  138  
150  138  
151  138  
152  138  
134  139  
135  139  
136  139  
137  139  
138  139  
139  139  
140  139  
141  139  
142  139  
143  139  
144  139  
145  139  
146  139  
123  140  
124  140  
125  140  
126  140  
127  140  
128  140  
129  140  
130  140  
131  140  
132  140  
133  140  
112  141  
113  141  
114  141  
115  141  
116  141  
117  141  
118  141  
119  141  
120  141  
121  141  
122  141  
433  140  
433  141  
433  142  
433  143  
433  144  
433  145  
433  146  
433  147  
433  148  
433  149  
433  150  
434  151  
434  152  
434  153  
434  154  
434  155  
434  156  
434  157  
434  158  
434  159  
434  160  
220  148  
221  148  
222  148  
223  148  
224  148  
207  149  
208  149  
209  149  
210  149  
211  149  
212  149  
213  149  
214  149  
215  149  
216  149  
217  149  
218  149  
219  149  
194  150  
195  150  
196  150  
197  150  
198  150  
199  150  
200  150  
201  150  
202  150  
203  150  
204  150  
205  150  
206  150  
187  151  
188  151  
189  151  
190  151  
191  151  
192  151  
193  151  
133  166  
134  166  
135  166  
136  166  
137  166  
138  166  
139  166  
140  166  
141  166  
142  166  
123  167  
124  167  
125  167  
126  167  
127  167  
128  167  
129  167  
130  167  
131  167  
132  167  
108  168  
109  168  
110  168  
111  168  
112  168  
113  168  
114  168  
115  168  
116  168  
117  168  
118  168  
119  168  
120  168  
121  168  
122  168  
61  167  
62  167  
63  167  
64  167  
65  167  
66  167  
67  167  
68  167  
69  167  
70  167  
71  167  
72  167  
73  167  
74  167  
75  167  
44  168  
45  168  
46  168  
47  168  
48  168  
49  168  
50  168  
51  168  
52  168  
53  168  
54  168  
55  168  
56  168  
57  168  
58  168  
59  168  
60  168  
442  167  
442  168  
442  169  
442  170  
442  171  
442  172  
442  173  
442  174  
441  175  
441  176  
441  177  
441  178  
441  179  
441  180  
441  181  
441  182  
441  183  
441  184  
441  185  
441  186  
441  187  
441  188  
441  189  
146  169  
147  169  
148  169  
135  170  
136  170  
137  170  
138  170  
139  170  
140  170  
141  170  
142  170  
143  170  
144  170  
145  170  
124  171  
125  171  
126  171  
127  171  
128  171  
129  171  
130  171  
131  171  
132  171  
133  171  
134  171  
104  172  
105  172  
106  172  
107  172  
108  172  
109  172  
110  172  
111  172  
112  172  
113  172  
114  172  
115  172  
116  172  
117  172  
118  172  
119  172  
120  172  
121  172  
122  172  
123  172  
425  179  
425  180  
425  181  
425  182  
425  183  
425  184  
425  185  
425  186  
425  187  
425  188  
425  189  
425  190  
425  191  
425  192  
425  193  
425  194  
425  195  
425  196  
425  197  
425  198  
425  199  
425  200  
425  201  
426  202  
426  203  
426  204  
426  205  
426  206  
426  207  
426  208  
426  209  
426  210  
426  211  
426  212  
426  213  
426  214  
426  215  
425  216  
425  217  
425  218  
425  219  
152  187  
153  187  
154  187  
155  187  
156  187  
157  187  
158  187  
159  187  
136  188  
137  188  
138  188  
139  188  
140  188  
141  188  
142  188  
143  188  
144  188  
145  188  
146  188  
147  188  
148  188  
149  188  
150  188  
151  188  
120  189  
121  189  
122  189  
123  189  
124  189  
125  189  
126  189  
127  189  
128  189  
129  189  
130  189  
131  189  
132  189  
133  189  
134  189  
135  189  
108  190  
109  190  
110  190  
111  190  
112  190  
113  190  
114  190  
115  190  
116  190  
117  190  
118  190  
119  190  
93  191  
94  191  
95  191  
96  191  
97  191  
98  191  
99  191  
100  191  
101  191  
102  191  
103  191  
104  191  
105  191  
106  191  
107  191  
83  192  
84  192  
85  192  
86  192  
87  192  
88  192  
89  192  
90  192  
91  192  
92  192  
311  188  
312  188  
313  188  
314  188  
315  188  
316  188  
317  188  
318  188  
319  188  
320  188  
321  188  
322  188  
323  188  
324  188  
325  188  
326  188  
296  189  
297  189  
298  189  
299  189  
300  189  
301  189  
302  189  
303  189  
304  189  
305  189  
306  189  
307  189  
308  189  
309  189  
310  189  
436  189  
436  190  
437  191  
437  192  
437  193  
437  194  
437  195  
438  196  
438  197  
438  198  
438  199  
438  200  
438  201  
439  202  
439  203  
439  204  
439  205  
439  206  
439  207  
439  208  
439  209  
439  210  
440  211  
440  212  
440  213  
440  214  
440  215  
440  216  
440  217  
440  218  
440  219  
440  220  
440  221  
441  222  
441  223  
441  224  
441  225  
441  226  
441  227  
441  228  
441  229  
442  230  
442  231  
442  232  
414  191  
414  192  
414  193  
414  194  
414  195  
414  196  
414  197  
414  198  
414  199  
414  200  
414  201  
414  202  
414  203  
414  204  
415  205  
415  206  
415  207  
415  208  
415  209  
415  210  
415  211  
415  212  
415  213  
415  214  
415  215  
415  216  
415  217  
415  218  
415  219  
415  220  
415  221  
415  222  
415  223  
415  224  
415  225  
415  226  
415  227  
415  228  
415  229  
415  230  
415  231  
416  232  
416  233  
416  234  
416  235  
416  236  
416  237  
416  238  
416  239  
416  240  
416  241  
416  242  
416  243  
416  244  
416  245  
416  246  
416  247  
416  248  
416  249  
416  250  
416  251  
416  252  
416  253  
416  254  
416  255  
416  256  
416  257  
417  258  
324  197  
325  197  
326  197  
327  197  
328  197  
329  197  
330  197  
331  197  
314  198  
315  198  
316  198  
317  198  
318  198  
319  198  
320  198  
321  198  
322  198  
323  198  
299  199  
300  199  
301  199  
302  199  
303  199  
304  199  
305  199  
306  199  
307  199  
308  199  
309  199  
310  199  
311  199  
312  199  
313  199  
295  200  
296  200  
297  200  
298  200  
198  204  
199  204  
200  204  
201  204  
202  204  
203  204  
204  204  
205  204  
206  204  
207  204  
208  204  
209  204  
210  204  
211  204  
212  204  
213  204  
214  204  
184  205  
185  205  
186  205  
187  205  
188  205  
189  205  
190  205  
191  205  
192  205  
193  205  
194  205  
195  205  
196  205  
197  205  
174  206  
175  206  
176  206  
177  206  
178  206  
179  206  
180  206  
181  206  
182  206  
183  206  
173  207  
183  216  
184  216  
185  216  
186  216  
187  216  
188  216  
189  216  
190  216  
191  216  
192  216  
193  216  
194  216  
195  216  
196  216  
197  216  
198  216  
199  216  
200  216  
201  216  
202  216  
203  216  
204  216  
205  216  
206  216  
207  216  
352  217  
353  217  
354  217  
355  217  
356  217  
345  218  
346  218  
347  218  
348  218  
349  218  
350  218  
351  218  
327  219  
328  219  
329  219  
330  219  
331  219  
332  219  
333  219  
334  219  
335  219  
336  219  
337  219  
338  219  
339  219  
340  219  
341  219  
342  219  
343  219  
344  219  
309  220  
310  220  
311  220  
312  220  
313  220  
314  220  
315  220  
316  220  
317  220  
318  220  
319  220  
320  220  
321  220  
322  220  
323  220  
324  220  
325  220  
326  220  
291  221  
292  221  
293  221  
294  221  
295  221  
296  221  
297  221  
298  221  
299  221  
300  221  
301  221  
302  221  
303  221  
304  221  
305  221  
306  221  
307  221  
308  221  
288  222  
289  222  
290  222  
391  223  
391  224  
391  225  
391  226  
391  227  
391  228  
392  229  
392  230  
392  231  
392  232  
392  233  
392  234  
393  235  
393  236  
393  237  
393  238  
394  239  
394  240  
394  241  
394  242  
395  243  
395  244  
395  245  
395  246  
395  247  
395  248  
396  249  
396  250  
396  251  
259  226  
259  227  
260  228  
260  229  
260  230  
260  231  
260  232  
261  233  
261  234  
261  235  
261  236  
262  237  
262  238  
262  239  
263  240  
263  241  
263  242  
263  243  
263  244  
264  245  
264  246  
264  247  
264  248  
264  249  
265  250  
265  251  
264  229  
264  230  
264  231  
264  232  
265  233  
265  234  
265  235  
265  236  
266  237  
266  238  
266  239  
267  240  
267  241  
267  242  
267  243  
267  244  
268  245  
268  246  
268  247  
268  248  
269  249  
269  250  
269  251  
269  252  
269  253  
183  241  
184  241  
185  241  
186  241  
187  241  
188  241  
189  241  
190  241  
191  241  
192  241  
193  241  
194  241  
195  241  
196  241  
197  241  
198  241  
199  241  
200  241  
201  241  
202  241  
203  241  
204  241  
205  241  
206  241  
207  241  
208  241  
209  241  
169  242  
170  242  
171  242  
172  242  
173  242  
174  242  
175  242  
176  242  
177  242  
178  242  
179  242  
180  242  
181  242  
182  242  
167  243  
168  243  
148  244  
149  244  
150  244  
151  244  
152  244  
153  244  
154  244  
155  244  
156  244  
157  244  
158  244  
159  244  
160  244  
141  245  
142  245  
143  245  
144  245  
145  245  
146  245  
147  245  
437  245  
437  246  
437  247  
437  248  
437  249  
437  250  
437  251  
437  252  
437  253  
437  254  
437  255  
437  256  
437  257  
437  258  
437  259  
437  260  
437  261  
437  262  
437  263  
437  264  
437  265  
437  266  
437  267  
437  268  
437  269  
437  270  
375  248  
376  248  
377  248  
378  248  
379  248  
360  249  
361  249  
362  249  
363  249  
364  249  
365  249  
366  249  
367  249  
368  249  
369  249  
370  249  
371  249  
372  249  
373  249  
374  249  
354  250  
355  250  
356  250  
357  250  
358  250  
359  250  
92  256  
93  256  
94  256  
95  256  
96  256  
97  256  
98  256  
99  256  
100  256  
101  257  
102  257  
103  257  
104  257  
105  257  
106  257  
107  257  
108  257  
109  257  
110  257  
111  257  
392  256  
392  257  
392  258  
392  259  
393  260  
393  261  
393  262  
393  263  
393  264  
393  265  
394  266  
394  267  
394  268  
394  269  
394  270  
395  271  
395  272  
395  273  
395  274  
395  275  
395  276  
396  277  
396  278  
396  279  
396  280  
396  281  
140  257  
141  257  
142  257  
143  257  
144  257  
145  257  
146  257  
147  257  
148  257  
149  257  
150  257  
151  257  
152  257  
153  257  
154  257  
155  257  
156  257  
157  257  
158  257  
159  257  
176  280  
177  280  
178  280  
179  280  
180  280  
181  280  
182  280  
183  280  
184  280  
185  280  
186  280  
187  280  
188  280  
189  280  
190  280  
191  280  
192  280  
193  280  
194  280  
195  280  
196  280  
197  280  
198  280  
199  280  
200  280  
201  280  
202  280  
203  280  
160  281  
161  281  
162  281  
163  281  
164  281  
165  281  
166  281  
167  281  
168  281  
169  281  
170  281  
171  281  
172  281  
173  281  
174  281  
175  281  
448  281  
445  282  
446  282  
447  282  
442  283  
443  283  
444  283  
438  284  
439  284  
440  284  
441  284  
434  285  
435  285  
436  285  
437  285  
431  286  
432  286  
433  286  
427  287  
428  287  
429  287  
430  287  
424  288  
425  288  
426  288  
141  283  
142  283  
143  283  
144  283  
145  283  
146  283  
147  283  
148  283  
149  283  
150  283  
151  283  
152  283  
153  283  
126  284  
127  284  
128  284  
129  284  
130  284  
131  284  
132  284  
133  284  
134  284  
135  284  
136  284  
137  284  
138  284  
139  284  
140  284  
446  288  
447  288  
448  288  
443  289  
444  289  
445  289  
440  290  
441  290  
442  290  
437  291  
438  291  
439  291  
433  292  
434  292  
435  292  
436  292  
430  293  
431  293  
432  293  
427  294  
428  294  
429  294  
424  295  
425  295  
426  295  
421  296  
422  296  
423  296  
418  297  
419  297  
420  297  
415  298  
416  298  
417  298  
412  299  
413  299  
414  299  
408  300  
409  300  
410  300  
411  300  
175  290  
176  290  
177  290  
178  290  
179  290  
180  290  
181  290  
182  290  
183  290  
184  290  
185  290  
186  290  
187  290  
188  290  
189  290  
190  290  
191  290  
192  290  
193  290  
194  290  
172  291  
173  291  
174  291  
418  290  
419  290  
415  291  
416  291  
417  291  
412  292  
413  292  
414  292  
409  293  
410  293  
411  293  
405  294  
406  294  
407  294  
408  294  
402  295  
403  295  
404  295  
399  296  
400  296  
401  296  
394  297  
395  297  
396  297  
397  297  
398  297  
393  298  
393  299  
393  300  
447  292  
448  292  
444  293  
445  293  
446  293  
440  294  
441  294  
442  294  
443  294  
437  295  
438  295  
439  295  
434  296  
435  296  
436  296  
431  297  
432  297  
433  297  
428  298  
429  298  
430  298  
426  299  
427  299  
204  294  
203  295  
205  295  
206  295  
207  295  
208  295  
209  295  
210  295  
211  295  
212  295  
213  295  
214  295  
215  295  
216  295  
217  295  
218  295  
219  295  
220  295  
221  295  
222  295  
223  295  
224  295  
225  295  
226  295  
346  295  
347  295  
348  295  
349  296  
350  296  
351  296  
352  296  
353  297  
354  297  
355  297  
356  297  
357  297  
358  297  
359  298  
360  298  
361  298  
362  298  
363  298  
364  298  
365  298  
366  298  
367  298  
368  298  
369  298  
370  298  
371  298  
372  298  
373  298  
374  298  
375  298  
376  298  
377  298  
378  298  
379  298  
380  298  
381  298  
382  298  
83  296  
84  296  
85  296  
86  296  
87  296  
88  296  
89  296  
90  296  
91  296  
92  296  
93  296  
94  296  
95  296  
96  296  
97  296  
98  296  
99  296  
100  296  
101  296  
102  296  
103  296  
385  301  
385  302  
385  303  
385  304  
386  305  
386  306  
386  307  
386  308  
386  309  
386  310  
386  311  
386  312  
386  313  
386  314  
386  315  
386  316  
386  317  
386  318  
386  319  
386  320  
386  321  
100  311  
101  311  
102  311  
103  311  
104  311  
105  311  
106  311  
107  311  
108  311  
109  311  
110  311  
111  311  
112  311  
113  311  
114  311  
115  311  
116  311  
117  311  
118  311  
119  311  
120  311  
121  311  
122  311  
123  311  
124  311  
125  311  
126  311  
127  311  
128  311  
129  311  
130  311  
67  312  
68  312  
69  312  
70  312  
71  312  
72  312  
73  312  
74  312  
75  312  
76  312  
77  312  
78  312  
79  312  
80  312  
81  312  
82  312  
83  312  
84  312  
85  312  
86  312  
87  312  
88  312  
89  312  
90  312  
91  312  
92  312  
93  312  
94  312  
95  312  
96  312  
97  312  
98  312  
99  312  
47  313  
48  313  
49  313  
50  313  
51  313  
52  313  
53  313  
54  313  
55  313  
56  313  
57  313  
58  313  
59  313  
60  313  
61  313  
62  313  
63  313  
64  313  
65  313  
66  313  
411  317  
412  317  
413  317  
414  318  
415  318  
416  318  
417  319  
418  319  
419  319  
420  319  
421  319  
422  320  
423  320  
424  320  
425  320  
426  321  
427  321  
428  321  
429  321  
430  322  
431  322  
432  322  
433  322  
434  322  
435  323  
436  323  
437  323  
438  324  
439  324  
440  324  
441  325  
442  325  
443  325  
444  325  
445  326  
446  326  
447  326  
448  326  
85  318  
86  318  
87  318  
88  318  
89  318  
90  318  
91  318  
92  318  
93  318  
94  318  
95  318  
96  318  
97  318  
98  318  
99  318  
100  318  
101  318  
102  318  
103  318  
104  318  
105  318  
106  318  
107  318  
108  318  
109  318  
110  318  
111  318  
112  318  
113  318  
75  319  
76  319  
77  319  
78  319  
79  319  
80  319  
81  319  
82  319  
83  319  
84  319  
94  322  
99  322  
100  322  
101  322  
102  322  
103  322  
104  322  
105  322  
106  322  
107  322  
108  322  
109  322  
110  322  
111  322  
112  322  
65  323  
66  323  
67  323  
68  323  
69  323  
70  323  
71  323  
72  323  
73  323  
74  323  
75  323  
76  323  
77  323  
78  323  
79  323  
80  323  
81  323  
82  323  
83  323  
84  323  
85  323  
86  323  
87  323  
88  323  
89  323  
90  323  
91  323  
92  323  
93  323  
95  323  
96  323  
97  323  
98  323  
385  328  
385  329  
385  330  
385  331  
385  332  
385  333  
385  334  
385  335  
385  336  
385  337  
385  338  
386  339  
386  340  
386  341  
386  342  
386  343  
386  344  
386  345  
386  346  
386  347  
386  348  
386  349  
386  350  
386  351  
386  352  
386  353  
386  354  
386  355  
386  356  
386  357  
386  358  
386  359  
386  360  
386  361  
386  362  
386  363  
386  364  
386  365  
386  366  
387  367  
387  368  
411  332  
412  332  
413  332  
414  332  
415  332  
416  332  
417  333  
418  333  
419  333  
420  333  
421  333  
422  333  
423  334  
424  334  
425  334  
426  334  
427  335  
428  335  
429  335  
430  335  
431  336  
432  336  
433  336  
434  337  
435  337  
436  337  
437  338  
438  338  
439  338  
440  338  
441  339  
442  339  
443  339  
444  339  
445  340  
446  340  
447  340  
448  340  
403  333  
402  334  
402  335  
402  336  
402  337  
402  338  
402  339  
402  340  
402  341  
402  342  
401  343  
401  344  
401  345  
401  346  
401  347  
401  348  
401  349  
401  350  
401  351  
401  352  
401  353  
401  354  
401  355  
401  356  
401  357  
401  358  
401  359  
401  360  
401  361  
401  362  
401  363  
401  364  
401  365  
401  366  
401  367  
401  368  
401  369  
401  370  
401  371  
401  372  
401  373  
391  336  
391  337  
391  338  
391  339  
391  340  
391  341  
391  342  
391  343  
391  344  
391  345  
391  346  
391  347  
391  348  
391  349  
391  350  
391  351  
391  352  
391  353  
391  354  
391  355  
391  356  
391  357  
391  358  
391  359  
391  360  
391  361  
391  362  
391  363  
391  364  
391  365  
391  366  
391  367  
391  368  
391  369  
391  370  
391  371  
391  372  
391  373  
395  336  
395  337  
395  338  
395  339  
395  340  
395  341  
395  342  
395  343  
395  344  
395  345  
395  346  
395  347  
395  348  
395  349  
395  350  
395  351  
395  352  
395  353  
395  354  
395  355  
395  356  
395  357  
395  358  
395  359  
395  360  
395  361  
395  362  
283  343  
283  344  
283  345  
283  346  
283  347  
283  348  
283  349  
283  350  
283  351  
283  352  
283  353  
283  354  
283  355  
282  356  
282  357  
282  358  
282  359  
282  360  
282  361  
282  362  
282  363  
282  364  
282  365  
282  366  
282  367  
282  368  
282  369  
282  370  
282  371  
93  345  
94  345  
95  345  
96  345  
97  345  
98  345  
99  345  
100  345  
101  345  
102  345  
103  345  
104  345  
105  345  
106  345  
107  345  
108  345  
109  345  
110  345  
111  345  
112  345  
113  345  
114  345  
115  345  
116  345  
117  345  
118  345  
119  345  
120  345  
121  345  
122  345  
123  345  
124  345  
125  345  
126  345  
127  345  
128  345  
129  345  
130  345  
64  346  
65  346  
66  346  
67  346  
68  346  
69  346  
70  346  
71  346  
72  346  
73  346  
74  346  
75  346  
76  346  
77  346  
78  346  
79  346  
80  346  
81  346  
82  346  
83  346  
84  346  
85  346  
86  346  
87  346  
88  346  
89  346  
90  346  
91  346  
92  346  
352  352  
353  352  
354  352  
355  352  
356  352  
357  352  
358  352  
359  352  
360  352  
361  352  
362  352  
363  352  
364  352  
365  352  
332  353  
333  353  
334  353  
335  353  
336  353  
337  353  
338  353  
339  353  
340  353  
341  353  
342  353  
343  353  
344  353  
345  353  
346  353  
347  353  
348  353  
349  353  
350  353  
351  353  
161  355  
162  355  
163  355  
164  355  
165  355  
166  355  
167  355  
168  355  
169  355  
170  355  
171  355  
172  355  
173  355  
174  355  
175  355  
176  355  
177  355  
178  355  
179  355  
180  355  
181  355  
182  355  
183  355  
184  355  
185  355  
186  355  
156  356  
157  356  
158  356  
159  356  
160  356  
395  383  
395  384  
395  385  
395  386  
395  387  
395  388  
395  389  
395  390  
395  391  
395  392  
395  393  
395  394  
395  395  
395  396  
395  397  
395  398  
395  399  
395  400  
395  401  
395  402  
395  403  
395  404  
395  405  
395  406  
395  407  
395  408  
395  409  
395  410  
395  411  
395  412  
395  413  
137  390  
121  391  
122  391  
123  391  
124  391  
125  391  
126  391  
127  391  
128  391  
129  391  
130  391  
131  391  
132  391  
133  391  
134  391  
135  391  
136  391  
47  392  
48  392  
49  392  
50  392  
51  392  
52  392  
53  392  
54  392  
55  392  
56  392  
57  392  
58  392  
59  392  
60  392  
61  392  
62  392  
63  392  
64  392  
65  392  
66  392  
67  392  
68  392  
69  392  
70  392  
71  392  
72  392  
73  392  
74  392  
75  392  
76  392  
77  392  
78  392  
79  392  
80  392  
81  392  
82  392  
83  392  
84  392  
85  392  
86  392  
87  392  
88  392  
89  392  
90  392  
91  392  
92  392  
93  392  
94  392  
95  392  
96  392  
97  392  
98  392  
99  392  
100  392  
101  392  
102  392  
103  392  
104  392  
105  392  
106  392  
107  392  
108  392  
109  392  
110  392  
111  392  
112  392  
113  392  
114  392  
115  392  
116  392  
117  392  
118  392  
119  392  
120  392  
46  397  
47  398  
48  399  
49  400  
50  401  
51  402  
52  403  
53  404  
54  405  
55  406  
56  407  
57  408  
58  409  
59  410  
60  411  
61  412  
62  413  
62  414  
63  415  
64  415  
65  416  
66  417  
67  418  
315  410  
316  410  
317  410  
318  410  
319  410  
320  410  
321  410  
322  410  
323  410  
324  410  
325  410  
326  410  
327  410  
328  410  
329  410  
330  410  
331  410  
332  410  
333  410  
334  410  
335  410  
336  410  
337  410  
338  410  
339  410  
340  410  
341  410  
342  410  
343  410  
344  410  
361  410  
362  410  
363  410  
364  411  
365  411  
366  411  
367  411  
368  411  
369  411  
370  411  
371  411  
372  411  
373  411  
374  411  
375  411  
376  411  
377  411  
378  411  
379  411  
380  411  
381  411  
148  418  
149  418  
150  418  
151  418  
152  418  
153  418  
154  418  
155  418  
156  418  
157  418  
158  418  
159  418  
160  418  
161  418  
162  418  
163  418  
164  418  
165  418  
166  418  
167  418  
168  418  
169  418  
170  418  
171  418  
172  418  
173  418  
174  418  
175  418  
176  418  
177  418  
178  418  
179  418  
180  418  
181  418  
182  418  
183  418  
184  418  
185  418  
186  418  
187  418  
188  418  
189  418  
190  418  
191  418  
192  418  
193  418  
194  418  
195  418  
196  418  
197  418  
198  418  
221  418  
222  418  
223  418  
224  418  
225  418  
226  418  
227  418  
228  418  
229  418  
230  418  
231  418  
232  418  
233  418  
234  418  
235  418  
236  418  
237  418  
238  418  
239  418  
240  418  
241  418  
242  418  
243  418  
244  418  
245  418  
246  418  
247  418  
248  418  
249  418  
250  418  
251  418  
252  418  
253  418  
254  418  
255  418  
256  418  
257  418  
258  418  
259  418  
260  418  
261  419  
262  419  
263  419  
264  419  
265  419  
266  419  
267  419  
268  419  
269  419  
270  419  
271  419  
272  419  
273  419  
274  419  
275  419  
276  419  
277  419  
278  419  
279  419  
280  419  
281  419  
282  419  
283  419  
284  419  
285  419  
286  419  
287  419  
288  419  
289  419  
290  419  
291  419  
292  419  
293  419  
294  419  
295  419  
296  419  
297  419  
298  419  
299  419  
300  419  
301  420  
302  420  
303  420  
304  420  
305  420  
306  420  
307  420  
308  420  
309  420  
310  420  
311  420  
312  420  
313  420  
314  420  
315  420  
316  420  
317  420  
318  420  
319  420  
320  420  
321  420  
322  420  
323  420  
351  418  
352  418  
353  418  
354  418  
355  418  
356  418  
357  418  
358  418  
359  418  
360  418  
361  418  
362  418  
363  418  
364  418  
365  418  
366  418  
367  418  
368  418  
369  418  
370  418  
371  418  
372  418  
373  418  
374  418  
375  418  
376  418  
377  418  
378  418  
379  418  
380  418  
381  418  
69  420  
70  421  
70  422  
71  423  
72  424  
73  425  
74  426  
75  427  
76  428  
77  429  
78  430  
79  431  
80  432  
81  433  
82  434  
82  435  
83  436  
84  437  
85  438  
86  439  
87  440  
88  441  
89  442  
90  443  
91  443  
92  444  
93  445  
93  446  
94  447  
353  421  
354  421  
355  422  
356  422  
357  422  
358  422  
359  422  
360  422  
361  422  
362  422  
363  422  
364  422  
365  422  
366  422  
367  422  
368  422  
369  422  
370  422  
371  422  
372  422  
373  422  
374  422  
375  422  
376  422  
377  422  
378  422  
379  422  
380  422  
381  422  
382  422  
383  422  
384  422  
402  422  
403  422  
404  423  
405  423  
406  424  
407  424  
408  424  
409  425  
410  425  
411  425  
412  426  
413  426  
414  426  
415  427  
416  427  
417  427  
418  428  
419  428  
420  428  
421  429  
422  429  
427  431  
428  431  
429  431  
430  432  
431  432  
432  432  
433  433  
434  433  
435  433  
436  433  
437  433  
438  434  
439  435  
440  435  
441  435  
442  435  
443  435  
444  436  
445  436  
446  437  
447  437  
448  437  
398  432  
398  433  
398  434  
398  435  
398  436  
398  437  
398  438  
398  439  
398  440  
398  441  
398  442  
398  443  
398  444  
398  445  
398  446  
398  447  
398  448  
399  449  
399  450  
399  451  
399  452  
399  453  
399  454  
399  455  
399  456  
399  457  
399  458  
399  459  
399  460  
399  461  
399  462  
399  463  
399  464  
399  465  
399  466  
399  467  
399  468  
399  469  
438  438  
438  439  
438  440  
438  441  
438  442  
438  443  
438  444  
438  445  
438  446  
439  447  
439  448  
439  449  
439  450  
439  451  
439  452  
439  453  
439  454  
439  455  
439  456  
439  457  
439  458  
439  459  
439  460  
439  461  
439  462  
439  463  
439  464  
439  465  
439  466  
439  467  
439  468  
440  469  
440  470  
440  471  
440  472  
440  473  
440  474  
440  475  
395  444  
395  445  
395  446  
395  447  
395  448  
395  449  
395  450  
395  451  
395  452  
395  453  
395  454  
395  455  
395  456  
395  457  
395  458  
395  459  
395  460  
395  461  
395  462  
395  463  
395  464  
395  465  
395  466  
395  467  
395  468  
395  469  
395  470  
395  471  
395  472  
395  473  
395  474  
395  475  
395  476  
395  477  
395  478  
395  479  
395  480  
395  481  
395  482  
395  483  
395  484  
395  485  
395  486  
395  487  
395  488  
395  489  
395  490  
435  449  
435  450  
434  451  
434  452  
434  453  
434  454  
435  455  
435  456  
435  457  
435  458  
435  459  
435  460  
435  461  
435  462  
435  463  
435  464  
435  465  
435  466  
435  467  
435  468  
435  469  
435  470  
435  471  
435  472  
435  473  
435  474  
435  475  
435  476  
435  477  
435  478  
435  479  
435  480  
435  481  
435  482  
435  483  
435  484  
435  485  
435  486  
435  487  
435  488  
435  489  
435  490  
435  491  
435  492  
435  493  
435  494  
435  495  
435  496  
435  497  
434  498  
434  499  
434  500  
434  501  
434  502  
434  503  
434  504  
434  505  
434  506  
434  507  
434  508  
434  509  
434  510  
434  511  
434  512  
434  513  
434  514  
434  515  
434  516  
434  517  
434  518  
434  519  
434  520  
434  521  
434  522  
434  523  
434  524  
434  525  
434  526  
434  527  
434  528  
434  529  
434  530  
434  531  
434  532  
434  533  
434  534  
434  535  
434  536  
433  537  
433  538  
433  539  
433  540  
433  541  
433  542  
433  543  
433  544  
433  545  
433  546  
433  547  
433  548  
433  549  
433  550  
433  551  
433  552  
433  553  
433  554  
433  555  
433  556  
433  557  
433  558  
433  559  
433  560  
433  561  
433  562  
433  563  
433  564  
433  565  
433  566  
433  567  
433  568  
433  569  
433  570  
433  571  
433  572  
433  573  
433  574  
433  575  
432  576  
432  577  
432  578  
432  579  
432  580  
432  581  
432  582  
432  583  
432  584  
432  585  
432  586  
432  587  
432  588  
432  589  
432  590  
432  591  
432  592  
432  593  
432  594  
432  595  
432  596  
432  597  
432  598  
432  599  
432  600  
432  601  
432  602  
432  603  
432  604  
432  605  
432  606  
432  607  
432  608  
94  454  
94  455  
94  456  
94  457  
94  458  
93  459  
93  460  
93  461  
93  462  
92  463  
92  464  
92  465  
92  466  
92  467  
91  468  
91  469  
91  470  
91  471  
90  472  
90  473  
90  474  
90  475  
90  476  
89  477  
89  478  
89  479  
89  480  
89  481  
88  482  
88  483  
88  484  
398  477  
398  478  
398  479  
398  480  
398  481  
399  482  
399  483  
399  484  
399  485  
399  486  
399  487  
399  488  
399  489  
399  490  
399  491  
399  492  
399  493  
399  494  
399  495  
399  496  
399  497  
399  498  
399  499  
399  500  
399  501  
399  502  
399  503  
399  504  
399  505  
399  506  
399  507  
399  508  
399  509  
399  510  
399  511  
392  484  
392  485  
392  486  
392  487  
392  488  
392  489  
392  490  
392  491  
392  492  
392  493  
392  494  
392  495  
392  496  
392  497  
392  498  
392  499  
392  500  
392  501  
392  502  
392  503  
392  504  
392  505  
392  506  
392  507  
392  508  
392  509  
392  510  
392  511  
392  512  
392  513  
392  514  
392  515  
392  516  
392  517  
392  518  
392  519  
392  520  
392  521  
392  522  
392  523  
392  524  
392  525  
392  526  
392  527  
348  495  
349  495  
350  495  
351  495  
352  495  
353  495  
354  495  
355  495  
356  495  
357  495  
358  495  
359  495  
360  495  
361  495  
362  495  
363  495  
364  495  
365  495  
366  495  
367  495  
368  495  
369  495  
370  495  
84  504  
84  505  
83  506  
83  507  
83  508  
83  509  
82  510  
82  511  
82  512  
82  513  
81  514  
81  515  
81  516  
81  517  
81  518  
80  519  
80  520  
80  521  
80  522  
79  523  
79  524  
79  525  
79  526  
79  527  
78  528  
78  529  
78  530  
78  531  
78  532  
78  533  
77  534  
396  512  
396  513  
396  514  
396  515  
396  516  
396  517  
396  518  
396  519  
396  520  
396  521  
396  522  
396  523  
396  524  
396  525  
396  526  
396  527  
396  528  
396  529  
396  530  
396  531  
396  532  
396  533  
396  534  
396  535  
396  536  
396  537  
396  538  
396  539  
396  540  
396  541  
396  542  
396  543  
397  544  
397  545  
397  546  
397  547  
397  548  
397  549  
397  550  
397  551  
397  552  
397  553  
397  554  
397  555  
397  556  
397  557  
397  558  
397  559  
444  513  
443  514  
443  515  
443  516  
443  517  
443  518  
443  519  
443  520  
443  521  
443  522  
443  523  
443  524  
443  525  
443  526  
443  527  
443  528  
443  529  
443  530  
443  531  
443  532  
443  533  
443  534  
443  535  
443  536  
443  537  
443  538  
443  539  
443  540  
443  541  
443  542  
443  543  
443  544  
443  545  
443  546  
443  547  
443  548  
443  549  
443  550  
443  551  
443  552  
443  553  
443  554  
443  555  
443  556  
443  557  
443  558  
443  559  
444  560  
444  561  
444  562  
443  563  
392  529  
392  530  
392  531  
392  532  
392  533  
392  534  
392  535  
392  536  
392  537  
392  538  
393  539  
393  540  
393  541  
393  542  
393  543  
393  544  
393  545  
393  546  
393  547  
393  548  
393  549  
393  550  
393  551  
393  552  
393  553  
393  554  
393  555  
393  556  
393  557  
393  558  
393  559  
393  560  
393  561  
394  562  
394  563  
394  564  
394  565  
394  566  
394  567  
394  568  
394  569  
394  570  
394  571  
394  572  
394  573  
394  574  
394  575  
394  576  
394  577  
394  578  
394  579  
394  580  
394  581  
394  582  
394  583  
394  584  
394  585  
394  586  
394  587  
394  588  
394  589  
394  590  
394  591  
394  592  
394  593  
394  594  
394  595  
394  596  
394  597  
394  598  
394  599  
394  600  
394  601  
394  602  
394  603  
394  604  
394  605  
394  606  
394  607  
394  608  
73  556  
73  557  
73  558  
73  559  
72  560  
72  561  
72  562  
72  563  
71  564  
71  565  
71  566  
71  567  
71  568  
71  569  
70  570  
70  571  
70  572  
70  573  
69  574  
69  575  
69  576  
69  577  
69  578  
68  579  
68  580  
68  581  
68  582  
68  583  
67  584  
67  585  
67  586  
67  587  
445  581  
445  582  
445  583  
445  584  
445  585  
445  586  
445  587  
445  588  
445  589  
445  590  
445  591  
445  592  
445  593  
445  594  
445  595  
445  596  
445  597  
445  598  
446  599  
446  600  
446  601  
446  602  
446  603  
446  604  
446  605  
446  606  
446  607  
446  608  
398  583  
398  584  
398  585  
398  586  
398  587  
398  588  
398  589  
398  590  
398  591  
398  592  
398  593  
398  594  
398  595  
398  596  
398  597  
398  598  
398  599  
398  600  
398  601  
398  602  
398  603  
398  604  
398  605  
398  606  
398  607  
398  608  
233  603  
230  604  
231  604  
232  604  
234  604  
235  604  
236  604  
237  604  
238  604  
239  604  
240  604  
241  604  
242  604  
243  604  
244  604  
245  604  
246  604  
229  605  
247  605  
229  606  
247  606  
229  607  
247  607  
229  608  
246  608  
