115  
21  34  26  35  60  37  84  24  21  45  26  37  44  26  35  43  22  33  50  28  47  29  44  32  26  34  30  73  23  53  38  49  20  45  53  79  33  23  24  164  59  21  56  34  22  21  31  27  26  38  30  24  27  22  29  20  47  23  24  29  21  31  119  52  24  138  181  40  46  36  23  34  20  27  22  28  36  39  34  32  31  29  27  26  31  40  21  23  52  47  147  53  54  37  29  36  28  52  63  29  24  34  27  31  39  23  23  51  75  26  62  44  42  45  20  
212  32  
212  33  
212  34  
213  35  
213  36  
213  37  
213  38  
214  39  
214  40  
214  41  
214  42  
215  43  
215  44  
215  45  
215  46  
216  47  
216  48  
216  49  
217  50  
217  51  
217  52  
431  41  
431  42  
431  43  
431  44  
431  45  
431  46  
432  47  
432  48  
432  49  
432  50  
432  51  
432  52  
432  53  
432  54  
433  55  
433  56  
433  57  
433  58  
433  59  
433  60  
433  61  
433  62  
434  63  
434  64  
434  65  
434  66  
434  67  
434  68  
434  69  
434  70  
434  71  
434  72  
434  73  
434  74  
435  42  
435  43  
435  44  
435  45  
435  46  
435  47  
435  48  
435  49  
435  50  
436  51  
436  52  
436  53  
436  54  
436  55  
436  56  
436  57  
436  58  
437  59  
437  60  
437  61  
437  62  
437  63  
437  64  
437  65  
437  66  
437  67  
381  57  
382  57  
383  57  
384  57  
385  57  
386  57  
387  57  
388  57  
369  58  
370  58  
371  58  
372  58  
373  58  
374  58  
375  58  
376  58  
377  58  
378  58  
379  58  
380  58  
360  59  
361  59  
362  59  
363  59  
364  59  
365  59  
366  59  
367  59  
368  59  
354  60  
355  60  
356  60  
357  60  
358  60  
359  60  
279  58  
280  58  
281  58  
282  58  
283  58  
269  59  
270  59  
271  59  
272  59  
273  59  
274  59  
275  59  
276  59  
277  59  
278  59  
261  60  
262  60  
263  60  
264  60  
265  60  
266  60  
267  60  
268  60  
247  61  
248  61  
249  61  
250  61  
253  61  
254  61  
255  61  
256  61  
257  61  
258  61  
259  61  
260  61  
240  62  
241  62  
242  62  
243  62  
244  62  
245  62  
246  62  
251  62  
252  62  
229  63  
230  63  
231  63  
232  63  
233  63  
234  63  
235  63  
236  63  
237  63  
238  63  
239  63  
224  64  
225  64  
226  64  
227  64  
228  64  
330  65  
323  66  
324  66  
325  66  
326  66  
327  66  
328  66  
329  66  
309  67  
310  67  
311  67  
312  67  
313  67  
314  67  
315  67  
316  67  
317  67  
318  67  
319  67  
320  67  
321  67  
322  67  
302  68  
303  68  
304  68  
305  68  
306  68  
307  68  
308  68  
294  69  
295  69  
296  69  
297  69  
298  69  
299  69  
300  69  
301  69  
217  66  
217  67  
216  68  
216  69  
215  70  
215  71  
215  72  
214  73  
214  74  
213  75  
213  76  
213  77  
212  78  
212  79  
212  80  
211  81  
211  82  
211  83  
210  84  
210  85  
209  86  
209  87  
209  88  
208  89  
208  90  
208  91  
207  92  
207  93  
207  94  
206  95  
206  96  
206  97  
205  98  
205  99  
204  100  
204  101  
204  102  
203  103  
203  104  
202  105  
202  106  
202  107  
201  108  
201  109  
201  110  
200  111  
200  112  
200  113  
199  114  
199  115  
198  116  
198  117  
198  118  
197  119  
197  120  
197  121  
196  122  
196  123  
195  124  
195  125  
195  126  
194  127  
194  128  
194  129  
193  130  
193  131  
192  132  
192  133  
192  134  
191  135  
191  136  
191  137  
190  138  
190  139  
190  140  
189  141  
189  142  
188  143  
188  144  
188  145  
187  146  
187  147  
186  148  
186  149  
369  66  
370  66  
371  66  
372  66  
373  66  
374  66  
375  66  
376  66  
377  66  
358  67  
359  67  
360  67  
361  67  
362  67  
363  67  
364  67  
365  67  
366  67  
367  67  
368  67  
354  68  
355  68  
356  68  
357  68  
223  68  
223  69  
222  70  
222  71  
222  72  
221  73  
221  74  
220  75  
220  76  
219  77  
219  78  
219  79  
218  80  
218  81  
218  82  
217  83  
217  84  
217  85  
216  86  
216  87  
216  88  
397  68  
398  68  
384  69  
385  69  
386  69  
387  69  
388  69  
389  69  
390  69  
391  69  
392  69  
393  69  
394  69  
395  69  
396  69  
372  70  
373  70  
374  70  
375  70  
376  70  
377  70  
378  70  
379  70  
380  70  
381  70  
382  70  
383  70  
361  71  
362  71  
363  71  
364  71  
365  71  
366  71  
367  71  
368  71  
369  71  
370  71  
371  71  
354  72  
355  72  
356  72  
357  72  
358  72  
359  72  
360  72  
266  72  
252  73  
253  73  
254  73  
255  73  
256  73  
257  73  
258  73  
259  73  
260  73  
261  73  
262  73  
263  73  
264  73  
265  73  
243  74  
244  74  
245  74  
246  74  
247  74  
248  74  
249  74  
250  74  
251  74  
241  75  
242  75  
316  80  
317  80  
318  80  
319  80  
320  80  
321  80  
322  80  
323  80  
324  80  
325  80  
326  80  
305  81  
306  81  
307  81  
308  81  
309  81  
310  81  
311  81  
312  81  
313  81  
314  81  
315  81  
290  82  
291  82  
292  82  
293  82  
294  82  
295  82  
296  82  
297  82  
298  82  
299  82  
300  82  
301  82  
302  82  
303  82  
304  82  
390  83  
391  83  
392  83  
393  83  
375  84  
376  84  
377  84  
378  84  
379  84  
380  84  
381  84  
382  84  
383  84  
384  84  
385  84  
386  84  
387  84  
388  84  
389  84  
363  85  
364  85  
365  85  
366  85  
367  85  
368  85  
369  85  
370  85  
371  85  
372  85  
373  85  
374  85  
350  86  
351  86  
352  86  
353  86  
354  86  
355  86  
356  86  
357  86  
358  86  
359  86  
360  86  
361  86  
362  86  
263  84  
264  84  
253  85  
254  85  
255  85  
256  85  
257  85  
258  85  
259  85  
260  85  
261  85  
262  85  
244  86  
245  86  
246  86  
247  86  
248  86  
249  86  
250  86  
251  86  
252  86  
239  87  
240  87  
241  87  
242  87  
243  87  
215  90  
215  91  
214  92  
214  93  
214  94  
213  95  
213  96  
213  97  
212  98  
212  99  
212  100  
211  101  
211  102  
211  103  
210  104  
210  105  
209  106  
209  107  
208  108  
208  109  
208  110  
208  111  
207  112  
207  113  
206  114  
206  115  
206  116  
205  117  
205  118  
205  119  
204  120  
204  121  
204  122  
203  123  
203  124  
392  97  
393  97  
377  98  
378  98  
379  98  
380  98  
381  98  
382  98  
383  98  
384  98  
385  98  
386  98  
387  98  
388  98  
389  98  
390  98  
391  98  
364  99  
365  99  
366  99  
367  99  
368  99  
369  99  
370  99  
371  99  
372  99  
373  99  
374  99  
375  99  
376  99  
356  100  
357  100  
358  100  
359  100  
360  100  
361  100  
362  100  
363  100  
351  101  
352  101  
353  101  
354  101  
355  101  
369  107  
370  107  
371  107  
372  107  
373  107  
374  107  
375  107  
376  107  
363  108  
364  108  
365  108  
366  108  
367  108  
368  108  
358  109  
359  109  
360  109  
361  109  
362  109  
355  110  
356  110  
357  110  
308  108  
309  108  
310  108  
311  108  
312  108  
313  108  
314  108  
315  108  
316  108  
317  108  
318  108  
319  108  
320  108  
296  109  
297  109  
298  109  
299  109  
300  109  
301  109  
302  109  
303  109  
304  109  
305  109  
306  109  
307  109  
288  110  
289  110  
290  110  
291  110  
292  110  
293  110  
294  110  
295  110  
388  112  
389  112  
390  112  
391  112  
392  112  
393  112  
394  112  
395  112  
396  112  
397  112  
398  112  
399  112  
400  112  
378  113  
379  113  
380  113  
381  113  
382  113  
383  113  
384  113  
385  113  
386  113  
387  113  
362  114  
363  114  
364  114  
365  114  
366  114  
367  114  
368  114  
369  114  
370  114  
371  114  
372  114  
373  114  
374  114  
375  114  
376  114  
377  114  
351  115  
352  115  
353  115  
354  115  
355  115  
356  115  
357  115  
358  115  
359  115  
360  115  
361  115  
305  117  
306  117  
307  117  
308  117  
309  117  
310  117  
311  117  
312  117  
313  117  
314  117  
315  117  
316  117  
317  117  
318  117  
319  117  
296  118  
297  118  
298  118  
299  118  
300  118  
301  118  
302  118  
303  118  
304  118  
292  119  
293  119  
294  119  
295  119  
325  123  
312  124  
313  124  
314  124  
315  124  
316  124  
317  124  
318  124  
319  124  
320  124  
321  124  
322  124  
323  124  
324  124  
326  124  
327  124  
294  125  
295  125  
296  125  
297  125  
298  125  
299  125  
300  125  
301  125  
302  125  
303  125  
304  125  
305  125  
306  125  
307  125  
308  125  
309  125  
310  125  
311  125  
281  126  
284  126  
285  126  
286  126  
287  126  
288  126  
289  126  
290  126  
291  126  
292  126  
293  126  
282  127  
283  127  
254  128  
241  129  
242  129  
243  129  
244  129  
245  129  
246  129  
247  129  
248  129  
249  129  
250  129  
251  129  
252  129  
253  129  
229  130  
230  130  
231  130  
232  130  
233  130  
234  130  
235  130  
236  130  
237  130  
238  130  
239  130  
240  130  
226  131  
227  131  
228  131  
387  130  
388  130  
389  130  
390  130  
391  130  
392  130  
393  130  
370  131  
371  131  
372  131  
373  131  
374  131  
375  131  
376  131  
377  131  
378  131  
379  131  
380  131  
381  131  
382  131  
383  131  
384  131  
385  131  
386  131  
357  132  
358  132  
359  132  
360  132  
361  132  
362  132  
363  132  
364  132  
365  132  
366  132  
367  132  
368  132  
369  132  
350  133  
351  133  
352  133  
353  133  
354  133  
355  133  
356  133  
420  136  
420  137  
420  138  
420  139  
420  140  
420  141  
420  142  
420  143  
420  144  
420  145  
420  146  
420  147  
420  148  
420  149  
420  150  
420  151  
420  152  
420  153  
420  154  
420  155  
420  156  
420  157  
420  158  
420  159  
420  160  
420  161  
420  162  
420  163  
420  164  
420  165  
420  166  
420  167  
328  139  
329  139  
330  139  
311  140  
312  140  
317  140  
318  140  
319  140  
320  140  
321  140  
322  140  
323  140  
324  140  
325  140  
326  140  
327  140  
331  140  
313  141  
314  141  
315  141  
316  141  
331  141  
331  142  
329  143  
330  143  
328  144  
302  141  
303  141  
304  141  
305  141  
306  141  
307  141  
308  141  
309  141  
288  142  
289  142  
290  142  
291  142  
292  142  
293  142  
294  142  
295  142  
296  142  
297  142  
298  142  
299  142  
300  142  
301  142  
276  143  
277  143  
278  143  
279  143  
280  143  
281  143  
282  143  
283  143  
284  143  
285  143  
286  143  
287  143  
234  146  
235  146  
236  146  
237  146  
238  146  
239  146  
240  146  
241  146  
242  146  
243  146  
244  146  
245  146  
218  147  
219  147  
220  147  
221  147  
222  147  
223  147  
224  147  
225  147  
226  147  
227  147  
228  147  
229  147  
230  147  
231  147  
232  147  
233  147  
216  148  
217  148  
337  148  
337  149  
337  150  
336  151  
336  152  
336  153  
336  154  
336  155  
336  156  
336  157  
336  158  
336  159  
336  160  
336  161  
336  162  
336  163  
336  164  
336  165  
336  166  
336  167  
336  168  
336  169  
336  170  
336  171  
336  172  
336  173  
336  174  
336  175  
336  176  
336  177  
336  178  
336  179  
336  180  
336  181  
336  182  
336  183  
335  184  
335  185  
335  186  
335  187  
335  188  
335  189  
335  190  
335  191  
335  192  
335  193  
335  194  
335  195  
335  196  
335  197  
335  198  
335  199  
335  200  
335  201  
335  202  
335  203  
335  204  
335  205  
335  206  
336  207  
336  208  
336  209  
335  210  
335  211  
335  212  
336  213  
336  214  
336  215  
336  216  
336  217  
336  218  
336  219  
336  220  
359  149  
360  149  
361  149  
362  149  
363  149  
364  149  
365  149  
366  149  
367  149  
368  149  
369  149  
370  149  
371  149  
349  150  
350  150  
351  150  
352  150  
353  150  
354  150  
355  150  
356  150  
357  150  
358  150  
138  157  
138  158  
137  159  
137  160  
136  161  
136  162  
135  163  
135  164  
135  165  
134  166  
134  167  
133  168  
133  169  
133  170  
132  171  
132  172  
131  173  
131  174  
130  175  
130  176  
130  177  
129  178  
129  179  
128  180  
128  181  
127  182  
127  183  
126  184  
126  185  
125  186  
125  187  
125  188  
124  189  
124  190  
124  191  
123  192  
123  193  
122  194  
122  195  
121  196  
121  197  
121  198  
120  199  
120  200  
119  201  
119  202  
118  203  
118  204  
118  205  
117  206  
117  207  
116  208  
116  209  
163  163  
163  164  
162  165  
162  166  
162  167  
161  168  
161  169  
160  170  
160  171  
159  172  
159  173  
159  174  
158  175  
158  176  
157  177  
157  178  
156  179  
156  180  
155  181  
155  182  
155  183  
154  184  
154  185  
154  186  
153  187  
153  188  
152  189  
152  190  
151  191  
151  192  
150  193  
150  194  
150  195  
149  196  
149  197  
148  198  
148  199  
147  200  
311  166  
312  166  
313  166  
314  166  
315  166  
295  167  
296  167  
297  167  
298  167  
299  167  
300  167  
301  167  
302  167  
303  167  
304  167  
305  167  
306  167  
307  167  
308  167  
309  167  
310  167  
316  167  
280  168  
281  168  
282  168  
283  168  
284  168  
285  168  
286  168  
287  168  
288  168  
289  168  
290  168  
291  168  
292  168  
293  168  
294  168  
268  169  
269  169  
270  169  
271  169  
272  169  
273  169  
274  169  
275  169  
276  169  
277  169  
278  169  
279  169  
396  170  
396  171  
396  172  
396  173  
396  174  
396  175  
396  176  
396  177  
396  178  
396  179  
396  180  
396  181  
396  182  
396  183  
396  184  
396  185  
396  186  
395  187  
395  188  
395  189  
222  171  
223  171  
224  171  
225  171  
226  171  
227  171  
228  171  
229  171  
230  171  
231  171  
232  171  
233  171  
234  171  
235  171  
236  171  
237  171  
210  172  
211  172  
212  172  
213  172  
214  172  
215  172  
216  172  
217  172  
218  172  
219  172  
220  172  
221  172  
195  173  
196  173  
197  173  
198  173  
199  173  
200  173  
201  173  
202  173  
203  173  
204  173  
205  173  
206  173  
207  173  
208  173  
209  173  
193  174  
194  174  
448  200  
448  201  
448  202  
448  203  
448  204  
448  205  
448  206  
448  207  
448  208  
448  209  
448  210  
448  211  
448  212  
448  213  
448  214  
448  215  
448  216  
448  217  
448  218  
448  219  
448  220  
447  221  
447  222  
447  223  
447  224  
447  225  
447  226  
447  227  
447  228  
446  229  
446  230  
446  231  
446  232  
446  233  
446  234  
446  235  
446  236  
446  237  
446  238  
446  239  
446  240  
446  241  
446  242  
446  243  
446  244  
446  245  
446  246  
446  247  
446  248  
446  249  
446  250  
446  251  
446  252  
348  207  
348  208  
348  209  
348  210  
348  211  
348  212  
348  213  
348  214  
348  215  
348  216  
348  217  
348  218  
348  219  
348  220  
348  221  
348  222  
348  223  
348  224  
348  225  
347  226  
347  227  
347  228  
347  229  
347  230  
347  231  
347  232  
347  233  
347  234  
347  235  
347  236  
347  237  
347  238  
347  239  
347  240  
347  241  
347  242  
347  243  
346  244  
346  245  
346  246  
346  247  
346  248  
346  249  
346  250  
346  251  
346  252  
346  253  
346  254  
346  255  
346  256  
346  257  
346  258  
346  259  
346  260  
346  261  
346  262  
346  263  
345  264  
345  265  
345  266  
345  267  
345  268  
345  269  
345  270  
345  271  
345  272  
345  273  
345  274  
345  275  
345  276  
345  277  
345  278  
345  279  
345  280  
345  281  
345  282  
345  283  
345  284  
345  285  
108  226  
107  227  
107  228  
107  229  
106  230  
106  231  
105  232  
105  233  
104  234  
104  235  
104  236  
103  237  
103  238  
102  239  
102  240  
102  241  
101  242  
101  243  
100  244  
100  245  
99  246  
99  247  
98  248  
98  249  
97  250  
97  251  
97  252  
96  253  
96  254  
95  255  
95  256  
94  257  
94  258  
387  230  
386  231  
386  232  
386  233  
386  234  
386  235  
386  236  
386  237  
386  238  
386  239  
386  240  
386  241  
386  242  
386  243  
386  244  
387  245  
387  246  
387  247  
387  248  
387  249  
387  250  
387  251  
387  252  
395  230  
396  230  
397  230  
398  230  
399  230  
400  230  
401  230  
402  230  
403  230  
404  230  
405  230  
406  230  
407  230  
408  230  
409  230  
410  230  
411  230  
412  230  
413  230  
414  230  
415  230  
416  230  
417  230  
394  231  
321  233  
322  233  
323  233  
324  233  
296  234  
297  234  
298  234  
299  234  
300  234  
301  234  
302  234  
303  234  
304  234  
305  234  
306  234  
307  234  
308  234  
309  234  
310  234  
311  234  
312  234  
313  234  
314  234  
315  234  
316  234  
317  234  
318  234  
319  234  
320  234  
274  235  
275  235  
276  235  
277  235  
278  235  
279  235  
280  235  
281  235  
282  235  
283  235  
284  235  
285  235  
286  235  
287  235  
288  235  
289  235  
290  235  
291  235  
292  235  
293  235  
294  235  
295  235  
249  236  
250  236  
251  236  
252  236  
253  236  
254  236  
255  236  
256  236  
257  236  
258  236  
259  236  
260  236  
261  236  
262  236  
263  236  
264  236  
265  236  
266  236  
267  236  
268  236  
269  236  
270  236  
271  236  
272  236  
273  236  
230  237  
231  237  
232  237  
233  237  
234  237  
235  237  
236  237  
237  237  
238  237  
239  237  
240  237  
241  237  
242  237  
243  237  
244  237  
245  237  
246  237  
247  237  
248  237  
212  238  
213  238  
214  238  
215  238  
216  238  
217  238  
218  238  
219  238  
220  238  
221  238  
222  238  
223  238  
224  238  
225  238  
226  238  
227  238  
228  238  
229  238  
188  239  
189  239  
190  239  
191  239  
192  239  
193  239  
194  239  
195  239  
196  239  
197  239  
198  239  
199  239  
200  239  
201  239  
202  239  
203  239  
204  239  
205  239  
206  239  
207  239  
208  239  
209  239  
210  239  
211  239  
166  240  
167  240  
168  240  
169  240  
170  240  
171  240  
172  240  
173  240  
174  240  
175  240  
176  240  
177  240  
178  240  
179  240  
180  240  
181  240  
182  240  
183  240  
184  240  
185  240  
186  240  
187  240  
161  241  
162  241  
163  241  
164  241  
165  241  
331  240  
331  241  
331  242  
331  243  
331  244  
331  245  
331  246  
331  247  
331  248  
331  249  
330  250  
330  251  
330  252  
330  253  
330  254  
330  255  
330  256  
330  257  
330  258  
330  259  
330  260  
330  261  
330  262  
330  263  
330  264  
330  265  
330  266  
330  267  
330  268  
329  269  
329  270  
329  271  
329  272  
329  273  
329  274  
329  275  
329  276  
329  277  
329  278  
329  279  
329  280  
329  281  
329  282  
329  283  
328  284  
328  285  
328  286  
328  287  
328  288  
328  289  
328  290  
328  291  
328  292  
328  293  
328  294  
328  295  
327  296  
327  297  
327  298  
337  245  
337  246  
336  247  
336  248  
336  249  
336  250  
336  251  
336  252  
336  253  
336  254  
336  255  
336  256  
336  257  
336  258  
336  259  
336  260  
336  261  
336  262  
336  263  
336  264  
336  265  
127  251  
127  252  
126  253  
126  254  
125  255  
125  256  
125  257  
124  258  
124  259  
124  260  
123  261  
123  262  
122  263  
122  264  
122  265  
121  266  
121  267  
121  268  
120  269  
120  270  
119  271  
119  272  
119  273  
118  274  
118  275  
117  276  
117  277  
117  278  
116  279  
116  280  
116  281  
115  282  
115  283  
114  284  
114  285  
114  286  
113  287  
113  288  
113  289  
112  290  
112  291  
111  292  
111  293  
111  294  
110  295  
110  296  
109  297  
109  298  
108  299  
108  300  
108  301  
107  302  
107  303  
107  304  
106  305  
106  306  
119  258  
119  259  
118  260  
118  261  
118  262  
117  263  
117  264  
117  265  
116  266  
116  267  
115  268  
115  269  
114  270  
114  271  
114  272  
113  273  
113  274  
113  275  
112  276  
112  277  
112  278  
111  279  
111  280  
110  281  
110  282  
109  283  
109  284  
109  285  
108  286  
108  287  
108  288  
107  289  
107  290  
106  291  
289  272  
290  272  
291  272  
295  272  
296  272  
297  272  
298  272  
279  273  
280  273  
281  273  
282  273  
283  273  
284  273  
285  273  
286  273  
287  273  
288  273  
292  273  
293  273  
294  273  
299  273  
300  273  
248  275  
249  275  
250  275  
251  275  
252  275  
253  275  
254  275  
255  275  
256  275  
257  275  
258  275  
259  275  
260  275  
261  275  
262  275  
263  275  
264  275  
265  275  
266  275  
267  275  
247  276  
307  275  
307  276  
307  277  
307  278  
307  279  
307  280  
307  281  
306  282  
306  283  
306  284  
306  285  
306  286  
306  287  
306  288  
305  289  
305  290  
305  291  
305  292  
305  293  
305  294  
305  295  
305  296  
305  297  
305  298  
305  299  
305  300  
305  301  
304  302  
304  303  
304  304  
304  305  
154  279  
155  279  
156  279  
157  279  
158  279  
159  279  
160  279  
161  279  
162  279  
163  279  
164  279  
165  279  
166  279  
167  279  
168  279  
169  279  
170  279  
171  279  
172  279  
173  279  
174  279  
175  279  
176  279  
177  279  
178  279  
179  279  
180  279  
237  279  
237  280  
237  281  
236  282  
236  283  
236  284  
236  285  
236  286  
235  287  
235  288  
235  289  
235  290  
234  291  
234  292  
234  293  
234  294  
234  295  
233  296  
233  297  
233  298  
233  299  
233  300  
232  301  
232  302  
232  303  
232  304  
311  279  
311  280  
311  281  
311  282  
311  283  
311  284  
311  285  
310  286  
310  287  
310  288  
310  289  
310  290  
310  291  
310  292  
310  293  
310  294  
310  295  
310  296  
310  297  
310  298  
309  299  
309  300  
309  301  
309  302  
309  303  
309  304  
309  305  
309  306  
309  307  
309  308  
309  309  
309  310  
309  311  
309  312  
309  313  
309  314  
309  315  
309  316  
212  282  
211  283  
211  284  
211  285  
211  286  
211  287  
210  288  
210  289  
210  290  
210  291  
209  292  
209  293  
209  294  
208  295  
208  296  
208  297  
208  298  
207  299  
207  300  
207  301  
206  302  
206  303  
206  304  
206  305  
205  306  
205  307  
205  308  
204  309  
204  310  
204  311  
216  282  
216  283  
215  284  
215  285  
215  286  
215  287  
215  288  
215  289  
214  290  
214  291  
214  292  
213  293  
213  294  
213  295  
213  296  
212  297  
212  298  
212  299  
212  300  
211  301  
211  302  
211  303  
210  304  
210  305  
226  282  
226  283  
226  284  
225  285  
225  286  
225  287  
225  288  
225  289  
224  290  
224  291  
224  292  
224  293  
224  294  
223  295  
223  296  
223  297  
223  298  
222  299  
222  300  
222  301  
222  302  
221  303  
221  304  
221  305  
221  306  
221  307  
221  308  
135  285  
135  286  
135  287  
135  288  
134  289  
134  290  
133  291  
133  292  
132  293  
132  294  
132  295  
132  296  
131  297  
131  298  
130  299  
130  300  
130  301  
129  302  
129  303  
129  304  
128  305  
128  306  
151  307  
152  307  
153  307  
154  307  
155  307  
156  307  
157  307  
158  307  
159  307  
160  307  
161  307  
162  307  
163  307  
164  307  
165  307  
166  307  
167  307  
168  307  
169  307  
170  307  
171  307  
172  307  
173  307  
174  307  
175  307  
176  307  
177  307  
178  307  
179  307  
274  314  
275  314  
276  314  
277  314  
279  314  
280  314  
281  314  
282  314  
283  314  
284  314  
285  314  
286  314  
287  314  
288  314  
289  314  
290  314  
291  314  
292  314  
293  314  
278  315  
178  316  
179  316  
180  316  
183  316  
184  316  
185  316  
186  316  
187  316  
188  316  
189  316  
190  316  
191  316  
192  316  
193  316  
194  316  
195  316  
196  316  
197  316  
198  316  
152  317  
153  317  
154  317  
155  317  
156  317  
157  317  
158  317  
159  317  
160  317  
161  317  
162  317  
163  317  
164  317  
165  317  
166  317  
167  317  
168  317  
169  317  
170  317  
171  317  
172  317  
173  317  
174  317  
175  317  
176  317  
177  317  
181  317  
182  317  
105  317  
106  318  
106  319  
106  320  
107  321  
107  322  
107  323  
108  324  
108  325  
108  326  
109  327  
109  328  
110  329  
110  330  
111  331  
111  332  
111  333  
112  334  
112  335  
113  336  
113  337  
114  338  
114  339  
183  332  
184  332  
185  332  
186  332  
187  332  
188  332  
189  332  
190  332  
191  332  
192  332  
193  332  
194  332  
195  332  
196  332  
197  332  
198  332  
199  332  
200  332  
201  332  
202  332  
203  332  
204  332  
205  332  
206  332  
270  333  
271  333  
243  334  
244  334  
245  334  
246  334  
247  334  
248  334  
249  334  
250  334  
251  334  
252  334  
253  334  
254  334  
255  334  
256  334  
257  334  
258  334  
259  334  
260  334  
261  334  
262  334  
263  334  
264  334  
265  334  
266  334  
267  334  
268  334  
269  334  
41  334  
41  335  
40  336  
40  337  
39  338  
39  339  
38  340  
38  341  
37  342  
37  343  
36  344  
36  345  
35  346  
35  347  
34  348  
34  349  
34  350  
33  351  
33  352  
32  353  
32  354  
153  334  
154  334  
155  334  
156  334  
157  334  
158  334  
159  334  
160  334  
161  334  
162  334  
163  334  
164  334  
165  334  
166  334  
167  334  
168  334  
169  334  
170  334  
171  334  
172  334  
173  334  
147  335  
148  335  
149  335  
150  335  
151  335  
152  335  
143  336  
144  336  
145  336  
146  336  
293  343  
294  343  
295  343  
296  343  
297  343  
298  343  
299  343  
300  343  
301  343  
302  343  
303  343  
304  343  
305  343  
306  343  
307  343  
308  343  
309  343  
310  343  
311  343  
312  343  
313  343  
314  343  
315  343  
316  343  
317  343  
318  343  
319  343  
320  343  
321  343  
322  343  
323  343  
205  344  
206  344  
207  344  
208  344  
209  344  
210  344  
211  344  
212  344  
213  344  
214  344  
215  344  
216  344  
217  344  
218  344  
219  344  
220  344  
221  344  
222  344  
223  344  
224  344  
225  344  
226  344  
227  344  
228  344  
229  344  
230  344  
231  344  
232  344  
233  344  
234  344  
235  344  
236  344  
237  344  
238  344  
239  344  
240  344  
241  344  
242  344  
243  344  
244  344  
245  344  
246  344  
247  344  
248  344  
249  344  
250  344  
251  344  
252  344  
253  344  
254  344  
255  344  
256  344  
257  344  
258  344  
259  344  
260  344  
261  344  
262  344  
263  344  
264  344  
265  344  
266  344  
267  344  
268  344  
269  344  
270  344  
271  344  
272  344  
273  344  
274  344  
275  344  
276  344  
277  344  
278  344  
279  344  
280  344  
281  344  
282  344  
283  344  
284  344  
285  344  
286  344  
287  344  
288  344  
289  344  
290  344  
291  344  
292  344  
143  344  
144  344  
145  344  
146  344  
147  344  
148  344  
149  344  
150  344  
151  344  
152  345  
153  345  
154  345  
155  345  
156  345  
157  345  
158  345  
159  345  
160  345  
161  345  
162  345  
163  345  
164  345  
165  345  
166  345  
167  345  
168  345  
169  345  
170  345  
171  345  
172  345  
173  345  
174  345  
175  345  
176  345  
177  345  
178  345  
179  345  
180  345  
181  345  
182  345  
183  345  
184  345  
185  345  
186  345  
187  345  
188  345  
189  345  
190  345  
191  345  
192  345  
193  345  
194  345  
113  345  
114  346  
114  347  
113  348  
113  349  
113  350  
112  351  
112  352  
112  353  
111  354  
111  355  
111  356  
110  357  
110  358  
110  359  
109  360  
109  361  
109  362  
108  363  
108  364  
108  365  
107  366  
107  367  
107  368  
107  346  
107  347  
106  348  
106  349  
106  350  
105  351  
105  352  
105  353  
104  354  
104  355  
104  356  
103  357  
103  358  
103  359  
103  360  
102  361  
102  362  
102  363  
101  364  
101  365  
101  366  
100  367  
100  368  
100  369  
99  370  
99  371  
98  372  
98  373  
98  374  
97  375  
97  376  
96  377  
96  378  
96  379  
95  380  
95  381  
94  382  
94  383  
94  384  
93  385  
93  386  
93  387  
92  388  
92  389  
92  390  
91  391  
91  392  
91  393  
90  394  
90  395  
90  396  
89  397  
89  398  
88  399  
88  400  
88  401  
87  402  
87  403  
87  404  
86  405  
86  406  
86  407  
85  408  
85  409  
84  410  
84  411  
84  412  
83  413  
83  414  
83  415  
82  416  
82  417  
82  418  
81  419  
81  420  
81  421  
80  422  
80  423  
79  424  
79  425  
79  426  
78  427  
78  428  
78  429  
77  430  
77  431  
76  432  
76  433  
76  434  
75  435  
75  436  
75  437  
74  438  
74  439  
74  440  
73  441  
73  442  
73  443  
72  444  
72  445  
71  446  
71  447  
71  448  
70  449  
70  450  
70  451  
69  452  
69  453  
68  454  
68  455  
68  456  
67  457  
67  458  
67  459  
66  460  
66  461  
66  462  
65  463  
65  464  
64  465  
64  466  
64  467  
63  468  
63  469  
63  470  
62  471  
62  472  
62  473  
61  474  
61  475  
61  476  
60  477  
60  478  
59  479  
59  480  
58  481  
58  482  
58  483  
329  348  
330  348  
331  348  
332  348  
333  348  
334  348  
335  348  
336  348  
337  348  
338  348  
339  348  
340  348  
341  348  
246  349  
247  349  
248  349  
249  349  
250  349  
251  349  
252  349  
253  349  
254  349  
255  349  
256  349  
257  349  
258  349  
259  349  
260  349  
261  349  
262  349  
263  349  
264  349  
265  349  
266  349  
267  349  
268  349  
269  349  
270  349  
271  349  
272  349  
273  349  
274  349  
275  349  
276  349  
277  349  
278  349  
279  349  
280  349  
281  349  
282  349  
283  349  
284  349  
285  349  
286  349  
287  349  
288  349  
289  349  
290  349  
291  349  
292  349  
293  349  
294  349  
295  349  
296  349  
297  349  
298  349  
299  349  
300  349  
301  349  
302  349  
303  349  
304  349  
305  349  
306  349  
307  349  
308  349  
309  349  
310  349  
311  349  
312  349  
313  349  
314  349  
315  349  
316  349  
317  349  
318  349  
319  349  
320  349  
321  349  
322  349  
323  349  
324  349  
325  349  
326  349  
327  349  
328  349  
161  350  
162  350  
163  350  
164  350  
165  350  
166  350  
167  350  
168  350  
169  350  
170  350  
171  350  
172  350  
173  350  
174  350  
175  350  
176  350  
177  350  
178  350  
179  350  
180  350  
181  350  
182  350  
183  350  
184  350  
185  350  
186  350  
187  350  
188  350  
189  350  
190  350  
191  350  
192  350  
193  350  
194  350  
195  350  
196  350  
197  350  
198  350  
199  350  
200  350  
201  350  
202  350  
203  350  
204  350  
205  350  
206  350  
207  350  
208  350  
209  350  
210  350  
211  350  
212  350  
213  350  
214  350  
215  350  
216  350  
217  350  
218  350  
219  350  
220  350  
221  350  
222  350  
223  350  
224  350  
225  350  
226  350  
227  350  
228  350  
229  350  
230  350  
231  350  
232  350  
233  350  
234  350  
235  350  
236  350  
237  350  
238  350  
239  350  
240  350  
241  350  
242  350  
243  350  
244  350  
245  350  
71  361  
71  362  
71  363  
70  364  
70  365  
69  366  
69  367  
68  368  
68  369  
67  370  
67  371  
66  372  
66  373  
65  374  
65  375  
65  376  
64  377  
64  378  
63  379  
63  380  
63  381  
62  382  
62  383  
62  384  
61  385  
61  386  
60  387  
60  388  
60  389  
59  390  
59  391  
59  392  
58  393  
58  394  
57  395  
57  396  
57  397  
56  398  
56  399  
55  400  
351  369  
352  369  
353  369  
354  369  
355  369  
356  369  
357  369  
358  369  
359  369  
360  369  
361  369  
362  369  
363  369  
364  369  
365  369  
366  369  
367  369  
368  369  
369  369  
370  369  
371  369  
372  369  
373  369  
374  369  
375  369  
376  369  
377  369  
378  369  
379  369  
380  369  
381  369  
382  369  
383  369  
384  369  
385  369  
386  369  
387  369  
388  369  
389  369  
390  369  
391  369  
346  370  
347  370  
348  370  
349  370  
350  370  
106  370  
106  371  
105  372  
105  373  
105  374  
104  375  
104  376  
104  377  
103  378  
103  379  
103  380  
102  381  
102  382  
102  383  
101  384  
101  385  
101  386  
100  387  
100  388  
100  389  
99  390  
99  391  
99  392  
98  393  
98  394  
98  395  
97  396  
97  397  
96  398  
96  399  
96  400  
95  401  
95  402  
95  403  
94  404  
94  405  
340  373  
340  374  
340  375  
340  376  
340  377  
340  378  
340  379  
340  380  
340  381  
340  382  
340  383  
340  384  
340  385  
340  386  
340  387  
340  388  
340  389  
340  390  
340  391  
340  392  
340  393  
340  394  
339  395  
353  376  
354  376  
355  376  
356  376  
357  376  
358  376  
359  376  
360  376  
361  376  
362  376  
363  376  
364  376  
365  376  
366  376  
367  376  
368  376  
369  376  
370  376  
371  376  
372  376  
373  376  
374  376  
375  376  
376  376  
377  376  
378  376  
379  376  
380  376  
381  376  
382  376  
383  376  
384  376  
385  376  
386  376  
274  381  
275  381  
276  381  
277  381  
278  381  
279  381  
280  381  
281  381  
282  381  
283  381  
284  381  
285  381  
286  381  
287  381  
288  381  
289  381  
290  381  
292  381  
293  381  
291  382  
230  382  
231  382  
232  382  
233  382  
234  382  
235  382  
236  383  
237  383  
238  383  
239  383  
240  383  
241  383  
242  383  
243  383  
244  383  
245  383  
246  383  
247  383  
248  383  
249  383  
250  383  
251  383  
252  383  
253  383  
254  383  
255  383  
256  383  
147  383  
148  383  
149  383  
150  383  
151  383  
152  383  
153  383  
154  383  
155  383  
156  383  
157  383  
158  383  
159  383  
160  383  
161  383  
162  383  
163  383  
164  383  
165  383  
166  383  
167  383  
168  383  
202  385  
202  386  
202  387  
202  388  
201  389  
201  390  
201  391  
201  392  
201  393  
200  394  
200  395  
200  396  
199  397  
199  398  
199  399  
199  400  
199  401  
198  402  
198  403  
198  404  
198  405  
197  406  
197  407  
197  408  
197  409  
197  410  
196  411  
196  412  
231  385  
231  386  
231  387  
231  388  
231  389  
230  390  
230  391  
230  392  
230  393  
230  394  
230  395  
229  396  
229  397  
229  398  
229  399  
229  400  
228  401  
228  402  
228  403  
228  404  
228  405  
227  406  
227  407  
227  408  
227  409  
227  410  
226  411  
226  412  
226  413  
226  414  
226  415  
226  416  
225  417  
225  418  
225  419  
225  420  
352  386  
353  386  
354  386  
355  386  
356  386  
357  386  
358  386  
359  386  
360  386  
361  386  
362  386  
363  386  
364  386  
365  386  
366  386  
367  386  
368  386  
369  386  
370  386  
371  386  
372  386  
373  386  
374  386  
375  386  
376  386  
377  386  
378  386  
379  386  
380  386  
381  386  
382  386  
383  386  
384  386  
385  386  
386  386  
387  386  
388  386  
389  386  
390  386  
126  388  
125  389  
125  390  
125  391  
124  392  
124  393  
124  394  
123  395  
123  396  
123  397  
122  398  
122  399  
122  400  
122  401  
121  402  
121  403  
121  404  
120  405  
120  406  
120  407  
119  408  
119  409  
119  410  
118  411  
118  412  
118  413  
117  414  
117  415  
117  416  
116  417  
116  418  
116  419  
116  420  
116  421  
206  388  
206  389  
205  390  
205  391  
205  392  
205  393  
204  394  
204  395  
204  396  
204  397  
204  398  
203  399  
203  400  
203  401  
203  402  
202  403  
202  404  
202  405  
202  406  
201  407  
201  408  
201  409  
201  410  
201  411  
200  412  
200  413  
200  414  
200  415  
199  416  
199  417  
199  418  
199  419  
305  388  
305  389  
305  390  
305  391  
305  392  
304  393  
304  394  
304  395  
304  396  
304  397  
304  398  
304  399  
304  400  
304  401  
304  402  
303  403  
303  404  
303  405  
303  406  
303  407  
303  408  
303  409  
303  410  
303  411  
303  412  
302  413  
302  414  
302  415  
302  416  
302  417  
302  418  
309  388  
309  389  
309  390  
309  391  
309  392  
309  393  
309  394  
309  395  
309  396  
308  397  
308  398  
308  399  
308  400  
308  401  
308  402  
308  403  
308  404  
308  405  
308  406  
308  407  
307  408  
307  409  
307  410  
307  411  
307  412  
307  413  
307  414  
307  415  
307  416  
220  389  
220  390  
220  391  
219  392  
219  393  
219  394  
219  395  
218  396  
218  397  
218  398  
218  399  
218  400  
217  401  
217  402  
217  403  
217  404  
217  405  
216  406  
216  407  
216  408  
216  409  
216  410  
215  411  
215  412  
215  413  
215  414  
215  415  
137  390  
136  391  
136  392  
136  393  
135  394  
135  395  
134  396  
134  397  
134  398  
133  399  
133  400  
133  401  
132  402  
132  403  
132  404  
131  405  
131  406  
131  407  
131  408  
130  409  
130  410  
130  411  
129  412  
129  413  
129  414  
129  415  
209  390  
209  391  
209  392  
209  393  
208  394  
208  395  
208  396  
208  397  
208  398  
207  399  
207  400  
207  401  
207  402  
206  403  
206  404  
206  405  
206  406  
206  407  
205  408  
205  409  
205  410  
205  411  
204  412  
204  413  
204  414  
204  415  
204  416  
203  417  
203  418  
203  419  
203  420  
353  390  
354  390  
355  390  
356  390  
357  390  
358  390  
359  390  
360  390  
361  390  
362  390  
363  390  
364  390  
365  390  
366  390  
367  390  
368  390  
369  390  
370  390  
371  390  
372  390  
373  390  
374  390  
375  390  
376  390  
377  390  
378  390  
379  390  
380  390  
381  390  
382  390  
383  390  
384  390  
385  390  
386  390  
387  390  
388  390  
389  390  
390  390  
391  390  
392  390  
173  393  
173  394  
172  395  
172  396  
172  397  
172  398  
171  399  
171  400  
171  401  
171  402  
170  403  
170  404  
170  405  
169  406  
169  407  
169  408  
169  409  
168  410  
168  411  
168  412  
168  413  
127  395  
127  396  
127  397  
126  398  
126  399  
126  400  
125  401  
125  402  
125  403  
124  404  
124  405  
124  406  
123  407  
123  408  
123  409  
123  410  
122  411  
122  412  
122  413  
121  414  
121  415  
121  416  
120  417  
341  398  
342  398  
343  398  
344  398  
345  398  
346  398  
347  398  
348  398  
349  398  
350  398  
351  398  
352  398  
353  398  
354  398  
355  398  
356  398  
357  398  
358  398  
359  398  
360  398  
361  398  
362  398  
363  398  
364  398  
365  398  
366  398  
367  398  
368  398  
369  398  
370  398  
371  398  
372  398  
373  398  
374  398  
375  398  
376  398  
377  398  
378  398  
379  398  
380  398  
381  398  
382  398  
383  398  
384  398  
385  398  
386  398  
387  398  
388  398  
389  398  
390  398  
391  398  
392  399  
241  404  
242  404  
243  404  
244  404  
245  404  
246  404  
247  404  
248  404  
249  404  
250  404  
251  404  
252  404  
253  404  
254  404  
255  404  
256  404  
257  404  
258  404  
259  404  
260  404  
261  404  
262  404  
263  404  
264  404  
265  404  
266  404  
267  404  
268  404  
269  404  
270  404  
271  404  
272  404  
273  404  
274  404  
275  404  
276  404  
277  404  
278  404  
279  404  
280  404  
281  404  
282  404  
283  404  
284  404  
238  405  
239  405  
240  405  
93  407  
93  408  
93  409  
92  410  
92  411  
92  412  
91  413  
91  414  
91  415  
90  416  
90  417  
90  418  
89  419  
89  420  
89  421  
88  422  
88  423  
87  424  
87  425  
87  426  
86  427  
86  428  
86  429  
85  430  
85  431  
85  432  
84  433  
84  434  
84  435  
83  436  
83  437  
83  438  
82  439  
82  440  
82  441  
81  442  
81  443  
80  444  
80  445  
80  446  
79  447  
79  448  
79  449  
78  450  
78  451  
78  452  
77  453  
77  454  
77  455  
76  456  
76  457  
75  458  
75  459  
75  460  
74  461  
74  462  
74  463  
73  464  
73  465  
72  466  
72  467  
72  468  
71  469  
71  470  
71  471  
70  472  
70  473  
70  474  
69  475  
69  476  
69  477  
68  478  
68  479  
67  480  
67  481  
67  482  
67  483  
66  484  
66  485  
65  486  
65  487  
65  488  
64  489  
64  490  
64  491  
63  492  
63  493  
63  494  
62  495  
62  496  
62  497  
61  498  
61  499  
60  500  
60  501  
60  502  
59  503  
59  504  
59  505  
58  506  
58  507  
58  508  
57  509  
57  510  
57  511  
56  512  
56  513  
56  514  
55  515  
55  516  
54  517  
54  518  
54  519  
53  520  
53  521  
53  522  
52  523  
52  524  
52  525  
51  526  
51  527  
51  528  
50  529  
50  530  
49  531  
49  532  
49  533  
48  534  
48  535  
48  536  
47  537  
47  538  
47  539  
46  540  
46  541  
46  542  
45  543  
45  544  
45  545  
44  546  
44  547  
44  548  
43  549  
43  550  
43  551  
42  552  
42  553  
332  407  
333  407  
334  407  
335  407  
336  407  
337  407  
338  407  
339  407  
340  407  
341  407  
342  407  
343  407  
344  407  
345  407  
346  407  
347  407  
348  407  
349  407  
350  407  
351  407  
352  407  
353  407  
354  407  
355  407  
356  407  
357  407  
358  407  
359  407  
360  407  
361  407  
362  407  
363  407  
364  407  
365  407  
366  407  
367  407  
368  407  
369  407  
370  407  
371  407  
372  407  
373  407  
374  407  
375  407  
376  407  
377  407  
378  407  
379  407  
380  407  
381  407  
382  407  
383  407  
384  407  
238  408  
239  408  
240  408  
241  408  
242  408  
243  408  
244  408  
245  408  
246  408  
247  408  
248  408  
249  408  
250  408  
251  408  
252  408  
253  408  
254  408  
255  408  
256  408  
257  408  
258  408  
259  408  
260  408  
261  408  
262  408  
263  408  
264  408  
265  408  
266  408  
267  408  
268  408  
269  408  
270  408  
271  408  
272  408  
273  408  
274  408  
275  408  
276  408  
277  408  
278  408  
279  408  
280  408  
281  408  
282  409  
283  409  
284  409  
285  409  
286  409  
287  409  
288  409  
289  409  
290  409  
291  409  
351  414  
352  414  
353  414  
354  414  
355  414  
356  414  
357  414  
358  414  
359  414  
360  414  
361  414  
362  414  
363  414  
364  414  
365  414  
366  414  
367  414  
368  414  
369  414  
370  414  
371  414  
372  414  
373  414  
374  414  
375  414  
376  414  
377  414  
378  414  
379  414  
380  414  
381  414  
382  414  
383  414  
384  414  
385  414  
386  414  
387  415  
235  424  
236  424  
237  424  
238  424  
239  424  
240  424  
241  424  
242  424  
243  424  
244  424  
245  424  
246  424  
247  424  
248  424  
249  424  
250  424  
251  424  
252  424  
253  424  
254  424  
255  424  
256  424  
257  424  
258  424  
259  424  
260  424  
261  424  
262  424  
263  424  
349  425  
350  425  
351  425  
352  425  
353  425  
354  425  
355  425  
356  425  
357  425  
358  425  
359  425  
360  425  
361  425  
362  425  
363  425  
364  425  
365  425  
366  425  
367  425  
368  425  
369  425  
370  425  
371  425  
372  425  
373  425  
374  425  
375  425  
376  425  
377  425  
378  425  
379  425  
380  425  
381  425  
382  425  
383  425  
384  425  
358  430  
359  430  
360  430  
361  430  
362  430  
363  430  
364  430  
365  430  
366  430  
367  430  
368  430  
369  430  
370  430  
371  430  
372  430  
373  430  
374  430  
375  430  
376  430  
377  430  
378  430  
379  430  
380  430  
381  430  
382  430  
383  430  
384  430  
385  430  
331  439  
332  439  
333  439  
334  439  
335  439  
336  439  
337  439  
338  439  
339  439  
340  439  
341  439  
342  439  
343  439  
344  439  
345  439  
346  439  
347  439  
348  439  
349  439  
350  439  
351  439  
352  439  
353  439  
354  439  
355  439  
356  439  
357  439  
358  439  
359  439  
360  439  
361  439  
362  439  
363  439  
364  439  
365  439  
366  439  
367  439  
368  439  
369  439  
370  439  
371  439  
372  439  
373  439  
374  439  
375  439  
376  439  
377  439  
378  439  
379  439  
380  439  
381  439  
382  439  
329  454  
330  454  
331  454  
332  454  
333  454  
334  454  
335  454  
336  454  
337  454  
338  454  
339  454  
340  454  
341  454  
342  454  
343  454  
344  454  
345  454  
346  454  
347  454  
348  454  
349  454  
350  454  
351  454  
352  454  
353  454  
354  454  
355  454  
356  454  
357  454  
358  454  
359  454  
360  454  
361  454  
362  454  
363  454  
364  454  
365  454  
366  454  
367  454  
368  454  
369  454  
370  454  
371  454  
372  454  
373  454  
374  454  
375  454  
376  454  
377  454  
378  454  
379  454  
380  454  
381  454  
382  454  
383  454  
384  454  
385  454  
386  454  
387  454  
388  454  
389  454  
390  454  
391  454  
336  458  
336  459  
336  460  
336  461  
336  462  
335  463  
335  464  
335  465  
335  466  
335  467  
335  468  
335  469  
335  470  
334  471  
334  472  
334  473  
334  474  
334  475  
334  476  
334  477  
334  478  
334  479  
334  480  
334  481  
334  482  
334  483  
334  484  
334  485  
333  486  
322  460  
322  461  
322  462  
322  463  
322  464  
322  465  
322  466  
322  467  
322  468  
322  469  
321  470  
321  471  
321  472  
321  473  
321  474  
321  475  
321  476  
321  477  
321  478  
321  479  
321  480  
321  481  
321  482  
321  483  
354  464  
355  464  
356  464  
357  464  
358  464  
359  464  
360  464  
361  464  
362  464  
363  464  
364  464  
365  464  
366  464  
367  464  
368  464  
369  464  
370  464  
371  464  
372  464  
373  464  
374  464  
375  464  
376  464  
377  464  
378  464  
379  464  
380  464  
381  464  
382  464  
383  464  
384  464  
385  464  
386  464  
387  464  
423  475  
422  476  
422  477  
422  478  
422  479  
422  480  
422  481  
422  482  
422  483  
422  484  
422  485  
422  486  
422  487  
422  488  
422  489  
422  490  
422  491  
422  492  
422  493  
422  494  
422  495  
422  496  
422  497  
422  498  
422  499  
422  500  
422  501  
359  477  
360  477  
361  477  
362  477  
363  477  
364  477  
365  477  
366  477  
367  477  
368  477  
369  477  
370  477  
371  477  
372  477  
373  477  
374  478  
375  478  
376  478  
377  478  
378  478  
379  478  
380  478  
381  478  
382  478  
383  478  
384  478  
385  478  
386  478  
387  478  
388  478  
389  478  
426  479  
426  480  
426  481  
426  482  
426  483  
426  484  
426  485  
426  486  
426  487  
426  488  
426  489  
426  490  
426  491  
426  492  
426  493  
426  494  
426  495  
426  496  
426  497  
426  498  
426  499  
426  500  
426  501  
426  502  
426  503  
426  504  
426  505  
426  506  
426  507  
426  508  
426  509  
426  510  
426  511  
426  512  
426  513  
426  514  
426  515  
425  516  
425  517  
430  482  
430  483  
430  484  
430  485  
430  486  
430  487  
430  488  
430  489  
430  490  
430  491  
430  492  
430  493  
430  494  
430  495  
430  496  
430  497  
430  498  
430  499  
430  500  
430  501  
430  502  
430  503  
430  504  
348  488  
349  488  
327  489  
328  489  
329  489  
330  489  
331  489  
332  489  
333  489  
334  489  
335  489  
336  489  
337  489  
338  489  
339  489  
340  489  
341  489  
342  489  
343  489  
344  489  
345  489  
346  489  
347  489  
55  491  
55  492  
54  493  
54  494  
54  495  
53  496  
53  497  
53  498  
52  499  
52  500  
51  501  
51  502  
51  503  
50  504  
50  505  
50  506  
49  507  
49  508  
49  509  
48  510  
48  511  
47  512  
47  513  
47  514  
46  515  
46  516  
45  517  
45  518  
45  519  
44  520  
44  521  
44  522  
43  523  
43  524  
43  525  
42  526  
42  527  
42  528  
41  529  
41  530  
40  531  
40  532  
40  533  
39  534  
39  535  
39  536  
38  537  
38  538  
38  539  
37  540  
37  541  
345  500  
346  500  
347  500  
351  500  
352  500  
353  500  
348  501  
349  501  
350  501  
354  501  
355  501  
356  501  
357  501  
358  501  
359  501  
360  501  
361  501  
362  501  
363  501  
364  501  
365  501  
366  501  
367  501  
368  501  
369  501  
370  501  
371  501  
372  501  
373  501  
374  501  
375  501  
376  501  
377  501  
378  501  
379  501  
380  501  
381  501  
382  501  
383  501  
384  501  
385  501  
386  501  
387  501  
388  501  
389  501  
390  501  
391  501  
392  501  
393  501  
394  501  
395  501  
396  501  
397  501  
398  501  
399  501  
400  501  
401  501  
402  501  
403  501  
404  501  
405  502  
406  502  
407  502  
408  502  
409  502  
410  502  
411  502  
412  502  
413  502  
414  502  
415  502  
416  502  
417  502  
418  502  
419  502  
319  507  
319  508  
319  509  
318  510  
318  511  
318  512  
318  513  
318  514  
318  515  
318  516  
318  517  
318  518  
318  519  
318  520  
318  521  
317  522  
317  523  
317  524  
317  525  
317  526  
317  527  
317  528  
317  529  
317  530  
317  531  
317  532  
338  510  
339  510  
340  510  
341  510  
342  510  
343  510  
344  510  
345  510  
346  510  
347  510  
348  510  
349  510  
350  510  
351  510  
352  510  
353  510  
354  510  
355  510  
356  510  
357  510  
358  510  
359  510  
360  510  
361  510  
362  510  
363  510  
364  510  
365  510  
366  510  
367  510  
368  510  
369  510  
370  510  
371  510  
372  510  
373  510  
374  510  
375  510  
395  510  
396  510  
397  510  
398  510  
337  511  
376  511  
377  511  
378  511  
379  511  
380  511  
381  511  
382  511  
383  511  
384  511  
385  511  
386  511  
387  511  
388  511  
389  511  
390  511  
391  511  
392  511  
393  511  
394  511  
345  526  
346  526  
347  526  
348  526  
349  526  
350  526  
351  526  
352  526  
353  526  
354  526  
355  526  
356  526  
357  526  
358  526  
359  526  
360  526  
361  527  
362  527  
363  527  
364  527  
365  527  
366  527  
367  527  
368  527  
369  527  
370  527  
371  527  
372  527  
373  527  
374  527  
375  527  
376  527  
377  527  
378  527  
379  527  
380  527  
381  527  
382  527  
383  527  
384  527  
385  527  
386  527  
387  527  
388  527  
347  531  
348  531  
349  531  
350  531  
351  531  
352  531  
353  531  
354  531  
355  531  
356  531  
357  531  
358  531  
359  531  
360  531  
361  531  
362  531  
363  531  
364  531  
365  531  
366  531  
367  531  
368  532  
369  532  
370  532  
371  532  
372  532  
373  532  
374  532  
375  532  
376  532  
377  532  
378  532  
379  532  
380  532  
381  532  
382  532  
383  532  
384  532  
385  532  
386  532  
387  532  
388  532  
350  539  
351  540  
352  540  
353  540  
354  540  
355  540  
356  540  
357  540  
358  540  
359  540  
360  540  
361  540  
362  540  
363  540  
364  540  
365  540  
366  540  
367  540  
368  540  
369  540  
370  540  
371  540  
372  541  
373  541  
374  541  
375  541  
376  541  
377  541  
378  541  
379  541  
380  541  
381  541  
382  541  
383  541  
384  541  
385  541  
386  541  
387  541  
388  541  
389  541  
390  541  
391  541  
392  541  
393  541  
394  541  
349  596  
350  596  
351  596  
352  596  
353  596  
354  596  
355  596  
356  596  
357  596  
358  596  
359  596  
360  597  
361  597  
362  597  
363  597  
364  597  
365  597  
366  597  
367  598  
368  598  
