106  
61  39  31  39  33  29  27  32  37  33  21  22  55  32  30  20  24  43  23  34  24  22  30  37  21  26  31  37  30  30  25  29  61  32  62  28  31  29  37  25  32  27  20  20  22  32  34  22  24  25  20  21  48  29  30  31  31  27  31  28  23  27  39  21  20  31  37  22  28  20  23  44  32  41  31  25  136  21  24  24  22  27  20  79  22  21  21  24  34  25  30  31  25  22  27  38  36  36  34  20  22  31  20  21  45  20  
71  32  
71  33  
71  34  
71  35  
70  36  
70  37  
70  38  
70  39  
70  40  
70  41  
70  42  
70  43  
70  44  
70  45  
70  46  
69  47  
69  48  
69  49  
69  50  
69  51  
69  52  
69  53  
69  54  
69  55  
69  56  
69  57  
69  58  
69  59  
69  60  
68  61  
68  62  
68  63  
68  64  
68  65  
68  66  
68  67  
68  68  
68  69  
68  70  
67  71  
67  72  
67  73  
67  74  
67  75  
67  76  
67  77  
67  78  
67  79  
67  80  
67  81  
67  82  
67  83  
67  84  
67  85  
66  86  
66  87  
66  88  
66  89  
66  90  
66  91  
65  92  
180  32  
181  32  
182  32  
183  32  
184  32  
185  32  
186  32  
187  32  
188  32  
189  32  
190  32  
170  33  
171  33  
172  33  
173  33  
174  33  
175  33  
176  33  
177  33  
178  33  
179  33  
160  34  
161  34  
162  34  
163  34  
164  34  
165  34  
166  34  
167  34  
168  34  
169  34  
152  35  
153  35  
154  35  
155  35  
156  35  
157  35  
158  35  
159  35  
437  32  
437  33  
437  34  
437  35  
437  36  
437  37  
437  38  
437  39  
437  40  
437  41  
437  42  
436  43  
436  44  
436  45  
436  46  
436  47  
436  48  
436  49  
436  50  
436  51  
436  52  
436  53  
436  54  
436  55  
436  56  
436  57  
436  58  
436  59  
436  60  
436  61  
436  62  
274  42  
274  43  
274  44  
274  45  
274  46  
274  47  
274  48  
274  49  
274  50  
274  51  
274  52  
274  53  
274  54  
274  55  
274  56  
273  57  
273  58  
273  59  
273  60  
273  61  
273  62  
273  63  
273  64  
273  65  
273  66  
273  67  
273  68  
273  69  
273  70  
273  71  
273  72  
273  73  
273  74  
273  75  
273  76  
273  77  
273  78  
273  79  
273  80  
304  43  
305  43  
306  43  
307  43  
308  43  
309  43  
283  44  
284  44  
285  44  
286  44  
287  44  
288  44  
289  44  
290  44  
291  44  
292  44  
293  44  
294  44  
295  44  
296  44  
297  44  
298  44  
299  44  
300  44  
301  44  
302  44  
303  44  
277  45  
278  45  
279  45  
280  45  
281  45  
282  45  
390  45  
391  45  
392  45  
393  45  
394  45  
379  46  
380  46  
381  46  
382  46  
383  46  
384  46  
385  46  
386  46  
387  46  
388  46  
389  46  
367  47  
368  47  
369  47  
370  47  
371  47  
372  47  
373  47  
374  47  
375  47  
376  47  
377  47  
378  47  
366  48  
90  49  
89  50  
89  51  
89  52  
90  53  
89  54  
89  55  
89  56  
89  57  
89  58  
89  59  
89  60  
89  61  
89  62  
89  63  
89  64  
89  65  
88  66  
88  67  
88  68  
88  69  
88  70  
88  71  
88  72  
88  73  
87  74  
87  75  
237  51  
237  52  
237  53  
237  54  
237  55  
237  56  
236  57  
236  58  
236  59  
236  60  
236  61  
236  62  
235  63  
235  64  
235  65  
235  66  
235  67  
235  68  
235  69  
235  70  
235  71  
235  72  
235  73  
235  74  
235  75  
235  76  
235  77  
235  78  
235  79  
235  80  
235  81  
235  82  
233  52  
232  53  
232  54  
232  55  
232  56  
232  57  
232  58  
232  59  
232  60  
232  61  
231  62  
231  63  
231  64  
231  65  
231  66  
231  67  
231  68  
231  69  
230  70  
230  71  
230  72  
231  73  
231  74  
231  75  
230  76  
230  77  
230  78  
230  79  
230  80  
230  81  
230  82  
230  83  
230  84  
230  85  
230  86  
229  87  
229  88  
430  58  
430  59  
431  60  
430  61  
430  62  
430  63  
430  64  
430  65  
430  66  
430  67  
430  68  
430  69  
430  70  
430  71  
430  72  
430  73  
430  74  
430  75  
430  76  
430  77  
430  78  
430  79  
430  80  
430  81  
430  82  
430  83  
430  84  
430  85  
430  86  
430  87  
430  88  
430  89  
430  90  
123  59  
124  59  
125  59  
126  59  
127  59  
128  59  
129  59  
130  59  
131  59  
132  59  
133  59  
134  59  
135  59  
136  59  
137  59  
138  59  
139  59  
140  59  
120  60  
121  60  
122  60  
382  59  
383  59  
384  59  
385  59  
386  59  
387  59  
388  59  
389  59  
390  59  
391  59  
392  59  
393  59  
394  59  
395  59  
374  60  
375  60  
376  60  
377  60  
378  60  
379  60  
380  60  
381  60  
113  63  
113  64  
112  65  
112  66  
112  67  
112  68  
112  69  
112  70  
112  71  
111  72  
111  73  
111  74  
111  75  
111  76  
111  77  
111  78  
111  79  
111  80  
111  81  
110  82  
110  83  
110  84  
110  85  
110  86  
110  87  
110  88  
110  89  
110  90  
110  91  
109  92  
109  93  
109  94  
109  95  
109  96  
109  97  
109  98  
109  99  
109  100  
109  101  
109  102  
109  103  
108  104  
108  105  
108  106  
108  107  
108  108  
108  109  
108  110  
108  111  
107  112  
107  113  
107  114  
107  115  
108  116  
109  116  
190  63  
190  64  
190  65  
190  66  
190  67  
190  68  
189  69  
189  70  
189  71  
189  72  
189  73  
189  74  
189  75  
189  76  
189  77  
189  78  
189  79  
189  80  
189  81  
189  82  
189  83  
188  84  
188  85  
188  86  
188  87  
188  88  
188  89  
188  90  
188  91  
188  92  
188  93  
188  94  
390  63  
391  63  
392  63  
393  63  
394  63  
395  63  
396  63  
376  64  
377  64  
378  64  
379  64  
380  64  
381  64  
382  64  
383  64  
384  64  
385  64  
386  64  
387  64  
388  64  
389  64  
368  65  
369  65  
370  65  
371  65  
372  65  
373  65  
374  65  
375  65  
367  66  
297  65  
298  65  
299  65  
300  65  
301  65  
302  65  
303  65  
304  65  
285  66  
286  66  
287  66  
288  66  
289  66  
290  66  
291  66  
292  66  
293  66  
294  66  
295  66  
296  66  
291  69  
292  69  
293  69  
294  69  
295  69  
296  69  
297  69  
298  69  
299  69  
300  69  
301  69  
302  69  
303  69  
304  69  
305  69  
306  69  
307  69  
308  69  
285  70  
286  70  
287  70  
288  70  
289  70  
290  70  
410  72  
410  73  
410  74  
410  75  
410  76  
410  77  
410  78  
411  79  
411  80  
411  81  
411  82  
411  83  
411  84  
411  85  
411  86  
411  87  
411  88  
411  89  
411  90  
411  91  
411  92  
411  93  
411  94  
411  95  
411  96  
410  97  
410  98  
410  99  
410  100  
410  101  
410  102  
410  103  
410  104  
410  105  
410  106  
410  107  
410  108  
410  109  
410  110  
410  111  
410  112  
410  113  
410  114  
210  76  
211  76  
212  76  
213  76  
214  76  
215  76  
216  76  
217  76  
218  76  
199  77  
200  77  
201  77  
202  77  
203  77  
204  77  
205  77  
206  77  
207  77  
208  77  
209  77  
196  78  
197  78  
198  78  
400  77  
386  78  
387  78  
388  78  
389  78  
390  78  
391  78  
392  78  
393  78  
394  78  
395  78  
396  78  
397  78  
398  78  
399  78  
367  79  
368  79  
369  79  
370  79  
371  79  
372  79  
373  79  
374  79  
375  79  
376  79  
377  79  
378  79  
379  79  
380  79  
381  79  
382  79  
383  79  
384  79  
385  79  
139  78  
140  78  
141  78  
132  79  
133  79  
134  79  
135  79  
136  79  
137  79  
138  79  
121  80  
122  80  
123  80  
124  80  
125  80  
126  80  
127  80  
128  80  
129  80  
130  80  
131  80  
118  81  
119  81  
120  81  
132  83  
133  83  
134  83  
135  83  
136  83  
137  83  
138  83  
139  83  
140  83  
119  84  
120  84  
121  84  
122  84  
123  84  
124  84  
125  84  
126  84  
127  84  
128  84  
129  84  
130  84  
131  84  
211  90  
212  90  
213  90  
214  90  
215  90  
216  90  
217  90  
218  90  
219  90  
220  90  
221  90  
197  91  
198  91  
199  91  
200  91  
201  91  
202  91  
203  91  
204  91  
205  91  
206  91  
207  91  
208  91  
209  91  
210  91  
192  92  
193  92  
194  92  
195  92  
196  92  
430  93  
430  94  
430  95  
430  96  
430  97  
430  98  
430  99  
430  100  
430  101  
430  102  
431  103  
431  104  
431  105  
431  106  
431  107  
431  108  
431  109  
431  110  
431  111  
431  112  
431  113  
432  114  
432  115  
432  116  
432  117  
432  118  
432  119  
432  120  
432  121  
432  122  
432  123  
433  124  
433  125  
433  126  
433  127  
433  128  
433  129  
372  98  
376  98  
377  98  
378  98  
381  98  
382  98  
383  98  
384  98  
385  98  
386  98  
387  98  
388  98  
389  98  
390  98  
391  98  
371  99  
373  99  
374  99  
375  99  
379  99  
380  99  
79  102  
79  103  
79  104  
79  105  
79  106  
79  107  
79  108  
79  109  
79  110  
79  111  
78  112  
78  113  
78  114  
78  115  
78  116  
78  117  
78  118  
78  119  
78  120  
78  121  
77  122  
77  123  
77  124  
77  125  
77  126  
77  127  
304  102  
305  102  
306  102  
307  102  
308  102  
279  103  
280  103  
281  103  
284  103  
285  103  
286  103  
287  103  
288  103  
289  103  
290  103  
291  103  
292  103  
293  103  
294  103  
295  103  
296  103  
297  103  
298  103  
299  103  
300  103  
301  103  
302  103  
303  103  
278  104  
282  104  
283  104  
64  106  
64  107  
64  108  
64  109  
64  110  
64  111  
64  112  
64  113  
64  114  
64  115  
64  116  
64  117  
63  118  
63  119  
63  120  
63  121  
63  122  
63  123  
63  124  
63  125  
63  126  
63  127  
63  128  
63  129  
63  130  
63  131  
63  132  
62  133  
62  134  
62  135  
62  136  
62  137  
62  138  
62  139  
62  140  
62  141  
62  142  
307  106  
308  106  
292  107  
293  107  
294  107  
295  107  
296  107  
297  107  
298  107  
299  107  
300  107  
301  107  
302  107  
303  107  
304  107  
305  107  
306  107  
279  108  
280  108  
281  108  
282  108  
283  108  
284  108  
285  108  
286  108  
287  108  
288  108  
289  108  
290  108  
291  108  
220  107  
221  107  
222  107  
223  107  
207  108  
208  108  
209  108  
210  108  
211  108  
212  108  
213  108  
214  108  
215  108  
216  108  
217  108  
218  108  
219  108  
194  109  
195  109  
196  109  
197  109  
198  109  
199  109  
200  109  
201  109  
202  109  
203  109  
204  109  
205  109  
206  109  
204  113  
205  113  
206  113  
207  113  
208  113  
209  113  
210  113  
211  113  
212  113  
213  113  
214  113  
215  113  
216  113  
195  114  
196  114  
197  114  
198  114  
199  114  
200  114  
201  114  
202  114  
203  114  
192  115  
193  115  
194  115  
124  119  
125  119  
126  119  
127  119  
128  119  
129  119  
130  119  
131  119  
132  119  
133  119  
134  119  
135  119  
136  119  
137  119  
138  119  
139  119  
140  119  
141  119  
114  120  
115  120  
116  120  
117  120  
118  120  
119  120  
120  120  
121  120  
122  120  
123  120  
113  121  
271  121  
271  122  
271  123  
271  124  
271  125  
271  126  
271  127  
271  128  
270  129  
270  130  
270  131  
270  132  
270  133  
270  134  
270  135  
270  136  
270  137  
270  138  
270  139  
270  140  
270  141  
270  142  
270  143  
270  144  
270  145  
270  146  
270  147  
269  148  
269  149  
269  150  
269  151  
269  152  
269  153  
269  154  
269  155  
269  156  
269  157  
269  158  
269  159  
269  160  
269  161  
269  162  
269  163  
269  164  
269  165  
269  166  
269  167  
269  168  
269  169  
269  170  
269  171  
269  172  
269  173  
269  174  
269  175  
269  176  
269  177  
269  178  
268  179  
268  180  
268  181  
385  123  
389  123  
390  123  
391  123  
392  123  
393  123  
394  123  
395  123  
396  123  
397  123  
398  123  
399  123  
400  123  
401  123  
370  124  
371  124  
372  124  
373  124  
374  124  
375  124  
376  124  
377  124  
378  124  
379  124  
380  124  
381  124  
382  124  
383  124  
384  124  
386  124  
387  124  
388  124  
185  130  
185  131  
185  132  
185  133  
185  134  
185  135  
185  136  
185  137  
185  138  
185  139  
185  140  
185  141  
185  142  
184  143  
184  144  
184  145  
184  146  
184  147  
184  148  
184  149  
183  150  
183  151  
183  152  
183  153  
183  154  
183  155  
183  156  
183  157  
183  158  
183  159  
183  160  
183  161  
183  162  
183  163  
183  164  
183  165  
183  166  
183  167  
183  168  
183  169  
182  170  
182  171  
182  172  
182  173  
182  174  
182  175  
182  176  
182  177  
182  178  
182  179  
182  180  
182  181  
182  182  
182  183  
182  184  
181  185  
181  186  
181  187  
181  188  
181  189  
181  190  
181  191  
407  130  
407  131  
407  132  
407  133  
407  134  
407  135  
407  136  
407  137  
407  138  
407  139  
407  140  
407  141  
407  142  
407  143  
407  144  
407  145  
408  146  
408  147  
408  148  
408  149  
408  150  
408  151  
408  152  
408  153  
408  154  
408  155  
408  156  
408  157  
205  131  
206  131  
207  131  
208  131  
209  131  
210  131  
211  131  
212  131  
213  131  
214  131  
215  131  
216  131  
217  131  
218  131  
188  132  
189  132  
194  132  
195  132  
196  132  
197  132  
198  132  
199  132  
200  132  
201  132  
202  132  
203  132  
204  132  
190  133  
191  133  
192  133  
193  133  
362  132  
362  133  
362  134  
362  135  
362  136  
362  137  
362  138  
362  139  
362  140  
362  141  
362  142  
362  143  
362  144  
362  145  
362  146  
362  147  
362  148  
362  149  
362  150  
362  151  
362  152  
362  153  
362  154  
362  155  
362  156  
362  157  
362  158  
362  159  
362  160  
228  136  
228  137  
228  138  
228  139  
228  140  
228  141  
228  142  
228  143  
228  144  
228  145  
228  146  
227  147  
227  148  
227  149  
227  150  
227  151  
227  152  
227  153  
227  154  
227  155  
226  156  
226  157  
226  158  
226  159  
226  160  
226  161  
226  162  
226  163  
226  164  
226  165  
226  166  
226  167  
225  168  
226  169  
226  170  
226  171  
227  172  
114  137  
115  137  
116  137  
117  137  
118  137  
119  137  
120  137  
121  137  
122  137  
123  137  
124  137  
125  137  
126  137  
127  137  
128  137  
129  137  
130  137  
131  137  
132  137  
133  137  
109  138  
110  138  
111  138  
112  138  
113  138  
142  144  
142  145  
142  146  
142  147  
142  148  
142  149  
142  150  
142  151  
142  152  
142  153  
141  154  
141  155  
141  156  
141  157  
141  158  
141  159  
141  160  
141  161  
141  162  
141  163  
141  164  
141  165  
141  166  
140  167  
140  168  
140  169  
140  170  
140  171  
140  172  
139  173  
139  174  
139  175  
104  145  
104  146  
104  147  
104  148  
104  149  
104  150  
104  151  
103  152  
103  153  
103  154  
103  155  
103  156  
103  157  
103  158  
103  159  
103  160  
103  161  
103  162  
102  163  
102  164  
102  165  
102  166  
102  167  
102  168  
102  169  
102  170  
102  171  
125  145  
126  145  
127  145  
128  145  
129  145  
130  145  
131  145  
132  145  
133  145  
134  145  
135  145  
136  145  
137  145  
120  146  
121  146  
122  146  
123  146  
124  146  
138  146  
138  147  
299  148  
300  148  
301  148  
302  148  
283  149  
284  149  
285  149  
286  149  
287  149  
288  149  
289  149  
290  149  
291  149  
292  149  
293  149  
294  149  
295  149  
296  149  
297  149  
298  149  
41  151  
42  151  
45  151  
46  151  
47  151  
48  151  
49  151  
50  151  
51  151  
52  151  
53  151  
32  152  
33  152  
34  152  
35  152  
36  152  
37  152  
38  152  
39  152  
40  152  
43  152  
44  152  
206  153  
207  153  
208  153  
209  153  
210  153  
211  153  
212  153  
213  153  
214  153  
215  153  
216  153  
217  153  
218  153  
219  153  
220  153  
221  153  
222  153  
192  154  
193  154  
194  154  
195  154  
196  154  
197  154  
198  154  
199  154  
200  154  
201  154  
202  154  
203  154  
204  154  
205  154  
191  155  
412  153  
412  154  
412  155  
412  156  
412  157  
412  158  
412  159  
411  160  
411  161  
411  162  
411  163  
411  164  
411  165  
411  166  
411  167  
411  168  
411  169  
411  170  
411  171  
411  172  
411  173  
411  174  
411  175  
411  176  
411  177  
411  178  
411  179  
411  180  
411  181  
411  182  
411  183  
411  184  
411  185  
412  186  
145  155  
145  156  
145  157  
145  158  
145  159  
145  160  
145  161  
145  162  
145  163  
144  164  
144  165  
144  166  
144  167  
144  168  
144  169  
144  170  
144  171  
144  172  
144  173  
143  174  
143  175  
143  176  
218  156  
211  157  
212  157  
213  157  
214  157  
215  157  
216  157  
217  157  
219  157  
196  158  
197  158  
198  158  
199  158  
200  158  
201  158  
202  158  
203  158  
204  158  
205  158  
206  158  
207  158  
208  158  
209  158  
210  158  
125  158  
126  158  
127  158  
128  158  
129  158  
130  158  
131  158  
132  158  
133  158  
134  158  
135  158  
136  158  
137  158  
114  159  
115  159  
116  159  
117  159  
118  159  
119  159  
120  159  
121  159  
122  159  
123  159  
124  159  
138  159  
72  162  
73  163  
73  164  
73  165  
72  166  
72  167  
72  168  
72  169  
72  170  
72  171  
72  172  
72  173  
72  174  
72  175  
72  176  
72  177  
72  178  
72  179  
72  180  
72  181  
32  167  
33  167  
38  167  
39  167  
40  167  
41  167  
42  167  
43  167  
44  167  
45  167  
46  167  
47  167  
48  167  
49  167  
50  167  
51  167  
52  167  
34  168  
35  168  
36  168  
37  168  
58  173  
58  174  
58  175  
58  176  
58  177  
58  178  
58  179  
57  180  
57  181  
57  182  
57  183  
57  184  
57  185  
57  186  
57  187  
57  188  
57  189  
57  190  
56  191  
56  192  
56  193  
56  194  
56  195  
56  196  
56  197  
56  198  
56  199  
55  200  
55  201  
55  202  
55  203  
55  204  
55  205  
55  206  
55  207  
54  208  
54  209  
54  210  
54  211  
54  212  
54  213  
54  214  
54  215  
54  216  
54  217  
54  218  
53  219  
53  220  
218  173  
201  174  
202  174  
203  174  
204  174  
205  174  
206  174  
207  174  
208  174  
209  174  
210  174  
211  174  
212  174  
213  174  
214  174  
215  174  
216  174  
217  174  
190  175  
195  175  
196  175  
197  175  
198  175  
199  175  
200  175  
191  176  
192  176  
193  176  
194  176  
127  178  
128  178  
129  178  
130  178  
131  178  
132  178  
133  178  
106  179  
107  179  
108  179  
109  179  
110  179  
111  179  
112  179  
113  179  
114  179  
115  179  
116  179  
117  179  
118  179  
119  179  
120  179  
121  179  
122  179  
123  179  
124  179  
125  179  
126  179  
104  180  
105  180  
298  190  
299  190  
300  190  
302  190  
303  190  
304  190  
305  190  
306  190  
276  191  
277  191  
278  191  
279  191  
280  191  
281  191  
282  191  
283  191  
284  191  
285  191  
286  191  
287  191  
288  191  
289  191  
290  191  
291  191  
292  191  
293  191  
294  191  
295  191  
296  191  
297  191  
301  191  
209  193  
210  193  
211  193  
215  193  
216  193  
192  194  
193  194  
194  194  
195  194  
196  194  
197  194  
198  194  
199  194  
200  194  
201  194  
202  194  
203  194  
204  194  
205  194  
206  194  
207  194  
208  194  
212  194  
213  194  
214  194  
186  195  
187  195  
188  195  
189  195  
190  195  
191  195  
315  198  
315  199  
315  200  
315  201  
315  202  
315  203  
315  204  
315  205  
315  206  
315  207  
315  208  
315  209  
315  210  
315  211  
315  212  
315  213  
315  214  
315  215  
315  216  
315  217  
315  218  
315  219  
315  220  
315  221  
315  222  
315  223  
315  224  
275  199  
276  199  
277  199  
278  199  
279  199  
280  199  
281  199  
282  199  
283  199  
284  199  
285  199  
286  199  
287  199  
288  199  
289  199  
290  199  
291  199  
292  199  
293  199  
294  199  
295  199  
296  199  
297  199  
298  199  
299  199  
300  199  
301  199  
302  199  
303  199  
304  199  
305  199  
224  204  
224  205  
224  206  
224  207  
224  208  
224  209  
224  210  
224  211  
224  212  
224  213  
224  214  
224  215  
224  216  
224  217  
223  218  
223  219  
223  220  
223  221  
223  222  
223  223  
223  224  
223  225  
223  226  
223  227  
223  228  
223  229  
223  230  
223  231  
189  216  
190  216  
191  216  
192  216  
193  216  
194  216  
195  216  
196  216  
197  216  
198  216  
199  216  
200  216  
201  216  
202  216  
203  216  
204  216  
205  216  
206  216  
207  216  
208  216  
209  216  
210  216  
211  216  
378  227  
379  227  
380  227  
381  227  
382  227  
383  227  
384  227  
385  227  
386  227  
387  227  
388  227  
389  227  
390  227  
391  227  
392  227  
393  227  
394  227  
395  227  
396  227  
397  227  
398  227  
399  227  
400  227  
374  228  
375  228  
376  228  
377  228  
52  228  
52  229  
52  230  
52  231  
52  232  
52  233  
52  234  
52  235  
52  236  
52  237  
52  238  
51  239  
51  240  
51  241  
51  242  
51  243  
51  244  
51  245  
51  246  
51  247  
50  248  
50  249  
50  250  
50  251  
50  252  
50  253  
50  254  
49  255  
49  256  
49  257  
49  258  
49  259  
49  260  
49  261  
49  262  
49  263  
49  264  
49  265  
49  266  
89  228  
89  229  
89  230  
89  231  
89  232  
89  233  
89  234  
89  235  
89  236  
89  237  
89  238  
88  239  
88  240  
88  241  
89  242  
88  243  
88  244  
88  245  
88  246  
88  247  
88  248  
276  229  
277  229  
278  229  
279  229  
280  229  
281  229  
282  229  
283  229  
284  229  
285  229  
286  229  
287  229  
288  229  
289  229  
290  229  
291  229  
292  229  
293  229  
294  229  
295  229  
360  230  
359  231  
359  232  
359  233  
359  234  
359  235  
359  236  
359  237  
359  238  
359  239  
359  240  
359  241  
359  242  
359  243  
359  244  
359  245  
359  246  
359  247  
359  248  
359  249  
359  250  
359  251  
359  252  
359  253  
359  254  
359  255  
359  256  
359  257  
359  258  
358  259  
358  260  
363  235  
363  236  
363  237  
363  238  
363  239  
363  240  
363  241  
363  242  
363  243  
363  244  
363  245  
363  246  
363  247  
363  248  
363  249  
363  250  
363  251  
363  252  
363  253  
363  254  
363  255  
363  256  
363  257  
363  258  
363  259  
363  260  
363  261  
363  262  
363  263  
363  264  
363  265  
363  266  
363  267  
363  268  
363  269  
363  270  
363  271  
160  242  
159  243  
159  244  
159  245  
159  246  
159  247  
159  248  
159  249  
159  250  
159  251  
159  252  
158  253  
158  254  
158  255  
159  256  
159  257  
159  258  
158  259  
158  260  
158  261  
159  262  
159  263  
150  254  
149  255  
149  256  
149  257  
149  258  
149  259  
149  260  
149  261  
149  262  
149  263  
148  264  
148  265  
148  266  
148  267  
148  268  
148  269  
148  270  
148  271  
148  272  
148  273  
148  274  
148  275  
147  276  
147  277  
147  278  
147  279  
147  280  
147  281  
142  255  
142  256  
142  257  
142  258  
142  259  
142  260  
142  261  
142  262  
142  263  
142  264  
142  265  
142  266  
142  267  
142  268  
142  269  
142  270  
142  271  
142  272  
142  273  
142  274  
277  256  
278  256  
279  256  
280  256  
281  256  
282  256  
283  256  
284  256  
285  256  
286  256  
287  256  
288  256  
289  256  
290  256  
291  256  
292  256  
293  256  
294  256  
295  256  
296  256  
297  256  
298  257  
299  257  
221  259  
221  260  
221  261  
221  262  
221  263  
220  264  
220  265  
220  266  
220  267  
220  268  
220  269  
220  270  
220  271  
220  272  
220  273  
220  274  
220  275  
220  276  
220  277  
219  278  
219  279  
219  280  
219  281  
219  282  
219  283  
219  284  
219  285  
219  286  
219  287  
219  288  
219  289  
219  290  
219  291  
219  292  
219  293  
219  294  
219  295  
219  296  
218  297  
218  298  
219  299  
219  300  
219  301  
219  302  
391  261  
392  261  
393  261  
394  261  
395  261  
396  261  
397  261  
398  261  
399  261  
400  261  
401  261  
402  261  
403  261  
404  261  
405  261  
406  261  
407  261  
408  261  
409  261  
410  261  
411  261  
412  261  
413  261  
414  261  
415  261  
416  261  
417  261  
418  261  
419  261  
420  261  
389  262  
390  262  
176  263  
176  264  
176  265  
176  266  
176  267  
176  268  
176  269  
176  270  
176  271  
176  272  
176  273  
176  274  
176  275  
176  276  
176  277  
176  278  
175  279  
175  280  
175  281  
175  282  
175  283  
175  284  
175  285  
175  286  
175  287  
174  288  
174  289  
175  290  
175  291  
174  292  
174  293  
174  294  
174  295  
174  296  
174  297  
174  298  
174  299  
174  300  
174  301  
174  302  
174  303  
131  271  
131  272  
131  273  
131  274  
130  275  
130  276  
130  277  
130  278  
130  279  
130  280  
130  281  
130  282  
130  283  
130  284  
130  285  
130  286  
130  287  
130  288  
129  289  
129  290  
129  291  
129  292  
129  293  
129  294  
129  295  
129  296  
128  297  
128  298  
128  299  
128  300  
128  301  
385  274  
385  275  
385  276  
385  277  
385  278  
385  279  
385  280  
385  281  
385  282  
385  283  
385  284  
385  285  
385  286  
385  287  
385  288  
385  289  
385  290  
385  291  
385  292  
385  293  
385  294  
385  295  
385  296  
385  297  
385  298  
47  275  
47  276  
47  277  
47  278  
47  279  
47  280  
47  281  
47  282  
47  283  
47  284  
47  285  
47  286  
46  287  
46  288  
46  289  
46  290  
46  291  
46  292  
46  293  
45  294  
45  295  
45  296  
45  297  
45  298  
45  299  
45  300  
45  301  
45  302  
45  303  
44  304  
44  305  
44  306  
44  307  
44  308  
44  309  
44  310  
44  311  
44  312  
44  313  
43  314  
43  315  
43  316  
43  317  
43  318  
43  319  
43  320  
43  321  
42  322  
42  323  
42  324  
42  325  
42  326  
42  327  
42  328  
42  329  
42  330  
42  331  
42  332  
42  333  
42  334  
42  335  
42  336  
41  337  
41  338  
41  339  
41  340  
41  341  
41  342  
41  343  
41  344  
40  345  
40  346  
40  347  
40  348  
40  349  
40  350  
40  351  
40  352  
40  353  
40  354  
40  355  
39  356  
39  357  
39  358  
39  359  
39  360  
39  361  
39  362  
39  363  
39  364  
39  365  
39  366  
39  367  
39  368  
39  369  
38  370  
38  371  
38  372  
38  373  
38  374  
38  375  
38  376  
38  377  
38  378  
37  379  
37  380  
37  381  
37  382  
37  383  
37  384  
37  385  
37  386  
37  387  
37  388  
36  389  
36  390  
36  391  
36  392  
37  393  
36  394  
36  395  
36  396  
36  397  
36  398  
36  399  
36  400  
36  401  
36  402  
35  403  
35  404  
35  405  
35  406  
35  407  
35  408  
35  409  
34  410  
187  280  
188  280  
189  280  
190  280  
191  280  
192  280  
193  280  
194  280  
195  280  
196  280  
197  280  
198  280  
199  280  
200  280  
201  280  
202  280  
203  280  
204  280  
205  280  
206  280  
207  280  
104  285  
105  285  
106  285  
107  285  
108  285  
109  285  
110  285  
111  285  
112  285  
113  285  
114  285  
115  285  
116  285  
117  285  
118  285  
119  285  
120  285  
121  285  
122  285  
123  285  
124  285  
125  285  
126  285  
127  285  
135  288  
135  289  
135  290  
134  291  
134  292  
134  293  
134  294  
134  295  
134  296  
134  297  
134  298  
134  299  
134  300  
134  301  
133  302  
133  303  
133  304  
133  305  
133  306  
133  307  
133  308  
133  309  
133  310  
133  311  
155  295  
155  296  
155  297  
155  298  
155  299  
155  300  
155  301  
155  302  
155  303  
155  304  
155  305  
155  306  
155  307  
154  308  
154  309  
154  310  
154  311  
154  312  
154  313  
154  314  
154  315  
154  316  
357  296  
357  297  
357  298  
357  299  
357  300  
357  301  
358  302  
358  303  
357  304  
357  305  
357  306  
357  307  
358  308  
358  309  
358  310  
358  311  
358  312  
358  313  
358  314  
358  315  
358  316  
358  317  
358  318  
358  319  
358  320  
358  321  
358  322  
395  301  
396  301  
397  301  
398  301  
399  301  
400  301  
401  301  
402  301  
403  301  
404  301  
405  301  
406  301  
407  301  
408  301  
409  301  
410  301  
411  301  
412  301  
413  301  
414  301  
411  334  
411  335  
411  336  
411  337  
411  338  
411  339  
411  340  
411  341  
411  342  
411  343  
411  344  
411  345  
411  346  
411  347  
411  348  
411  349  
411  350  
411  351  
411  352  
411  353  
411  354  
411  355  
411  356  
411  357  
411  358  
411  359  
411  360  
411  361  
411  362  
411  363  
411  364  
411  365  
411  366  
411  367  
411  368  
411  369  
411  370  
411  371  
411  372  
411  373  
411  374  
411  375  
411  376  
411  377  
411  378  
411  379  
411  380  
411  381  
411  382  
411  383  
411  384  
411  385  
411  386  
411  387  
411  388  
411  389  
411  390  
411  391  
411  392  
411  393  
411  394  
411  395  
410  396  
410  397  
410  398  
410  399  
410  400  
410  401  
410  402  
410  403  
410  404  
410  405  
409  406  
410  407  
410  408  
410  409  
410  410  
410  411  
409  412  
415  335  
415  336  
415  337  
415  338  
415  339  
415  340  
415  341  
415  342  
415  343  
415  344  
415  345  
415  346  
415  347  
415  348  
415  349  
415  350  
415  351  
415  352  
415  353  
415  354  
415  355  
415  356  
361  340  
361  341  
361  342  
361  343  
361  344  
361  345  
361  346  
361  347  
361  348  
361  349  
361  350  
361  351  
360  352  
360  353  
360  354  
360  355  
360  356  
360  357  
360  358  
360  359  
360  360  
415  368  
415  369  
415  370  
415  371  
415  372  
415  373  
415  374  
414  375  
414  376  
414  377  
414  378  
414  379  
414  380  
414  381  
414  382  
414  383  
414  384  
414  385  
414  386  
414  387  
415  388  
374  397  
375  397  
376  397  
377  397  
378  397  
379  397  
380  397  
381  397  
382  397  
383  397  
384  397  
385  397  
386  397  
387  397  
388  397  
389  397  
390  397  
391  397  
392  397  
393  397  
394  397  
395  397  
396  397  
397  398  
358  400  
358  401  
358  402  
358  403  
358  404  
357  405  
357  406  
357  407  
357  408  
357  409  
357  410  
357  411  
357  412  
357  413  
357  414  
357  415  
357  416  
357  417  
357  418  
357  419  
357  420  
357  421  
357  422  
357  423  
357  424  
357  425  
357  426  
357  427  
357  428  
357  429  
357  430  
357  431  
357  432  
357  433  
371  403  
372  403  
373  403  
374  403  
375  403  
376  403  
377  403  
378  403  
379  403  
380  403  
381  403  
382  403  
383  403  
384  403  
385  403  
386  403  
387  403  
388  403  
389  403  
390  403  
391  403  
392  403  
393  404  
394  404  
395  404  
258  417  
258  418  
258  419  
258  420  
258  421  
258  422  
258  423  
258  424  
257  425  
257  426  
257  427  
257  428  
257  429  
257  430  
257  431  
257  432  
257  433  
257  434  
257  435  
257  436  
257  437  
257  438  
257  439  
257  440  
257  441  
257  442  
257  443  
257  444  
257  445  
257  446  
364  420  
365  420  
366  420  
367  420  
368  420  
369  420  
370  420  
371  420  
372  420  
373  420  
374  420  
375  420  
376  420  
377  420  
378  420  
379  420  
380  420  
381  420  
382  420  
363  421  
383  421  
384  421  
385  421  
386  421  
387  421  
388  421  
389  421  
390  421  
391  421  
392  421  
393  421  
370  425  
371  425  
372  425  
373  425  
374  425  
375  425  
376  425  
377  425  
381  425  
382  425  
378  426  
379  426  
380  426  
383  426  
384  426  
385  426  
386  426  
387  426  
388  426  
389  426  
390  426  
391  426  
392  426  
393  426  
394  426  
409  425  
409  426  
409  427  
409  428  
409  429  
409  430  
409  431  
409  432  
409  433  
409  434  
409  435  
409  436  
409  437  
409  438  
409  439  
409  440  
409  441  
409  442  
409  443  
409  444  
409  445  
409  446  
366  443  
367  443  
368  443  
369  443  
370  443  
371  443  
372  443  
373  443  
374  443  
375  443  
376  443  
377  443  
378  443  
379  443  
380  443  
381  443  
382  443  
383  443  
384  443  
385  443  
386  443  
387  443  
388  443  
389  444  
390  444  
391  444  
392  444  
361  448  
362  448  
363  448  
364  448  
365  448  
366  448  
367  448  
368  448  
369  448  
370  448  
371  448  
372  448  
373  448  
374  449  
375  449  
376  449  
377  449  
378  449  
379  449  
380  449  
381  449  
382  449  
383  449  
384  449  
385  449  
386  449  
387  449  
388  449  
389  449  
390  449  
391  449  
392  449  
393  449  
394  449  
395  449  
396  449  
397  449  
398  449  
409  448  
409  449  
410  450  
410  451  
410  452  
410  453  
409  454  
409  455  
409  456  
409  457  
409  458  
409  459  
409  460  
409  461  
409  462  
409  463  
409  464  
409  465  
409  466  
409  467  
409  468  
409  469  
409  470  
409  471  
409  472  
409  473  
409  474  
409  475  
409  476  
409  477  
409  478  
409  479  
409  480  
409  481  
409  482  
409  483  
357  452  
356  453  
356  454  
356  455  
356  456  
356  457  
356  458  
356  459  
356  460  
356  461  
356  462  
356  463  
356  464  
356  465  
356  466  
356  467  
356  468  
356  469  
356  470  
356  471  
356  472  
356  473  
356  474  
356  475  
356  476  
356  477  
356  478  
356  479  
356  480  
356  481  
356  482  
356  483  
356  484  
356  485  
356  486  
356  487  
405  457  
405  458  
405  459  
405  460  
405  461  
405  462  
405  463  
405  464  
405  465  
405  466  
405  467  
405  468  
405  469  
405  470  
405  471  
405  472  
405  473  
405  474  
405  475  
405  476  
405  477  
404  478  
404  479  
405  480  
404  481  
404  482  
404  483  
404  484  
404  485  
404  486  
404  487  
404  488  
404  489  
405  490  
272  491  
273  491  
274  491  
275  492  
276  492  
277  492  
278  492  
279  492  
280  492  
281  492  
282  492  
283  492  
284  492  
285  492  
286  492  
287  492  
289  492  
290  492  
291  492  
288  493  
376  497  
377  497  
378  497  
379  497  
380  497  
381  498  
382  498  
383  498  
384  498  
385  498  
386  498  
387  498  
388  499  
389  499  
390  499  
391  499  
392  499  
393  499  
394  499  
395  499  
396  499  
397  499  
357  549  
358  549  
359  549  
360  549  
361  549  
362  549  
363  549  
364  549  
365  549  
366  550  
367  550  
368  550  
369  550  
370  550  
371  550  
372  550  
373  550  
374  550  
375  551  
376  551  
377  551  
378  551  
379  551  
380  551  
381  551  
382  551  
383  551  
384  551  
385  551  
386  551  
387  551  
413  557  
414  557  
415  557  
416  558  
417  558  
418  558  
419  559  
420  560  
421  560  
422  560  
423  561  
424  561  
425  561  
426  562  
427  562  
428  563  
429  563  
430  563  
431  564  
432  564  
410  560  
410  561  
410  562  
410  563  
410  564  
410  565  
410  566  
410  567  
410  568  
410  569  
410  570  
410  571  
410  572  
410  573  
410  574  
410  575  
410  576  
410  577  
411  578  
411  579  
411  580  
307  589  
308  589  
309  589  
310  589  
311  589  
312  589  
313  589  
314  589  
315  589  
316  589  
317  589  
318  589  
319  589  
320  589  
321  589  
322  589  
323  589  
324  590  
325  590  
326  590  
327  590  
328  590  
329  590  
330  590  
331  590  
332  590  
333  591  
334  591  
335  591  
336  591  
337  591  
338  591  
339  591  
340  591  
341  591  
342  591  
343  591  
346  591  
347  591  
348  591  
344  592  
345  592  
349  592  
350  592  
351  592  
310  593  
311  593  
312  593  
313  593  
319  593  
314  594  
315  594  
316  594  
317  594  
318  594  
320  594  
321  594  
322  594  
323  594  
324  594  
325  594  
326  594  
327  594  
328  594  
329  595  
