55  
31  70  92  39  84  41  32  29  22  22  35  29  26  22  40  25  25  26  34  26  33  42  41  28  43  39  25  25  24  24  42  26  25  20  25  24  40  45  26  25  20  20  26  21  20  22  20  20  53  23  35  27  25  25  39  
76  32  
76  33  
76  34  
76  35  
76  36  
76  37  
76  38  
76  39  
76  40  
76  41  
76  42  
76  43  
76  44  
76  45  
76  46  
76  47  
76  48  
76  49  
76  50  
76  51  
76  52  
76  53  
76  54  
76  55  
76  56  
76  57  
76  58  
76  59  
76  60  
76  61  
76  62  
333  32  
334  32  
335  32  
336  32  
337  33  
338  33  
339  33  
340  34  
341  34  
342  34  
343  35  
344  35  
345  35  
346  35  
347  36  
348  36  
349  36  
350  37  
351  37  
352  37  
353  37  
354  37  
355  38  
356  38  
357  38  
358  39  
359  39  
360  39  
361  39  
362  39  
363  40  
364  40  
365  41  
366  41  
367  41  
368  41  
369  42  
370  42  
371  42  
372  42  
373  42  
374  43  
375  43  
376  43  
377  43  
378  44  
379  44  
380  44  
381  45  
382  45  
383  45  
384  45  
385  46  
386  46  
387  46  
388  46  
389  47  
390  47  
391  47  
392  48  
393  48  
394  48  
395  48  
396  49  
397  49  
398  49  
399  50  
400  50  
401  50  
402  50  
185  41  
186  41  
187  41  
188  41  
189  42  
190  42  
191  42  
192  42  
193  43  
194  43  
195  43  
196  44  
197  44  
198  44  
199  45  
200  45  
201  45  
202  45  
203  46  
204  46  
205  46  
206  46  
207  47  
208  47  
209  47  
210  47  
211  48  
212  48  
213  48  
214  48  
215  49  
216  49  
217  49  
218  50  
219  50  
220  50  
221  50  
222  51  
223  51  
224  51  
225  52  
226  52  
227  52  
228  53  
229  53  
230  53  
231  53  
232  54  
233  54  
234  54  
235  54  
236  54  
237  55  
238  55  
239  55  
240  56  
241  56  
242  56  
243  56  
244  56  
245  57  
246  57  
247  57  
248  58  
249  58  
250  58  
251  58  
252  59  
253  59  
254  59  
255  60  
256  60  
257  60  
258  60  
259  61  
260  61  
261  62  
262  62  
263  62  
264  62  
265  62  
266  63  
267  63  
268  63  
269  63  
270  64  
271  64  
272  64  
273  64  
274  64  
275  65  
275  66  
121  50  
119  51  
120  51  
117  52  
118  52  
116  53  
114  54  
115  54  
112  55  
113  55  
110  56  
111  56  
108  57  
109  57  
106  58  
107  58  
104  59  
105  59  
103  60  
101  61  
102  61  
99  62  
100  62  
97  63  
98  63  
96  64  
94  65  
95  65  
92  66  
93  66  
91  67  
88  68  
89  68  
90  68  
86  69  
87  69  
85  70  
83  71  
84  71  
208  52  
209  52  
210  53  
211  53  
212  53  
213  53  
214  53  
215  53  
216  54  
217  54  
218  54  
219  54  
220  55  
221  55  
222  55  
223  56  
224  56  
225  56  
226  56  
227  57  
228  57  
229  57  
230  57  
231  58  
232  58  
233  58  
234  58  
235  58  
236  59  
237  59  
238  59  
239  60  
240  60  
241  60  
242  60  
243  61  
244  61  
245  61  
246  62  
247  62  
248  62  
249  62  
250  62  
251  63  
252  63  
253  63  
254  64  
255  64  
256  64  
257  65  
258  65  
259  65  
260  65  
261  65  
262  66  
263  66  
264  66  
265  66  
266  66  
267  67  
268  67  
269  67  
270  67  
271  67  
272  68  
273  68  
274  68  
275  68  
276  69  
277  69  
278  69  
279  69  
280  70  
281  70  
282  70  
283  70  
284  71  
285  71  
286  71  
287  71  
288  71  
289  72  
290  72  
291  72  
72  77  
70  78  
71  78  
68  79  
69  79  
66  80  
67  80  
64  81  
65  81  
63  82  
61  83  
62  83  
59  84  
60  84  
58  85  
56  86  
57  86  
54  87  
55  87  
52  88  
53  88  
51  89  
49  90  
50  90  
47  91  
48  91  
45  92  
46  92  
43  93  
44  93  
41  94  
42  94  
40  95  
38  96  
39  96  
36  97  
37  97  
34  98  
35  98  
32  99  
33  99  
318  79  
319  79  
320  79  
321  79  
322  79  
323  80  
324  80  
325  80  
326  80  
327  80  
328  81  
329  81  
330  81  
331  81  
332  82  
333  82  
334  82  
335  82  
336  82  
337  83  
338  83  
339  83  
340  83  
341  83  
342  84  
343  84  
344  84  
345  84  
346  85  
347  85  
348  85  
349  85  
407  81  
408  82  
409  82  
410  82  
411  82  
412  83  
413  83  
414  83  
415  84  
416  84  
417  84  
418  84  
419  84  
420  84  
421  85  
422  85  
423  85  
424  85  
425  85  
426  86  
427  86  
428  86  
429  87  
430  87  
431  87  
432  87  
433  87  
434  88  
435  88  
446  139  
446  140  
445  141  
445  142  
445  143  
445  144  
445  145  
445  146  
445  147  
445  148  
445  149  
445  150  
445  151  
445  152  
445  153  
445  154  
445  155  
445  156  
445  157  
445  158  
445  159  
445  160  
427  140  
427  141  
427  142  
427  143  
427  144  
427  145  
427  146  
427  147  
427  148  
427  149  
428  150  
428  151  
428  152  
428  153  
428  154  
428  155  
428  156  
428  157  
428  158  
428  159  
428  160  
428  161  
241  170  
242  171  
243  171  
244  171  
245  171  
246  171  
247  171  
248  172  
249  172  
250  172  
251  173  
252  173  
253  173  
254  173  
255  173  
256  173  
257  174  
258  174  
259  174  
260  174  
261  174  
262  175  
263  175  
264  175  
265  175  
266  176  
267  176  
268  176  
269  176  
270  176  
271  177  
272  177  
273  177  
274  177  
275  177  
268  181  
269  181  
270  181  
271  182  
272  182  
273  182  
274  182  
275  182  
276  182  
277  183  
278  183  
279  183  
280  183  
281  183  
282  183  
283  184  
284  184  
285  184  
286  184  
287  185  
288  185  
289  185  
290  185  
291  185  
292  185  
296  185  
293  186  
294  186  
295  186  
216  187  
217  187  
218  188  
219  188  
220  188  
221  188  
222  188  
223  189  
224  189  
225  189  
226  190  
227  190  
228  190  
229  190  
230  191  
231  191  
232  191  
233  191  
234  191  
235  192  
236  192  
237  192  
238  193  
239  193  
240  193  
241  193  
162  194  
162  195  
162  196  
161  197  
161  198  
161  199  
161  200  
161  201  
161  202  
161  203  
161  204  
161  205  
161  206  
161  207  
161  208  
161  209  
162  210  
162  211  
162  212  
162  213  
161  214  
161  215  
225  194  
226  194  
227  194  
228  194  
229  195  
230  195  
231  195  
232  195  
233  195  
234  196  
235  196  
236  196  
237  197  
238  197  
239  197  
240  197  
241  197  
242  197  
243  198  
244  198  
245  198  
246  198  
247  199  
248  199  
249  199  
250  199  
251  200  
252  200  
253  200  
254  200  
255  201  
256  201  
257  201  
258  202  
259  202  
260  202  
261  202  
262  202  
263  203  
264  203  
161  223  
161  224  
161  225  
161  226  
161  227  
161  228  
161  229  
161  230  
161  231  
161  232  
161  233  
161  234  
161  235  
160  236  
160  237  
160  238  
160  239  
160  240  
160  241  
160  242  
160  243  
160  244  
160  245  
160  246  
160  247  
374  240  
374  241  
375  242  
375  243  
375  244  
375  245  
375  246  
375  247  
375  248  
375  249  
375  250  
375  251  
375  252  
375  253  
375  254  
375  255  
375  256  
375  257  
375  258  
375  259  
375  260  
374  261  
374  262  
374  263  
374  264  
413  248  
414  248  
415  248  
416  248  
417  249  
418  249  
419  249  
420  249  
421  249  
422  249  
423  249  
424  250  
425  250  
426  250  
427  250  
428  250  
429  250  
430  251  
431  251  
432  251  
433  251  
434  251  
435  251  
436  252  
437  252  
438  252  
260  257  
259  258  
259  259  
259  260  
259  261  
259  262  
259  263  
259  264  
259  265  
259  266  
259  267  
259  268  
259  269  
259  270  
259  271  
259  272  
259  273  
259  274  
259  275  
259  276  
259  277  
259  278  
259  279  
259  280  
259  281  
259  282  
259  283  
259  284  
259  285  
259  286  
259  287  
259  288  
259  289  
259  290  
288  258  
288  259  
288  260  
288  261  
288  262  
288  263  
288  264  
288  265  
288  266  
288  267  
289  268  
289  269  
289  270  
289  271  
289  272  
289  273  
289  274  
289  275  
289  276  
289  277  
289  278  
289  279  
289  280  
289  281  
289  282  
288  283  
285  261  
285  262  
285  263  
285  264  
285  265  
285  266  
285  267  
285  268  
285  269  
285  270  
285  271  
285  272  
285  273  
285  274  
285  275  
285  276  
285  277  
285  278  
285  279  
285  280  
285  281  
285  282  
285  283  
285  284  
285  285  
285  286  
285  287  
285  288  
285  289  
285  290  
285  291  
285  292  
285  293  
428  263  
428  264  
428  265  
428  266  
428  267  
428  268  
428  269  
428  270  
428  271  
428  272  
428  273  
428  274  
428  275  
428  276  
428  277  
428  278  
428  279  
428  280  
428  281  
428  282  
428  283  
428  284  
428  285  
428  286  
428  287  
428  288  
428  289  
428  290  
428  291  
428  292  
428  293  
428  294  
428  295  
428  296  
428  297  
428  298  
428  299  
428  300  
428  301  
428  302  
428  303  
428  304  
446  266  
446  267  
446  268  
446  269  
446  270  
446  271  
446  272  
446  273  
446  274  
446  275  
446  276  
446  277  
446  278  
446  279  
446  280  
446  281  
446  282  
446  283  
446  284  
446  285  
446  286  
446  287  
446  288  
446  289  
446  290  
446  291  
446  292  
446  293  
446  294  
446  295  
446  296  
446  297  
446  298  
446  299  
446  300  
446  301  
446  302  
446  303  
446  304  
446  305  
446  306  
423  277  
423  278  
423  279  
423  280  
423  281  
423  282  
423  283  
423  284  
423  285  
423  286  
423  287  
423  288  
423  289  
423  290  
423  291  
423  292  
423  293  
423  294  
423  295  
423  296  
423  297  
423  298  
423  299  
423  300  
423  301  
423  302  
423  303  
423  304  
240  302  
241  302  
242  302  
243  302  
244  302  
245  302  
246  302  
247  302  
248  302  
249  302  
250  303  
251  303  
252  303  
253  303  
254  303  
255  303  
256  303  
257  303  
258  303  
259  303  
260  304  
261  304  
262  304  
263  304  
264  304  
265  304  
266  304  
267  305  
268  305  
269  305  
270  305  
271  305  
272  305  
273  305  
274  305  
275  305  
276  305  
277  306  
278  306  
279  306  
280  306  
281  306  
282  306  
410  311  
411  311  
412  311  
413  311  
414  311  
415  311  
416  312  
417  312  
418  312  
419  312  
420  312  
421  312  
422  312  
423  312  
424  312  
425  313  
426  313  
427  313  
428  313  
429  313  
430  313  
431  314  
432  314  
433  314  
434  314  
435  314  
436  314  
437  314  
438  314  
439  314  
440  315  
441  315  
442  315  
443  315  
444  315  
445  315  
446  315  
447  315  
448  316  
159  314  
159  315  
159  316  
159  317  
159  318  
159  319  
159  320  
159  321  
159  322  
159  323  
159  324  
159  325  
159  326  
159  327  
159  328  
159  329  
159  330  
159  331  
159  332  
159  333  
159  334  
159  335  
159  336  
159  337  
159  338  
409  316  
410  316  
411  316  
412  317  
413  317  
414  317  
415  317  
416  317  
417  317  
418  317  
419  317  
420  317  
421  317  
422  317  
423  317  
424  317  
425  317  
426  317  
427  318  
428  318  
429  318  
430  318  
431  318  
432  318  
433  318  
374  355  
374  356  
374  357  
374  358  
374  359  
374  360  
374  361  
374  362  
374  363  
374  364  
374  365  
374  366  
374  367  
374  368  
374  369  
374  370  
374  371  
374  372  
374  373  
375  374  
374  375  
374  376  
374  377  
374  378  
378  358  
378  359  
378  360  
378  361  
378  362  
378  363  
378  364  
378  365  
378  366  
378  367  
378  368  
378  369  
378  370  
378  371  
378  372  
378  373  
378  374  
378  375  
378  376  
378  377  
378  378  
378  379  
377  380  
377  381  
244  378  
245  378  
246  378  
247  378  
248  378  
249  378  
250  378  
251  378  
252  378  
253  379  
254  379  
255  379  
256  379  
257  379  
258  379  
259  379  
260  379  
261  379  
262  379  
263  379  
264  379  
266  379  
265  380  
267  380  
268  380  
269  380  
270  380  
271  380  
272  380  
273  380  
274  380  
275  380  
276  380  
277  380  
278  381  
279  381  
280  381  
281  381  
282  381  
283  381  
284  381  
285  381  
423  392  
423  393  
423  394  
423  395  
424  396  
424  397  
424  398  
424  399  
424  400  
424  401  
424  402  
424  403  
424  404  
424  405  
424  406  
424  407  
424  408  
424  409  
424  410  
424  411  
424  412  
424  413  
424  414  
424  415  
424  416  
424  417  
446  392  
446  393  
446  394  
446  395  
446  396  
447  397  
447  398  
447  399  
447  400  
447  401  
447  402  
447  403  
447  404  
448  405  
448  406  
448  407  
448  408  
448  409  
448  410  
448  411  
448  412  
448  413  
448  414  
448  415  
448  416  
59  404  
59  405  
59  406  
59  407  
59  408  
59  409  
59  410  
59  411  
59  412  
58  413  
58  414  
58  415  
58  416  
58  417  
58  418  
58  419  
58  420  
58  421  
58  422  
58  423  
157  410  
157  411  
157  412  
157  413  
157  414  
157  415  
157  416  
157  417  
157  418  
157  419  
157  420  
157  421  
157  422  
157  423  
157  424  
157  425  
157  426  
157  427  
157  428  
157  429  
157  430  
157  431  
157  432  
156  433  
156  434  
244  422  
245  423  
246  423  
247  423  
248  423  
249  423  
250  423  
251  423  
252  423  
253  423  
254  423  
255  423  
256  423  
257  423  
258  423  
259  423  
260  423  
261  423  
262  423  
263  423  
264  423  
265  423  
266  423  
267  423  
243  429  
244  430  
245  430  
246  430  
247  430  
248  430  
249  430  
250  430  
251  430  
252  430  
253  430  
254  430  
255  430  
256  430  
257  430  
258  430  
259  430  
260  430  
261  430  
262  430  
263  430  
264  431  
265  431  
266  431  
267  431  
268  431  
269  431  
270  431  
271  431  
272  431  
273  431  
274  431  
275  431  
276  431  
277  432  
278  432  
279  432  
280  432  
281  432  
282  432  
237  435  
238  435  
239  435  
240  435  
241  435  
242  435  
243  435  
244  435  
245  435  
246  435  
247  435  
248  435  
249  435  
250  435  
251  435  
252  436  
253  436  
254  436  
255  436  
256  436  
257  436  
258  436  
259  436  
260  436  
261  436  
262  436  
263  436  
264  436  
265  436  
266  436  
267  436  
268  436  
269  436  
270  437  
271  437  
272  437  
273  437  
274  437  
275  437  
276  437  
277  437  
278  437  
279  437  
280  437  
281  438  
263  443  
264  443  
265  443  
266  443  
267  443  
268  443  
269  443  
270  443  
271  443  
272  443  
273  443  
274  443  
275  443  
276  443  
277  443  
278  443  
279  443  
280  443  
281  443  
282  443  
283  443  
284  443  
285  443  
286  443  
287  443  
288  443  
410  445  
411  445  
412  445  
413  445  
414  445  
415  445  
416  445  
417  445  
418  445  
419  445  
420  445  
421  445  
422  445  
423  445  
424  445  
425  445  
426  445  
427  445  
428  445  
429  445  
430  445  
431  445  
432  446  
433  446  
434  446  
157  447  
156  448  
156  449  
156  450  
156  451  
156  452  
156  453  
156  454  
156  455  
156  456  
156  457  
156  458  
156  459  
156  460  
156  461  
156  462  
156  463  
156  464  
155  465  
156  466  
419  449  
420  449  
421  449  
422  449  
423  450  
424  450  
425  450  
426  450  
427  450  
428  450  
429  450  
430  450  
431  450  
432  450  
433  450  
434  450  
435  450  
436  450  
437  450  
438  450  
412  456  
413  456  
414  456  
415  457  
416  457  
417  457  
418  457  
419  457  
420  457  
421  457  
422  457  
423  457  
424  457  
425  457  
426  457  
427  457  
428  457  
429  457  
430  457  
431  457  
432  457  
433  457  
434  457  
435  457  
436  457  
437  457  
315  487  
316  487  
317  487  
318  487  
319  487  
320  487  
321  487  
322  487  
323  487  
324  487  
325  487  
326  487  
327  487  
328  487  
329  487  
330  487  
331  488  
332  488  
333  488  
334  488  
335  488  
155  492  
155  493  
155  494  
155  495  
155  496  
155  497  
155  498  
155  499  
155  500  
155  501  
155  502  
155  503  
155  504  
154  505  
154  506  
154  507  
154  508  
154  509  
154  510  
154  511  
155  513  
155  514  
155  515  
155  516  
155  517  
155  518  
155  519  
155  520  
155  521  
154  522  
154  523  
154  524  
154  525  
154  526  
155  527  
154  528  
154  529  
154  530  
154  531  
154  532  
154  533  
154  534  
116  519  
116  520  
116  521  
116  522  
116  523  
116  524  
116  525  
116  526  
116  527  
116  528  
117  529  
117  530  
117  531  
117  532  
117  533  
117  534  
117  535  
117  536  
117  537  
117  538  
213  525  
214  525  
215  525  
216  525  
217  525  
218  525  
219  525  
220  525  
221  525  
222  526  
223  526  
224  526  
225  526  
226  526  
227  526  
228  526  
229  526  
230  526  
231  526  
232  526  
194  526  
194  527  
194  528  
194  529  
194  530  
194  531  
194  532  
194  533  
194  534  
194  535  
194  536  
194  537  
194  538  
194  539  
194  540  
194  541  
194  542  
194  543  
194  544  
193  545  
193  546  
193  547  
193  548  
193  549  
193  550  
193  551  
193  552  
193  553  
193  554  
193  555  
193  556  
193  557  
193  558  
193  559  
193  560  
193  561  
193  562  
193  563  
193  564  
193  565  
193  566  
193  567  
193  568  
193  569  
193  570  
193  571  
193  572  
193  573  
193  574  
193  575  
193  576  
193  577  
193  578  
224  556  
225  556  
226  556  
227  556  
228  556  
229  556  
230  556  
231  556  
232  556  
233  556  
234  556  
235  556  
236  556  
237  556  
238  556  
216  557  
217  557  
218  557  
219  557  
220  557  
221  557  
222  557  
223  557  
291  563  
292  563  
293  563  
294  563  
260  564  
261  564  
262  564  
263  564  
265  564  
266  564  
267  564  
268  564  
269  564  
270  564  
271  564  
272  564  
273  564  
274  564  
275  564  
276  564  
277  564  
278  564  
279  564  
280  564  
281  564  
282  564  
283  564  
284  564  
285  564  
286  564  
287  564  
288  564  
289  564  
290  564  
264  565  
384  571  
384  572  
384  573  
384  574  
384  575  
384  576  
384  577  
385  578  
385  579  
385  580  
385  581  
385  582  
385  583  
385  584  
385  585  
385  586  
385  587  
385  588  
385  589  
384  590  
384  591  
384  592  
384  593  
384  594  
384  595  
384  596  
384  597  
364  572  
364  573  
364  574  
364  575  
364  576  
364  577  
364  578  
364  579  
364  580  
364  581  
364  582  
364  583  
364  584  
364  585  
364  586  
364  587  
364  588  
364  589  
365  590  
365  591  
365  592  
365  593  
365  594  
365  595  
365  596  
214  594  
215  594  
216  594  
217  594  
218  594  
219  594  
220  594  
221  594  
222  594  
223  594  
224  594  
225  594  
226  594  
227  594  
228  594  
229  594  
205  595  
206  595  
207  595  
208  595  
209  595  
210  595  
211  595  
212  595  
213  595  
215  599  
216  599  
217  599  
218  599  
219  599  
220  599  
221  599  
222  599  
223  599  
224  599  
225  599  
226  599  
227  599  
228  599  
229  599  
230  599  
231  599  
232  599  
233  599  
234  599  
235  599  
236  599  
237  599  
238  599  
239  599  
240  599  
241  599  
242  599  
243  599  
205  600  
206  600  
207  600  
208  600  
209  600  
210  600  
211  600  
212  600  
213  600  
214  600  
