360  32  
360  33  
360  34  
360  35  
360  36  
361  37  
361  38  
361  39  
361  40  
361  41  
361  42  
361  43  
361  44  
361  45  
361  46  
361  47  
361  48  
361  49  
361  50  
361  51  
361  52  
362  53  
362  54  
362  55  
362  56  
362  57  
362  58  
362  59  
362  60  
362  61  
362  62  
362  63  
362  64  
362  65  
363  66  
363  67  
363  68  
363  69  
363  70  
363  71  
363  72  
363  73  
363  74  
363  75  
363  76  
363  77  
363  78  
363  79  
364  80  
364  81  
364  82  
364  83  
364  84  
364  85  
364  86  
364  87  
365  88  
365  89  
365  90  
365  91  
365  92  
365  93  
365  94  
365  95  
365  96  
365  97  
365  98  
365  99  
365  100  
365  101  
366  102  
366  103  
366  104  
366  105  
366  106  
366  107  
366  108  
366  109  
366  110  
367  111  
367  112  
367  113  
367  114  
367  115  
367  116  
367  117  
367  118  
367  119  
367  120  
367  121  
368  122  
368  123  
368  124  
368  125  
368  126  
368  127  
368  128  
368  129  
368  130  
368  131  
368  132  
368  133  
369  134  
369  135  
369  136  
369  137  
369  138  
369  139  
369  140  
369  141  
369  142  
369  143  
369  144  
369  145  
369  146  
369  147  
370  148  
370  149  
370  150  
370  151  
370  152  
370  153  
370  154  
370  155  
370  156  
370  157  
371  158  
371  159  
371  160  
371  161  
371  162  
371  163  
371  164  
371  165  
371  166  
371  167  
371  168  
371  169  
372  170  
372  171  
372  172  
372  173  
372  174  
372  175  
372  176  
372  177  
372  178  
372  179  
372  180  
372  181  
373  182  
373  183  
373  184  
373  185  
373  186  
373  187  
373  188  
373  189  
373  190  
373  191  
373  192  
373  193  
373  194  
373  195  
373  196  
373  197  
373  198  
373  199  
373  200  
374  201  
374  202  
374  203  
374  204  
374  205  
374  206  
374  207  
374  208  
374  209  
374  210  
375  211  
375  212  
375  213  
375  214  
375  215  
375  216  
375  217  
375  218  
375  219  
375  220  
375  221  
375  222  
375  223  
375  224  
375  225  
376  226  
376  227  
376  228  
376  229  
376  230  
376  231  
376  232  
376  233  
376  234  
377  235  
377  236  
377  237  
377  238  
377  239  
377  240  
377  241  
377  242  
377  243  
377  244  
377  245  
377  246  
377  247  
377  248  
378  249  
378  250  
378  251  
378  252  
378  253  
378  254  
378  255  
378  256  
378  257  
378  258  
378  259  
378  260  
378  261  
379  262  
379  263  
379  264  
379  265  
379  266  
379  267  
379  268  
379  269  
379  270  
379  271  
379  272  
379  273  
379  274  
379  275  
380  276  
380  277  
380  278  
380  279  
380  280  
380  281  
380  282  
380  283  
380  284  
380  285  
380  286  
380  287  
381  288  
381  289  
381  290  
381  291  
381  292  
381  293  
381  294  
381  295  
381  296  
382  297  
382  298  
382  299  
382  300  
382  301  
382  302  
382  303  
382  304  
382  305  
383  306  
383  307  
383  308  
383  309  
383  310  
383  311  
383  312  
383  313  
383  314  
383  315  
383  316  
383  317  
383  318  
383  319  
383  320  
383  321  
384  322  
384  323  
384  324  
384  325  
384  326  
384  327  
384  328  
384  329  
384  330  
385  331  
385  332  
385  333  
385  334  
385  335  
385  336  
385  337  
385  338  
385  339  
385  340  
385  341  
386  342  
386  343  
386  344  
386  345  
386  346  
386  347  
386  348  
386  349  
386  350  
386  351  
386  352  
387  353  
387  354  
387  355  
387  356  
387  357  
387  358  
387  359  
387  360  
387  361  
388  362  
388  363  
388  364  
388  365  
388  366  
388  367  
388  368  
388  369  
388  370  
388  371  
388  372  
389  373  
389  374  
389  375  
389  376  
389  377  
389  378  
389  379  
389  380  
389  381  
389  382  
389  383  
390  384  
390  385  
390  386  
390  387  
390  388  
390  389  
390  390  
390  391  
390  392  
391  393  
391  394  
391  395  
391  396  
391  397  
391  398  
391  399  
391  400  
391  401  
392  402  
392  403  
392  404  
392  405  
392  406  
392  407  
392  408  
392  409  
392  410  
392  411  
393  412  
393  413  
393  414  
393  415  
393  416  
393  417  
393  418  
393  419  
393  420  
393  421  
393  422  
394  423  
394  424  
394  425  
394  426  
394  427  
394  428  
394  429  
394  430  
394  431  
395  432  
395  433  
395  434  
395  435  
395  436  
395  437  
395  438  
395  439  
396  440  
396  441  
396  442  
396  443  
396  444  
396  445  
396  446  
396  447  
396  448  
396  449  
396  450  
396  451  
397  452  
397  453  
397  454  
397  455  
397  456  
397  457  
397  458  
397  459  
397  460  
397  461  
397  462  
397  463  
398  464  
398  465  
398  466  
398  467  
398  468  
398  469  
398  470  
398  471  
399  472  
399  473  
399  474  
399  475  
399  476  
399  477  
399  478  
399  479  
399  480  
400  481  
400  482  
400  483  
400  484  
400  485  
400  486  
400  487  
400  488  
400  489  
401  490  
401  491  
401  492  
401  493  
401  494  
401  495  
401  496  
401  497  
401  498  
401  499  
401  500  
401  501  
401  502  
401  503  
402  504  
402  505  
402  506  
402  507  
402  508  
402  509  
402  510  
402  511  
402  512  
403  513  
403  514  
403  515  
403  516  
403  517  
403  518  
403  519  
403  520  
403  521  
403  522  
403  523  
403  524  
403  525  
404  526  
404  527  
404  528  
404  529  
404  530  
404  531  
404  532  
404  533  
405  534  
405  535  
405  536  
405  537  
405  538  
405  539  
405  540  
405  541  
405  542  
405  543  
405  544  
406  545  
406  546  
406  547  
406  548  
406  549  
406  550  
406  551  
406  552  
406  553  
407  554  
407  555  
407  556  
407  557  
407  558  
407  559  
407  560  
407  561  
407  562  
408  563  
408  564  
408  565  
408  566  
408  567  
408  568  
408  569  
408  570  
409  571  
409  572  
409  573  
409  574  
409  575  
409  576  
409  577  
409  578  
409  579  
409  580  
409  581  
409  582  
409  583  
410  584  
410  585  
410  586  
410  587  
410  588  
410  589  
411  590  
411  591  
411  592  
411  593  
411  594  
411  595  
411  596  
411  597  
411  598  
411  599  
411  600  
411  601  
412  602  
412  603  
412  604  
412  605  
412  606  
412  607  
412  608  
364  32  
364  33  
364  34  
364  35  
365  36  
365  37  
365  38  
365  39  
365  40  
365  41  
365  42  
365  43  
365  44  
365  45  
365  46  
365  47  
365  48  
366  49  
366  50  
366  51  
366  52  
366  53  
366  54  
366  55  
366  56  
366  57  
366  58  
366  59  
366  60  
366  61  
366  62  
366  63  
366  64  
367  65  
367  66  
367  67  
367  68  
367  69  
367  70  
367  71  
367  72  
367  73  
367  74  
367  75  
367  76  
367  77  
368  78  
368  79  
368  80  
368  81  
368  82  
368  83  
368  84  
368  85  
369  86  
369  87  
369  88  
369  89  
369  90  
369  91  
369  92  
369  93  
369  94  
369  95  
369  96  
369  97  
369  98  
370  99  
370  100  
370  101  
370  102  
370  103  
370  104  
370  105  
370  106  
371  107  
371  108  
371  109  
371  110  
371  111  
371  112  
371  113  
371  114  
371  115  
371  116  
371  117  
371  118  
372  119  
372  120  
372  121  
372  122  
372  123  
372  124  
372  125  
372  126  
372  127  
372  128  
372  129  
372  130  
372  131  
373  132  
373  133  
373  134  
373  135  
373  136  
373  137  
373  138  
373  139  
373  140  
373  141  
374  142  
374  143  
374  144  
374  145  
374  146  
374  147  
374  148  
374  149  
374  150  
374  151  
375  152  
375  153  
375  154  
375  155  
375  156  
375  157  
375  158  
375  159  
375  160  
375  161  
375  162  
375  163  
375  164  
375  165  
375  166  
375  167  
376  168  
376  169  
376  170  
376  171  
376  172  
376  173  
376  174  
376  175  
376  176  
376  177  
377  178  
377  179  
377  180  
377  181  
377  182  
377  183  
377  184  
377  185  
377  186  
377  187  
377  188  
377  189  
377  190  
377  191  
377  192  
378  193  
378  194  
378  195  
378  196  
378  197  
378  198  
378  199  
378  200  
378  201  
378  202  
379  203  
379  204  
379  205  
379  206  
379  207  
379  208  
379  209  
379  210  
379  211  
379  212  
379  213  
379  214  
379  215  
379  216  
379  217  
380  218  
380  219  
380  220  
380  221  
380  222  
380  223  
380  224  
380  225  
380  226  
380  227  
380  228  
380  229  
380  230  
380  231  
381  232  
381  233  
381  234  
381  235  
381  236  
381  237  
381  238  
381  239  
381  240  
381  241  
381  242  
381  243  
381  244  
382  245  
382  246  
382  247  
382  248  
382  249  
382  250  
382  251  
382  252  
382  253  
382  254  
382  255  
382  256  
383  257  
383  258  
383  259  
383  260  
383  261  
383  262  
383  263  
383  264  
383  265  
383  266  
383  267  
384  268  
384  269  
384  270  
384  271  
384  272  
384  273  
384  274  
384  275  
384  276  
385  277  
385  278  
385  279  
385  280  
385  281  
385  282  
385  283  
385  284  
385  285  
385  286  
385  287  
385  288  
385  289  
385  290  
386  291  
386  292  
386  293  
386  294  
386  295  
386  296  
386  297  
387  298  
387  299  
387  300  
387  301  
387  302  
387  303  
387  304  
387  305  
387  306  
387  307  
387  308  
387  309  
387  310  
387  311  
388  312  
388  313  
388  314  
388  315  
388  316  
388  317  
388  318  
388  319  
388  320  
388  321  
389  322  
389  323  
389  324  
389  325  
389  326  
389  327  
389  328  
389  329  
389  330  
389  331  
390  332  
390  333  
390  334  
390  335  
390  336  
390  337  
390  338  
390  339  
391  340  
391  341  
391  342  
391  343  
391  344  
391  345  
391  346  
391  347  
391  348  
391  349  
391  350  
391  351  
391  352  
391  353  
392  354  
392  355  
392  356  
392  357  
392  358  
392  359  
392  360  
392  361  
392  362  
393  363  
393  364  
393  365  
393  366  
393  367  
393  368  
393  369  
393  370  
393  371  
393  372  
393  373  
393  374  
394  375  
394  376  
394  377  
394  378  
394  379  
394  380  
394  381  
394  382  
394  383  
395  384  
395  385  
395  386  
395  387  
395  388  
395  389  
395  390  
395  391  
395  392  
395  393  
395  394  
396  395  
396  396  
396  397  
396  398  
396  399  
396  400  
397  401  
397  402  
397  403  
397  404  
397  405  
397  406  
397  407  
397  408  
397  409  
397  410  
397  411  
398  412  
398  413  
398  414  
398  415  
398  416  
398  417  
398  418  
398  419  
398  420  
398  421  
398  422  
399  423  
399  424  
399  425  
399  426  
399  427  
399  428  
399  429  
399  430  
399  431  
399  432  
400  433  
400  434  
400  435  
400  436  
400  437  
400  438  
400  439  
401  440  
401  441  
401  442  
401  443  
401  444  
401  445  
401  446  
401  447  
401  448  
401  449  
402  450  
402  451  
402  452  
402  453  
402  454  
402  455  
402  456  
402  457  
402  458  
402  459  
402  460  
402  461  
402  462  
403  463  
403  464  
403  465  
403  466  
403  467  
403  468  
403  469  
403  470  
403  471  
404  472  
404  473  
404  474  
404  475  
404  476  
404  477  
404  478  
404  479  
404  480  
405  481  
405  482  
405  483  
405  484  
405  485  
405  486  
405  487  
405  488  
405  489  
405  490  
406  491  
406  492  
406  493  
406  494  
406  495  
406  496  
406  497  
406  498  
406  499  
406  500  
407  501  
407  502  
407  503  
407  504  
407  505  
407  506  
407  507  
407  508  
407  509  
408  510  
408  511  
408  512  
408  513  
408  514  
408  515  
408  516  
408  517  
408  518  
408  519  
408  520  
409  521  
409  522  
409  523  
409  524  
409  525  
409  526  
409  527  
409  528  
410  529  
410  530  
410  531  
410  532  
410  533  
410  534  
410  535  
410  536  
410  537  
411  538  
411  539  
411  540  
411  541  
411  542  
411  543  
411  544  
411  545  
411  546  
411  547  
411  548  
411  549  
411  550  
375  32  
376  33  
376  34  
376  35  
376  36  
376  37  
376  38  
376  39  
376  40  
376  41  
376  42  
376  43  
377  44  
377  45  
377  46  
377  47  
377  48  
377  49  
377  50  
377  51  
378  52  
378  53  
378  54  
378  55  
378  56  
378  57  
378  58  
378  59  
378  60  
378  61  
378  62  
378  63  
379  64  
379  65  
379  66  
379  67  
379  68  
379  69  
379  70  
380  71  
380  72  
380  73  
380  74  
380  75  
380  76  
380  77  
380  78  
380  79  
380  80  
380  81  
380  82  
380  83  
380  84  
380  85  
381  86  
381  87  
381  88  
381  89  
381  90  
381  91  
381  92  
382  93  
382  94  
382  95  
382  96  
382  97  
382  98  
382  99  
382  100  
382  101  
382  102  
383  103  
383  104  
383  105  
383  106  
383  107  
383  108  
383  109  
383  110  
383  111  
383  112  
383  113  
384  114  
384  115  
384  116  
384  117  
384  118  
384  119  
384  120  
385  121  
385  122  
385  123  
385  124  
385  125  
385  126  
385  127  
385  128  
385  129  
386  130  
386  131  
386  132  
386  133  
386  134  
386  135  
386  136  
386  137  
386  138  
386  139  
387  140  
387  141  
387  142  
387  143  
387  144  
387  145  
387  146  
387  147  
387  148  
388  149  
388  150  
388  151  
388  152  
388  153  
388  154  
388  155  
388  156  
388  157  
388  158  
389  159  
389  160  
389  161  
389  162  
389  163  
389  164  
389  165  
389  166  
389  167  
389  168  
390  169  
390  170  
390  171  
390  172  
390  173  
390  174  
390  175  
390  176  
390  177  
391  178  
391  179  
391  180  
391  181  
391  182  
391  183  
391  184  
391  185  
391  186  
392  187  
392  188  
392  189  
392  190  
392  191  
392  192  
392  193  
392  194  
392  195  
392  196  
392  197  
392  198  
393  199  
393  200  
393  201  
393  202  
393  203  
393  204  
393  205  
393  206  
393  207  
393  208  
393  209  
393  210  
394  211  
394  212  
394  213  
394  214  
394  215  
394  216  
394  217  
394  218  
394  219  
394  220  
395  221  
395  222  
395  223  
395  224  
395  225  
395  226  
395  227  
395  228  
395  229  
396  230  
396  231  
396  232  
396  233  
396  234  
396  235  
396  236  
396  237  
396  238  
397  239  
397  240  
397  241  
397  242  
397  243  
397  244  
397  245  
397  246  
397  247  
397  248  
397  249  
397  250  
397  251  
380  32  
380  33  
381  34  
381  35  
381  36  
381  37  
381  38  
381  39  
381  40  
381  41  
381  42  
381  43  
382  44  
382  45  
382  46  
382  47  
382  48  
382  49  
382  50  
382  51  
382  52  
382  53  
383  54  
383  55  
383  56  
383  57  
383  58  
383  59  
383  60  
383  61  
383  62  
383  63  
383  64  
384  65  
384  66  
384  67  
384  68  
384  69  
384  70  
384  71  
384  72  
384  73  
384  74  
384  75  
384  76  
385  77  
385  78  
385  79  
385  80  
385  81  
385  82  
386  83  
386  84  
386  85  
386  86  
386  87  
386  88  
386  89  
386  90  
386  91  
386  92  
387  93  
387  94  
387  95  
387  96  
387  97  
387  98  
387  99  
387  100  
387  101  
387  102  
387  103  
387  104  
388  105  
388  106  
388  107  
388  108  
388  109  
388  110  
388  111  
388  112  
389  113  
389  114  
389  115  
389  116  
389  117  
389  118  
389  119  
390  120  
390  121  
390  122  
390  123  
390  124  
390  125  
390  126  
390  127  
390  128  
390  129  
390  130  
391  131  
391  132  
391  133  
391  134  
391  135  
391  136  
391  137  
391  138  
392  139  
392  140  
392  141  
392  142  
392  143  
392  144  
392  145  
392  146  
392  147  
393  148  
393  149  
393  150  
393  151  
393  152  
393  153  
393  154  
393  155  
393  156  
393  157  
394  158  
394  159  
394  160  
394  161  
394  162  
394  163  
394  164  
394  165  
394  166  
395  167  
395  168  
395  169  
395  170  
395  171  
395  172  
395  173  
395  174  
395  175  
395  176  
396  177  
396  178  
396  179  
396  180  
396  181  
396  182  
396  183  
396  184  
396  185  
396  186  
397  187  
397  188  
397  189  
397  190  
397  191  
397  192  
397  193  
398  194  
398  195  
398  196  
398  197  
398  198  
398  199  
398  200  
398  201  
398  202  
398  203  
398  204  
399  205  
399  206  
399  207  
399  208  
399  209  
399  210  
399  211  
399  212  
399  213  
400  214  
400  215  
400  216  
400  217  
400  218  
400  219  
400  220  
400  221  
400  222  
400  223  
401  224  
401  225  
401  226  
401  227  
401  228  
401  229  
401  230  
401  231  
401  232  
401  233  
402  234  
402  235  
402  236  
402  237  
402  238  
402  239  
402  240  
402  241  
402  242  
402  243  
402  244  
403  245  
403  246  
403  247  
403  248  
403  249  
403  250  
403  251  
403  252  
403  253  
403  254  
404  255  
404  256  
404  257  
404  258  
404  259  
404  260  
405  261  
405  262  
405  263  
405  264  
405  265  
405  266  
405  267  
405  268  
405  269  
405  270  
405  271  
406  272  
406  273  
406  274  
406  275  
406  276  
406  277  
406  278  
406  279  
406  280  
406  281  
407  282  
407  283  
407  284  
407  285  
407  286  
407  287  
407  288  
408  289  
408  290  
408  291  
408  292  
408  293  
408  294  
408  295  
408  296  
408  297  
408  298  
408  299  
408  300  
408  301  
409  302  
409  303  
409  304  
409  305  
409  306  
409  307  
410  308  
410  309  
410  310  
410  311  
410  312  
410  313  
410  314  
410  315  
410  316  
393  32  
393  33  
393  34  
393  35  
393  36  
393  37  
393  38  
394  39  
394  40  
394  41  
394  42  
394  43  
394  44  
394  45  
394  46  
394  47  
395  48  
395  49  
395  50  
395  51  
395  52  
395  53  
395  54  
399  32  
399  33  
399  34  
400  35  
400  36  
400  37  
400  38  
400  39  
400  40  
400  41  
400  42  
400  43  
400  44  
401  45  
401  46  
401  47  
401  48  
401  49  
401  50  
402  51  
402  52  
402  53  
402  54  
402  55  
402  56  
403  57  
403  58  
403  59  
403  60  
403  61  
403  62  
403  63  
403  64  
403  65  
404  66  
404  67  
404  68  
404  69  
404  70  
404  71  
404  72  
404  73  
404  74  
437  32  
438  33  
438  34  
438  35  
438  36  
438  37  
439  38  
439  39  
439  40  
439  41  
439  42  
440  43  
440  44  
440  45  
440  46  
440  47  
440  48  
441  49  
441  50  
441  51  
441  52  
441  53  
441  54  
221  43  
222  43  
223  43  
224  43  
225  43  
226  43  
227  43  
228  43  
229  43  
230  43  
231  43  
232  43  
233  43  
234  43  
215  44  
216  44  
217  44  
218  44  
219  44  
220  44  
351  44  
351  45  
351  46  
351  47  
351  48  
351  49  
351  50  
351  51  
351  52  
351  53  
351  54  
352  55  
352  56  
352  57  
352  58  
352  59  
352  60  
352  61  
352  62  
352  63  
352  64  
352  65  
352  66  
352  67  
352  68  
352  69  
352  70  
353  71  
353  72  
353  73  
353  74  
353  75  
353  76  
353  77  
353  78  
353  79  
353  80  
353  81  
354  82  
354  83  
354  84  
354  85  
354  86  
354  87  
354  88  
354  89  
354  90  
354  91  
354  92  
354  93  
354  94  
354  95  
354  96  
354  97  
354  98  
354  99  
354  100  
354  101  
354  102  
354  103  
354  104  
355  105  
355  106  
355  107  
355  108  
355  109  
355  110  
355  111  
355  112  
355  113  
355  114  
355  115  
355  116  
355  117  
355  118  
355  119  
355  120  
356  121  
356  122  
356  123  
356  124  
356  125  
356  126  
356  127  
356  128  
356  129  
356  130  
356  131  
356  132  
356  133  
356  134  
356  135  
356  136  
356  137  
356  138  
356  139  
356  140  
356  141  
356  142  
357  143  
357  144  
357  145  
357  146  
357  147  
357  148  
357  149  
357  150  
357  151  
357  152  
357  153  
357  154  
357  155  
358  156  
358  157  
358  158  
358  159  
358  160  
358  161  
358  162  
358  163  
359  164  
359  165  
359  166  
359  167  
359  168  
359  169  
359  170  
359  171  
359  172  
359  173  
359  174  
359  175  
359  176  
359  177  
359  178  
359  179  
359  180  
359  181  
359  182  
359  183  
360  184  
360  185  
360  186  
360  187  
360  188  
360  189  
360  190  
360  191  
360  192  
360  193  
361  194  
361  195  
361  196  
361  197  
361  198  
361  199  
361  200  
361  201  
361  202  
361  203  
361  204  
361  205  
361  206  
361  207  
361  208  
362  209  
362  210  
362  211  
362  212  
362  213  
362  214  
362  215  
362  216  
362  217  
362  218  
362  219  
362  220  
362  221  
362  222  
362  223  
362  224  
362  225  
362  226  
362  227  
363  228  
363  229  
363  230  
363  231  
363  232  
363  233  
363  234  
363  235  
363  236  
363  237  
363  238  
363  239  
363  240  
364  241  
364  242  
364  243  
364  244  
364  245  
364  246  
364  247  
364  248  
364  249  
364  250  
364  251  
364  252  
364  253  
364  254  
364  255  
364  256  
364  257  
365  258  
365  259  
365  260  
365  261  
365  262  
365  263  
365  264  
365  265  
365  266  
365  267  
365  268  
365  269  
365  270  
365  271  
366  272  
366  273  
366  274  
366  275  
366  276  
366  277  
366  278  
366  279  
366  280  
366  281  
366  282  
366  283  
366  284  
366  285  
366  286  
366  287  
366  288  
366  289  
366  290  
366  291  
366  292  
366  293  
366  294  
367  295  
367  296  
367  297  
367  298  
367  299  
367  300  
367  301  
367  302  
367  303  
367  304  
368  305  
368  306  
368  307  
368  308  
368  309  
368  310  
368  311  
368  312  
368  313  
368  314  
369  315  
369  316  
369  317  
369  318  
369  319  
369  320  
369  321  
369  322  
369  323  
369  324  
369  325  
369  326  
369  327  
369  328  
369  329  
369  330  
369  331  
370  332  
370  333  
370  334  
370  335  
370  336  
370  337  
370  338  
371  339  
371  340  
371  341  
371  342  
371  343  
371  344  
371  345  
371  346  
371  347  
371  348  
371  349  
371  350  
371  351  
371  352  
371  353  
371  354  
372  355  
372  356  
372  357  
372  358  
372  359  
372  360  
372  361  
372  362  
372  363  
372  364  
372  365  
372  366  
372  367  
372  368  
372  369  
372  370  
373  371  
373  372  
373  373  
373  374  
373  375  
373  376  
373  377  
373  378  
373  379  
373  380  
373  381  
373  382  
373  383  
374  384  
374  385  
374  386  
374  387  
374  388  
374  389  
374  390  
374  391  
374  392  
374  393  
375  394  
375  395  
375  396  
375  397  
375  398  
375  399  
375  400  
375  401  
375  402  
375  403  
375  404  
375  405  
376  406  
376  407  
376  408  
376  409  
376  410  
376  411  
376  412  
376  413  
376  414  
376  415  
376  416  
376  417  
377  418  
377  419  
377  420  
377  421  
377  422  
377  423  
377  424  
377  425  
378  426  
378  427  
378  428  
378  429  
378  430  
378  431  
378  432  
378  433  
378  434  
378  435  
378  436  
378  437  
378  438  
378  439  
378  440  
379  441  
379  442  
379  443  
379  444  
379  445  
379  446  
379  447  
379  448  
379  449  
379  450  
380  451  
380  452  
380  453  
380  454  
380  455  
380  456  
380  457  
380  458  
380  459  
380  460  
380  461  
380  462  
380  463  
380  464  
380  465  
381  466  
381  467  
381  468  
381  469  
381  470  
381  471  
381  472  
381  473  
381  474  
381  475  
381  476  
381  477  
381  478  
382  479  
382  480  
382  481  
382  482  
382  483  
382  484  
382  485  
382  486  
382  487  
382  488  
383  489  
383  490  
383  491  
383  492  
383  493  
383  494  
383  495  
383  496  
383  497  
384  498  
384  499  
384  500  
384  501  
384  502  
384  503  
384  504  
384  505  
384  506  
384  507  
384  508  
384  509  
384  510  
384  511  
384  512  
384  513  
385  514  
385  515  
385  516  
385  517  
385  518  
385  519  
385  520  
385  521  
386  522  
386  523  
386  524  
386  525  
386  526  
386  527  
386  528  
386  529  
386  530  
386  531  
386  532  
386  533  
386  534  
386  535  
386  536  
387  537  
387  538  
387  539  
387  540  
387  541  
387  542  
387  543  
387  544  
387  545  
387  546  
388  547  
388  548  
388  549  
388  550  
388  551  
388  552  
388  553  
388  554  
388  555  
388  556  
388  557  
388  558  
388  559  
388  560  
389  561  
389  562  
389  563  
389  564  
389  565  
389  566  
389  567  
389  568  
389  569  
389  570  
389  571  
389  572  
389  573  
389  574  
390  575  
390  576  
390  577  
390  578  
390  579  
390  580  
390  581  
390  582  
390  583  
391  584  
391  585  
391  586  
391  587  
391  588  
391  589  
391  590  
391  591  
391  592  
391  593  
391  594  
392  595  
392  596  
392  597  
392  598  
392  599  
392  600  
392  601  
392  602  
392  603  
392  604  
392  605  
392  606  
393  607  
393  608  
337  49  
338  49  
339  49  
340  49  
341  49  
342  49  
343  49  
327  50  
328  50  
329  50  
330  50  
331  50  
332  50  
333  50  
334  50  
335  50  
336  50  
320  51  
321  51  
322  51  
323  51  
324  51  
325  51  
326  51  
277  51  
278  51  
279  51  
280  51  
281  51  
282  51  
283  51  
284  51  
285  51  
286  51  
287  51  
288  51  
289  51  
290  51  
291  51  
292  51  
293  51  
294  51  
295  51  
296  51  
297  51  
298  51  
299  51  
300  51  
301  51  
302  52  
347  51  
347  52  
347  53  
347  54  
348  55  
348  56  
348  57  
348  58  
348  59  
348  60  
348  61  
348  62  
348  63  
348  64  
348  65  
349  66  
349  67  
349  68  
349  69  
349  70  
349  71  
349  72  
349  73  
349  74  
349  75  
349  76  
349  77  
349  78  
349  79  
349  80  
350  81  
350  82  
350  83  
350  84  
350  85  
350  86  
350  87  
350  88  
350  89  
350  90  
350  91  
350  92  
350  93  
350  94  
350  95  
350  96  
351  97  
351  98  
351  99  
351  100  
351  101  
351  102  
351  103  
351  104  
351  105  
351  106  
442  56  
443  57  
443  58  
443  59  
443  60  
443  61  
444  62  
444  63  
444  64  
444  65  
444  66  
444  67  
445  68  
445  69  
445  70  
445  71  
445  72  
445  73  
446  74  
446  75  
446  76  
446  77  
446  78  
152  57  
152  58  
152  59  
152  60  
152  61  
152  62  
152  63  
152  64  
152  65  
152  66  
152  67  
152  68  
153  69  
153  70  
153  71  
153  72  
153  73  
153  74  
153  75  
153  76  
153  77  
153  78  
153  79  
153  80  
153  81  
153  82  
153  83  
153  84  
153  85  
153  86  
153  87  
153  88  
153  89  
153  90  
397  62  
397  63  
397  64  
397  65  
397  66  
397  67  
397  68  
397  69  
397  70  
398  71  
398  72  
398  73  
398  74  
398  75  
398  76  
398  77  
398  78  
398  79  
399  80  
399  81  
399  82  
399  83  
399  84  
399  85  
399  86  
399  87  
399  88  
400  89  
400  90  
400  91  
400  92  
400  93  
400  94  
400  95  
401  96  
401  97  
401  98  
401  99  
401  100  
401  101  
401  102  
402  103  
402  104  
402  105  
402  106  
402  107  
402  108  
402  109  
402  110  
402  111  
403  112  
403  113  
403  114  
403  115  
403  116  
403  117  
403  118  
404  119  
404  120  
404  121  
404  122  
404  123  
404  124  
404  125  
404  126  
405  127  
405  128  
405  129  
405  130  
405  131  
405  132  
405  133  
405  134  
405  135  
406  136  
406  137  
406  138  
406  139  
406  140  
406  141  
406  142  
406  143  
406  144  
407  145  
407  146  
407  147  
407  148  
407  149  
407  150  
408  151  
408  152  
408  153  
408  154  
408  155  
408  156  
408  157  
408  158  
409  159  
409  160  
409  161  
409  162  
409  163  
409  164  
410  165  
410  166  
410  167  
410  168  
410  169  
410  170  
410  171  
411  172  
411  173  
411  174  
411  175  
411  176  
411  177  
412  178  
412  179  
412  180  
412  181  
412  182  
412  183  
412  184  
412  185  
412  186  
412  187  
412  188  
413  189  
413  190  
413  191  
413  192  
413  193  
413  194  
413  195  
413  196  
413  197  
413  198  
413  199  
413  200  
414  201  
414  202  
414  203  
414  204  
414  205  
414  206  
415  207  
415  208  
415  209  
415  210  
289  77  
290  77  
291  77  
292  77  
293  77  
294  77  
295  77  
296  77  
297  77  
276  78  
277  78  
278  78  
279  78  
280  78  
281  78  
282  78  
283  78  
284  78  
285  78  
286  78  
287  78  
288  78  
406  83  
406  84  
406  85  
406  86  
406  87  
406  88  
406  89  
407  90  
407  91  
407  92  
407  93  
407  94  
407  95  
407  96  
407  97  
407  98  
408  99  
408  100  
408  101  
408  102  
408  103  
408  104  
409  105  
409  106  
409  107  
409  108  
409  109  
409  110  
410  111  
410  112  
410  113  
410  114  
410  115  
410  116  
410  117  
410  118  
410  119  
410  120  
411  121  
411  122  
411  123  
411  124  
411  125  
411  126  
411  127  
412  128  
412  129  
412  130  
412  131  
412  132  
412  133  
412  134  
413  135  
413  136  
413  137  
413  138  
413  139  
413  140  
413  141  
413  142  
413  143  
414  144  
414  145  
414  146  
414  147  
414  148  
414  149  
414  150  
414  151  
415  152  
415  153  
415  154  
415  155  
415  156  
415  157  
416  158  
416  159  
416  160  
416  161  
416  162  
210  87  
211  87  
212  87  
213  87  
214  87  
215  87  
216  87  
217  87  
218  87  
219  87  
220  87  
221  87  
222  87  
223  87  
224  87  
225  87  
226  87  
227  87  
194  88  
195  88  
196  88  
197  88  
198  88  
199  88  
200  88  
201  88  
202  88  
203  88  
204  88  
205  88  
206  88  
207  88  
208  88  
209  88  
187  89  
188  89  
189  89  
190  89  
191  89  
192  89  
193  89  
177  90  
178  90  
179  90  
180  90  
181  90  
182  90  
183  90  
184  90  
185  90  
186  90  
155  91  
161  91  
162  91  
163  91  
164  91  
165  91  
166  91  
167  91  
168  91  
169  91  
170  91  
171  91  
172  91  
173  91  
174  91  
175  91  
176  91  
156  92  
157  92  
158  92  
159  92  
160  92  
300  94  
301  94  
297  95  
298  95  
299  95  
291  96  
292  96  
293  96  
294  96  
295  96  
296  96  
273  97  
274  97  
275  97  
276  97  
277  97  
278  97  
279  97  
280  97  
281  97  
282  97  
283  97  
284  97  
285  97  
286  97  
287  97  
288  97  
289  97  
290  97  
265  98  
266  98  
267  98  
268  98  
269  98  
270  98  
271  98  
272  98  
261  99  
262  99  
263  99  
264  99  
424  98  
424  99  
424  100  
424  101  
424  102  
424  103  
424  104  
425  105  
425  106  
425  107  
425  108  
425  109  
425  110  
425  111  
426  112  
426  113  
426  114  
426  115  
426  116  
426  117  
427  118  
427  119  
427  120  
427  121  
427  122  
427  123  
427  124  
427  125  
105  99  
106  99  
107  99  
108  99  
109  99  
110  99  
111  99  
112  99  
113  99  
92  100  
93  100  
94  100  
95  100  
96  100  
97  100  
98  100  
99  100  
100  100  
101  100  
102  100  
103  100  
104  100  
433  100  
433  101  
433  102  
433  103  
433  104  
433  105  
434  106  
434  107  
434  108  
434  109  
434  110  
434  111  
435  112  
435  113  
435  114  
435  115  
435  116  
435  117  
435  118  
436  119  
436  120  
436  121  
436  122  
436  123  
436  124  
437  125  
437  126  
437  127  
437  128  
437  129  
305  101  
305  102  
305  103  
305  104  
305  105  
305  106  
305  107  
305  108  
305  109  
305  110  
305  111  
305  112  
305  113  
305  114  
305  115  
305  116  
305  117  
305  118  
306  119  
306  120  
306  121  
306  122  
306  123  
306  124  
306  125  
306  126  
306  127  
306  128  
306  129  
306  130  
306  131  
306  132  
306  133  
306  134  
306  135  
306  136  
306  137  
306  138  
306  139  
306  140  
306  141  
306  142  
306  143  
202  102  
203  102  
204  102  
205  102  
206  102  
207  102  
208  102  
209  102  
210  102  
211  102  
212  102  
213  102  
214  102  
215  102  
216  102  
217  102  
218  102  
219  102  
186  103  
187  103  
188  103  
189  103  
190  103  
191  103  
192  103  
193  103  
194  103  
195  103  
196  103  
197  103  
198  103  
199  103  
200  103  
201  103  
161  104  
162  104  
163  104  
164  104  
165  104  
166  104  
167  104  
168  104  
169  104  
170  104  
171  104  
172  104  
173  104  
174  104  
175  104  
176  104  
177  104  
178  104  
179  104  
180  104  
181  104  
182  104  
183  104  
184  104  
185  104  
117  104  
117  105  
118  106  
118  107  
118  108  
118  109  
118  110  
118  111  
118  112  
118  113  
118  114  
118  115  
118  116  
118  117  
118  118  
118  119  
118  120  
118  121  
118  122  
118  123  
118  124  
143  105  
144  106  
144  107  
144  108  
144  109  
144  110  
144  111  
144  112  
144  113  
144  114  
144  115  
144  116  
144  117  
144  118  
144  119  
144  120  
144  121  
144  122  
144  123  
144  124  
144  125  
144  126  
144  127  
144  128  
144  129  
144  130  
144  131  
144  132  
145  133  
145  134  
145  135  
145  136  
145  137  
145  138  
145  139  
145  140  
145  141  
71  106  
71  107  
71  108  
71  109  
71  110  
71  111  
71  112  
71  113  
72  114  
72  115  
72  116  
72  117  
72  118  
72  119  
72  120  
72  121  
72  122  
72  123  
72  124  
72  125  
255  106  
256  107  
256  108  
256  109  
256  110  
256  111  
256  112  
256  113  
256  114  
256  115  
256  116  
256  117  
256  118  
256  119  
256  120  
256  121  
256  122  
256  123  
256  124  
256  125  
336  111  
337  111  
338  111  
339  111  
340  111  
341  111  
342  111  
343  111  
344  111  
345  111  
346  111  
347  111  
325  112  
326  112  
327  112  
328  112  
329  112  
330  112  
331  112  
332  112  
333  112  
334  112  
335  112  
312  113  
313  113  
314  113  
315  113  
316  113  
317  113  
318  113  
319  113  
320  113  
321  113  
322  113  
323  113  
324  113  
309  114  
310  114  
311  114  
226  136  
227  136  
210  137  
211  137  
212  137  
213  137  
214  137  
215  137  
216  137  
217  137  
218  137  
219  137  
220  137  
221  137  
222  137  
223  137  
224  137  
225  137  
193  138  
194  138  
195  138  
196  138  
197  138  
198  138  
199  138  
200  138  
201  138  
202  138  
203  138  
204  138  
205  138  
206  138  
207  138  
208  138  
209  138  
171  139  
172  139  
173  139  
174  139  
175  139  
176  139  
177  139  
178  139  
179  139  
180  139  
181  139  
182  139  
183  139  
184  139  
185  139  
186  139  
187  139  
188  139  
189  139  
190  139  
191  139  
192  139  
165  140  
166  140  
167  140  
168  140  
169  140  
170  140  
147  141  
151  141  
152  141  
153  141  
154  141  
155  141  
156  141  
157  141  
158  141  
159  141  
160  141  
161  141  
162  141  
163  141  
164  141  
148  142  
149  142  
150  142  
109  146  
110  146  
97  147  
98  147  
99  147  
100  147  
101  147  
102  147  
103  147  
104  147  
105  147  
106  147  
107  147  
108  147  
86  148  
87  148  
88  148  
89  148  
90  148  
91  148  
92  148  
93  148  
94  148  
95  148  
96  148  
202  154  
203  154  
204  154  
205  154  
206  154  
207  154  
208  154  
209  154  
210  154  
211  154  
212  154  
213  154  
180  155  
181  155  
182  155  
183  155  
184  155  
185  155  
186  155  
187  155  
188  155  
189  155  
190  155  
191  155  
192  155  
193  155  
194  155  
195  155  
196  155  
197  155  
198  155  
199  155  
200  155  
201  155  
133  156  
133  157  
133  158  
133  159  
133  160  
133  161  
133  162  
133  163  
134  164  
134  165  
134  166  
134  167  
134  168  
134  169  
134  170  
134  171  
134  172  
134  173  
134  174  
134  175  
134  176  
135  177  
135  178  
135  179  
135  180  
135  181  
135  182  
135  183  
135  184  
135  185  
135  186  
135  187  
135  188  
135  189  
135  190  
135  191  
135  192  
135  193  
135  194  
253  158  
253  159  
253  160  
253  161  
253  162  
253  163  
253  164  
253  165  
253  166  
253  167  
253  168  
253  169  
254  170  
254  171  
254  172  
254  173  
254  174  
254  175  
254  176  
254  177  
254  178  
254  179  
254  180  
319  160  
320  161  
320  162  
320  163  
320  164  
320  165  
320  166  
320  167  
320  168  
320  169  
320  170  
320  171  
320  172  
320  173  
320  174  
320  175  
320  176  
320  177  
320  178  
320  179  
417  164  
417  165  
417  166  
417  167  
417  168  
417  169  
417  170  
418  171  
418  172  
418  173  
418  174  
418  175  
418  176  
418  177  
418  178  
418  179  
419  180  
419  181  
419  182  
419  183  
419  184  
419  185  
420  186  
420  187  
420  188  
420  189  
420  190  
420  191  
420  192  
420  193  
337  185  
338  185  
339  185  
340  185  
341  185  
342  185  
343  185  
344  185  
345  185  
346  185  
347  185  
348  185  
349  185  
350  185  
327  186  
328  186  
329  186  
330  186  
331  186  
332  186  
333  186  
334  186  
335  186  
336  186  
306  190  
306  191  
306  192  
306  193  
306  194  
306  195  
306  196  
306  197  
306  198  
306  199  
306  200  
306  201  
306  202  
306  203  
306  204  
306  205  
306  206  
306  207  
306  208  
306  209  
306  210  
306  211  
306  212  
306  213  
306  214  
306  215  
306  216  
306  217  
306  218  
305  219  
305  220  
305  221  
305  222  
356  191  
356  192  
357  193  
357  194  
357  195  
357  196  
357  197  
357  198  
357  199  
357  200  
357  201  
357  202  
357  203  
357  204  
357  205  
357  206  
357  207  
357  208  
357  209  
357  210  
357  211  
357  212  
358  213  
358  214  
358  215  
358  216  
358  217  
358  218  
358  219  
358  220  
358  221  
358  222  
358  223  
358  224  
358  225  
359  226  
359  227  
359  228  
359  229  
359  230  
359  231  
359  232  
359  233  
359  234  
359  235  
359  236  
359  237  
359  238  
359  239  
359  240  
360  241  
360  242  
360  243  
360  244  
360  245  
360  246  
360  247  
360  248  
360  249  
360  250  
360  251  
360  252  
360  253  
360  254  
360  255  
360  256  
360  257  
360  258  
360  259  
360  260  
360  261  
360  262  
360  263  
361  264  
361  265  
361  266  
361  267  
361  268  
361  269  
361  270  
361  271  
361  272  
362  273  
362  274  
362  275  
362  276  
362  277  
362  278  
362  279  
362  280  
362  281  
362  282  
362  283  
362  284  
362  285  
362  286  
362  287  
363  288  
363  289  
363  290  
363  291  
363  292  
363  293  
363  294  
363  295  
363  296  
363  297  
363  298  
363  299  
363  300  
363  301  
363  302  
363  303  
364  304  
364  305  
364  306  
364  307  
364  308  
364  309  
364  310  
364  311  
364  312  
364  313  
364  314  
364  315  
364  316  
364  317  
364  318  
364  319  
365  320  
365  321  
365  322  
365  323  
365  324  
365  325  
365  326  
365  327  
365  328  
365  329  
365  330  
365  331  
365  332  
365  333  
365  334  
365  335  
365  336  
366  337  
366  338  
366  339  
366  340  
366  341  
366  342  
366  343  
367  344  
367  345  
367  346  
367  347  
367  348  
367  349  
367  350  
367  351  
367  352  
367  353  
367  354  
367  355  
367  356  
367  357  
367  358  
367  359  
368  360  
368  361  
368  362  
368  363  
368  364  
368  365  
368  366  
368  367  
368  368  
368  369  
368  370  
368  371  
368  372  
368  373  
368  374  
368  375  
369  376  
369  377  
369  378  
369  379  
369  380  
369  381  
369  382  
369  383  
369  384  
370  385  
370  386  
370  387  
370  388  
370  389  
370  390  
370  391  
370  392  
370  393  
370  394  
370  395  
370  396  
370  397  
370  398  
371  399  
371  400  
371  401  
371  402  
371  403  
371  404  
371  405  
371  406  
371  407  
371  408  
371  409  
372  410  
372  411  
372  412  
372  413  
372  414  
372  415  
372  416  
372  417  
372  418  
372  419  
372  420  
372  421  
372  422  
372  423  
373  424  
373  425  
373  426  
373  427  
373  428  
373  429  
373  430  
373  431  
373  432  
373  433  
374  434  
374  435  
374  436  
374  437  
374  438  
374  439  
374  440  
374  441  
375  442  
375  443  
375  444  
375  445  
375  446  
375  447  
375  448  
375  449  
375  450  
375  451  
375  452  
375  453  
375  454  
375  455  
376  456  
376  457  
376  458  
376  459  
376  460  
376  461  
376  462  
376  463  
376  464  
376  465  
376  466  
376  467  
376  468  
376  469  
376  470  
376  471  
377  472  
377  473  
377  474  
377  475  
377  476  
377  477  
377  478  
377  479  
377  480  
377  481  
378  482  
378  483  
378  484  
378  485  
378  486  
378  487  
378  488  
378  489  
378  490  
378  491  
378  492  
378  493  
378  494  
378  495  
379  496  
379  497  
379  498  
379  499  
379  500  
379  501  
379  502  
379  503  
379  504  
379  505  
380  506  
380  507  
380  508  
380  509  
380  510  
380  511  
380  512  
380  513  
380  514  
380  515  
380  516  
380  517  
380  518  
380  519  
381  520  
381  521  
381  522  
381  523  
381  524  
381  525  
381  526  
381  527  
381  528  
382  529  
382  530  
382  531  
382  532  
382  533  
382  534  
382  535  
382  536  
382  537  
382  538  
382  539  
382  540  
382  541  
382  542  
382  543  
382  544  
383  545  
383  546  
383  547  
383  548  
383  549  
383  550  
383  551  
383  552  
383  553  
383  554  
383  555  
384  556  
384  557  
384  558  
384  559  
384  560  
384  561  
384  562  
384  563  
384  564  
384  565  
384  566  
384  567  
385  568  
385  569  
385  570  
385  571  
385  572  
385  573  
385  574  
385  575  
385  576  
385  577  
385  578  
385  579  
385  580  
386  581  
386  582  
386  583  
386  584  
386  585  
386  586  
386  587  
386  588  
386  589  
386  590  
386  591  
387  592  
387  593  
387  594  
387  595  
387  596  
387  597  
387  598  
387  599  
387  600  
387  601  
387  602  
387  603  
387  604  
387  605  
387  606  
387  607  
387  608  
175  194  
176  194  
177  194  
178  194  
179  194  
180  194  
181  194  
182  194  
183  194  
184  194  
185  194  
186  194  
187  194  
188  194  
189  194  
190  194  
191  194  
192  194  
193  194  
194  194  
195  194  
196  194  
165  195  
166  195  
167  195  
168  195  
169  195  
170  195  
171  195  
172  195  
173  195  
174  195  
161  196  
162  196  
163  196  
164  196  
439  197  
439  198  
439  199  
439  200  
439  201  
439  202  
440  203  
440  204  
440  205  
440  206  
440  207  
440  208  
441  209  
441  210  
441  211  
441  212  
441  213  
442  214  
442  215  
442  216  
442  217  
442  218  
91  204  
92  204  
93  204  
94  204  
95  204  
96  204  
97  204  
98  204  
99  204  
100  204  
101  204  
74  205  
75  205  
76  205  
77  205  
78  205  
79  205  
80  205  
81  205  
82  205  
83  205  
84  205  
85  205  
86  205  
87  205  
88  205  
89  205  
90  205  
279  206  
280  206  
281  206  
282  206  
283  206  
284  206  
285  206  
286  206  
287  206  
288  206  
289  206  
290  206  
291  206  
292  206  
293  206  
294  206  
295  206  
296  206  
297  206  
298  206  
299  206  
300  206  
301  206  
302  207  
220  208  
221  208  
222  208  
219  209  
217  210  
218  210  
215  211  
216  211  
213  212  
214  212  
212  213  
210  214  
211  214  
208  215  
209  215  
206  216  
207  216  
204  217  
205  217  
202  218  
203  218  
200  219  
201  219  
199  220  
90  213  
91  213  
74  214  
75  214  
76  214  
77  214  
78  214  
79  214  
80  214  
81  214  
82  214  
83  214  
84  214  
85  214  
86  214  
87  214  
88  214  
89  214  
92  214  
62  215  
63  215  
64  215  
65  215  
66  215  
67  215  
68  215  
69  215  
70  215  
71  215  
72  215  
73  215  
250  216  
250  217  
250  218  
250  219  
250  220  
250  221  
250  222  
250  223  
250  224  
250  225  
250  226  
250  227  
250  228  
250  229  
250  230  
250  231  
250  232  
250  233  
250  234  
250  235  
250  236  
250  237  
250  238  
250  239  
250  240  
250  241  
250  242  
250  243  
250  244  
250  245  
250  246  
250  247  
122  217  
122  218  
122  219  
122  220  
122  221  
122  222  
122  223  
122  224  
122  225  
122  226  
122  227  
122  228  
122  229  
122  230  
122  231  
123  232  
123  233  
123  234  
123  235  
123  236  
123  237  
123  238  
123  239  
123  240  
123  241  
123  242  
123  243  
123  244  
123  245  
123  246  
123  247  
124  248  
124  249  
124  250  
124  251  
124  252  
124  253  
124  254  
124  255  
124  256  
124  257  
124  258  
124  259  
424  218  
424  219  
424  220  
424  221  
424  222  
425  223  
425  224  
425  225  
425  226  
425  227  
425  228  
426  229  
426  230  
426  231  
426  232  
426  233  
426  234  
426  235  
426  236  
426  237  
426  238  
427  239  
427  240  
427  241  
427  242  
427  243  
427  244  
428  245  
428  246  
428  247  
428  248  
428  249  
428  250  
428  251  
428  252  
429  253  
429  254  
429  255  
429  256  
429  257  
429  258  
429  259  
430  260  
430  261  
430  262  
430  263  
430  264  
430  265  
430  266  
430  267  
431  268  
431  269  
431  270  
431  271  
431  272  
431  273  
432  274  
432  275  
432  276  
432  277  
432  278  
432  279  
432  280  
433  281  
433  282  
433  283  
433  284  
433  285  
433  286  
433  287  
433  288  
434  289  
434  290  
434  291  
434  292  
434  293  
434  294  
434  295  
434  296  
435  297  
435  298  
435  299  
435  300  
435  301  
435  302  
436  303  
436  304  
436  305  
436  306  
436  307  
436  308  
437  309  
437  310  
437  311  
437  312  
437  313  
437  314  
437  315  
437  316  
438  317  
438  318  
438  319  
438  320  
438  321  
438  322  
438  323  
439  324  
439  325  
439  326  
439  327  
439  328  
439  329  
439  330  
440  331  
440  332  
440  333  
440  334  
440  335  
440  336  
441  337  
441  338  
441  339  
441  340  
441  341  
441  342  
442  343  
442  344  
442  345  
442  346  
442  347  
442  348  
442  349  
442  350  
442  351  
443  352  
443  353  
443  354  
443  355  
443  356  
443  357  
444  358  
444  359  
444  360  
444  361  
444  362  
444  363  
444  364  
445  365  
445  366  
445  367  
445  368  
445  369  
445  370  
446  371  
446  372  
446  373  
446  374  
446  375  
446  376  
419  238  
419  239  
419  240  
419  241  
419  242  
419  243  
419  244  
420  245  
420  246  
420  247  
420  248  
420  249  
420  250  
421  251  
421  252  
421  253  
421  254  
421  255  
421  256  
421  257  
421  258  
421  259  
422  260  
422  261  
422  262  
422  263  
422  264  
422  265  
422  266  
422  267  
306  252  
306  253  
306  254  
306  255  
306  256  
306  257  
306  258  
306  259  
306  260  
306  261  
306  262  
306  263  
306  264  
306  265  
306  266  
306  267  
306  268  
306  269  
306  270  
306  271  
306  272  
306  273  
306  274  
306  275  
306  276  
306  277  
306  278  
306  279  
307  280  
307  281  
307  282  
307  283  
307  284  
307  285  
307  286  
307  287  
307  288  
307  289  
307  290  
307  291  
307  292  
307  293  
307  294  
307  295  
307  296  
307  297  
307  298  
307  299  
307  300  
307  301  
307  302  
307  303  
307  304  
307  305  
307  306  
307  307  
307  308  
307  309  
307  310  
307  311  
307  312  
307  313  
307  314  
307  315  
307  316  
307  317  
307  318  
307  319  
307  320  
307  321  
306  322  
306  323  
306  324  
306  325  
306  326  
306  327  
177  256  
178  256  
154  257  
155  257  
156  257  
157  257  
158  257  
159  257  
160  257  
161  257  
162  257  
163  257  
164  257  
165  257  
166  257  
167  257  
168  257  
169  257  
170  257  
171  257  
172  257  
173  257  
174  257  
175  257  
176  257  
148  258  
149  258  
150  258  
151  258  
152  258  
153  258  
399  259  
399  260  
399  261  
399  262  
399  263  
399  264  
399  265  
399  266  
399  267  
399  268  
399  269  
399  270  
399  271  
399  272  
400  273  
400  274  
400  275  
400  276  
400  277  
400  278  
400  279  
400  280  
401  281  
401  282  
401  283  
401  284  
401  285  
401  286  
401  287  
401  288  
401  289  
401  290  
57  270  
58  270  
59  270  
60  270  
61  270  
62  270  
63  270  
64  270  
65  270  
66  270  
67  270  
68  270  
69  270  
70  270  
71  270  
72  270  
73  270  
74  270  
75  270  
76  270  
77  270  
78  270  
79  270  
80  270  
275  273  
276  273  
281  273  
282  273  
283  273  
284  273  
285  273  
286  273  
287  273  
288  273  
289  273  
290  273  
291  273  
292  273  
293  273  
294  273  
295  273  
296  273  
297  273  
298  273  
299  273  
300  273  
301  273  
302  273  
303  273  
257  274  
258  274  
259  274  
260  274  
261  274  
262  274  
263  274  
264  274  
265  274  
266  274  
267  274  
268  274  
269  274  
270  274  
271  274  
272  274  
273  274  
274  274  
277  274  
278  274  
279  274  
280  274  
253  275  
254  275  
255  275  
256  275  
247  282  
247  283  
247  284  
247  285  
247  286  
247  287  
247  288  
247  289  
247  290  
247  291  
247  292  
247  293  
247  294  
247  295  
247  296  
247  297  
247  298  
247  299  
247  300  
247  301  
247  302  
247  303  
247  304  
247  305  
247  306  
247  307  
247  308  
247  309  
247  310  
247  311  
247  312  
247  313  
247  314  
246  315  
187  285  
188  285  
192  285  
193  285  
194  285  
195  285  
196  285  
197  285  
198  285  
199  285  
200  285  
201  285  
202  285  
169  286  
170  286  
171  286  
172  286  
173  286  
174  286  
175  286  
176  286  
177  286  
178  286  
179  286  
180  286  
181  286  
182  286  
183  286  
184  286  
185  286  
186  286  
189  286  
190  286  
191  286  
166  287  
167  287  
168  287  
109  286  
109  287  
109  288  
109  289  
109  290  
109  291  
109  292  
109  293  
109  294  
109  295  
109  296  
110  297  
110  298  
110  299  
110  300  
110  301  
110  302  
110  303  
110  304  
110  305  
110  306  
110  307  
110  308  
110  309  
110  310  
110  311  
110  312  
110  313  
110  314  
110  315  
110  316  
110  317  
110  318  
110  319  
110  320  
111  321  
111  322  
111  323  
111  324  
111  325  
111  326  
111  327  
111  328  
111  329  
111  330  
111  331  
111  332  
38  292  
38  293  
38  294  
38  295  
38  296  
38  297  
38  298  
38  299  
38  300  
38  301  
38  302  
38  303  
38  304  
38  305  
39  306  
39  307  
39  308  
39  309  
39  310  
39  311  
39  312  
39  313  
39  314  
403  298  
403  299  
403  300  
403  301  
403  302  
403  303  
404  304  
404  305  
404  306  
404  307  
404  308  
404  309  
404  310  
404  311  
404  312  
404  313  
404  314  
404  315  
405  316  
405  317  
405  318  
405  319  
405  320  
405  321  
405  322  
405  323  
405  324  
405  325  
405  326  
405  327  
405  328  
406  329  
406  330  
406  331  
406  332  
406  333  
406  334  
406  335  
406  336  
407  337  
407  338  
407  339  
407  340  
407  341  
407  342  
407  343  
408  344  
408  345  
408  346  
408  347  
408  348  
408  349  
408  350  
408  351  
408  352  
408  353  
409  354  
409  355  
409  356  
409  357  
409  358  
409  359  
429  310  
429  311  
429  312  
429  313  
429  314  
429  315  
429  316  
429  317  
429  318  
429  319  
430  320  
430  321  
430  322  
430  323  
430  324  
430  325  
430  326  
430  327  
430  328  
431  329  
431  330  
431  331  
431  332  
431  333  
431  334  
431  335  
431  336  
432  337  
432  338  
432  339  
432  340  
432  341  
432  342  
432  343  
201  318  
199  319  
200  319  
197  320  
198  320  
196  321  
194  322  
195  322  
193  323  
191  324  
192  324  
189  325  
190  325  
188  326  
186  327  
187  327  
183  328  
184  328  
185  328  
182  329  
181  330  
179  331  
180  331  
412  325  
412  326  
412  327  
412  328  
412  329  
412  330  
412  331  
412  332  
413  333  
413  334  
413  335  
413  336  
413  337  
413  338  
414  339  
414  340  
414  341  
414  342  
414  343  
414  344  
414  345  
414  346  
414  347  
414  348  
415  349  
415  350  
415  351  
415  352  
415  353  
415  354  
415  355  
415  356  
415  357  
416  358  
416  359  
416  360  
416  361  
416  362  
416  363  
416  364  
416  365  
417  366  
417  367  
417  368  
417  369  
417  370  
417  371  
418  372  
418  373  
418  374  
418  375  
418  376  
418  377  
418  378  
418  379  
418  380  
418  381  
418  382  
419  383  
419  384  
419  385  
419  386  
419  387  
419  388  
419  389  
419  390  
161  326  
162  326  
163  326  
160  327  
153  328  
154  328  
155  328  
156  328  
157  328  
158  328  
159  328  
134  329  
135  329  
136  329  
137  329  
138  329  
139  329  
140  329  
141  329  
142  329  
143  329  
144  329  
145  329  
146  329  
147  329  
148  329  
149  329  
150  329  
151  329  
152  329  
307  329  
307  330  
307  331  
307  332  
307  333  
307  334  
307  335  
307  336  
307  337  
307  338  
307  339  
307  340  
307  341  
307  342  
307  343  
307  344  
307  345  
307  346  
308  347  
308  348  
308  349  
308  350  
308  351  
308  352  
308  353  
308  354  
308  355  
308  356  
308  357  
308  358  
308  359  
308  360  
308  361  
308  362  
308  363  
308  364  
308  365  
308  366  
308  367  
308  368  
308  369  
308  370  
308  371  
308  372  
308  373  
308  374  
308  375  
308  376  
308  377  
308  378  
308  379  
308  380  
308  381  
308  382  
308  383  
308  384  
308  385  
308  386  
308  387  
308  388  
308  389  
308  390  
308  391  
308  392  
308  393  
308  394  
56  345  
57  345  
58  345  
59  345  
60  345  
61  345  
62  345  
63  345  
64  345  
65  345  
66  345  
67  345  
68  345  
69  345  
70  345  
32  346  
33  346  
34  346  
35  346  
36  346  
37  346  
38  346  
39  346  
40  346  
41  346  
42  346  
43  346  
44  346  
45  346  
46  346  
47  346  
48  346  
49  346  
50  346  
51  346  
52  346  
53  346  
54  346  
55  346  
304  349  
305  349  
254  350  
255  350  
256  350  
257  350  
258  350  
259  350  
260  350  
261  350  
262  350  
263  350  
264  350  
265  350  
266  350  
267  350  
268  350  
269  350  
270  350  
271  350  
272  350  
273  350  
274  350  
275  350  
276  350  
277  350  
278  350  
279  350  
280  350  
281  350  
282  350  
283  350  
284  350  
285  350  
286  350  
287  350  
288  350  
289  350  
290  350  
291  350  
292  350  
293  350  
294  350  
295  350  
296  350  
297  350  
298  350  
299  350  
300  350  
301  350  
302  350  
303  350  
157  352  
158  352  
159  352  
160  352  
161  352  
162  352  
163  352  
164  352  
165  352  
166  352  
167  352  
168  352  
125  353  
126  353  
127  353  
128  353  
129  353  
130  353  
131  353  
132  353  
133  353  
134  353  
135  353  
136  353  
137  353  
138  353  
139  353  
140  353  
141  353  
142  353  
143  353  
144  353  
145  353  
146  353  
147  353  
148  353  
149  353  
150  353  
151  353  
152  353  
153  353  
154  353  
155  353  
156  353  
243  357  
243  358  
243  359  
243  360  
243  361  
243  362  
243  363  
243  364  
243  365  
243  366  
243  367  
243  368  
243  369  
243  370  
243  371  
243  372  
243  373  
243  374  
243  375  
243  376  
243  377  
243  378  
243  379  
243  380  
243  381  
243  382  
243  383  
244  384  
244  385  
263  357  
264  357  
265  357  
266  357  
267  357  
268  357  
269  357  
270  357  
271  357  
272  357  
273  357  
274  357  
275  357  
276  357  
277  357  
278  357  
279  357  
280  357  
281  357  
282  357  
262  358  
262  359  
262  360  
262  361  
93  367  
93  368  
93  369  
93  370  
93  371  
93  372  
93  373  
93  374  
93  375  
93  376  
93  377  
93  378  
93  379  
93  380  
93  381  
93  382  
93  383  
93  384  
93  385  
93  386  
93  387  
94  388  
94  389  
94  390  
94  391  
94  392  
94  393  
94  394  
94  395  
94  396  
94  397  
94  398  
94  399  
94  400  
94  401  
94  402  
94  403  
94  404  
94  405  
94  406  
94  407  
94  408  
94  409  
94  410  
94  411  
94  412  
94  413  
94  414  
94  415  
94  416  
263  370  
263  371  
263  372  
263  373  
263  374  
263  375  
263  376  
263  377  
263  378  
263  379  
263  380  
263  381  
263  382  
263  383  
263  384  
263  385  
263  386  
263  387  
263  388  
263  389  
263  390  
263  391  
263  392  
262  393  
262  394  
133  374  
134  374  
135  374  
136  374  
137  374  
138  374  
139  374  
140  374  
141  374  
142  374  
143  374  
144  374  
145  374  
146  374  
147  374  
148  374  
149  374  
150  374  
151  374  
152  374  
153  374  
154  374  
155  374  
156  374  
411  375  
411  376  
411  377  
411  378  
411  379  
411  380  
412  381  
412  382  
412  383  
412  384  
412  385  
412  386  
413  387  
413  388  
413  389  
413  390  
413  391  
413  392  
414  393  
414  394  
414  395  
414  396  
414  397  
414  398  
414  399  
414  400  
415  401  
415  402  
415  403  
415  404  
415  405  
415  406  
415  407  
416  408  
416  409  
416  410  
416  411  
416  412  
416  413  
416  414  
416  415  
416  416  
416  417  
417  418  
417  419  
417  420  
417  421  
417  422  
417  423  
417  424  
418  425  
418  426  
418  427  
418  428  
418  429  
418  430  
418  431  
418  432  
418  433  
418  434  
418  435  
418  436  
418  437  
418  438  
419  439  
419  440  
419  441  
419  442  
419  443  
419  444  
420  445  
420  446  
420  447  
420  448  
420  449  
420  450  
420  451  
421  452  
421  453  
421  454  
421  455  
421  456  
421  457  
421  458  
422  459  
422  460  
422  461  
422  462  
422  463  
422  464  
422  465  
423  466  
423  467  
423  468  
423  469  
423  470  
423  471  
423  472  
423  473  
423  474  
424  475  
424  476  
424  477  
424  478  
424  479  
424  480  
424  481  
425  482  
425  483  
425  484  
425  485  
425  486  
425  487  
425  488  
425  489  
425  490  
425  491  
425  492  
425  493  
425  494  
426  495  
426  496  
426  497  
426  498  
426  499  
426  500  
427  501  
427  502  
427  503  
427  504  
427  505  
427  506  
427  507  
427  508  
427  509  
427  510  
427  511  
427  512  
427  513  
427  514  
438  377  
438  378  
438  379  
438  380  
438  381  
438  382  
439  383  
439  384  
439  385  
439  386  
439  387  
439  388  
439  389  
439  390  
439  391  
439  392  
440  393  
440  394  
440  395  
440  396  
440  397  
440  398  
440  399  
441  400  
441  401  
441  402  
441  403  
441  404  
441  405  
212  389  
213  389  
214  389  
215  389  
136  390  
137  390  
138  390  
139  390  
140  390  
141  390  
142  390  
143  390  
144  390  
145  390  
146  390  
147  390  
148  390  
149  390  
150  390  
151  390  
152  390  
153  390  
154  390  
155  390  
156  390  
157  390  
158  390  
159  390  
160  390  
161  390  
162  390  
163  390  
164  390  
165  390  
166  390  
167  390  
168  390  
169  390  
170  390  
171  390  
172  390  
173  390  
174  390  
175  390  
176  390  
177  390  
178  390  
179  390  
180  390  
181  390  
182  390  
183  390  
184  390  
185  390  
186  390  
187  390  
188  390  
189  390  
190  390  
191  390  
192  390  
193  390  
194  390  
195  390  
196  390  
197  390  
198  390  
199  390  
200  390  
201  390  
202  390  
203  390  
204  390  
205  390  
206  390  
207  390  
208  390  
209  390  
210  390  
211  390  
308  399  
308  400  
308  401  
308  402  
308  403  
308  404  
308  405  
308  406  
308  407  
308  408  
308  409  
308  410  
308  411  
308  412  
308  413  
308  414  
309  415  
309  416  
309  417  
309  418  
309  419  
309  420  
309  421  
309  422  
309  423  
309  424  
309  425  
309  426  
309  427  
309  428  
309  429  
47  405  
48  405  
49  405  
50  405  
51  405  
52  405  
32  406  
33  406  
34  406  
35  406  
36  406  
37  406  
38  406  
39  406  
40  406  
41  406  
42  406  
43  406  
44  406  
45  406  
46  406  
183  411  
184  411  
185  411  
186  411  
187  411  
188  411  
189  411  
190  411  
191  411  
192  411  
193  411  
194  411  
195  411  
196  411  
197  411  
198  411  
199  411  
200  411  
201  411  
202  411  
203  411  
204  411  
205  411  
279  411  
280  411  
281  411  
282  411  
283  411  
284  411  
285  411  
286  411  
287  411  
288  411  
289  411  
290  411  
291  411  
292  411  
293  411  
294  411  
295  411  
296  411  
297  411  
298  411  
299  411  
300  411  
301  411  
302  411  
303  411  
304  412  
305  412  
444  417  
444  418  
444  419  
444  420  
444  421  
444  422  
444  423  
444  424  
444  425  
444  426  
444  427  
444  428  
444  429  
445  430  
445  431  
445  432  
445  433  
445  434  
445  435  
446  436  
446  437  
446  438  
446  439  
446  440  
446  441  
447  442  
447  443  
447  444  
447  445  
447  446  
447  447  
447  448  
447  449  
447  450  
447  451  
447  452  
447  453  
447  454  
447  455  
448  456  
448  457  
448  458  
448  459  
448  460  
448  461  
448  462  
448  463  
448  464  
113  419  
114  419  
107  420  
108  420  
109  420  
110  420  
111  420  
112  420  
115  420  
116  420  
117  420  
118  420  
98  421  
99  421  
100  421  
101  421  
102  421  
103  421  
104  421  
105  421  
106  421  
92  427  
91  428  
91  429  
90  430  
90  431  
89  432  
89  433  
88  434  
87  435  
87  436  
86  437  
85  438  
85  439  
84  440  
84  441  
83  442  
83  443  
82  444  
82  445  
81  446  
81  447  
80  448  
80  449  
79  450  
78  451  
78  452  
77  453  
76  454  
76  455  
75  456  
75  457  
74  458  
74  459  
73  460  
70  461  
71  461  
72  461  
119  440  
120  440  
121  440  
122  440  
123  440  
124  440  
125  440  
126  440  
127  440  
128  440  
129  440  
130  440  
131  440  
132  440  
133  440  
136  440  
137  440  
138  440  
139  440  
134  441  
135  441  
140  441  
141  441  
142  441  
163  440  
164  440  
165  440  
166  440  
167  440  
168  440  
169  440  
170  440  
171  440  
172  440  
173  440  
174  440  
175  440  
176  440  
177  440  
178  440  
179  440  
182  440  
183  440  
184  440  
185  440  
180  441  
181  441  
188  445  
172  446  
173  446  
174  446  
175  446  
176  446  
177  446  
178  446  
179  446  
180  446  
181  446  
182  446  
183  446  
184  446  
185  446  
186  446  
187  446  
189  446  
189  447  
189  448  
309  447  
309  448  
309  449  
309  450  
309  451  
309  452  
309  453  
309  454  
309  455  
309  456  
309  457  
309  458  
309  459  
309  460  
309  461  
309  462  
309  463  
309  464  
310  465  
310  466  
310  467  
310  468  
310  469  
310  470  
310  471  
310  472  
310  473  
310  474  
310  475  
310  476  
310  477  
310  478  
310  479  
310  480  
310  481  
311  482  
311  483  
311  484  
311  485  
311  486  
311  487  
311  488  
311  489  
311  490  
311  491  
239  448  
239  449  
239  450  
239  451  
239  452  
239  453  
239  454  
239  455  
239  456  
239  457  
239  458  
239  459  
239  460  
239  461  
239  462  
239  463  
239  464  
239  465  
239  466  
239  467  
239  468  
239  469  
239  470  
239  471  
239  472  
239  473  
239  474  
239  475  
239  476  
239  477  
239  478  
239  479  
239  480  
239  481  
239  482  
239  483  
239  484  
239  485  
239  486  
238  487  
238  488  
238  489  
238  490  
238  491  
238  492  
238  493  
44  454  
45  454  
46  454  
47  454  
48  454  
72  454  
49  455  
50  455  
51  455  
52  455  
53  455  
54  455  
55  455  
56  455  
57  455  
58  455  
59  455  
60  455  
61  455  
62  455  
63  455  
64  455  
65  455  
66  455  
67  455  
68  455  
69  455  
70  455  
71  455  
45  460  
46  460  
47  460  
48  460  
49  460  
50  460  
51  460  
52  460  
53  460  
54  460  
55  460  
56  460  
57  460  
58  460  
59  460  
60  460  
61  460  
62  460  
63  460  
64  460  
65  460  
66  460  
67  461  
68  461  
73  464  
73  465  
73  466  
72  467  
73  468  
73  469  
73  470  
73  471  
73  472  
73  473  
73  474  
73  475  
73  476  
73  477  
73  478  
73  479  
73  480  
73  481  
73  482  
73  483  
73  484  
73  485  
73  486  
73  487  
74  488  
74  489  
74  490  
74  491  
74  492  
74  493  
74  494  
74  495  
74  496  
74  497  
74  498  
74  499  
74  500  
74  501  
74  502  
74  503  
74  504  
74  505  
74  506  
74  507  
74  508  
74  509  
74  510  
74  511  
74  512  
74  513  
74  514  
74  515  
74  516  
74  517  
74  518  
74  519  
74  520  
74  521  
74  522  
74  523  
121  468  
122  468  
123  468  
124  468  
125  468  
126  468  
127  468  
128  468  
129  468  
130  468  
131  468  
132  468  
133  468  
134  468  
135  468  
136  468  
137  468  
138  468  
139  468  
140  468  
141  468  
142  468  
143  468  
144  468  
145  468  
146  468  
147  468  
148  468  
149  468  
150  468  
151  468  
152  468  
153  468  
154  468  
155  468  
156  468  
157  468  
158  468  
159  468  
160  468  
161  468  
162  468  
163  468  
164  468  
165  468  
166  468  
167  468  
168  468  
169  468  
170  468  
171  468  
172  468  
173  468  
174  468  
175  468  
176  468  
177  468  
178  468  
179  468  
180  468  
181  468  
431  478  
431  479  
431  480  
431  481  
431  482  
431  483  
431  484  
431  485  
431  486  
432  487  
432  488  
432  489  
432  490  
432  491  
432  492  
432  493  
432  494  
432  495  
433  496  
433  497  
433  498  
433  499  
433  500  
433  501  
434  502  
434  503  
434  504  
434  505  
434  506  
434  507  
434  508  
434  509  
435  510  
435  511  
435  512  
435  513  
435  514  
435  515  
435  516  
435  517  
435  518  
269  508  
270  508  
271  508  
272  508  
273  508  
274  508  
275  508  
276  508  
277  508  
278  508  
279  508  
280  508  
281  508  
282  508  
258  509  
259  509  
260  509  
261  509  
262  509  
263  509  
264  509  
265  509  
266  509  
267  509  
268  509  
251  510  
252  510  
253  510  
254  510  
255  510  
256  510  
257  510  
244  511  
245  511  
246  511  
247  511  
248  511  
249  511  
250  511  
238  512  
239  512  
240  512  
241  512  
242  512  
243  512  
233  513  
234  513  
235  513  
236  513  
237  513  
230  514  
231  514  
232  514  
227  515  
228  515  
229  515  
288  511  
289  511  
272  512  
273  512  
274  512  
275  512  
276  512  
277  512  
278  512  
279  512  
280  512  
281  512  
282  512  
283  512  
284  512  
285  512  
286  512  
287  512  
270  513  
271  513  
102  512  
103  512  
104  512  
105  512  
106  512  
107  512  
108  512  
109  512  
110  512  
111  512  
112  512  
113  512  
114  512  
115  512  
116  512  
117  512  
118  512  
119  512  
120  512  
121  512  
122  512  
123  512  
124  512  
125  512  
126  512  
127  512  
128  512  
129  512  
130  512  
131  512  
132  512  
133  512  
134  512  
135  512  
136  512  
137  512  
93  513  
94  513  
95  513  
96  513  
97  513  
98  513  
99  513  
100  513  
101  513  
138  513  
139  513  
140  513  
141  513  
142  513  
143  513  
144  513  
145  513  
146  513  
147  513  
148  513  
149  513  
150  513  
151  513  
152  513  
153  513  
154  513  
155  513  
156  513  
157  513  
158  513  
159  513  
160  513  
161  513  
162  513  
163  513  
164  513  
165  513  
166  513  
167  513  
168  513  
169  513  
170  513  
171  513  
172  513  
173  513  
174  513  
175  513  
176  513  
177  513  
178  513  
179  513  
180  513  
181  513  
182  513  
183  513  
184  513  
185  513  
186  513  
187  513  
188  513  
189  513  
190  513  
191  513  
192  513  
193  513  
194  513  
195  513  
196  513  
197  513  
92  514  
92  515  
429  522  
429  523  
429  524  
429  525  
429  526  
429  527  
430  528  
430  529  
430  530  
430  531  
430  532  
430  533  
430  534  
430  535  
431  536  
431  537  
431  538  
431  539  
431  540  
431  541  
431  542  
431  543  
431  544  
432  545  
432  546  
432  547  
432  548  
432  549  
432  550  
432  551  
433  552  
433  553  
433  554  
433  555  
433  556  
433  557  
434  558  
434  559  
434  560  
434  561  
434  562  
434  563  
434  564  
434  565  
437  526  
437  527  
437  528  
437  529  
437  530  
437  531  
437  532  
438  533  
438  534  
438  535  
438  536  
438  537  
438  538  
438  539  
438  540  
439  541  
439  542  
439  543  
439  544  
439  545  
439  546  
439  547  
440  548  
440  549  
440  550  
440  551  
440  552  
440  553  
440  554  
440  555  
440  556  
440  557  
441  558  
441  559  
441  560  
441  561  
441  562  
441  563  
442  564  
442  565  
442  566  
442  567  
442  568  
442  569  
442  570  
443  571  
443  572  
443  573  
443  574  
443  575  
443  576  
443  577  
443  578  
136  527  
137  527  
138  527  
139  527  
140  527  
141  527  
142  527  
143  527  
144  527  
145  527  
146  527  
147  527  
148  527  
149  527  
150  527  
151  527  
152  527  
153  527  
154  527  
155  527  
156  527  
157  527  
158  527  
72  530  
72  531  
71  532  
71  533  
70  534  
70  535  
70  536  
69  537  
69  538  
68  539  
68  540  
67  541  
67  542  
67  543  
66  544  
66  545  
65  546  
65  547  
64  548  
64  549  
63  550  
63  551  
62  552  
62  553  
61  554  
61  555  
60  556  
60  557  
59  558  
59  559  
58  560  
58  561  
57  562  
57  563  
56  564  
56  565  
55  566  
55  567  
54  568  
54  569  
54  570  
53  571  
53  572  
52  573  
52  574  
51  575  
51  576  
50  577  
269  539  
270  539  
271  539  
272  539  
273  539  
263  540  
264  540  
265  540  
266  540  
267  540  
268  540  
260  541  
261  541  
262  541  
255  542  
256  542  
257  542  
258  542  
259  542  
250  543  
251  543  
252  543  
253  543  
254  543  
94  547  
95  547  
96  547  
97  547  
98  547  
99  547  
100  547  
101  547  
102  547  
103  547  
104  547  
105  547  
106  547  
107  547  
108  547  
109  547  
110  547  
111  547  
112  547  
113  547  
114  547  
115  547  
116  547  
117  547  
129  548  
130  548  
131  548  
132  548  
133  548  
134  548  
135  548  
136  548  
137  548  
138  548  
139  548  
140  548  
141  548  
142  548  
143  548  
144  548  
145  548  
146  548  
147  548  
148  549  
149  549  
150  549  
151  549  
152  549  
153  549  
154  549  
155  549  
156  549  
157  549  
158  549  
159  549  
160  549  
161  549  
162  549  
32  553  
33  553  
34  553  
35  553  
36  553  
37  553  
38  553  
39  553  
40  553  
41  553  
42  553  
43  553  
44  553  
45  553  
46  553  
47  553  
48  553  
49  553  
50  553  
51  553  
52  553  
53  553  
54  553  
55  553  
56  553  
57  553  
58  553  
59  553  
413  558  
413  559  
413  560  
413  561  
413  562  
413  563  
413  564  
413  565  
413  566  
413  567  
414  568  
414  569  
414  570  
414  571  
414  572  
414  573  
414  574  
414  575  
414  576  
414  577  
415  578  
415  579  
415  580  
415  581  
415  582  
415  583  
415  584  
415  585  
415  586  
416  587  
416  588  
416  589  
416  590  
416  591  
416  592  
416  593  
416  594  
416  595  
416  596  
436  573  
436  574  
436  575  
436  576  
436  577  
436  578  
436  579  
437  580  
437  581  
437  582  
437  583  
437  584  
437  585  
437  586  
437  587  
437  588  
437  589  
437  590  
437  591  
438  592  
438  593  
438  594  
438  595  
438  596  
438  597  
438  598  
438  599  
438  600  
438  601  
438  602  
438  603  
438  604  
438  605  
438  606  
439  607  
439  608  
49  584  
49  585  
49  586  
49  587  
49  588  
49  589  
49  590  
49  591  
49  592  
49  593  
49  594  
49  595  
49  596  
49  597  
49  598  
49  599  
49  600  
49  601  
49  602  
49  603  
49  604  
49  605  
49  606  
49  607  
49  608  
445  586  
445  587  
445  588  
445  589  
445  590  
445  591  
445  592  
445  593  
446  594  
446  595  
446  596  
446  597  
446  598  
446  599  
446  600  
446  601  
447  602  
447  603  
447  604  
447  605  
447  606  
447  607  
447  608  
142  593  
143  593  
144  593  
145  593  
146  593  
147  593  
148  593  
149  593  
150  593  
151  593  
152  593  
153  593  
154  593  
155  593  
156  593  
157  593  
158  593  
159  593  
160  593  
161  593  
162  593  
163  593  
164  593  
165  593  
166  593  
167  593  
168  593  
169  593  
170  593  
171  593  
172  593  
173  593  
174  593  
175  593  
176  593  
177  593  
178  593  
179  593  
180  593  
181  593  
182  594  
183  594  
184  594  
185  594  
186  594  
187  594  
188  594  
129  597  
130  597  
131  597  
132  597  
133  597  
134  597  
135  597  
136  597  
137  597  
138  597  
139  597  
140  597  
141  597  
142  597  
143  597  
144  597  
145  597  
146  597  
147  597  
148  597  
149  597  
150  597  
151  597  
152  597  
153  597  
154  597  
155  597  
156  597  
157  597  
158  597  
159  597  
160  597  
161  597  
162  597  
163  597  
164  597  
165  597  
166  597  
167  597  
168  597  
169  597  
170  597  
171  597  
172  597  
173  597  
174  597  
175  597  
176  597  
177  597  
178  597  
179  597  
180  597  
181  597  
182  597  
183  597  
184  597  
185  597  
186  597  
187  597  
128  598  
