83  
27  43  43  37  24  34  85  22  92  20  41  22  24  59  36  90  22  21  33  137  26  20  22  25  28  24  34  116  116  21  20  169  44  138  53  27  34  30  24  28  48  59  102  20  47  30  77  103  34  31  36  42  50  21  25  22  22  71  36  25  29  82  113  20  25  29  20  27  38  20  50  24  21  24  25  34  39  26  22  21  22  21  24  
378  42  
379  42  
380  42  
381  42  
382  42  
383  42  
367  43  
368  43  
369  43  
370  43  
371  43  
372  43  
373  43  
374  43  
375  43  
376  43  
377  43  
357  44  
358  44  
359  44  
360  44  
361  44  
362  44  
363  44  
364  44  
365  44  
366  44  
353  47  
353  48  
353  49  
353  50  
353  51  
353  52  
352  53  
352  54  
352  55  
352  56  
352  57  
352  58  
352  59  
352  60  
352  61  
352  62  
352  63  
352  64  
352  65  
352  66  
352  67  
352  68  
352  69  
352  70  
352  71  
352  72  
352  73  
352  74  
352  75  
352  76  
352  77  
352  78  
352  79  
352  80  
352  81  
352  82  
352  83  
352  84  
352  85  
352  86  
352  87  
352  88  
352  89  
333  48  
333  49  
333  50  
333  51  
333  52  
333  53  
333  54  
333  55  
333  56  
333  57  
333  58  
333  59  
333  60  
333  61  
333  62  
333  63  
332  64  
332  65  
332  66  
332  67  
332  68  
332  69  
332  70  
332  71  
332  72  
332  73  
332  74  
332  75  
332  76  
332  77  
332  78  
332  79  
332  80  
332  81  
332  82  
332  83  
332  84  
332  85  
332  86  
332  87  
332  88  
332  89  
333  90  
305  53  
306  53  
307  53  
286  54  
287  54  
288  54  
289  54  
290  54  
291  54  
292  54  
293  54  
294  54  
295  54  
296  54  
297  54  
298  54  
299  54  
300  54  
301  54  
302  54  
303  54  
304  54  
279  55  
280  55  
281  55  
282  55  
283  55  
284  55  
285  55  
272  56  
273  56  
274  56  
275  56  
276  56  
277  56  
278  56  
271  57  
400  53  
400  54  
400  55  
400  56  
400  57  
400  58  
400  59  
400  60  
400  61  
400  62  
400  63  
400  64  
400  65  
400  66  
400  67  
400  68  
400  69  
400  70  
400  71  
401  72  
401  73  
401  74  
401  75  
401  76  
361  56  
361  57  
361  58  
361  59  
361  60  
361  61  
361  62  
361  63  
361  64  
361  65  
361  66  
361  67  
361  68  
361  69  
361  70  
361  71  
361  72  
361  73  
361  74  
361  75  
361  76  
361  77  
361  78  
361  79  
361  80  
361  81  
361  82  
361  83  
361  84  
361  85  
361  86  
361  87  
361  88  
361  89  
324  69  
324  70  
325  71  
324  72  
324  73  
324  74  
324  75  
324  76  
324  77  
324  78  
324  79  
324  80  
324  81  
324  82  
324  83  
324  84  
324  85  
324  86  
324  87  
324  88  
324  89  
324  90  
324  91  
324  92  
324  93  
324  94  
324  95  
324  96  
324  97  
324  98  
324  99  
324  100  
324  101  
324  102  
324  103  
324  104  
324  105  
324  106  
324  107  
324  108  
324  109  
324  110  
324  111  
324  112  
323  113  
323  114  
323  115  
323  116  
323  117  
323  118  
323  119  
323  120  
323  121  
323  122  
323  123  
323  124  
323  125  
323  126  
323  127  
323  128  
323  129  
323  130  
323  131  
323  132  
323  133  
323  134  
323  135  
323  136  
323  137  
323  138  
323  139  
323  140  
323  141  
323  142  
323  143  
323  144  
323  145  
323  146  
323  147  
323  148  
323  149  
323  150  
323  151  
323  152  
323  153  
316  76  
316  77  
316  78  
317  79  
317  80  
317  81  
317  82  
317  83  
317  84  
317  85  
317  86  
317  87  
317  88  
317  89  
317  90  
317  91  
317  92  
317  93  
317  94  
317  95  
317  96  
318  97  
333  96  
332  97  
332  98  
332  99  
332  100  
332  101  
332  102  
332  103  
332  104  
332  105  
332  106  
332  107  
332  108  
332  109  
332  110  
332  111  
332  112  
332  113  
332  114  
332  115  
332  116  
332  117  
332  118  
332  119  
332  120  
332  121  
332  122  
332  123  
332  124  
332  125  
332  126  
332  127  
332  128  
332  129  
332  130  
332  131  
332  132  
332  133  
332  134  
332  135  
332  136  
332  137  
332  138  
332  139  
332  140  
332  141  
332  142  
332  143  
332  144  
332  145  
332  146  
332  147  
332  148  
332  149  
332  150  
332  151  
332  152  
332  153  
332  154  
332  155  
332  156  
332  157  
332  158  
332  159  
332  160  
332  161  
332  162  
332  163  
332  164  
332  165  
332  166  
332  167  
332  168  
331  169  
331  170  
331  171  
331  172  
331  173  
331  174  
331  175  
331  176  
331  177  
331  178  
331  179  
331  180  
331  181  
331  182  
331  183  
332  184  
332  185  
332  186  
332  187  
238  108  
239  108  
240  108  
241  108  
242  108  
243  108  
244  108  
245  108  
246  108  
247  108  
248  108  
249  108  
250  108  
251  108  
252  108  
253  108  
254  108  
255  108  
256  108  
257  108  
259  111  
260  111  
261  111  
262  111  
263  111  
246  112  
247  112  
248  112  
249  112  
250  112  
251  112  
252  112  
253  112  
254  112  
255  112  
256  112  
257  112  
258  112  
223  113  
224  113  
225  113  
226  113  
227  113  
228  113  
229  113  
230  113  
231  113  
232  113  
233  113  
234  113  
235  113  
236  113  
237  113  
238  113  
239  113  
240  113  
241  113  
242  113  
243  113  
244  113  
245  113  
171  113  
172  113  
173  113  
174  113  
175  113  
176  113  
177  113  
178  113  
179  113  
180  113  
181  113  
160  114  
161  114  
162  114  
163  114  
164  114  
165  114  
166  114  
167  114  
168  114  
169  114  
170  114  
170  116  
171  116  
172  116  
173  116  
174  116  
175  116  
176  116  
177  116  
178  116  
179  116  
180  116  
181  116  
182  116  
183  116  
160  117  
161  117  
162  117  
163  117  
164  117  
165  117  
166  117  
167  117  
168  117  
169  117  
216  117  
217  117  
218  117  
219  117  
220  117  
221  117  
222  117  
223  117  
224  117  
225  117  
226  117  
227  117  
228  117  
229  117  
230  117  
231  117  
232  117  
233  117  
234  117  
235  117  
236  117  
237  117  
238  117  
239  117  
240  117  
241  117  
242  117  
243  117  
244  117  
245  117  
246  117  
247  117  
248  117  
249  117  
250  117  
251  117  
252  117  
253  117  
254  117  
255  117  
256  117  
257  117  
258  117  
259  117  
260  117  
208  118  
209  118  
210  118  
211  118  
212  118  
213  118  
214  118  
215  118  
202  119  
203  119  
204  119  
205  119  
206  119  
207  119  
184  119  
185  119  
186  119  
187  119  
188  119  
189  119  
190  119  
191  119  
168  120  
169  120  
170  120  
171  120  
172  120  
173  120  
174  120  
175  120  
176  120  
177  120  
178  120  
179  120  
180  120  
181  120  
182  120  
183  120  
156  121  
157  121  
158  121  
159  121  
160  121  
161  121  
162  121  
163  121  
164  121  
165  121  
166  121  
167  121  
328  134  
328  135  
328  136  
328  137  
327  138  
327  139  
327  140  
327  141  
327  142  
327  143  
327  144  
327  145  
327  146  
327  147  
327  148  
327  149  
327  150  
327  151  
327  152  
326  153  
326  154  
326  155  
326  156  
326  157  
326  158  
326  159  
326  160  
326  161  
326  162  
326  163  
326  164  
326  165  
326  166  
326  167  
326  168  
326  169  
326  170  
326  171  
326  172  
326  173  
326  174  
326  175  
326  176  
326  177  
326  178  
326  179  
326  180  
326  181  
326  182  
326  183  
326  184  
326  185  
326  186  
325  187  
325  188  
325  189  
325  190  
325  191  
325  192  
325  193  
325  194  
325  195  
325  196  
325  197  
325  198  
325  199  
325  200  
325  201  
325  202  
325  203  
325  204  
325  205  
325  206  
325  207  
325  208  
325  209  
325  210  
325  211  
325  212  
325  213  
325  214  
325  215  
325  216  
325  217  
325  218  
325  219  
325  220  
325  221  
325  222  
325  223  
353  140  
353  141  
353  142  
353  143  
353  144  
353  145  
353  146  
353  147  
353  148  
353  149  
353  150  
353  151  
353  152  
353  153  
353  154  
353  155  
353  156  
353  157  
353  158  
353  159  
353  160  
353  161  
348  141  
348  142  
348  143  
348  144  
348  145  
348  146  
348  147  
348  148  
348  149  
348  150  
348  151  
348  152  
348  153  
348  154  
348  155  
348  156  
348  157  
348  158  
348  159  
348  160  
348  161  
392  144  
392  145  
392  146  
392  147  
392  148  
392  149  
392  150  
392  151  
392  152  
392  153  
392  154  
392  155  
392  156  
392  157  
392  158  
392  159  
392  160  
392  161  
392  162  
392  163  
392  164  
392  165  
392  166  
392  167  
392  168  
392  169  
392  170  
392  171  
392  172  
392  173  
392  174  
392  175  
392  176  
322  155  
322  156  
322  157  
322  158  
322  159  
322  160  
322  161  
322  162  
322  163  
322  164  
322  165  
322  166  
322  167  
322  168  
322  169  
322  170  
322  171  
322  172  
322  173  
322  174  
322  175  
322  176  
322  177  
322  178  
322  179  
322  180  
322  181  
322  182  
322  183  
322  184  
322  185  
322  186  
322  187  
322  188  
322  189  
322  190  
322  191  
322  192  
322  193  
321  194  
321  195  
321  196  
321  197  
321  198  
321  199  
321  200  
321  201  
321  202  
321  203  
321  204  
321  205  
321  206  
321  207  
321  208  
321  209  
321  210  
321  211  
321  212  
321  213  
321  214  
321  215  
321  216  
321  217  
321  218  
321  219  
321  220  
321  221  
321  222  
321  223  
321  224  
321  225  
321  226  
321  227  
321  228  
321  229  
320  230  
320  231  
320  232  
320  233  
320  234  
320  235  
320  236  
320  237  
320  238  
320  239  
320  240  
320  241  
320  242  
321  243  
321  244  
321  245  
321  246  
321  247  
321  248  
321  249  
321  250  
321  251  
321  252  
321  253  
321  254  
321  255  
321  256  
321  257  
321  258  
321  259  
321  260  
321  261  
321  262  
321  263  
320  264  
320  265  
320  266  
320  267  
320  268  
320  269  
320  270  
320  271  
320  272  
320  273  
320  274  
320  275  
320  276  
320  277  
320  278  
320  279  
320  280  
320  281  
320  282  
320  283  
320  284  
320  285  
320  286  
320  287  
320  288  
320  289  
320  290  
319  291  
96  160  
96  161  
96  162  
97  163  
97  164  
97  165  
97  166  
97  167  
97  168  
97  169  
97  170  
97  171  
97  172  
97  173  
97  174  
96  175  
96  176  
96  177  
96  178  
96  179  
96  180  
96  181  
96  182  
96  183  
96  184  
96  185  
411  191  
412  191  
413  191  
414  191  
415  191  
416  191  
417  191  
418  191  
419  191  
420  191  
421  191  
422  191  
403  192  
404  192  
405  192  
406  192  
407  192  
408  192  
409  192  
410  192  
167  192  
167  193  
168  194  
168  195  
168  196  
168  197  
168  198  
168  199  
169  200  
169  201  
169  202  
169  203  
169  204  
169  205  
169  206  
169  207  
169  208  
169  209  
169  210  
169  211  
169  212  
169  213  
336  193  
336  194  
336  195  
336  196  
336  197  
336  198  
336  199  
336  200  
336  201  
336  202  
336  203  
336  204  
336  205  
336  206  
336  207  
336  208  
336  209  
336  210  
336  211  
336  212  
336  213  
336  214  
336  215  
336  216  
336  217  
330  194  
330  195  
330  196  
330  197  
330  198  
330  199  
330  200  
330  201  
330  202  
330  203  
330  204  
330  205  
330  206  
330  207  
330  208  
330  209  
330  210  
330  211  
330  212  
330  213  
330  214  
330  215  
330  216  
330  217  
330  218  
330  219  
330  220  
330  221  
416  195  
417  195  
406  196  
407  196  
408  196  
409  196  
410  196  
411  196  
412  196  
413  196  
414  196  
415  196  
394  197  
395  197  
396  197  
397  197  
398  197  
399  197  
400  197  
401  197  
402  197  
403  197  
404  197  
405  197  
41  200  
41  201  
41  202  
41  203  
41  204  
41  205  
41  206  
41  207  
41  208  
41  209  
41  210  
41  211  
41  212  
41  213  
41  214  
41  215  
41  216  
41  217  
41  218  
41  219  
41  220  
41  221  
41  222  
41  223  
41  224  
41  225  
41  226  
41  227  
41  228  
41  229  
41  230  
41  231  
41  232  
41  233  
379  201  
378  202  
378  203  
379  204  
379  205  
379  206  
378  207  
378  208  
378  209  
378  210  
378  211  
378  212  
378  213  
378  214  
378  215  
378  216  
378  217  
378  218  
378  219  
378  220  
378  221  
378  222  
378  223  
378  224  
378  225  
378  226  
378  227  
378  228  
378  229  
378  230  
378  231  
378  232  
378  233  
378  234  
379  235  
379  236  
379  237  
379  238  
379  239  
379  240  
379  241  
379  242  
379  243  
379  244  
379  245  
379  246  
379  247  
379  248  
379  249  
379  250  
379  251  
379  252  
379  253  
379  254  
379  255  
379  256  
379  257  
379  258  
379  259  
379  260  
379  261  
379  262  
379  263  
379  264  
379  265  
379  266  
379  267  
379  268  
379  269  
379  270  
379  271  
379  272  
379  273  
379  274  
379  275  
379  276  
379  277  
379  278  
379  279  
379  280  
379  281  
379  282  
379  283  
379  284  
379  285  
379  286  
379  287  
379  288  
379  289  
379  290  
379  291  
379  292  
379  293  
379  294  
379  295  
379  296  
379  297  
379  298  
379  299  
379  300  
379  301  
379  302  
379  303  
379  304  
379  305  
379  306  
379  307  
379  308  
379  309  
379  310  
379  311  
379  312  
379  313  
379  314  
379  315  
379  316  
383  202  
383  203  
383  204  
383  205  
383  206  
383  207  
383  208  
383  209  
383  210  
383  211  
383  212  
383  213  
383  214  
383  215  
383  216  
383  217  
383  218  
383  219  
383  220  
383  221  
383  222  
383  223  
383  224  
383  225  
383  226  
383  227  
383  228  
383  229  
383  230  
383  231  
383  232  
383  233  
383  234  
383  235  
383  236  
383  237  
383  238  
383  239  
383  240  
383  241  
383  242  
383  243  
383  244  
383  245  
383  246  
383  247  
383  248  
383  249  
383  250  
383  251  
383  252  
383  253  
383  254  
383  255  
383  256  
383  257  
383  258  
383  259  
383  260  
383  261  
383  262  
383  263  
383  264  
383  265  
383  266  
383  267  
383  268  
383  269  
383  270  
383  271  
383  272  
383  273  
383  274  
383  275  
383  276  
383  277  
383  278  
383  279  
383  280  
383  281  
383  282  
383  283  
383  284  
383  285  
383  286  
383  287  
383  288  
383  289  
383  290  
383  291  
383  292  
383  293  
383  294  
383  295  
383  296  
383  297  
383  298  
383  299  
383  300  
383  301  
383  302  
383  303  
383  304  
383  305  
383  306  
383  307  
383  308  
383  309  
383  310  
383  311  
383  312  
383  313  
383  314  
383  315  
383  316  
383  317  
266  208  
267  208  
268  208  
269  208  
270  208  
271  208  
272  208  
273  208  
274  208  
254  209  
255  209  
256  209  
257  209  
258  209  
259  209  
260  209  
261  209  
262  209  
263  209  
264  209  
265  209  
428  208  
428  209  
428  210  
428  211  
428  212  
428  213  
428  214  
428  215  
428  216  
428  217  
428  218  
428  219  
428  220  
428  221  
428  222  
428  223  
427  224  
427  225  
427  226  
427  227  
353  228  
353  229  
353  230  
353  231  
353  232  
353  233  
353  234  
353  235  
353  236  
353  237  
353  238  
353  239  
353  240  
353  241  
353  242  
353  243  
353  244  
353  245  
353  246  
353  247  
353  248  
353  249  
353  250  
353  251  
352  252  
352  253  
352  254  
352  255  
352  256  
352  257  
352  258  
352  259  
352  260  
352  261  
352  262  
352  263  
352  264  
352  265  
352  266  
352  267  
352  268  
352  269  
352  270  
352  271  
352  272  
352  273  
352  274  
352  275  
352  276  
352  277  
352  278  
352  279  
352  280  
352  281  
352  282  
352  283  
352  284  
352  285  
352  286  
352  287  
352  288  
352  289  
352  290  
352  291  
352  292  
352  293  
352  294  
352  295  
352  296  
352  297  
352  298  
352  299  
352  300  
352  301  
352  302  
352  303  
352  304  
352  305  
352  306  
353  307  
353  308  
353  309  
353  310  
353  311  
353  312  
353  313  
353  314  
353  315  
353  316  
353  317  
353  318  
353  319  
353  320  
353  321  
353  322  
353  323  
353  324  
353  325  
353  326  
353  327  
353  328  
353  329  
353  330  
353  331  
353  332  
353  333  
353  334  
352  335  
352  336  
352  337  
352  338  
352  339  
352  340  
352  341  
352  342  
352  343  
352  344  
352  345  
352  346  
352  347  
352  348  
352  349  
352  350  
352  351  
352  352  
352  353  
352  354  
352  355  
352  356  
352  357  
352  358  
352  359  
352  360  
352  361  
352  362  
353  363  
353  364  
353  365  
353  366  
353  367  
353  368  
353  369  
353  370  
353  371  
353  372  
353  373  
353  374  
353  375  
353  376  
353  377  
353  378  
353  379  
353  380  
353  381  
353  382  
353  383  
353  384  
353  385  
353  386  
353  387  
353  388  
353  389  
353  390  
353  391  
353  392  
353  393  
352  394  
352  395  
352  396  
329  229  
329  230  
329  231  
329  232  
329  233  
329  234  
329  235  
329  236  
329  237  
329  238  
329  239  
329  240  
329  241  
329  242  
329  243  
328  244  
328  245  
328  246  
328  247  
328  248  
328  249  
328  250  
328  251  
328  252  
328  253  
328  254  
328  255  
328  256  
328  257  
328  258  
328  259  
328  260  
328  261  
328  262  
328  263  
328  264  
328  265  
328  266  
328  267  
328  268  
328  269  
328  270  
328  271  
328  272  
427  230  
427  231  
427  232  
427  233  
428  234  
428  235  
428  236  
428  237  
428  238  
428  239  
428  240  
428  241  
428  242  
428  243  
428  244  
428  245  
428  246  
428  247  
428  248  
428  249  
428  250  
428  251  
428  252  
428  253  
428  254  
428  255  
428  256  
428  257  
428  258  
428  259  
428  260  
428  261  
428  262  
428  263  
428  264  
428  265  
428  266  
428  267  
428  268  
428  269  
428  270  
428  271  
428  272  
428  273  
428  274  
428  275  
428  276  
428  277  
428  278  
428  279  
428  280  
428  281  
428  282  
428  283  
428  284  
428  285  
428  286  
428  287  
428  288  
428  289  
428  290  
428  291  
428  292  
428  293  
428  294  
428  295  
428  296  
428  297  
428  298  
428  299  
428  300  
428  301  
428  302  
428  303  
428  304  
428  305  
428  306  
428  307  
428  308  
428  309  
428  310  
428  311  
428  312  
428  313  
428  314  
428  315  
428  316  
428  317  
428  318  
428  319  
428  320  
428  321  
428  322  
428  323  
428  324  
428  325  
428  326  
428  327  
428  328  
428  329  
428  330  
428  331  
428  332  
428  333  
428  334  
428  335  
428  336  
428  337  
428  338  
428  339  
428  340  
429  341  
429  342  
429  343  
429  344  
429  345  
429  346  
429  347  
429  348  
429  349  
429  350  
429  351  
429  352  
429  353  
429  354  
429  355  
429  356  
429  357  
429  358  
429  359  
429  360  
429  361  
429  362  
429  363  
429  364  
429  365  
429  366  
429  367  
237  248  
238  248  
239  248  
240  248  
241  248  
242  248  
243  248  
244  248  
245  248  
246  248  
247  248  
248  248  
249  248  
250  248  
251  248  
252  248  
253  248  
254  248  
255  248  
256  248  
257  248  
258  248  
259  248  
260  248  
261  248  
262  248  
263  248  
264  248  
265  248  
266  248  
267  248  
268  248  
269  248  
270  248  
271  249  
272  249  
273  249  
274  249  
275  249  
276  249  
277  249  
278  249  
279  249  
280  249  
281  249  
282  249  
283  249  
284  249  
285  249  
286  249  
287  249  
288  249  
289  249  
128  273  
129  273  
130  273  
131  273  
132  273  
133  273  
134  273  
135  273  
136  273  
137  273  
138  273  
139  273  
140  273  
141  273  
142  273  
143  273  
144  273  
145  273  
146  273  
147  273  
148  273  
149  273  
150  273  
151  273  
152  273  
153  273  
154  273  
325  280  
325  281  
325  282  
325  283  
325  284  
325  285  
325  286  
325  287  
325  288  
325  289  
325  290  
325  291  
325  292  
325  293  
325  294  
325  295  
325  296  
325  297  
325  298  
325  299  
325  300  
325  301  
325  302  
325  303  
325  304  
325  305  
325  306  
325  307  
325  308  
325  309  
325  310  
325  311  
325  312  
325  313  
275  284  
276  284  
277  284  
278  284  
279  284  
280  284  
281  284  
282  284  
283  284  
284  284  
285  284  
286  284  
270  285  
271  285  
272  285  
273  285  
274  285  
287  285  
288  285  
289  285  
290  285  
291  285  
292  285  
293  285  
294  285  
295  285  
296  285  
297  285  
298  285  
299  285  
169  292  
169  293  
169  294  
169  295  
169  296  
169  297  
169  298  
169  299  
169  300  
169  301  
169  302  
169  303  
169  304  
169  305  
169  306  
169  307  
169  308  
169  309  
169  310  
169  311  
168  312  
168  313  
168  314  
168  315  
319  304  
319  305  
319  306  
319  307  
319  308  
319  309  
319  310  
319  311  
319  312  
319  313  
319  314  
319  315  
319  316  
319  317  
319  318  
319  319  
319  320  
319  321  
319  322  
319  323  
319  324  
319  325  
319  326  
319  327  
319  328  
320  329  
320  330  
320  331  
235  310  
236  310  
237  310  
238  310  
239  310  
240  310  
241  310  
242  310  
243  310  
244  310  
245  310  
246  310  
247  310  
248  311  
249  311  
250  311  
251  311  
252  311  
253  311  
254  311  
255  311  
256  311  
257  311  
258  311  
259  311  
260  311  
261  311  
262  311  
263  311  
264  311  
265  311  
266  311  
267  311  
268  312  
269  312  
270  312  
271  312  
272  312  
273  312  
274  312  
275  312  
276  312  
277  312  
278  312  
279  312  
280  312  
281  312  
282  312  
315  311  
315  312  
315  313  
315  314  
315  315  
315  316  
315  317  
315  318  
315  319  
315  320  
315  321  
315  322  
315  323  
315  324  
315  325  
315  326  
315  327  
315  328  
314  329  
314  330  
314  331  
314  332  
314  333  
314  334  
314  335  
314  336  
314  337  
314  338  
314  339  
314  340  
314  341  
314  342  
314  343  
314  344  
314  345  
314  346  
314  347  
314  348  
314  349  
314  350  
314  351  
314  352  
314  353  
313  354  
313  355  
313  356  
313  357  
313  358  
313  359  
313  360  
313  361  
313  362  
313  363  
313  364  
313  365  
313  366  
313  367  
313  368  
313  369  
288  316  
288  317  
288  318  
288  319  
288  320  
288  321  
288  322  
288  323  
288  324  
288  325  
288  326  
288  327  
288  328  
288  329  
288  330  
288  331  
288  332  
288  333  
288  334  
287  335  
287  336  
287  337  
287  338  
287  339  
287  340  
287  341  
287  342  
287  343  
287  344  
287  345  
287  346  
287  347  
287  348  
287  349  
287  350  
287  351  
287  352  
287  353  
287  354  
287  355  
287  356  
287  357  
287  358  
287  359  
287  360  
286  361  
286  362  
286  363  
286  364  
286  365  
286  366  
286  367  
286  368  
286  369  
286  370  
286  371  
286  372  
286  373  
286  374  
286  375  
286  376  
286  377  
286  378  
286  379  
286  380  
286  381  
286  382  
286  383  
286  384  
285  385  
285  386  
285  387  
285  388  
285  389  
285  390  
285  391  
285  392  
285  393  
285  394  
285  395  
285  396  
285  397  
285  398  
285  399  
285  400  
285  401  
285  402  
285  403  
285  404  
285  405  
285  406  
285  407  
285  408  
285  409  
285  410  
285  411  
285  412  
285  413  
285  414  
285  415  
285  416  
285  417  
280  318  
280  319  
280  320  
280  321  
280  322  
281  323  
281  324  
281  325  
281  326  
281  327  
281  328  
282  329  
282  330  
282  331  
282  332  
282  333  
282  334  
282  335  
283  336  
283  337  
384  323  
384  324  
384  325  
384  326  
384  327  
384  328  
384  329  
384  330  
384  331  
384  332  
384  333  
384  334  
384  335  
384  336  
384  337  
384  338  
384  339  
384  340  
384  341  
384  342  
384  343  
384  344  
384  345  
384  346  
384  347  
384  348  
384  349  
384  350  
384  351  
384  352  
384  353  
384  354  
384  355  
384  356  
384  357  
384  358  
384  359  
384  360  
384  361  
384  362  
384  363  
384  364  
384  365  
384  366  
384  367  
384  368  
384  369  
448  330  
448  331  
448  332  
448  333  
448  334  
448  335  
448  336  
448  337  
448  338  
448  339  
448  340  
448  341  
448  342  
448  343  
448  344  
448  345  
448  346  
448  347  
448  348  
448  349  
448  350  
448  351  
448  352  
448  353  
448  354  
448  355  
448  356  
448  357  
448  358  
448  359  
326  333  
326  334  
326  335  
326  336  
326  337  
326  338  
325  339  
325  340  
325  341  
325  342  
325  343  
325  344  
325  345  
325  346  
325  347  
325  348  
325  349  
325  350  
325  351  
325  352  
325  353  
325  354  
325  355  
325  356  
325  357  
325  358  
325  359  
325  360  
325  361  
325  362  
325  363  
325  364  
325  365  
325  366  
325  367  
325  368  
325  369  
325  370  
325  371  
325  372  
325  373  
325  374  
325  375  
325  376  
325  377  
325  378  
325  379  
324  380  
324  381  
324  382  
324  383  
324  384  
324  385  
324  386  
324  387  
324  388  
324  389  
324  390  
324  391  
324  392  
324  393  
324  394  
324  395  
324  396  
324  397  
324  398  
324  399  
324  400  
324  401  
324  402  
324  403  
324  404  
324  405  
324  406  
324  407  
324  408  
324  409  
320  335  
320  336  
320  337  
319  338  
319  339  
319  340  
319  341  
319  342  
319  343  
319  344  
319  345  
319  346  
319  347  
319  348  
319  349  
319  350  
319  351  
319  352  
319  353  
319  354  
319  355  
318  356  
318  357  
318  358  
318  359  
318  360  
318  361  
318  362  
318  363  
318  364  
318  365  
318  366  
318  367  
318  368  
318  369  
318  370  
318  371  
318  372  
318  373  
318  374  
318  375  
318  376  
318  377  
318  378  
318  379  
318  380  
318  381  
318  382  
318  383  
318  384  
318  385  
318  386  
318  387  
318  388  
318  389  
318  390  
318  391  
318  392  
318  393  
318  394  
318  395  
318  396  
318  397  
318  398  
318  399  
317  400  
317  401  
317  402  
317  403  
317  404  
317  405  
317  406  
317  407  
317  408  
317  409  
317  410  
317  411  
317  412  
317  413  
317  414  
317  415  
317  416  
317  417  
317  418  
317  419  
317  420  
317  421  
317  422  
317  423  
317  424  
317  425  
317  426  
317  427  
317  428  
317  429  
317  430  
317  431  
317  432  
317  433  
317  434  
317  435  
317  436  
317  437  
48  336  
48  337  
48  338  
48  339  
48  340  
48  341  
48  342  
48  343  
48  344  
48  345  
48  346  
48  347  
48  348  
48  349  
48  350  
48  351  
48  352  
48  353  
48  354  
48  355  
48  356  
48  357  
48  358  
48  359  
48  360  
48  361  
48  362  
48  363  
48  364  
48  365  
48  366  
48  367  
48  368  
48  369  
377  346  
377  347  
377  348  
377  349  
377  350  
377  351  
377  352  
377  353  
377  354  
377  355  
377  356  
377  357  
377  358  
377  359  
377  360  
377  361  
377  362  
377  363  
377  364  
377  365  
377  366  
377  367  
377  368  
377  369  
377  370  
377  371  
377  372  
377  373  
377  374  
377  375  
377  376  
389  372  
390  372  
391  372  
392  373  
393  373  
394  373  
395  373  
396  373  
397  373  
398  373  
399  373  
400  373  
401  373  
402  373  
403  373  
404  373  
405  373  
406  373  
407  373  
408  373  
409  373  
410  373  
411  373  
412  373  
413  373  
414  373  
415  373  
416  373  
417  373  
418  373  
419  373  
420  373  
421  373  
422  373  
423  373  
424  373  
313  375  
313  376  
313  377  
313  378  
313  379  
313  380  
313  381  
313  382  
313  383  
313  384  
313  385  
313  386  
313  387  
313  388  
313  389  
313  390  
313  391  
313  392  
313  393  
313  394  
313  395  
313  396  
312  397  
312  398  
312  399  
312  400  
312  401  
312  402  
312  403  
312  404  
312  405  
312  406  
312  407  
312  408  
312  409  
312  410  
312  411  
312  412  
312  413  
312  414  
312  415  
312  416  
152  384  
152  385  
152  386  
153  387  
153  388  
153  389  
153  390  
153  391  
153  392  
153  393  
153  394  
153  395  
153  396  
153  397  
153  398  
153  399  
153  400  
153  401  
153  402  
153  403  
153  404  
153  405  
153  406  
153  407  
153  408  
153  409  
153  410  
153  411  
153  412  
153  413  
153  414  
153  415  
153  416  
153  417  
153  418  
153  419  
153  420  
153  421  
153  422  
153  423  
153  424  
153  425  
153  426  
153  427  
153  428  
153  429  
153  430  
152  431  
152  432  
152  433  
405  391  
406  392  
407  392  
408  392  
409  392  
410  392  
411  392  
412  392  
413  392  
414  392  
415  392  
416  392  
417  392  
418  392  
419  392  
420  392  
421  392  
422  392  
423  392  
424  392  
425  392  
416  437  
417  437  
418  437  
419  437  
420  437  
421  437  
422  437  
423  437  
424  437  
425  437  
426  437  
427  437  
403  438  
404  438  
405  438  
406  438  
407  438  
408  438  
409  438  
410  438  
411  438  
412  438  
413  438  
414  438  
415  438  
376  438  
377  438  
378  438  
379  438  
380  438  
381  438  
382  438  
383  438  
384  438  
385  438  
386  438  
387  438  
388  438  
389  438  
390  438  
391  438  
392  438  
393  438  
394  438  
395  438  
396  438  
397  438  
432  448  
426  449  
427  449  
428  449  
429  449  
430  449  
431  449  
411  450  
414  450  
415  450  
416  450  
417  450  
418  450  
419  450  
420  450  
421  450  
422  450  
423  450  
424  450  
425  450  
412  451  
413  451  
217  453  
217  454  
217  455  
217  456  
217  457  
216  458  
216  459  
216  460  
216  461  
216  462  
216  463  
216  464  
216  465  
216  466  
215  467  
215  468  
215  469  
215  470  
215  471  
215  472  
215  473  
215  474  
215  475  
215  476  
215  477  
215  478  
215  479  
215  480  
215  481  
215  482  
215  483  
215  484  
215  485  
215  486  
215  487  
215  488  
215  489  
215  490  
215  491  
215  492  
215  493  
215  494  
215  495  
215  496  
214  497  
214  498  
214  499  
214  500  
214  501  
214  502  
214  503  
214  504  
214  505  
214  506  
214  507  
214  508  
214  509  
214  510  
214  511  
214  512  
214  513  
214  514  
214  515  
214  516  
214  517  
214  518  
214  519  
214  520  
214  521  
214  522  
214  523  
343  453  
344  453  
345  453  
346  453  
347  453  
348  453  
349  453  
350  453  
351  453  
352  453  
353  453  
354  453  
355  453  
356  453  
357  453  
358  453  
359  453  
360  453  
361  453  
362  453  
363  453  
364  453  
365  453  
366  453  
367  453  
368  453  
369  453  
370  453  
371  453  
372  453  
373  453  
374  453  
375  453  
376  453  
377  453  
378  453  
406  455  
407  455  
408  455  
409  455  
410  455  
411  455  
412  455  
413  455  
414  455  
415  455  
416  455  
417  455  
418  455  
419  455  
420  455  
421  455  
422  455  
423  455  
424  455  
425  455  
403  456  
404  456  
405  456  
426  456  
427  456  
127  464  
127  465  
127  466  
127  467  
127  468  
127  469  
127  470  
127  471  
126  472  
126  473  
126  474  
126  475  
126  476  
126  477  
126  478  
126  479  
126  480  
126  481  
126  482  
126  483  
126  484  
126  485  
126  486  
126  487  
126  488  
126  489  
126  490  
126  491  
126  492  
170  473  
169  474  
169  475  
169  476  
169  477  
169  478  
169  479  
169  480  
169  481  
169  482  
169  483  
169  484  
168  485  
168  486  
168  487  
168  488  
168  489  
168  490  
168  491  
168  492  
168  493  
168  494  
168  495  
168  496  
168  497  
168  498  
168  499  
168  500  
168  501  
168  502  
168  503  
168  504  
168  505  
168  506  
168  507  
168  508  
168  509  
168  510  
168  511  
168  512  
168  513  
168  514  
168  515  
168  516  
168  517  
168  518  
168  519  
168  520  
167  521  
167  522  
167  523  
167  524  
167  525  
167  526  
167  527  
167  528  
167  529  
167  530  
167  531  
167  532  
167  533  
167  534  
167  535  
167  536  
167  537  
167  538  
167  539  
167  540  
167  541  
167  542  
167  543  
167  544  
167  545  
168  546  
168  547  
168  548  
168  549  
168  550  
168  551  
168  552  
168  553  
168  554  
123  477  
123  478  
123  479  
122  480  
122  481  
122  482  
122  483  
122  484  
122  485  
122  486  
122  487  
122  488  
122  489  
122  490  
122  491  
122  492  
122  493  
122  494  
122  495  
121  496  
121  497  
121  498  
121  499  
121  500  
121  501  
121  502  
121  503  
121  504  
121  505  
121  506  
121  507  
121  508  
121  509  
121  510  
121  511  
121  512  
121  513  
120  514  
120  515  
120  516  
120  517  
120  518  
120  519  
120  520  
120  521  
120  522  
120  523  
120  524  
120  525  
120  526  
120  527  
120  528  
120  529  
120  530  
120  531  
120  532  
120  533  
120  534  
119  535  
119  536  
119  537  
119  538  
119  539  
119  540  
119  541  
119  542  
119  543  
119  544  
119  545  
119  546  
119  547  
119  548  
118  549  
118  550  
118  551  
118  552  
118  553  
118  554  
118  555  
118  556  
118  557  
118  558  
118  559  
118  560  
118  561  
118  562  
118  563  
118  564  
118  565  
118  566  
117  567  
117  568  
117  569  
117  570  
117  571  
117  572  
117  573  
117  574  
117  575  
117  576  
117  577  
117  578  
117  579  
117  580  
117  581  
117  582  
117  583  
116  584  
116  585  
116  586  
116  587  
116  588  
116  589  
429  479  
430  479  
431  479  
432  479  
433  479  
434  479  
435  480  
436  480  
437  480  
438  480  
439  480  
440  480  
441  480  
442  480  
443  480  
444  480  
445  480  
446  480  
447  480  
448  480  
232  500  
233  500  
234  500  
235  500  
236  501  
237  501  
238  501  
239  501  
240  501  
241  501  
242  502  
243  502  
244  502  
245  502  
246  502  
247  502  
248  502  
249  502  
250  502  
251  502  
252  502  
253  502  
254  502  
255  502  
256  502  
124  501  
124  502  
124  503  
124  504  
124  505  
124  506  
124  507  
124  508  
124  509  
124  510  
124  511  
124  512  
124  513  
124  514  
124  515  
124  516  
124  517  
124  518  
124  519  
124  520  
124  521  
124  522  
124  523  
124  524  
124  525  
124  526  
124  527  
124  528  
124  529  
163  525  
163  526  
163  527  
163  528  
163  529  
163  530  
163  531  
163  532  
163  533  
163  534  
163  535  
163  536  
163  537  
163  538  
163  539  
163  540  
163  541  
163  542  
163  543  
163  544  
212  534  
212  535  
212  536  
212  537  
212  538  
212  539  
212  540  
212  541  
212  542  
212  543  
212  544  
212  545  
212  546  
212  547  
212  548  
212  549  
212  550  
212  551  
212  552  
212  553  
212  554  
212  555  
212  556  
212  557  
212  558  
212  559  
212  560  
385  536  
385  537  
385  538  
385  539  
385  540  
385  541  
385  542  
385  543  
385  544  
385  545  
385  546  
385  547  
385  548  
385  549  
385  550  
385  551  
385  552  
385  553  
385  554  
385  555  
385  556  
385  557  
385  558  
385  559  
385  560  
385  561  
385  562  
385  563  
385  564  
385  565  
385  566  
385  567  
385  568  
385  569  
385  570  
384  571  
384  572  
384  573  
205  540  
205  541  
205  542  
205  543  
205  544  
205  545  
205  546  
205  547  
205  548  
205  549  
205  550  
205  551  
205  552  
205  553  
205  554  
205  555  
205  556  
205  557  
204  558  
204  559  
123  544  
122  545  
122  546  
122  547  
122  548  
122  549  
122  550  
122  551  
122  552  
122  553  
122  554  
122  555  
122  556  
121  557  
121  558  
121  559  
121  560  
121  561  
121  562  
121  563  
121  564  
121  565  
121  566  
121  567  
121  568  
121  569  
120  570  
120  571  
120  572  
120  573  
120  574  
120  575  
120  576  
120  577  
120  578  
120  579  
120  580  
120  581  
120  582  
120  583  
120  584  
120  585  
120  586  
119  587  
119  588  
119  589  
119  590  
119  591  
119  592  
119  593  
177  546  
178  546  
179  546  
180  546  
181  546  
182  546  
183  546  
184  546  
185  546  
186  546  
187  546  
188  546  
189  546  
190  546  
191  546  
192  547  
193  547  
194  547  
195  547  
196  547  
197  547  
198  547  
199  547  
200  548  
266  548  
267  548  
268  548  
269  548  
270  548  
271  548  
272  548  
273  548  
274  548  
275  548  
276  548  
277  548  
278  548  
279  548  
280  548  
281  548  
282  548  
283  548  
284  549  
285  549  
286  549  
192  550  
193  550  
194  550  
195  550  
196  550  
197  550  
198  550  
199  550  
200  550  
178  551  
179  551  
180  551  
181  551  
182  551  
183  551  
184  551  
185  551  
186  551  
187  551  
188  551  
189  551  
190  551  
191  551  
177  552  
128  555  
129  555  
130  555  
131  555  
132  555  
133  555  
134  555  
135  555  
136  555  
137  555  
138  555  
139  555  
140  555  
141  555  
142  555  
143  555  
144  555  
145  556  
146  556  
147  556  
148  556  
149  556  
150  556  
151  556  
152  557  
161  560  
161  561  
161  562  
161  563  
160  564  
160  565  
160  566  
160  567  
160  568  
160  569  
160  570  
160  571  
160  572  
160  573  
160  574  
160  575  
160  576  
160  577  
160  578  
160  579  
160  580  
160  581  
160  582  
160  583  
160  584  
160  585  
160  586  
160  587  
160  588  
160  589  
160  590  
160  591  
160  592  
160  593  
165  567  
165  568  
165  569  
165  570  
165  571  
165  572  
165  573  
165  574  
165  575  
165  576  
165  577  
165  578  
165  579  
165  580  
165  581  
165  582  
165  583  
165  584  
165  585  
165  586  
165  587  
165  588  
165  589  
165  590  
165  591  
165  592  
165  593  
165  594  
165  595  
165  596  
165  597  
165  598  
165  599  
165  600  
165  601  
165  602  
165  603  
165  604  
165  605  
211  572  
211  573  
211  574  
211  575  
211  576  
211  577  
211  578  
211  579  
211  580  
211  581  
211  582  
211  583  
211  584  
211  585  
211  586  
211  587  
211  588  
211  589  
211  590  
211  591  
211  592  
211  593  
210  594  
210  595  
210  596  
210  597  
205  586  
205  587  
205  588  
205  589  
205  590  
205  591  
205  592  
205  593  
205  594  
205  595  
205  596  
205  597  
205  598  
205  599  
205  600  
205  601  
205  602  
205  603  
205  604  
205  605  
205  606  
205  607  
282  588  
283  588  
284  588  
285  588  
286  588  
287  588  
288  588  
289  588  
290  588  
291  588  
292  588  
293  588  
294  588  
295  588  
296  588  
297  588  
298  588  
299  588  
300  588  
301  589  
302  589  
362  601  
363  601  
364  601  
365  601  
366  601  
367  601  
368  601  
369  601  
370  601  
371  601  
372  601  
373  601  
374  601  
375  601  
376  601  
377  601  
378  601  
379  601  
361  602  
361  603  
361  604  
361  605  
216  604  
217  604  
218  604  
219  604  
220  604  
221  604  
222  604  
223  605  
224  605  
225  605  
226  605  
227  605  
228  605  
229  605  
230  605  
231  605  
232  605  
233  605  
234  605  
235  605  
236  605  
174  606  
175  606  
176  606  
177  606  
178  607  
179  607  
180  607  
181  607  
182  607  
183  607  
184  607  
185  607  
186  607  
187  607  
188  607  
189  607  
190  607  
191  607  
192  607  
193  608  
194  608  
195  608  
196  608  
197  608  
