110  
35  34  43  97  27  25  34  26  29  24  53  23  34  102  36  26  22  57  45  44  25  27  24  32  25  32  38  26  28  155  164  20  26  154  24  32  32  47  26  22  100  75  33  35  23  24  39  25  86  50  26  37  21  40  31  35  48  72  25  36  26  23  30  30  106  119  64  26  30  94  24  68  29  39  28  39  89  24  30  23  85  40  70  34  40  22  26  27  20  30  25  50  29  46  33  22  30  28  22  25  26  28  22  54  27  28  22  58  77  34  
118  32  
119  33  
119  34  
119  35  
119  36  
119  37  
119  38  
119  39  
119  40  
119  41  
119  42  
119  43  
119  44  
119  45  
119  46  
119  47  
119  48  
119  49  
120  50  
120  51  
120  52  
120  53  
120  54  
120  55  
121  56  
121  57  
121  58  
121  59  
121  60  
121  61  
121  62  
121  63  
122  64  
122  65  
122  66  
122  32  
122  33  
122  34  
122  35  
122  36  
122  37  
122  38  
122  39  
123  40  
123  41  
123  42  
123  43  
123  44  
123  45  
123  46  
123  47  
123  48  
123  49  
123  50  
123  51  
123  52  
124  53  
124  54  
124  55  
124  56  
124  57  
124  58  
125  59  
125  60  
125  61  
125  62  
125  63  
125  64  
126  65  
300  32  
300  33  
300  34  
300  35  
300  36  
300  37  
300  38  
300  39  
300  40  
300  41  
300  42  
300  43  
300  44  
300  45  
300  46  
300  47  
300  48  
299  49  
299  50  
299  51  
299  52  
299  53  
299  54  
299  55  
299  56  
299  57  
299  58  
299  59  
299  60  
299  61  
299  62  
299  63  
298  64  
298  65  
298  66  
298  67  
298  68  
298  69  
298  70  
298  71  
298  72  
298  73  
298  74  
425  32  
425  33  
425  34  
425  35  
425  36  
425  37  
425  38  
425  39  
425  40  
425  41  
425  42  
425  43  
425  44  
425  45  
425  46  
425  47  
425  48  
425  49  
425  50  
425  51  
425  52  
425  53  
425  54  
425  55  
426  56  
426  57  
426  58  
426  59  
426  60  
426  61  
426  62  
426  63  
426  64  
426  65  
426  66  
426  67  
426  68  
426  69  
426  70  
426  71  
426  72  
426  73  
426  74  
426  75  
427  76  
427  77  
427  78  
427  79  
427  80  
427  81  
427  82  
427  83  
427  84  
427  85  
427  86  
427  87  
427  88  
427  89  
427  90  
427  91  
427  92  
427  93  
427  94  
427  95  
427  96  
427  97  
427  98  
427  99  
427  100  
427  101  
427  102  
428  103  
428  104  
428  105  
428  106  
428  107  
428  108  
428  109  
428  110  
428  111  
428  112  
428  113  
428  114  
428  115  
428  116  
428  117  
428  118  
428  119  
428  120  
428  121  
428  122  
428  123  
428  124  
428  125  
428  126  
428  127  
428  128  
429  32  
429  33  
429  34  
429  35  
429  36  
429  37  
429  38  
429  39  
429  40  
429  41  
429  42  
429  43  
430  44  
430  45  
430  46  
430  47  
430  48  
430  49  
430  50  
430  51  
430  52  
430  53  
430  54  
430  55  
430  56  
431  57  
431  58  
160  44  
159  45  
159  46  
159  47  
159  48  
158  49  
158  50  
158  51  
158  52  
158  53  
158  54  
157  55  
157  56  
157  57  
157  58  
157  59  
157  60  
156  61  
156  62  
156  63  
156  64  
155  65  
155  66  
155  67  
155  68  
434  61  
434  62  
434  63  
434  64  
434  65  
434  66  
434  67  
434  68  
434  69  
434  70  
434  71  
434  72  
434  73  
434  74  
434  75  
434  76  
434  77  
435  78  
435  79  
435  80  
435  81  
435  82  
435  83  
435  84  
435  85  
435  86  
435  87  
435  88  
435  89  
435  90  
435  91  
435  92  
435  93  
435  94  
431  64  
431  65  
431  66  
431  67  
431  68  
431  69  
431  70  
431  71  
431  72  
431  73  
431  74  
431  75  
431  76  
431  77  
431  78  
431  79  
431  80  
431  81  
431  82  
431  83  
431  84  
431  85  
431  86  
431  87  
432  88  
432  89  
414  67  
414  68  
414  69  
414  70  
414  71  
414  72  
414  73  
414  74  
414  75  
413  76  
413  77  
413  78  
413  79  
413  80  
413  81  
413  82  
412  83  
412  84  
412  85  
412  86  
412  87  
412  88  
412  89  
412  90  
412  91  
412  92  
412  93  
412  94  
412  95  
182  71  
182  72  
182  73  
182  74  
182  75  
182  76  
181  77  
181  78  
181  79  
181  80  
181  81  
181  82  
181  83  
181  84  
180  85  
180  86  
180  87  
180  88  
180  89  
180  90  
180  91  
180  92  
180  93  
180  94  
325  73  
326  73  
327  73  
328  73  
329  73  
330  73  
331  73  
332  73  
333  73  
334  73  
335  73  
336  73  
337  73  
338  73  
339  73  
340  73  
341  73  
342  73  
343  73  
344  73  
345  73  
346  73  
347  73  
348  73  
349  73  
350  73  
351  73  
352  73  
353  73  
354  73  
355  73  
356  73  
357  73  
358  73  
359  73  
360  73  
361  73  
362  73  
363  73  
364  73  
365  73  
366  73  
367  73  
368  73  
369  73  
370  73  
371  73  
372  73  
373  73  
374  73  
375  73  
376  73  
377  73  
191  74  
191  75  
191  76  
191  77  
191  78  
191  79  
190  80  
190  81  
190  82  
190  83  
190  84  
190  85  
189  86  
189  87  
189  88  
189  89  
189  90  
189  91  
189  92  
188  93  
188  94  
188  95  
188  96  
234  78  
235  78  
236  78  
237  78  
238  78  
239  78  
240  78  
241  78  
242  78  
243  78  
244  78  
245  78  
246  78  
215  79  
216  79  
217  79  
218  79  
219  79  
220  79  
221  79  
222  79  
223  79  
224  79  
225  79  
226  79  
227  79  
228  79  
229  79  
230  79  
231  79  
232  79  
233  79  
247  79  
248  79  
255  78  
256  78  
257  78  
258  78  
259  78  
260  78  
261  78  
262  78  
263  78  
264  78  
265  78  
266  78  
267  78  
268  78  
269  78  
270  78  
271  78  
272  78  
273  78  
274  78  
275  78  
276  78  
277  78  
278  78  
279  78  
280  78  
281  78  
282  78  
283  78  
284  78  
285  78  
286  78  
287  78  
288  78  
289  78  
290  78  
291  78  
292  78  
293  78  
294  78  
295  78  
296  78  
297  78  
298  78  
299  78  
300  78  
301  78  
302  78  
303  78  
304  78  
305  78  
306  78  
307  78  
308  78  
309  78  
310  78  
311  78  
312  78  
313  78  
314  78  
315  78  
316  78  
317  78  
318  78  
319  78  
320  78  
321  78  
322  78  
323  78  
324  78  
325  78  
326  78  
327  78  
328  78  
329  78  
330  78  
331  78  
332  78  
333  78  
334  78  
335  78  
336  78  
337  78  
338  78  
339  78  
340  78  
341  78  
342  78  
343  78  
344  78  
345  78  
346  78  
347  78  
348  78  
349  78  
350  78  
351  78  
352  78  
353  78  
354  78  
253  79  
254  79  
360  78  
361  78  
362  78  
363  78  
364  78  
365  78  
366  78  
367  78  
368  78  
369  78  
370  78  
371  78  
372  78  
373  78  
374  78  
375  78  
376  78  
377  78  
378  78  
379  78  
380  78  
381  78  
382  78  
383  78  
384  78  
385  78  
386  78  
387  78  
388  78  
389  78  
390  78  
391  78  
392  78  
393  78  
394  78  
395  78  
154  94  
153  95  
152  96  
151  97  
150  98  
149  99  
148  100  
147  101  
146  102  
145  103  
145  104  
144  105  
143  106  
142  107  
141  108  
140  109  
139  110  
139  111  
138  112  
137  113  
136  114  
135  115  
134  116  
133  117  
132  118  
131  119  
339  116  
340  116  
319  117  
320  117  
321  117  
322  117  
323  117  
324  117  
325  117  
326  117  
327  117  
328  117  
329  117  
330  117  
331  117  
332  117  
333  117  
334  117  
335  117  
336  117  
337  117  
338  117  
345  116  
346  116  
349  116  
401  116  
347  117  
348  117  
350  117  
351  117  
352  117  
353  117  
354  117  
355  117  
356  117  
357  117  
358  117  
359  117  
360  117  
361  117  
362  117  
363  117  
364  117  
365  117  
366  117  
367  117  
368  117  
390  117  
391  117  
392  117  
393  117  
394  117  
395  117  
396  117  
397  117  
398  117  
399  117  
400  117  
369  118  
370  118  
371  118  
372  118  
373  118  
374  118  
375  118  
376  118  
377  118  
378  118  
379  118  
380  118  
381  118  
382  118  
383  118  
384  118  
385  118  
386  118  
387  118  
388  118  
389  118  
257  120  
257  121  
257  122  
257  123  
257  124  
257  125  
257  126  
257  127  
257  128  
257  129  
257  130  
257  131  
257  132  
256  133  
256  134  
256  135  
256  136  
256  137  
256  138  
256  139  
256  140  
256  141  
256  142  
256  143  
255  144  
255  145  
255  146  
255  147  
255  148  
255  149  
255  150  
255  151  
255  152  
255  153  
255  154  
254  155  
254  156  
254  157  
254  158  
254  159  
254  160  
254  161  
254  162  
254  163  
254  164  
254  121  
254  122  
254  123  
254  124  
254  125  
254  126  
253  127  
253  128  
253  129  
253  130  
253  131  
253  132  
253  133  
253  134  
253  135  
253  136  
253  137  
252  138  
252  139  
252  140  
252  141  
252  142  
252  143  
252  144  
252  145  
252  146  
252  147  
252  148  
252  149  
252  150  
252  151  
251  152  
251  153  
251  154  
251  155  
251  156  
251  157  
251  158  
251  159  
251  160  
251  161  
251  162  
251  163  
250  164  
362  123  
363  123  
364  123  
365  123  
366  123  
367  123  
368  123  
369  123  
370  123  
371  123  
372  123  
373  123  
374  123  
361  124  
375  124  
376  124  
377  124  
378  124  
379  124  
380  124  
381  124  
382  125  
383  125  
384  125  
385  125  
413  139  
413  140  
413  141  
413  142  
413  143  
413  144  
413  145  
413  146  
413  147  
413  148  
413  149  
413  150  
413  151  
413  152  
413  153  
413  154  
413  155  
413  156  
413  157  
413  158  
413  159  
413  160  
413  161  
413  162  
413  163  
413  164  
413  165  
202  140  
203  140  
204  140  
205  140  
206  140  
207  140  
208  140  
209  140  
210  140  
211  140  
212  140  
213  140  
214  140  
215  140  
216  140  
217  140  
218  140  
219  140  
220  140  
221  140  
222  140  
223  140  
224  140  
225  140  
184  144  
184  145  
184  146  
184  147  
184  148  
183  149  
183  150  
183  151  
183  152  
183  153  
183  154  
182  155  
182  156  
182  157  
182  158  
182  159  
182  160  
182  161  
182  162  
182  163  
181  164  
181  165  
181  166  
181  167  
181  168  
181  169  
180  170  
180  171  
180  172  
180  173  
180  174  
180  175  
407  145  
407  146  
407  147  
408  148  
408  149  
408  150  
408  151  
408  152  
408  153  
408  154  
408  155  
408  156  
408  157  
408  158  
408  159  
408  160  
408  161  
408  162  
408  163  
408  164  
408  165  
408  166  
408  167  
408  168  
408  169  
205  146  
206  146  
207  146  
208  146  
209  146  
210  146  
211  146  
212  146  
213  146  
214  146  
215  146  
216  146  
217  146  
218  146  
219  146  
220  146  
221  146  
222  146  
223  146  
224  146  
225  146  
226  146  
227  146  
228  146  
229  146  
230  146  
231  146  
232  146  
233  146  
234  146  
235  146  
236  146  
103  153  
102  154  
101  155  
101  156  
100  157  
99  158  
98  159  
97  160  
96  161  
95  162  
94  163  
93  164  
92  165  
92  166  
91  167  
90  168  
89  169  
89  170  
88  171  
87  172  
86  173  
85  174  
84  175  
83  176  
82  177  
82  178  
81  179  
80  180  
79  181  
78  182  
78  183  
77  184  
76  185  
75  186  
74  187  
73  188  
71  189  
72  189  
174  156  
174  157  
174  158  
174  159  
174  160  
174  161  
174  162  
174  163  
174  164  
174  165  
174  166  
173  167  
173  168  
173  169  
173  170  
173  171  
173  172  
173  173  
173  174  
172  175  
172  176  
172  177  
172  178  
172  179  
172  180  
172  181  
223  179  
224  179  
225  179  
226  179  
227  179  
228  179  
229  179  
230  179  
231  179  
232  179  
233  179  
234  179  
235  179  
236  179  
237  179  
238  179  
239  179  
240  179  
241  179  
242  179  
243  179  
244  179  
245  179  
246  179  
247  179  
248  179  
249  179  
250  179  
259  183  
259  184  
259  185  
259  186  
259  187  
259  188  
259  189  
259  190  
258  191  
258  192  
258  193  
258  194  
258  195  
258  196  
258  197  
258  198  
258  199  
258  200  
258  201  
257  202  
257  203  
257  204  
257  205  
257  206  
257  207  
257  208  
257  209  
257  210  
257  211  
257  212  
257  213  
257  214  
256  215  
256  216  
256  217  
256  218  
256  219  
256  220  
256  221  
256  222  
256  223  
256  224  
255  225  
255  226  
255  227  
255  228  
255  229  
255  230  
255  231  
255  232  
255  233  
255  234  
255  235  
255  236  
255  237  
255  238  
254  239  
254  240  
254  241  
254  242  
254  243  
254  244  
254  245  
254  246  
254  247  
254  248  
254  249  
254  250  
254  251  
253  252  
253  253  
253  254  
253  255  
253  256  
253  257  
253  258  
253  259  
253  260  
253  261  
253  262  
253  263  
253  264  
253  265  
253  266  
253  267  
252  268  
252  269  
252  270  
252  271  
252  272  
252  273  
251  274  
251  275  
251  276  
251  277  
251  278  
251  279  
251  280  
251  281  
251  282  
251  283  
251  284  
251  285  
251  286  
251  287  
251  288  
251  289  
250  290  
250  291  
250  292  
250  293  
250  294  
250  295  
250  296  
250  297  
250  298  
250  299  
250  300  
250  301  
250  302  
249  303  
249  304  
249  305  
249  306  
249  307  
249  308  
249  309  
249  310  
249  311  
249  312  
249  313  
249  314  
249  315  
249  316  
249  317  
249  318  
249  319  
248  320  
248  321  
248  322  
248  323  
248  324  
248  325  
247  326  
247  327  
247  328  
247  329  
247  330  
247  331  
247  332  
247  333  
247  334  
247  335  
247  336  
247  337  
268  184  
267  185  
267  186  
267  187  
267  188  
268  189  
268  190  
267  191  
267  192  
267  193  
267  194  
267  195  
267  196  
267  197  
267  198  
267  199  
267  200  
267  201  
267  202  
267  203  
267  204  
267  205  
267  206  
266  207  
266  208  
266  209  
266  210  
266  211  
266  212  
266  213  
266  214  
266  215  
266  216  
265  217  
265  218  
265  219  
265  220  
265  221  
265  222  
265  223  
265  224  
265  225  
265  226  
265  227  
265  228  
265  229  
264  230  
264  231  
264  232  
264  233  
264  234  
264  235  
264  236  
264  237  
264  238  
264  239  
264  240  
264  241  
263  242  
263  243  
263  244  
263  245  
263  246  
263  247  
263  248  
263  249  
263  250  
263  251  
263  252  
263  253  
263  254  
263  255  
262  256  
262  257  
262  258  
262  259  
262  260  
262  261  
262  262  
262  263  
262  264  
262  265  
262  266  
262  267  
261  268  
261  269  
261  270  
261  271  
261  272  
261  273  
261  274  
261  275  
261  276  
261  277  
261  278  
261  279  
261  280  
261  281  
260  282  
260  283  
260  284  
260  285  
260  286  
260  287  
260  288  
260  289  
260  290  
260  291  
260  292  
260  293  
260  294  
260  295  
259  296  
259  297  
259  298  
259  299  
259  300  
259  301  
259  302  
259  303  
259  304  
259  305  
259  306  
259  307  
259  308  
259  309  
259  310  
258  311  
258  312  
258  313  
258  314  
258  315  
258  316  
258  317  
258  318  
258  319  
258  320  
258  321  
258  322  
257  323  
257  324  
257  325  
257  326  
257  327  
257  328  
257  329  
257  330  
257  331  
257  332  
257  333  
257  334  
257  335  
256  336  
256  337  
256  338  
256  339  
256  340  
256  341  
256  342  
256  343  
256  344  
256  345  
255  346  
255  347  
200  187  
200  188  
200  189  
200  190  
200  191  
199  192  
199  193  
199  194  
199  195  
199  196  
199  197  
199  198  
199  199  
198  200  
198  201  
198  202  
198  203  
198  204  
198  205  
198  206  
287  191  
287  192  
287  193  
287  194  
287  195  
288  196  
288  197  
288  198  
288  199  
288  200  
288  201  
288  202  
288  203  
288  204  
288  205  
288  206  
288  207  
288  208  
288  209  
287  210  
287  211  
287  212  
287  213  
287  214  
287  215  
287  216  
285  192  
285  193  
284  194  
284  195  
284  196  
284  197  
284  198  
284  199  
284  200  
284  201  
284  202  
284  203  
284  204  
284  205  
284  206  
284  207  
283  208  
283  209  
283  210  
283  211  
283  212  
283  213  
283  214  
283  215  
283  216  
283  217  
283  218  
283  219  
283  220  
283  221  
283  222  
283  223  
283  224  
283  225  
283  226  
283  227  
283  228  
283  229  
283  230  
283  231  
283  232  
282  233  
282  234  
282  235  
282  236  
282  237  
282  238  
282  239  
282  240  
282  241  
282  242  
282  243  
282  244  
282  245  
282  246  
282  247  
281  248  
281  249  
281  250  
281  251  
281  252  
281  253  
281  254  
281  255  
281  256  
281  257  
281  258  
281  259  
281  260  
281  261  
280  262  
280  263  
280  264  
280  265  
280  266  
280  267  
280  268  
280  269  
280  270  
280  271  
280  272  
280  273  
280  274  
280  275  
279  276  
279  277  
279  278  
279  279  
279  280  
279  281  
279  282  
279  283  
279  284  
279  285  
279  286  
279  287  
279  288  
279  289  
279  290  
279  291  
279  292  
279  293  
278  294  
278  295  
278  296  
278  297  
278  298  
278  299  
278  300  
278  301  
278  302  
278  303  
278  304  
278  305  
278  306  
277  307  
277  308  
277  309  
277  310  
277  311  
277  312  
277  313  
277  314  
277  315  
277  316  
277  317  
277  318  
277  319  
277  320  
277  321  
276  322  
276  323  
276  324  
276  325  
276  326  
276  327  
275  328  
275  329  
275  330  
275  331  
275  332  
275  333  
275  334  
275  335  
275  336  
275  337  
275  338  
275  339  
275  340  
275  341  
275  342  
275  343  
275  344  
274  345  
180  193  
180  194  
180  195  
180  196  
180  197  
180  198  
180  199  
180  200  
179  201  
179  202  
179  203  
179  204  
179  205  
179  206  
179  207  
179  208  
178  209  
178  210  
178  211  
178  212  
178  213  
178  214  
178  215  
178  216  
169  194  
169  195  
169  196  
169  197  
169  198  
169  199  
169  200  
169  201  
169  202  
168  203  
168  204  
168  205  
168  206  
168  207  
168  208  
168  209  
167  210  
167  211  
167  212  
167  213  
167  214  
167  215  
166  216  
166  217  
166  218  
166  219  
166  220  
166  221  
166  222  
166  223  
166  224  
166  225  
176  194  
176  195  
176  196  
176  197  
176  198  
176  199  
176  200  
176  201  
175  202  
175  203  
175  204  
175  205  
175  206  
175  207  
174  208  
174  209  
174  210  
174  211  
174  212  
174  213  
174  214  
174  215  
173  216  
173  217  
173  218  
173  219  
173  220  
173  221  
172  222  
172  223  
172  224  
172  225  
63  203  
62  204  
62  205  
62  206  
62  207  
62  208  
62  209  
61  210  
61  211  
61  212  
61  213  
60  214  
60  215  
60  216  
60  217  
59  218  
59  219  
59  220  
58  221  
58  222  
58  223  
58  224  
58  225  
57  226  
57  227  
57  228  
57  229  
57  230  
57  231  
56  232  
56  233  
56  234  
56  235  
56  236  
56  237  
55  238  
55  239  
55  240  
55  241  
54  242  
54  243  
54  244  
54  245  
53  246  
53  247  
53  248  
53  249  
443  210  
443  211  
443  212  
443  213  
443  214  
443  215  
443  216  
443  217  
443  218  
444  219  
444  220  
444  221  
444  222  
444  223  
444  224  
444  225  
444  226  
444  227  
444  228  
444  229  
444  230  
444  231  
444  232  
444  233  
444  234  
444  235  
349  217  
350  217  
351  217  
352  217  
353  217  
354  217  
355  217  
356  217  
357  217  
358  217  
359  217  
360  217  
361  217  
362  217  
363  217  
364  217  
365  217  
366  217  
367  217  
368  217  
369  217  
370  217  
251  218  
252  219  
252  220  
252  221  
252  222  
252  223  
251  224  
251  225  
251  226  
251  227  
251  228  
251  229  
251  230  
251  231  
251  232  
251  233  
250  234  
250  235  
250  236  
250  237  
250  238  
250  239  
250  240  
250  241  
250  242  
249  243  
249  244  
249  245  
249  246  
249  247  
249  248  
249  249  
249  250  
249  251  
249  252  
249  253  
249  254  
249  255  
249  256  
249  257  
249  258  
249  259  
249  260  
249  261  
248  262  
248  263  
248  264  
248  265  
248  266  
248  267  
247  268  
247  269  
247  270  
247  271  
247  272  
247  273  
247  274  
247  275  
247  276  
247  277  
247  278  
247  279  
247  280  
247  281  
247  282  
247  283  
247  284  
246  285  
246  286  
246  287  
246  288  
246  289  
246  290  
245  291  
245  292  
245  293  
245  294  
245  295  
245  296  
245  297  
245  298  
245  299  
245  300  
245  301  
245  302  
245  303  
245  304  
245  305  
245  306  
245  307  
245  308  
245  309  
245  310  
245  311  
244  312  
244  313  
244  314  
244  315  
244  316  
244  317  
271  220  
271  221  
271  222  
271  223  
271  224  
271  225  
271  226  
271  227  
271  228  
271  229  
271  230  
271  231  
271  232  
270  233  
270  234  
270  235  
270  236  
270  237  
270  238  
270  239  
269  240  
269  241  
269  242  
269  243  
269  244  
269  245  
269  246  
269  247  
269  248  
269  249  
269  250  
269  251  
269  252  
269  253  
269  254  
269  255  
269  256  
268  257  
268  258  
268  259  
268  260  
268  261  
268  262  
268  263  
268  264  
268  265  
268  266  
268  267  
268  268  
268  269  
268  270  
268  271  
268  272  
268  273  
267  274  
267  275  
268  276  
268  277  
268  278  
268  279  
267  280  
267  281  
267  282  
267  283  
267  284  
267  285  
267  286  
267  287  
267  288  
266  289  
266  290  
266  291  
266  292  
266  293  
266  294  
438  231  
438  232  
438  233  
438  234  
438  235  
438  236  
438  237  
438  238  
438  239  
438  240  
438  241  
438  242  
438  243  
438  244  
438  245  
438  246  
438  247  
438  248  
438  249  
438  250  
438  251  
438  252  
438  253  
438  254  
438  255  
438  256  
439  257  
439  258  
439  259  
439  260  
439  261  
439  262  
439  263  
351  235  
352  235  
353  235  
354  236  
355  236  
356  236  
357  236  
358  236  
359  236  
360  236  
361  236  
362  236  
363  236  
364  236  
365  236  
366  236  
367  236  
368  236  
369  236  
370  236  
371  236  
372  236  
373  236  
374  237  
375  237  
376  237  
377  237  
378  237  
379  237  
380  237  
381  237  
382  237  
383  237  
384  237  
385  237  
405  236  
406  236  
407  236  
408  236  
409  236  
410  236  
411  236  
412  236  
413  236  
414  236  
415  236  
416  236  
417  237  
418  237  
419  237  
420  237  
421  237  
422  237  
423  237  
424  237  
425  237  
426  237  
427  237  
370  247  
371  247  
372  247  
373  247  
374  247  
375  247  
376  248  
377  248  
378  248  
379  248  
380  248  
381  248  
382  248  
383  248  
384  248  
386  248  
387  248  
388  248  
389  248  
385  249  
390  249  
391  250  
391  251  
391  252  
51  257  
51  258  
51  259  
51  260  
50  261  
50  262  
50  263  
50  264  
49  265  
49  266  
49  267  
49  268  
48  269  
48  270  
48  271  
48  272  
48  273  
47  274  
47  275  
47  276  
47  277  
47  278  
47  279  
46  280  
46  281  
46  282  
46  283  
45  284  
45  285  
45  286  
45  287  
45  288  
44  289  
44  290  
44  291  
43  292  
43  293  
43  294  
43  295  
427  266  
428  266  
429  266  
430  266  
431  266  
433  266  
434  266  
435  266  
436  266  
437  266  
438  266  
439  266  
440  266  
441  266  
442  266  
443  266  
444  266  
445  266  
446  266  
447  266  
448  266  
424  267  
425  267  
426  267  
432  267  
318  270  
319  270  
320  270  
321  270  
322  271  
323  271  
324  271  
325  271  
326  271  
327  271  
328  271  
329  271  
330  271  
331  271  
332  271  
333  271  
334  271  
335  271  
336  271  
337  271  
338  271  
339  271  
340  271  
341  271  
342  271  
343  271  
344  271  
345  271  
346  271  
347  271  
348  271  
349  271  
350  271  
351  271  
352  271  
353  271  
354  271  
355  271  
356  271  
357  271  
358  271  
359  271  
360  271  
361  271  
362  271  
363  271  
364  271  
365  271  
366  271  
367  271  
368  271  
369  271  
370  271  
371  271  
372  271  
373  271  
374  271  
375  271  
376  271  
377  271  
378  271  
379  271  
380  271  
381  271  
382  271  
383  272  
384  272  
385  272  
386  272  
387  272  
388  272  
389  272  
390  272  
391  272  
392  272  
393  272  
394  272  
395  272  
396  272  
397  272  
398  272  
399  272  
400  272  
401  272  
402  272  
403  272  
420  271  
420  272  
420  273  
419  274  
419  275  
419  276  
419  277  
419  278  
419  279  
419  280  
419  281  
419  282  
419  283  
419  284  
419  285  
419  286  
419  287  
420  288  
420  289  
420  290  
420  291  
420  292  
420  293  
420  294  
420  295  
420  296  
420  297  
420  298  
420  299  
420  300  
420  301  
420  302  
420  303  
420  304  
420  305  
420  306  
420  307  
420  308  
420  309  
420  310  
420  311  
420  312  
419  313  
419  314  
419  315  
419  316  
419  317  
419  318  
419  319  
419  320  
410  279  
410  280  
410  281  
410  282  
410  283  
410  284  
410  285  
410  286  
410  287  
410  288  
410  289  
410  290  
410  291  
410  292  
410  293  
410  294  
410  295  
410  296  
410  297  
410  298  
410  299  
410  300  
410  301  
410  302  
409  303  
409  304  
415  285  
416  286  
416  287  
416  288  
416  289  
416  290  
416  291  
416  292  
416  293  
416  294  
416  295  
416  296  
416  297  
416  298  
416  299  
416  300  
416  301  
416  302  
416  303  
416  304  
416  305  
416  306  
416  307  
416  308  
416  309  
416  310  
415  311  
415  312  
415  313  
415  314  
415  315  
415  316  
415  317  
415  318  
415  319  
415  320  
415  321  
379  287  
379  288  
379  289  
379  290  
379  291  
379  292  
379  293  
379  294  
379  295  
379  296  
379  297  
379  298  
379  299  
379  300  
379  301  
379  302  
379  303  
379  304  
379  305  
379  306  
379  307  
162  295  
162  296  
162  297  
162  298  
161  299  
161  300  
161  301  
161  302  
161  303  
161  304  
161  305  
161  306  
160  307  
160  308  
160  309  
160  310  
160  311  
160  312  
160  313  
160  314  
159  315  
159  316  
159  317  
159  318  
159  319  
159  320  
159  321  
159  322  
158  323  
158  324  
158  325  
158  326  
158  327  
158  328  
157  329  
157  330  
157  331  
157  332  
157  333  
157  334  
185  300  
186  300  
187  300  
188  300  
189  300  
190  300  
191  300  
192  300  
193  300  
194  300  
195  300  
196  300  
197  300  
198  300  
199  300  
200  300  
201  300  
202  300  
203  300  
204  300  
205  300  
206  300  
207  300  
208  300  
209  300  
210  300  
211  300  
212  300  
213  300  
214  300  
215  300  
264  302  
264  303  
264  304  
264  305  
264  306  
264  307  
264  308  
264  309  
264  310  
264  311  
264  312  
264  313  
264  314  
264  315  
264  316  
264  317  
264  318  
264  319  
264  320  
264  321  
264  322  
264  323  
264  324  
263  325  
263  326  
263  327  
263  328  
263  329  
263  330  
263  331  
263  332  
263  333  
263  334  
263  335  
263  336  
41  303  
41  304  
41  305  
41  306  
41  307  
40  308  
40  309  
40  310  
40  311  
40  312  
39  313  
39  314  
39  315  
39  316  
38  317  
38  318  
38  319  
38  320  
38  321  
37  322  
37  323  
37  324  
36  325  
36  326  
36  327  
36  328  
36  329  
36  330  
35  331  
35  332  
35  333  
35  334  
35  335  
35  336  
34  337  
34  338  
34  339  
34  340  
34  341  
34  342  
33  343  
33  344  
33  345  
32  346  
32  347  
32  348  
32  349  
32  350  
444  310  
444  311  
444  312  
444  313  
444  314  
444  315  
444  316  
444  317  
444  318  
444  319  
444  320  
444  321  
444  322  
444  323  
444  324  
444  325  
444  326  
444  327  
444  328  
444  329  
444  330  
444  331  
444  332  
444  333  
444  334  
444  335  
444  336  
444  337  
444  338  
444  339  
444  340  
444  341  
444  342  
444  343  
444  344  
444  345  
444  346  
444  347  
444  348  
444  349  
444  350  
444  351  
444  352  
444  353  
444  354  
444  355  
444  356  
444  357  
444  358  
444  359  
445  360  
445  361  
445  362  
445  363  
445  364  
445  365  
445  366  
445  367  
445  368  
445  369  
445  370  
445  371  
445  372  
445  373  
445  374  
445  375  
445  376  
445  377  
445  378  
445  379  
445  380  
445  381  
53  311  
53  312  
53  313  
53  314  
53  315  
53  316  
52  317  
52  318  
52  319  
52  320  
52  321  
52  322  
51  323  
51  324  
50  325  
50  326  
50  327  
50  328  
50  329  
49  330  
49  331  
49  332  
49  333  
49  334  
49  335  
440  311  
440  312  
440  313  
440  314  
440  315  
440  316  
440  317  
440  318  
440  319  
440  320  
440  321  
440  322  
440  323  
440  324  
440  325  
440  326  
440  327  
440  328  
440  329  
440  330  
440  331  
440  332  
440  333  
440  334  
440  335  
440  336  
440  337  
440  338  
440  339  
440  340  
440  341  
440  342  
440  343  
440  344  
440  345  
440  346  
254  319  
254  320  
254  321  
254  322  
254  323  
254  324  
254  325  
254  326  
253  327  
253  328  
253  329  
253  330  
253  331  
253  332  
253  333  
253  334  
253  335  
253  336  
253  337  
253  338  
253  339  
252  340  
252  341  
252  342  
252  343  
252  344  
217  322  
217  323  
217  324  
217  325  
217  326  
217  327  
217  328  
217  329  
217  330  
217  331  
217  332  
217  333  
216  334  
216  335  
216  336  
216  337  
216  338  
216  339  
216  340  
215  341  
215  342  
215  343  
215  344  
221  323  
221  324  
221  325  
221  326  
221  327  
221  328  
221  329  
220  330  
220  331  
220  332  
220  333  
220  334  
220  335  
220  336  
220  337  
220  338  
220  339  
220  340  
220  341  
220  342  
220  343  
220  344  
220  345  
220  346  
220  347  
220  348  
220  349  
221  350  
221  351  
221  352  
162  326  
162  327  
162  328  
162  329  
161  330  
161  331  
161  332  
161  333  
161  334  
160  335  
160  336  
160  337  
160  338  
160  339  
160  340  
159  341  
159  342  
159  343  
159  344  
159  345  
159  346  
159  347  
158  348  
158  349  
158  350  
158  351  
158  352  
158  353  
158  354  
158  355  
296  326  
297  326  
298  326  
299  326  
300  326  
301  326  
302  326  
303  326  
304  326  
305  326  
306  326  
307  326  
308  326  
309  326  
310  326  
311  326  
312  326  
313  326  
314  326  
315  326  
316  326  
317  326  
318  326  
319  326  
320  326  
321  326  
322  327  
323  327  
324  327  
325  327  
326  327  
327  327  
328  327  
329  327  
330  327  
331  327  
332  327  
333  327  
334  327  
335  327  
336  327  
337  327  
338  327  
339  327  
340  327  
341  327  
342  327  
343  327  
344  327  
345  327  
346  327  
347  327  
348  327  
349  327  
350  327  
351  327  
352  327  
353  327  
354  327  
355  327  
356  327  
357  327  
358  327  
359  327  
360  327  
361  327  
362  327  
363  327  
364  327  
365  327  
366  327  
367  327  
368  327  
369  327  
370  327  
371  327  
372  327  
373  327  
374  327  
375  327  
376  327  
377  327  
378  327  
379  327  
380  327  
381  327  
382  327  
383  327  
384  327  
385  327  
386  327  
387  327  
388  327  
389  327  
390  327  
391  327  
392  327  
393  327  
394  327  
395  327  
396  327  
397  327  
398  327  
399  327  
400  327  
401  328  
435  340  
435  341  
435  342  
435  343  
435  344  
435  345  
435  346  
435  347  
435  348  
435  349  
435  350  
435  351  
435  352  
435  353  
435  354  
435  355  
435  356  
435  357  
435  358  
435  359  
435  360  
435  361  
435  362  
435  363  
435  364  
435  365  
435  366  
435  367  
435  368  
435  369  
435  370  
435  371  
435  372  
435  373  
435  374  
435  375  
436  376  
436  377  
436  378  
436  379  
436  380  
436  381  
436  382  
436  383  
436  384  
436  385  
436  386  
436  387  
436  388  
436  389  
436  390  
436  391  
436  392  
436  393  
436  394  
436  395  
436  396  
436  397  
436  398  
436  399  
436  400  
436  401  
436  402  
436  403  
436  404  
436  405  
436  406  
436  407  
436  408  
436  409  
436  410  
436  411  
436  412  
436  413  
436  414  
436  415  
436  416  
436  417  
436  418  
436  419  
436  420  
436  421  
436  422  
436  423  
436  424  
436  425  
436  426  
436  427  
436  428  
436  429  
436  430  
437  431  
437  432  
437  433  
437  434  
437  435  
437  436  
437  437  
437  438  
437  439  
437  440  
437  441  
437  442  
437  443  
437  444  
437  445  
437  446  
437  447  
437  448  
437  449  
437  450  
437  451  
437  452  
437  453  
437  454  
437  455  
437  456  
437  457  
437  458  
155  342  
155  343  
155  344  
155  345  
155  346  
155  347  
155  348  
154  349  
154  350  
154  351  
154  352  
154  353  
154  354  
154  355  
154  356  
153  357  
153  358  
153  359  
153  360  
153  361  
153  362  
153  363  
152  364  
152  365  
152  366  
152  367  
152  368  
152  369  
152  370  
152  371  
152  372  
151  373  
151  374  
151  375  
151  376  
151  377  
151  378  
150  379  
150  380  
150  381  
150  382  
150  383  
150  384  
150  385  
150  386  
150  387  
150  388  
150  389  
150  390  
149  391  
149  392  
149  393  
149  394  
149  395  
149  396  
148  397  
148  398  
148  399  
148  400  
148  401  
148  402  
148  403  
148  404  
148  405  
332  355  
333  355  
334  355  
335  355  
336  355  
337  355  
338  355  
339  355  
340  355  
341  355  
342  355  
343  355  
344  355  
345  355  
346  355  
347  355  
348  355  
349  355  
350  355  
351  355  
352  355  
353  355  
354  355  
355  355  
356  355  
357  356  
178  357  
178  358  
178  359  
178  360  
178  361  
178  362  
178  363  
178  364  
178  365  
178  366  
178  367  
178  368  
177  369  
177  370  
177  371  
177  372  
177  373  
177  374  
177  375  
177  376  
176  377  
176  378  
176  379  
176  380  
176  381  
176  382  
176  383  
176  384  
176  385  
175  386  
440  358  
441  359  
441  360  
441  361  
441  362  
441  363  
441  364  
441  365  
441  366  
441  367  
441  368  
441  369  
441  370  
441  371  
441  372  
441  373  
441  374  
441  375  
441  376  
441  377  
441  378  
441  379  
441  380  
441  381  
441  382  
441  383  
441  384  
441  385  
441  386  
441  387  
441  388  
441  389  
441  390  
441  391  
442  392  
442  393  
442  394  
442  395  
442  396  
442  397  
442  398  
442  399  
442  400  
442  401  
442  402  
442  403  
442  404  
442  405  
442  406  
442  407  
442  408  
442  409  
442  410  
442  411  
442  412  
442  413  
442  414  
442  415  
442  416  
442  417  
442  418  
442  419  
442  420  
442  421  
442  422  
442  423  
442  424  
442  425  
442  426  
442  427  
442  428  
442  429  
442  430  
442  431  
442  432  
442  433  
443  434  
443  435  
443  436  
443  437  
443  438  
443  439  
443  440  
443  441  
443  442  
443  443  
443  444  
443  445  
443  446  
443  447  
443  448  
443  449  
443  450  
443  451  
156  363  
156  364  
156  365  
156  366  
156  367  
156  368  
156  369  
156  370  
155  371  
155  372  
155  373  
155  374  
155  375  
155  376  
155  377  
155  378  
155  379  
154  380  
154  381  
154  382  
154  383  
154  384  
154  385  
154  386  
445  390  
445  391  
446  392  
446  393  
446  394  
446  395  
446  396  
446  397  
446  398  
446  399  
446  400  
446  401  
446  402  
446  403  
446  404  
446  405  
446  406  
446  407  
446  408  
446  409  
446  410  
446  411  
446  412  
446  413  
446  414  
446  415  
446  416  
446  417  
446  418  
446  419  
446  420  
446  421  
446  422  
446  423  
446  424  
446  425  
446  426  
446  427  
446  428  
446  429  
446  430  
446  431  
446  432  
446  433  
446  434  
447  435  
446  436  
446  437  
446  438  
446  439  
447  440  
447  441  
447  442  
447  443  
447  444  
447  445  
447  446  
447  447  
447  448  
448  449  
447  450  
447  451  
447  452  
447  453  
448  454  
448  455  
448  456  
448  457  
193  396  
194  396  
195  396  
196  396  
197  396  
198  396  
199  396  
200  396  
201  396  
202  396  
203  396  
204  396  
205  396  
206  396  
207  396  
208  396  
209  396  
210  396  
211  396  
212  396  
213  396  
214  396  
215  396  
216  396  
217  396  
218  396  
219  396  
220  396  
221  396  
231  397  
232  397  
233  397  
234  397  
235  397  
236  397  
237  397  
238  397  
239  397  
240  397  
241  397  
242  397  
243  397  
244  397  
245  397  
246  397  
247  397  
248  397  
249  397  
250  397  
251  397  
252  397  
253  397  
254  397  
255  397  
256  397  
257  397  
258  397  
259  397  
260  397  
261  397  
262  397  
263  397  
264  397  
265  397  
266  397  
267  397  
268  397  
269  397  
285  397  
286  397  
287  397  
288  397  
289  397  
290  397  
291  397  
292  397  
293  397  
294  397  
295  397  
296  397  
297  397  
298  397  
299  397  
300  398  
301  398  
302  398  
303  398  
304  398  
305  398  
306  398  
307  398  
308  398  
309  398  
310  398  
311  398  
312  398  
336  398  
337  398  
338  398  
339  398  
340  398  
341  398  
342  398  
343  399  
344  399  
345  399  
346  399  
347  399  
348  399  
349  399  
350  399  
351  399  
352  399  
353  399  
354  399  
355  399  
356  399  
357  399  
358  399  
359  399  
360  399  
361  399  
362  399  
363  399  
364  399  
365  399  
366  399  
367  399  
368  399  
369  399  
370  399  
371  399  
372  399  
373  399  
374  399  
198  399  
199  399  
200  399  
201  399  
202  399  
203  399  
204  399  
205  399  
206  399  
207  399  
208  399  
209  399  
210  399  
211  400  
212  400  
213  400  
214  400  
215  400  
216  400  
217  400  
218  400  
219  400  
220  400  
221  400  
222  400  
223  400  
224  400  
225  400  
226  400  
227  400  
228  400  
229  400  
230  400  
231  401  
232  401  
233  401  
234  401  
235  401  
236  401  
237  401  
238  401  
239  401  
240  401  
241  402  
242  402  
243  402  
244  402  
245  402  
246  402  
247  403  
248  403  
249  403  
250  403  
251  403  
252  403  
253  403  
254  403  
255  403  
256  403  
257  403  
258  404  
259  404  
260  404  
261  404  
262  404  
263  404  
264  404  
265  404  
266  404  
267  404  
268  404  
269  404  
270  404  
271  404  
272  404  
273  404  
274  404  
275  404  
276  404  
277  404  
278  404  
279  404  
280  404  
281  404  
282  404  
283  404  
284  404  
285  404  
286  404  
384  400  
385  400  
386  400  
387  400  
388  400  
389  400  
390  400  
391  400  
392  400  
393  400  
394  400  
395  400  
396  400  
397  400  
398  400  
399  400  
400  400  
401  400  
402  400  
403  400  
404  400  
405  400  
406  400  
407  400  
293  404  
294  404  
295  404  
296  404  
297  404  
298  404  
299  404  
300  404  
301  404  
302  404  
303  404  
304  404  
305  404  
306  404  
307  404  
308  404  
309  404  
310  404  
311  404  
312  404  
313  404  
314  404  
315  405  
316  405  
317  405  
318  405  
319  405  
320  405  
321  405  
322  405  
139  413  
139  414  
139  415  
140  416  
140  417  
140  418  
141  419  
141  420  
141  421  
142  422  
142  423  
143  424  
143  425  
144  426  
144  427  
145  428  
145  429  
146  430  
146  431  
147  432  
147  433  
148  434  
148  435  
228  445  
228  446  
228  447  
228  448  
228  449  
228  450  
228  451  
228  452  
228  453  
228  454  
228  455  
228  456  
227  457  
227  458  
227  459  
227  460  
227  461  
227  462  
227  463  
227  464  
227  465  
227  466  
226  467  
226  468  
226  469  
226  470  
226  471  
226  472  
226  473  
225  474  
225  475  
225  476  
225  477  
225  478  
225  479  
225  480  
225  481  
225  482  
225  483  
225  484  
224  485  
224  486  
224  487  
224  488  
224  489  
224  490  
224  491  
224  492  
224  493  
224  494  
224  495  
224  496  
224  497  
224  498  
224  499  
224  500  
223  501  
223  502  
223  503  
223  504  
223  505  
223  506  
223  507  
223  508  
223  509  
223  510  
223  511  
223  512  
223  513  
223  514  
223  515  
223  516  
223  517  
223  518  
223  519  
223  520  
223  521  
223  522  
223  523  
223  524  
223  525  
223  526  
223  527  
223  528  
223  529  
174  448  
175  448  
176  449  
177  449  
178  449  
179  449  
180  449  
181  449  
182  449  
183  449  
184  449  
206  449  
207  449  
208  449  
209  449  
210  449  
211  449  
212  449  
213  449  
185  450  
186  450  
187  450  
188  450  
189  450  
190  450  
191  450  
192  450  
193  450  
194  450  
195  450  
196  450  
197  450  
198  450  
199  450  
200  450  
201  450  
202  450  
203  450  
204  450  
205  450  
224  449  
224  450  
224  451  
224  452  
224  453  
224  454  
224  455  
224  456  
224  457  
224  458  
223  459  
223  460  
223  461  
223  462  
223  463  
223  464  
223  465  
223  466  
223  467  
223  468  
222  469  
222  470  
222  471  
222  472  
222  473  
222  474  
222  475  
222  476  
222  477  
222  478  
222  479  
222  480  
222  481  
222  482  
221  483  
221  484  
221  485  
221  486  
221  487  
221  488  
221  489  
221  490  
221  491  
221  492  
221  493  
221  494  
221  495  
221  496  
220  497  
220  498  
220  499  
220  500  
220  501  
220  502  
220  503  
220  504  
219  505  
219  506  
219  507  
219  508  
219  509  
219  510  
219  511  
219  512  
219  513  
219  514  
219  515  
219  516  
220  517  
220  518  
96  450  
96  451  
95  452  
95  453  
95  454  
94  455  
94  456  
94  457  
93  458  
93  459  
93  460  
93  461  
93  462  
93  463  
92  464  
92  465  
92  466  
92  467  
92  468  
92  469  
92  470  
92  471  
92  472  
92  473  
92  474  
92  475  
92  476  
92  477  
92  478  
92  479  
92  480  
92  481  
92  482  
92  483  
90  452  
90  453  
90  454  
89  455  
89  456  
89  457  
89  458  
88  459  
88  460  
88  461  
88  462  
87  463  
87  464  
87  465  
87  466  
86  467  
86  468  
86  469  
86  470  
86  471  
86  472  
85  473  
85  474  
85  475  
85  476  
85  477  
85  478  
85  479  
85  480  
85  481  
85  482  
85  483  
85  484  
85  485  
85  486  
85  487  
85  488  
85  489  
85  490  
85  491  
218  454  
218  455  
218  456  
218  457  
218  458  
218  459  
218  460  
217  461  
217  462  
217  463  
217  464  
217  465  
217  466  
217  467  
216  468  
216  469  
216  470  
216  471  
216  472  
216  473  
216  474  
216  475  
77  472  
77  473  
77  474  
77  475  
77  476  
77  477  
77  478  
77  479  
77  480  
77  481  
77  482  
77  483  
77  484  
77  485  
77  486  
77  487  
77  488  
77  489  
77  490  
77  491  
78  492  
78  493  
78  494  
78  495  
78  496  
78  497  
377  477  
378  477  
379  477  
380  477  
381  477  
382  477  
383  477  
384  477  
385  477  
386  477  
387  477  
388  477  
389  477  
390  477  
391  477  
392  477  
393  477  
394  477  
395  477  
396  477  
397  477  
398  477  
399  477  
400  477  
401  477  
402  477  
403  477  
86  493  
86  494  
86  495  
86  496  
86  497  
87  498  
87  499  
87  500  
88  501  
88  502  
88  503  
89  504  
89  505  
89  506  
90  507  
90  508  
91  509  
91  510  
92  511  
92  512  
179  507  
180  507  
181  507  
182  507  
183  507  
184  507  
185  507  
186  507  
187  507  
188  507  
189  507  
190  507  
191  507  
192  507  
193  507  
194  507  
195  507  
196  507  
197  507  
198  507  
199  507  
200  507  
201  507  
202  507  
203  507  
204  507  
205  507  
206  507  
207  507  
208  507  
140  509  
141  509  
142  509  
143  509  
144  509  
145  509  
146  509  
148  509  
149  509  
147  510  
150  510  
151  510  
152  510  
153  510  
154  510  
155  510  
156  510  
157  510  
158  510  
159  510  
160  510  
161  510  
162  510  
163  510  
164  510  
437  509  
437  510  
438  511  
438  512  
438  513  
438  514  
438  515  
438  516  
438  517  
438  518  
438  519  
438  520  
438  521  
438  522  
438  523  
438  524  
438  525  
438  526  
438  527  
438  528  
438  529  
438  530  
438  531  
438  532  
438  533  
438  534  
438  535  
438  536  
438  537  
438  538  
438  539  
439  540  
439  541  
439  542  
439  543  
439  544  
439  545  
439  546  
439  547  
439  548  
439  549  
439  550  
439  551  
439  552  
438  553  
438  554  
438  555  
438  556  
438  557  
438  558  
174  511  
175  511  
176  511  
177  511  
178  511  
179  511  
180  511  
181  511  
182  511  
183  511  
184  511  
185  511  
186  511  
187  511  
188  511  
189  511  
190  511  
191  511  
192  511  
193  511  
194  511  
195  511  
196  511  
197  511  
198  511  
199  511  
200  511  
201  511  
202  512  
126  513  
126  514  
126  515  
126  516  
126  517  
126  518  
126  519  
126  520  
126  521  
125  522  
125  523  
125  524  
125  525  
125  526  
125  527  
124  528  
124  529  
124  530  
124  531  
124  532  
124  533  
124  534  
124  535  
124  536  
124  537  
123  538  
123  539  
123  540  
123  541  
123  542  
123  543  
123  544  
122  545  
122  546  
122  547  
122  548  
122  549  
122  550  
122  551  
122  552  
122  553  
122  554  
122  555  
122  556  
122  557  
122  558  
299  525  
300  525  
301  525  
302  525  
303  525  
304  525  
305  526  
306  526  
307  526  
308  526  
309  526  
310  526  
311  526  
312  526  
313  526  
314  526  
315  526  
316  526  
317  526  
318  526  
319  526  
320  526  
321  526  
322  526  
323  526  
324  526  
325  526  
326  526  
327  526  
328  526  
329  526  
330  526  
331  526  
380  527  
381  527  
382  527  
383  528  
384  528  
385  528  
386  528  
387  528  
388  528  
389  528  
390  528  
391  528  
392  528  
393  528  
394  528  
395  528  
396  528  
397  528  
398  528  
399  528  
400  528  
401  528  
115  531  
115  532  
115  533  
115  534  
115  535  
115  536  
114  537  
114  538  
114  539  
114  540  
114  541  
114  542  
114  543  
114  544  
113  545  
113  546  
113  547  
113  548  
113  549  
113  550  
113  551  
113  552  
113  553  
112  554  
112  555  
112  556  
112  557  
112  558  
112  559  
112  560  
148  545  
148  546  
148  547  
148  548  
148  549  
148  550  
148  551  
148  552  
148  553  
147  554  
147  555  
147  556  
147  557  
147  558  
147  559  
147  560  
147  561  
147  562  
147  563  
146  564  
146  565  
146  566  
146  567  
146  568  
146  569  
146  570  
146  571  
146  572  
49  555  
50  556  
51  557  
52  558  
53  559  
54  560  
55  561  
56  562  
57  563  
57  564  
58  565  
59  566  
60  567  
60  568  
61  569  
62  570  
63  571  
64  572  
65  573  
66  574  
67  575  
68  576  
365  557  
364  558  
364  559  
364  560  
364  561  
364  562  
364  563  
364  564  
364  565  
364  566  
364  567  
364  568  
364  569  
364  570  
364  571  
364  572  
363  573  
363  574  
363  575  
363  576  
363  577  
363  578  
363  579  
363  580  
363  581  
421  567  
421  568  
421  569  
421  570  
421  571  
421  572  
421  573  
421  574  
421  575  
421  576  
421  577  
421  578  
421  579  
421  580  
421  581  
421  582  
421  583  
422  584  
422  585  
422  586  
422  587  
422  588  
422  589  
422  590  
422  591  
422  592  
417  581  
418  582  
418  583  
418  584  
418  585  
418  586  
418  587  
418  588  
418  589  
418  590  
418  591  
418  592  
418  593  
418  594  
418  595  
418  596  
418  597  
418  598  
418  599  
418  600  
418  601  
418  602  
418  603  
418  604  
418  605  
418  606  
418  607  
418  608  
72  587  
72  588  
72  589  
71  590  
71  591  
71  592  
71  593  
71  594  
71  595  
71  596  
71  597  
71  598  
71  599  
70  600  
70  601  
70  602  
70  603  
70  604  
70  605  
70  606  
69  607  
69  608  
167  590  
168  590  
169  590  
170  590  
171  590  
172  590  
173  590  
174  590  
175  590  
176  590  
177  590  
178  590  
179  590  
180  591  
181  591  
182  591  
183  591  
184  591  
185  591  
186  591  
187  591  
188  591  
189  591  
190  591  
191  591  
192  591  
193  591  
194  591  
195  591  
196  591  
197  591  
198  591  
199  592  
200  592  
201  592  
202  592  
203  592  
204  592  
205  592  
206  592  
207  592  
208  592  
209  592  
210  592  
211  592  
212  592  
213  592  
214  592  
215  592  
216  592  
217  593  
218  593  
219  593  
220  593  
163  593  
164  593  
165  593  
166  593  
162  594  
167  594  
168  594  
169  594  
170  594  
171  594  
172  594  
173  594  
174  594  
175  594  
176  594  
177  594  
178  594  
179  594  
180  594  
181  594  
182  594  
183  595  
184  595  
185  595  
186  595  
187  595  
188  595  
229  593  
230  593  
231  593  
232  593  
233  593  
234  593  
235  593  
236  593  
237  593  
238  593  
239  593  
240  593  
241  593  
242  593  
255  593  
256  593  
243  594  
244  594  
245  594  
246  594  
247  594  
248  594  
249  594  
250  594  
251  594  
252  594  
253  594  
254  594  
353  597  
354  597  
355  597  
356  597  
357  597  
358  597  
359  597  
360  597  
361  597  
362  597  
363  597  
364  597  
365  597  
366  597  
367  597  
368  597  
369  597  
370  598  
371  598  
372  598  
373  598  
374  598  
213  599  
214  599  
215  599  
216  599  
217  599  
218  599  
219  599  
220  599  
221  599  
222  599  
223  599  
224  599  
225  599  
226  599  
227  599  
228  600  
229  600  
230  600  
231  600  
232  600  
233  600  
234  600  
235  600  
236  600  
237  600  
238  600  
239  600  
240  600  
241  600  
242  600  
243  600  
244  600  
245  600  
246  601  
247  601  
248  601  
249  601  
250  601  
251  601  
252  601  
253  601  
254  601  
255  601  
256  601  
257  601  
258  601  
259  601  
260  601  
261  601  
262  601  
263  601  
264  601  
265  601  
266  602  
267  602  
268  602  
269  602  
270  602  
305  600  
306  600  
307  600  
308  600  
309  600  
310  600  
311  600  
312  600  
313  600  
314  600  
315  600  
316  600  
317  600  
318  600  
319  600  
320  600  
321  600  
322  600  
323  600  
324  600  
325  600  
326  600  
327  600  
328  600  
329  600  
330  600  
331  600  
332  600  
333  600  
334  601  
335  601  
336  601  
337  601  
338  601  
339  601  
340  601  
341  601  
342  601  
343  601  
344  601  
345  601  
346  601  
347  601  
348  601  
349  601  
350  601  
351  601  
352  601  
353  602  
354  602  
355  602  
356  602  
357  602  
358  602  
359  602  
360  603  
361  603  
362  603  
363  603  
364  603  
365  603  
366  603  
367  603  
368  603  
369  603  
370  603  
371  603  
372  603  
373  603  
374  603  
375  603  
376  603  
377  603  
378  603  
379  603  
380  603  
381  603  
316  604  
317  604  
318  604  
319  604  
320  604  
321  604  
322  604  
323  604  
324  604  
325  604  
326  604  
327  604  
328  604  
329  604  
330  604  
331  604  
332  604  
333  604  
334  604  
335  604  
336  604  
337  604  
338  604  
339  604  
340  604  
341  604  
342  604  
343  604  
344  604  
345  604  
346  604  
347  604  
348  604  
315  605  
