99  
27  82  31  75  36  35  31  68  76  54  191  417  128  35  74  28  45  62  51  122  42  67  70  28  160  280  110  254  35  31  69  30  27  283  164  168  151  74  24  24  52  59  53  23  119  43  30  65  22  27  48  28  75  62  25  46  107  52  27  58  87  80  76  36  79  79  75  47  73  32  38  26  24  74  24  47  34  24  49  30  63  62  91  21  26  44  32  45  45  61  62  68  105  63  166  48  35  188  123  
153  32  
153  33  
153  34  
153  35  
153  36  
153  37  
153  38  
153  39  
153  40  
153  41  
153  42  
153  43  
153  44  
153  45  
153  46  
153  47  
153  48  
152  49  
152  50  
152  51  
152  52  
152  53  
152  54  
152  55  
152  56  
152  57  
152  58  
297  32  
297  33  
297  34  
297  35  
297  36  
297  37  
297  38  
297  39  
297  40  
296  41  
296  42  
296  43  
296  44  
296  45  
296  46  
296  47  
296  48  
296  49  
296  50  
296  51  
296  52  
296  53  
295  54  
295  55  
295  56  
295  57  
295  58  
295  59  
295  60  
295  61  
295  62  
295  63  
295  64  
295  65  
294  66  
294  67  
294  68  
294  69  
294  70  
294  71  
294  72  
294  73  
294  74  
294  75  
294  76  
294  77  
294  78  
294  79  
294  80  
294  81  
293  82  
293  83  
293  84  
293  85  
293  86  
293  87  
293  88  
293  89  
293  90  
293  91  
293  92  
293  93  
293  94  
293  95  
293  96  
293  97  
293  98  
293  99  
293  100  
293  101  
293  102  
293  103  
293  104  
292  105  
292  106  
292  107  
292  108  
292  109  
292  110  
292  111  
292  112  
292  113  
375  41  
375  42  
375  43  
375  44  
375  45  
375  46  
375  47  
375  48  
375  49  
375  50  
375  51  
375  52  
375  53  
376  54  
376  55  
376  56  
376  57  
376  58  
376  59  
376  60  
377  61  
377  62  
377  63  
377  64  
377  65  
377  66  
377  67  
377  68  
377  69  
377  70  
377  71  
302  45  
302  46  
302  47  
302  48  
302  49  
302  50  
302  51  
302  52  
302  53  
302  54  
302  55  
302  56  
302  57  
302  58  
302  59  
302  60  
302  61  
302  62  
302  63  
302  64  
302  65  
302  66  
302  67  
302  68  
302  69  
302  70  
302  71  
301  72  
301  73  
301  74  
301  75  
301  76  
301  77  
301  78  
301  79  
300  80  
300  81  
300  82  
300  83  
300  84  
300  85  
300  86  
300  87  
300  88  
300  89  
300  90  
299  91  
299  92  
299  93  
299  94  
299  95  
299  96  
299  97  
299  98  
299  99  
299  100  
299  101  
299  102  
299  103  
299  104  
299  105  
299  106  
299  107  
299  108  
299  109  
299  110  
299  111  
299  112  
298  113  
298  114  
298  115  
298  116  
298  117  
298  118  
298  119  
278  81  
278  82  
278  83  
277  84  
277  85  
277  86  
277  87  
277  88  
277  89  
277  90  
277  91  
277  92  
277  93  
277  94  
277  95  
277  96  
277  97  
277  98  
276  99  
276  100  
276  101  
276  102  
276  103  
276  104  
276  105  
276  106  
276  107  
276  108  
276  109  
276  110  
276  111  
276  112  
276  113  
276  114  
276  115  
276  116  
287  81  
287  82  
287  83  
287  84  
287  85  
287  86  
287  87  
286  88  
286  89  
286  90  
286  91  
286  92  
286  93  
286  94  
286  95  
286  96  
286  97  
286  98  
286  99  
286  100  
286  101  
286  102  
286  103  
286  104  
286  105  
286  106  
286  107  
285  108  
285  109  
285  110  
285  111  
285  112  
285  113  
285  114  
285  115  
424  126  
425  126  
426  126  
427  126  
428  126  
429  126  
430  126  
431  126  
432  126  
433  126  
434  126  
435  126  
436  126  
437  126  
438  126  
439  126  
440  126  
441  126  
418  127  
419  127  
420  127  
421  127  
422  127  
423  127  
416  128  
417  128  
411  129  
412  129  
413  129  
414  129  
415  129  
305  128  
306  128  
307  128  
308  128  
309  128  
310  128  
311  128  
312  128  
313  128  
314  128  
315  128  
316  128  
317  128  
318  128  
319  128  
320  128  
321  128  
322  129  
323  129  
324  129  
325  129  
326  129  
327  129  
328  129  
329  129  
330  129  
331  129  
332  129  
333  129  
334  129  
335  129  
336  129  
337  129  
338  129  
339  129  
340  129  
341  129  
342  129  
343  129  
344  129  
345  129  
346  129  
347  129  
348  129  
349  129  
350  129  
351  129  
352  129  
353  129  
354  129  
355  129  
356  129  
357  129  
358  129  
359  129  
360  129  
361  129  
362  129  
363  129  
364  129  
365  129  
366  129  
367  129  
368  129  
369  129  
370  129  
371  129  
372  129  
32  129  
33  129  
34  129  
35  129  
36  129  
37  129  
38  129  
39  129  
40  129  
41  129  
42  129  
43  129  
44  129  
45  129  
46  129  
47  129  
48  129  
49  129  
50  129  
51  129  
52  129  
53  129  
54  129  
55  129  
56  129  
57  129  
58  129  
59  129  
60  129  
61  129  
62  129  
63  129  
64  129  
65  129  
66  129  
67  129  
68  129  
69  129  
70  129  
71  129  
72  129  
73  129  
74  129  
75  129  
76  129  
77  129  
78  129  
79  129  
80  130  
81  130  
82  130  
83  130  
84  130  
85  130  
86  130  
87  130  
88  130  
89  130  
90  130  
91  130  
92  130  
93  130  
94  130  
95  130  
96  130  
97  130  
98  130  
99  130  
100  130  
101  130  
102  130  
103  130  
104  130  
105  130  
106  130  
107  130  
134  131  
135  131  
136  131  
137  131  
138  131  
139  131  
140  131  
141  131  
142  131  
143  131  
144  131  
145  131  
146  131  
147  131  
148  131  
149  131  
150  131  
151  131  
152  131  
153  131  
154  131  
155  131  
156  131  
157  131  
158  131  
159  131  
160  131  
161  131  
162  131  
163  131  
164  131  
165  131  
166  131  
167  131  
168  131  
169  132  
170  132  
171  132  
172  132  
173  132  
174  132  
175  132  
176  132  
177  132  
178  132  
179  132  
180  132  
181  132  
182  132  
183  132  
184  132  
185  132  
186  132  
187  132  
228  133  
229  133  
230  133  
231  133  
232  133  
233  133  
234  133  
235  133  
236  133  
237  133  
238  133  
239  133  
240  133  
241  133  
242  133  
243  133  
244  133  
245  133  
246  133  
247  133  
248  133  
249  133  
250  133  
251  133  
252  133  
253  133  
254  133  
255  133  
256  133  
257  133  
258  133  
259  133  
260  133  
261  133  
262  133  
263  134  
264  134  
265  134  
266  134  
267  134  
268  134  
269  134  
270  134  
271  134  
272  134  
273  134  
274  134  
275  134  
276  134  
277  134  
278  134  
279  134  
280  134  
281  134  
282  134  
283  134  
284  134  
285  134  
286  134  
287  134  
288  134  
289  134  
290  134  
291  134  
292  134  
293  134  
294  134  
295  134  
296  134  
297  134  
298  134  
299  134  
300  134  
301  134  
302  134  
303  134  
304  134  
305  134  
306  134  
307  134  
308  134  
309  134  
310  134  
311  134  
312  134  
313  134  
314  134  
315  134  
316  134  
317  134  
318  134  
319  134  
320  134  
321  134  
322  134  
323  134  
324  134  
325  134  
326  134  
327  134  
328  134  
329  134  
330  134  
331  134  
332  134  
333  134  
334  134  
335  134  
336  134  
337  134  
338  134  
339  134  
340  134  
341  134  
342  134  
343  134  
344  134  
345  134  
346  134  
347  134  
348  134  
349  134  
350  134  
351  134  
352  134  
353  134  
354  134  
355  134  
356  134  
357  134  
358  134  
359  134  
360  134  
361  134  
362  134  
363  135  
364  135  
365  135  
366  135  
367  135  
368  135  
369  135  
370  135  
371  135  
372  135  
373  135  
374  135  
375  135  
376  135  
377  135  
378  135  
379  135  
380  135  
381  135  
382  135  
383  135  
384  135  
385  135  
386  135  
387  135  
388  135  
389  135  
390  135  
391  135  
392  135  
393  135  
394  135  
395  135  
396  135  
397  135  
398  135  
399  135  
400  135  
401  135  
402  135  
403  135  
404  135  
405  135  
406  135  
407  135  
408  135  
409  135  
410  135  
411  135  
412  135  
413  135  
414  135  
415  135  
416  135  
417  136  
418  136  
32  134  
33  134  
34  134  
35  134  
36  134  
37  134  
38  134  
39  134  
40  134  
41  134  
42  134  
43  134  
44  134  
45  134  
46  134  
47  134  
48  134  
49  134  
50  134  
51  134  
52  134  
53  134  
54  134  
55  134  
56  135  
57  135  
58  135  
59  135  
60  135  
61  135  
62  135  
63  135  
64  135  
65  135  
66  135  
67  135  
68  135  
69  135  
70  135  
71  135  
72  135  
73  135  
74  135  
75  135  
76  135  
77  135  
78  135  
79  135  
80  135  
81  135  
82  135  
83  135  
84  135  
85  135  
86  135  
87  135  
88  135  
89  135  
90  135  
91  135  
92  135  
93  135  
94  135  
95  135  
96  135  
97  135  
98  135  
99  135  
100  135  
101  135  
102  135  
103  135  
104  136  
105  136  
106  136  
107  136  
108  136  
109  136  
110  136  
111  136  
112  136  
113  136  
114  136  
115  136  
116  136  
117  136  
118  136  
119  136  
120  136  
121  136  
122  136  
123  136  
124  136  
125  136  
126  136  
127  136  
128  136  
129  136  
130  136  
131  136  
132  136  
133  136  
134  136  
135  136  
136  136  
137  136  
138  136  
139  136  
140  136  
141  136  
142  136  
143  136  
144  136  
145  136  
146  136  
147  136  
148  136  
149  136  
150  136  
151  136  
152  136  
153  136  
154  136  
155  137  
156  137  
157  137  
158  137  
159  137  
160  137  
161  137  
162  137  
163  137  
164  137  
165  137  
166  137  
167  137  
168  137  
169  137  
170  137  
171  137  
172  137  
173  137  
174  137  
175  137  
176  137  
177  137  
178  137  
179  137  
180  137  
181  137  
182  137  
183  137  
184  137  
185  137  
186  137  
187  137  
188  137  
189  137  
190  137  
191  137  
192  137  
193  137  
194  137  
195  137  
196  137  
197  137  
198  137  
199  137  
200  137  
201  137  
202  137  
203  137  
204  137  
205  137  
206  137  
207  137  
208  137  
209  137  
210  138  
211  138  
212  138  
213  138  
214  138  
215  138  
216  138  
217  138  
218  138  
219  138  
220  138  
221  138  
222  138  
223  138  
224  138  
225  138  
226  138  
227  138  
228  138  
229  138  
230  138  
231  138  
232  138  
233  138  
234  138  
235  138  
236  138  
237  138  
238  138  
239  138  
240  138  
241  138  
242  138  
243  138  
244  138  
245  138  
246  138  
247  138  
248  138  
249  138  
250  138  
251  138  
252  138  
253  138  
254  138  
255  138  
256  138  
257  139  
258  139  
259  139  
260  139  
261  139  
262  139  
263  139  
264  139  
265  139  
266  139  
267  139  
268  139  
269  139  
270  139  
271  139  
272  139  
273  139  
274  139  
275  139  
276  139  
277  139  
278  139  
279  139  
280  139  
281  139  
282  139  
283  139  
284  139  
285  139  
286  139  
287  139  
288  139  
289  139  
290  139  
291  139  
292  139  
293  139  
294  139  
295  139  
296  139  
297  139  
298  139  
299  139  
300  139  
301  139  
302  139  
303  139  
304  139  
305  139  
306  139  
307  139  
308  139  
309  139  
310  139  
311  139  
312  139  
313  139  
314  139  
315  139  
316  139  
317  139  
318  139  
319  139  
320  139  
321  139  
322  139  
323  139  
324  139  
325  139  
326  140  
327  140  
328  140  
329  140  
330  140  
331  140  
332  140  
333  140  
334  140  
335  140  
336  140  
337  140  
338  140  
339  140  
340  140  
341  140  
342  140  
343  140  
344  140  
345  140  
346  140  
347  140  
348  140  
349  140  
350  140  
351  140  
352  140  
353  140  
354  140  
355  140  
356  140  
357  140  
358  140  
359  140  
360  140  
361  140  
362  140  
363  140  
364  140  
365  140  
366  140  
367  140  
368  140  
369  140  
370  140  
371  140  
372  140  
373  140  
374  140  
375  140  
376  140  
377  140  
378  140  
379  140  
380  140  
381  140  
382  140  
383  140  
384  140  
385  140  
386  140  
387  140  
388  141  
389  141  
390  141  
391  141  
392  141  
393  141  
394  141  
395  141  
396  141  
397  141  
398  141  
399  141  
400  141  
401  141  
402  141  
403  141  
404  141  
405  141  
406  141  
407  141  
408  141  
409  141  
410  141  
411  141  
412  141  
413  141  
414  141  
415  141  
416  141  
417  141  
418  141  
419  141  
420  141  
421  141  
422  141  
423  141  
424  141  
425  141  
426  141  
427  141  
428  141  
429  141  
430  141  
431  141  
432  141  
433  141  
434  141  
435  141  
436  141  
437  141  
438  141  
439  141  
440  141  
441  141  
442  141  
443  141  
444  141  
445  141  
446  141  
447  141  
448  141  
374  166  
375  166  
376  166  
377  166  
378  166  
379  166  
380  166  
381  166  
382  166  
383  166  
384  166  
385  166  
386  166  
387  166  
388  166  
389  166  
390  166  
391  166  
392  166  
393  166  
394  166  
395  166  
396  166  
397  166  
398  166  
399  166  
400  166  
401  166  
402  166  
352  167  
353  167  
354  167  
355  167  
356  167  
357  167  
358  167  
359  167  
360  167  
361  167  
362  167  
363  167  
364  167  
365  167  
366  167  
367  167  
368  167  
369  167  
370  167  
371  167  
372  167  
373  167  
309  168  
310  168  
311  168  
312  168  
313  168  
314  168  
315  168  
316  168  
317  168  
318  168  
319  168  
320  168  
321  168  
322  168  
323  168  
324  168  
325  168  
326  168  
327  168  
328  168  
329  168  
330  168  
331  168  
332  168  
333  168  
334  168  
335  168  
336  168  
337  168  
338  168  
339  168  
340  168  
341  168  
342  168  
343  168  
344  168  
345  168  
346  168  
347  168  
348  168  
349  168  
350  168  
351  168  
280  169  
281  169  
282  169  
283  169  
284  169  
285  169  
286  169  
287  169  
288  169  
289  169  
290  169  
291  169  
292  169  
293  169  
294  169  
295  169  
296  169  
297  169  
298  169  
299  169  
300  169  
301  169  
302  169  
303  169  
304  169  
305  169  
306  169  
307  169  
308  169  
275  170  
276  170  
277  170  
278  170  
279  170  
414  166  
415  166  
416  166  
417  166  
442  166  
443  166  
444  166  
445  166  
446  166  
447  166  
448  166  
418  167  
419  167  
420  167  
421  167  
422  167  
423  167  
424  167  
425  167  
426  167  
427  167  
428  167  
429  167  
430  167  
431  167  
432  167  
433  167  
434  167  
435  167  
436  167  
437  167  
438  167  
439  167  
440  167  
441  167  
32  169  
33  169  
34  169  
35  169  
36  169  
37  169  
38  169  
39  169  
40  169  
41  169  
42  169  
43  169  
44  169  
45  169  
46  169  
47  169  
48  169  
49  169  
50  169  
51  169  
52  169  
53  169  
54  169  
55  169  
56  169  
57  169  
58  169  
59  169  
60  169  
61  169  
62  169  
63  169  
64  169  
65  169  
66  169  
67  169  
68  169  
69  169  
70  169  
71  169  
72  169  
73  169  
74  169  
75  169  
76  169  
77  169  
78  169  
79  169  
80  169  
81  169  
82  169  
83  169  
84  169  
85  169  
86  169  
87  169  
88  169  
89  169  
90  169  
91  169  
92  169  
93  169  
94  169  
95  169  
96  169  
97  169  
98  169  
99  169  
100  169  
101  169  
102  169  
103  169  
104  169  
105  169  
111  169  
112  169  
113  169  
114  169  
115  169  
116  169  
117  169  
118  169  
119  169  
120  169  
121  169  
122  169  
123  169  
124  169  
125  169  
126  169  
127  169  
128  169  
129  169  
130  169  
131  169  
132  169  
133  169  
134  169  
135  169  
136  169  
137  170  
138  170  
145  169  
146  169  
147  169  
148  169  
149  169  
150  169  
151  169  
152  169  
153  169  
154  169  
155  169  
156  169  
157  169  
158  169  
159  169  
160  169  
161  169  
162  169  
163  169  
164  169  
165  169  
166  169  
167  169  
168  169  
143  170  
144  170  
169  170  
170  170  
171  170  
172  170  
173  170  
174  170  
175  170  
176  170  
177  170  
178  170  
179  170  
180  170  
181  170  
182  170  
183  170  
184  170  
185  171  
186  171  
187  171  
60  191  
61  191  
62  191  
63  191  
64  191  
65  191  
66  192  
67  192  
68  192  
69  192  
70  192  
71  192  
72  192  
73  192  
74  192  
75  192  
76  192  
77  192  
78  192  
79  192  
80  192  
81  192  
82  192  
83  192  
84  192  
85  192  
86  192  
87  192  
88  192  
89  192  
90  192  
91  192  
92  192  
93  192  
94  192  
95  192  
96  192  
97  192  
98  192  
99  192  
100  192  
101  192  
102  192  
103  192  
104  192  
105  192  
106  193  
107  193  
108  193  
109  193  
110  193  
111  193  
112  193  
113  193  
114  193  
115  193  
116  193  
117  193  
118  193  
119  193  
120  193  
121  193  
77  197  
78  197  
79  197  
80  197  
81  197  
82  197  
83  197  
84  197  
85  197  
86  197  
87  197  
88  197  
89  197  
90  197  
91  197  
92  197  
93  197  
94  197  
95  197  
96  197  
97  197  
98  197  
99  197  
100  197  
101  197  
102  197  
103  197  
104  197  
105  197  
106  197  
107  197  
108  197  
109  197  
110  197  
111  197  
112  197  
113  197  
114  197  
115  197  
116  197  
117  197  
118  197  
119  198  
120  198  
121  198  
122  198  
123  198  
124  198  
125  198  
126  199  
127  199  
140  200  
141  200  
142  200  
143  200  
144  200  
145  200  
146  201  
147  201  
148  201  
149  201  
150  201  
151  201  
152  201  
153  201  
154  201  
155  201  
156  201  
157  201  
158  201  
159  201  
160  201  
161  201  
162  201  
163  201  
164  201  
165  201  
166  201  
167  201  
168  201  
169  201  
170  201  
171  201  
172  201  
173  201  
174  201  
175  201  
176  201  
177  201  
178  201  
179  201  
180  201  
181  201  
182  201  
183  201  
184  201  
185  201  
186  202  
187  202  
188  202  
189  202  
190  202  
191  202  
192  202  
193  202  
194  202  
195  202  
196  202  
197  202  
198  202  
199  202  
200  202  
201  202  
202  202  
203  202  
204  202  
205  202  
206  202  
207  202  
208  202  
209  202  
210  202  
211  202  
212  202  
213  202  
214  202  
215  202  
216  202  
217  202  
218  202  
219  202  
220  202  
221  202  
222  202  
223  202  
224  202  
225  202  
226  202  
227  202  
228  202  
229  202  
230  202  
231  202  
232  203  
233  203  
234  203  
235  203  
236  203  
237  203  
238  203  
239  203  
240  203  
241  203  
242  203  
243  203  
244  203  
245  203  
246  203  
247  203  
248  203  
249  203  
250  203  
251  203  
252  203  
253  203  
254  203  
255  203  
256  203  
257  203  
258  203  
259  203  
260  203  
261  203  
105  201  
105  202  
105  203  
105  204  
105  205  
105  206  
105  207  
105  208  
105  209  
105  210  
106  211  
106  212  
106  213  
106  214  
106  215  
106  216  
106  217  
106  218  
106  219  
106  220  
106  221  
106  222  
106  223  
106  224  
105  225  
105  226  
105  227  
105  228  
105  229  
105  230  
105  231  
105  232  
105  233  
105  234  
105  235  
105  236  
105  237  
105  238  
105  239  
105  240  
105  241  
105  242  
71  204  
71  205  
71  206  
71  207  
71  208  
71  209  
71  210  
71  211  
71  212  
71  213  
71  214  
71  215  
71  216  
71  217  
71  218  
71  219  
71  220  
71  221  
71  222  
71  223  
71  224  
71  225  
71  226  
71  227  
71  228  
71  229  
71  230  
71  231  
71  232  
71  233  
71  234  
71  235  
71  236  
71  237  
71  238  
71  239  
71  240  
71  241  
71  242  
71  243  
71  244  
71  245  
71  246  
71  247  
71  248  
71  249  
71  250  
71  251  
71  252  
71  253  
71  254  
71  255  
71  256  
71  257  
71  258  
71  259  
71  260  
71  261  
71  262  
71  263  
71  264  
71  265  
71  266  
71  267  
71  268  
71  269  
71  270  
173  206  
174  206  
175  206  
176  206  
177  206  
178  206  
179  206  
180  206  
181  206  
182  206  
183  206  
184  206  
185  206  
186  206  
187  206  
188  206  
189  206  
190  206  
191  206  
192  206  
193  206  
194  206  
195  206  
196  206  
197  206  
198  206  
199  206  
200  206  
201  206  
202  206  
203  206  
204  206  
205  206  
206  206  
207  206  
208  206  
209  206  
210  207  
211  207  
212  207  
213  207  
214  207  
215  207  
216  207  
217  207  
218  207  
219  207  
220  207  
221  207  
222  207  
223  207  
224  207  
225  207  
226  207  
227  207  
228  207  
229  207  
230  207  
231  207  
232  207  
233  207  
234  207  
235  207  
236  207  
237  207  
238  207  
239  207  
240  207  
241  207  
242  207  
145  212  
145  213  
145  214  
145  215  
145  216  
145  217  
145  218  
145  219  
145  220  
145  221  
145  222  
145  223  
145  224  
145  225  
145  226  
145  227  
145  228  
145  229  
145  230  
145  231  
145  232  
145  233  
145  234  
144  235  
144  236  
144  237  
144  238  
144  239  
149  212  
149  213  
149  214  
149  215  
149  216  
149  217  
149  218  
149  219  
149  220  
149  221  
149  222  
149  223  
149  224  
149  225  
149  226  
149  227  
149  228  
149  229  
149  230  
149  231  
149  232  
149  233  
149  234  
148  235  
148  236  
148  237  
148  238  
148  239  
148  240  
148  241  
148  242  
148  243  
148  244  
148  245  
148  246  
148  247  
148  248  
148  249  
148  250  
148  251  
148  252  
148  253  
148  254  
148  255  
148  256  
148  257  
148  258  
148  259  
148  260  
148  261  
148  262  
148  263  
148  264  
148  265  
148  266  
148  267  
148  268  
148  269  
148  270  
148  271  
148  272  
148  273  
147  274  
147  275  
147  276  
147  277  
147  278  
147  279  
147  280  
147  281  
147  282  
147  283  
147  284  
147  285  
147  286  
147  287  
147  288  
147  289  
147  290  
147  291  
147  292  
147  293  
147  294  
147  295  
146  296  
146  297  
146  298  
146  299  
146  300  
146  301  
146  302  
146  303  
146  304  
146  305  
146  306  
146  307  
146  308  
146  309  
146  310  
146  311  
146  312  
146  313  
146  314  
146  315  
146  316  
146  317  
146  318  
146  319  
146  320  
146  321  
146  322  
146  323  
146  324  
146  325  
146  326  
146  327  
146  328  
146  329  
146  330  
146  331  
146  332  
146  333  
146  334  
145  335  
145  336  
145  337  
145  338  
145  339  
145  340  
145  341  
145  342  
145  343  
145  344  
145  345  
145  346  
145  347  
145  348  
145  349  
145  350  
145  351  
145  352  
145  353  
145  354  
145  355  
145  356  
145  357  
145  358  
145  359  
145  360  
145  361  
145  362  
145  363  
145  364  
145  365  
145  366  
145  367  
145  368  
145  369  
145  370  
144  371  
152  212  
152  213  
152  214  
152  215  
152  216  
152  217  
152  218  
152  219  
152  220  
152  221  
152  222  
152  223  
152  224  
152  225  
152  226  
152  227  
152  228  
152  229  
152  230  
152  231  
152  232  
152  233  
152  234  
152  235  
152  236  
151  237  
151  238  
151  239  
151  240  
151  241  
151  242  
151  243  
151  244  
151  245  
151  246  
151  247  
151  248  
151  249  
151  250  
151  251  
151  252  
151  253  
151  254  
151  255  
151  256  
151  257  
151  258  
151  259  
151  260  
151  261  
151  262  
151  263  
151  264  
151  265  
151  266  
151  267  
151  268  
151  269  
151  270  
151  271  
151  272  
151  273  
151  274  
151  275  
151  276  
151  277  
151  278  
151  279  
151  280  
150  281  
150  282  
150  283  
150  284  
150  285  
150  286  
150  287  
150  288  
150  289  
150  290  
150  291  
150  292  
150  293  
150  294  
150  295  
150  296  
150  297  
150  298  
150  299  
150  300  
150  301  
150  302  
150  303  
150  304  
150  305  
150  306  
150  307  
150  308  
150  309  
150  310  
150  311  
150  312  
150  313  
150  314  
150  315  
150  316  
150  317  
150  318  
150  319  
150  320  
149  321  
149  322  
149  323  
149  324  
149  325  
149  326  
149  327  
149  328  
149  329  
149  330  
149  331  
149  332  
149  333  
149  334  
149  335  
149  336  
149  337  
149  338  
149  339  
149  340  
149  341  
149  342  
149  343  
149  344  
149  345  
149  346  
149  347  
149  348  
149  349  
149  350  
149  351  
149  352  
148  353  
148  354  
148  355  
148  356  
148  357  
148  358  
148  359  
148  360  
148  361  
148  362  
148  363  
148  364  
148  365  
148  366  
148  367  
148  368  
148  369  
148  370  
148  371  
148  372  
148  373  
148  374  
148  375  
148  376  
148  377  
148  378  
148  379  
148  380  
148  381  
148  382  
148  383  
148  384  
148  385  
148  386  
148  387  
148  388  
148  389  
148  390  
148  391  
148  392  
147  393  
147  394  
147  395  
147  396  
147  397  
147  398  
147  399  
147  400  
147  401  
147  402  
147  403  
147  404  
147  405  
147  406  
147  407  
147  408  
147  409  
147  410  
147  411  
147  412  
147  413  
147  414  
147  415  
147  416  
147  417  
147  418  
147  419  
147  420  
147  421  
146  422  
146  423  
146  424  
146  425  
146  426  
146  427  
146  428  
146  429  
146  430  
146  431  
146  432  
146  433  
146  434  
146  435  
146  436  
146  437  
146  438  
146  439  
146  440  
146  441  
146  442  
146  443  
146  444  
146  445  
146  446  
146  447  
146  448  
146  449  
146  450  
146  451  
146  452  
146  453  
145  454  
145  455  
145  456  
145  457  
145  458  
145  459  
145  460  
145  461  
145  462  
145  463  
145  464  
145  465  
145  466  
145  467  
145  468  
145  469  
145  470  
145  471  
145  472  
145  473  
145  474  
145  475  
145  476  
145  477  
145  478  
145  479  
145  480  
145  481  
145  482  
145  483  
145  484  
145  485  
145  486  
145  487  
145  488  
144  489  
144  490  
144  491  
299  219  
299  220  
299  221  
299  222  
299  223  
299  224  
299  225  
299  226  
299  227  
299  228  
299  229  
299  230  
298  231  
298  232  
298  233  
298  234  
298  235  
298  236  
298  237  
298  238  
298  239  
298  240  
298  241  
297  242  
297  243  
297  244  
297  245  
297  246  
297  247  
297  248  
297  249  
297  250  
296  251  
296  252  
296  253  
296  254  
296  255  
296  256  
296  257  
296  258  
296  259  
296  260  
296  261  
296  262  
296  263  
296  264  
296  265  
295  266  
295  267  
295  268  
295  269  
295  270  
295  271  
295  272  
295  273  
295  274  
295  275  
295  276  
295  277  
295  278  
295  279  
295  280  
295  281  
294  282  
294  283  
294  284  
294  285  
294  286  
294  287  
294  288  
294  289  
294  290  
294  291  
294  292  
294  293  
294  294  
293  295  
293  296  
293  297  
293  298  
293  299  
293  300  
293  301  
293  302  
293  303  
293  304  
292  305  
292  306  
292  307  
292  308  
292  309  
292  310  
292  311  
292  312  
292  313  
292  314  
292  315  
292  316  
292  317  
292  318  
292  319  
291  320  
291  321  
291  322  
291  323  
291  324  
291  325  
291  326  
291  327  
290  328  
303  219  
303  220  
303  221  
302  222  
302  223  
302  224  
302  225  
302  226  
302  227  
302  228  
302  229  
302  230  
302  231  
302  232  
302  233  
301  234  
301  235  
301  236  
301  237  
301  238  
301  239  
301  240  
301  241  
301  242  
301  243  
301  244  
301  245  
301  246  
301  247  
300  248  
300  249  
300  250  
300  251  
300  252  
300  253  
300  254  
300  255  
300  256  
300  257  
299  258  
299  259  
299  260  
299  261  
299  262  
299  263  
299  264  
299  265  
299  266  
299  267  
299  268  
299  269  
299  270  
299  271  
299  272  
299  273  
299  274  
299  275  
298  276  
298  277  
298  278  
298  279  
298  280  
298  281  
298  282  
298  283  
298  284  
297  285  
297  286  
297  287  
297  288  
297  289  
297  290  
297  291  
297  292  
297  293  
297  294  
297  295  
297  296  
297  297  
297  298  
297  299  
296  300  
296  301  
296  302  
296  303  
296  304  
296  305  
296  306  
296  307  
296  308  
296  309  
296  310  
296  311  
296  312  
296  313  
295  314  
295  315  
295  316  
295  317  
295  318  
295  319  
295  320  
295  321  
295  322  
294  323  
294  324  
294  325  
294  326  
294  327  
294  328  
294  329  
294  330  
294  331  
294  332  
293  333  
293  334  
293  335  
293  336  
293  337  
293  338  
293  339  
293  340  
293  341  
293  342  
293  343  
293  344  
292  345  
292  346  
292  347  
292  348  
292  349  
292  350  
292  351  
292  352  
292  353  
292  354  
292  355  
292  356  
292  357  
292  358  
292  359  
291  360  
291  361  
291  362  
291  363  
291  364  
291  365  
291  366  
291  367  
291  368  
291  369  
291  370  
291  371  
291  372  
291  373  
291  374  
291  375  
291  376  
290  377  
290  378  
290  379  
290  380  
290  381  
290  382  
290  383  
290  384  
290  385  
290  386  
290  387  
290  388  
289  389  
289  390  
289  391  
289  392  
289  393  
289  394  
289  395  
289  396  
289  397  
289  398  
289  399  
289  400  
289  401  
289  402  
288  403  
288  404  
288  405  
288  406  
288  407  
288  408  
288  409  
288  410  
288  411  
288  412  
288  413  
288  414  
287  415  
287  416  
287  417  
287  418  
287  419  
287  420  
287  421  
287  422  
287  423  
287  424  
287  425  
287  426  
287  427  
287  428  
287  429  
287  430  
286  431  
286  432  
286  433  
286  434  
286  435  
286  436  
286  437  
286  438  
286  439  
286  440  
286  441  
285  442  
285  443  
285  444  
285  445  
285  446  
285  447  
285  448  
285  449  
285  450  
285  451  
285  452  
285  453  
285  454  
285  455  
284  456  
284  457  
284  458  
284  459  
284  460  
284  461  
284  462  
284  463  
284  464  
284  465  
284  466  
283  467  
283  468  
283  469  
283  470  
283  471  
283  472  
315  221  
316  221  
317  221  
318  221  
319  221  
320  221  
321  221  
322  221  
323  221  
324  221  
325  221  
326  221  
327  221  
328  221  
329  221  
330  221  
331  221  
332  221  
333  221  
334  221  
335  221  
336  221  
337  221  
338  221  
339  221  
340  221  
341  221  
342  221  
343  221  
344  221  
345  221  
346  221  
347  221  
348  221  
349  221  
425  224  
426  224  
427  224  
428  224  
429  224  
430  224  
431  224  
432  224  
433  224  
434  224  
435  224  
436  224  
437  224  
409  225  
410  225  
411  225  
412  225  
413  225  
414  225  
415  225  
416  225  
417  225  
418  225  
419  225  
420  225  
421  225  
422  225  
423  225  
424  225  
407  226  
408  226  
373  234  
374  234  
375  234  
376  234  
377  234  
378  234  
379  234  
380  234  
381  234  
382  234  
383  234  
384  234  
385  234  
386  234  
387  234  
388  234  
389  234  
390  234  
391  234  
392  234  
393  234  
394  234  
395  234  
396  234  
397  234  
398  234  
399  234  
400  234  
401  234  
402  234  
403  234  
404  234  
405  234  
406  234  
407  234  
408  234  
409  234  
410  234  
411  234  
412  234  
413  234  
414  234  
415  234  
416  234  
417  234  
418  234  
419  234  
420  234  
421  234  
422  234  
423  234  
424  234  
425  234  
426  234  
427  234  
428  234  
429  234  
430  234  
431  234  
432  234  
433  234  
434  234  
435  235  
436  235  
437  235  
438  235  
439  235  
440  235  
441  235  
311  237  
312  237  
313  237  
314  237  
315  237  
316  237  
317  237  
318  237  
319  237  
320  237  
321  237  
322  237  
323  237  
324  237  
325  237  
326  237  
327  237  
328  237  
329  237  
330  237  
331  237  
332  237  
333  237  
334  237  
335  237  
336  237  
337  237  
338  237  
339  237  
340  237  
312  240  
313  240  
314  240  
315  240  
316  240  
317  240  
318  240  
319  240  
320  240  
321  240  
322  240  
323  240  
324  240  
325  240  
326  240  
327  240  
328  240  
329  241  
330  241  
331  241  
332  241  
333  241  
334  241  
335  241  
336  241  
337  241  
338  241  
307  243  
307  244  
307  245  
307  246  
306  247  
306  248  
306  249  
306  250  
306  251  
306  252  
306  253  
306  254  
306  255  
306  256  
306  257  
305  258  
305  259  
305  260  
305  261  
305  262  
305  263  
305  264  
305  265  
305  266  
305  267  
305  268  
305  269  
305  270  
305  271  
304  272  
304  273  
304  274  
304  275  
304  276  
304  277  
304  278  
304  279  
304  280  
304  281  
304  282  
304  283  
303  284  
303  285  
303  286  
303  287  
303  288  
303  289  
303  290  
303  291  
303  292  
303  293  
303  294  
303  295  
303  296  
302  297  
302  298  
302  299  
302  300  
302  301  
302  302  
302  303  
302  304  
302  305  
302  306  
302  307  
302  308  
302  309  
302  310  
302  311  
301  312  
301  313  
301  314  
301  315  
301  316  
301  317  
301  318  
301  319  
301  320  
301  321  
301  322  
301  323  
301  324  
301  325  
301  326  
301  327  
301  328  
300  329  
300  330  
300  331  
300  332  
300  333  
300  334  
300  335  
300  336  
300  337  
300  338  
299  339  
299  340  
299  341  
299  342  
299  343  
299  344  
299  345  
299  346  
299  347  
299  348  
299  349  
299  350  
299  351  
299  352  
299  353  
298  354  
298  355  
298  356  
298  357  
298  358  
298  359  
298  360  
298  361  
298  362  
298  363  
298  364  
297  365  
297  366  
297  367  
297  368  
297  369  
297  370  
297  371  
297  372  
297  373  
297  374  
297  375  
297  376  
297  377  
297  378  
297  379  
296  380  
296  381  
296  382  
296  383  
296  384  
296  385  
296  386  
296  387  
296  388  
296  389  
296  390  
296  391  
296  392  
296  393  
295  394  
295  395  
295  396  
295  397  
295  398  
295  399  
295  400  
295  401  
295  402  
295  403  
295  404  
295  405  
295  406  
295  407  
295  408  
295  409  
295  410  
295  411  
295  412  
295  413  
295  414  
295  415  
295  416  
295  417  
295  418  
294  419  
294  420  
294  421  
294  422  
294  423  
294  424  
294  425  
294  426  
293  427  
293  428  
293  429  
293  430  
293  431  
293  432  
293  433  
293  434  
293  435  
292  436  
292  437  
292  438  
292  439  
292  440  
292  441  
292  442  
292  443  
292  444  
291  445  
291  446  
291  447  
291  448  
291  449  
291  450  
291  451  
291  452  
291  453  
291  454  
291  455  
291  456  
291  457  
291  458  
291  459  
290  460  
290  461  
290  462  
290  463  
290  464  
290  465  
290  466  
290  467  
290  468  
289  469  
289  470  
289  471  
289  472  
289  473  
289  474  
289  475  
289  476  
289  477  
289  478  
289  479  
289  480  
289  481  
289  482  
288  483  
288  484  
288  485  
288  486  
288  487  
288  488  
288  489  
288  490  
288  491  
288  492  
288  493  
288  494  
288  495  
288  496  
288  497  
287  498  
287  499  
287  500  
287  501  
287  502  
287  503  
287  504  
287  505  
286  506  
286  507  
286  508  
286  509  
286  510  
286  511  
286  512  
286  513  
286  514  
286  515  
286  516  
286  517  
286  518  
286  519  
286  520  
286  521  
286  522  
286  523  
285  524  
285  525  
350  245  
350  246  
350  247  
350  248  
350  249  
350  250  
350  251  
350  252  
350  253  
350  254  
349  255  
349  256  
349  257  
349  258  
349  259  
349  260  
349  261  
349  262  
349  263  
349  264  
349  265  
349  266  
348  267  
348  268  
348  269  
348  270  
348  271  
348  272  
348  273  
348  274  
348  275  
348  276  
348  277  
347  278  
347  279  
347  280  
347  281  
347  282  
347  283  
347  284  
347  285  
346  286  
346  287  
346  288  
346  289  
346  290  
346  291  
346  292  
346  293  
346  294  
346  295  
345  296  
345  297  
345  298  
345  299  
345  300  
345  301  
345  302  
345  303  
345  304  
345  305  
345  306  
345  307  
344  308  
344  309  
344  310  
344  311  
344  312  
344  313  
344  314  
344  315  
344  316  
344  317  
344  318  
344  319  
344  320  
344  321  
343  322  
343  323  
343  324  
343  325  
343  326  
343  327  
343  328  
343  329  
343  330  
343  331  
343  332  
343  333  
342  334  
342  335  
342  336  
342  337  
342  338  
342  339  
342  340  
342  341  
342  342  
342  343  
341  344  
341  345  
341  346  
341  347  
341  348  
341  349  
341  350  
341  351  
341  352  
341  353  
341  354  
340  355  
340  356  
340  357  
340  358  
340  359  
340  360  
340  361  
340  362  
340  363  
340  364  
339  365  
339  366  
339  367  
339  368  
339  369  
339  370  
339  371  
339  372  
339  373  
339  374  
339  375  
338  376  
338  377  
338  378  
338  379  
338  380  
338  381  
338  382  
338  383  
338  384  
338  385  
337  386  
337  387  
337  388  
337  389  
337  390  
337  391  
337  392  
337  393  
337  394  
336  395  
336  396  
336  397  
336  398  
336  399  
336  400  
336  401  
336  402  
336  403  
336  404  
336  405  
336  406  
336  407  
335  408  
343  248  
343  249  
343  250  
343  251  
343  252  
343  253  
343  254  
343  255  
343  256  
343  257  
343  258  
343  259  
343  260  
342  261  
342  262  
342  263  
342  264  
342  265  
342  266  
342  267  
342  268  
341  269  
341  270  
341  271  
341  272  
341  273  
341  274  
341  275  
341  276  
341  277  
341  278  
341  279  
341  280  
341  281  
341  282  
340  283  
340  284  
340  285  
340  286  
340  287  
340  288  
340  289  
340  290  
339  291  
339  292  
339  293  
339  294  
339  295  
339  296  
339  297  
339  298  
339  299  
339  300  
338  301  
338  302  
338  303  
338  304  
338  305  
338  306  
338  307  
338  308  
338  309  
338  310  
337  311  
337  312  
337  313  
337  314  
337  315  
337  316  
337  317  
337  318  
337  319  
337  320  
337  321  
337  322  
336  323  
336  324  
336  325  
336  326  
336  327  
336  328  
336  329  
336  330  
336  331  
336  332  
336  333  
335  334  
335  335  
335  336  
335  337  
335  338  
335  339  
335  340  
335  341  
334  342  
334  343  
334  344  
334  345  
334  346  
334  347  
334  348  
334  349  
334  350  
334  351  
334  352  
334  353  
334  354  
334  355  
334  356  
334  357  
334  358  
334  359  
333  360  
333  361  
333  362  
333  363  
333  364  
333  365  
333  366  
333  367  
333  368  
332  369  
332  370  
332  371  
332  372  
332  373  
332  374  
332  375  
332  376  
332  377  
332  378  
332  379  
332  380  
331  381  
331  382  
331  383  
331  384  
331  385  
331  386  
331  387  
331  388  
330  389  
330  390  
330  391  
330  392  
330  393  
330  394  
330  395  
330  396  
330  397  
329  398  
329  399  
329  400  
329  401  
329  402  
329  403  
329  404  
329  405  
329  406  
329  407  
329  408  
329  409  
329  410  
329  411  
329  412  
328  413  
328  414  
328  415  
313  251  
313  252  
313  253  
313  254  
313  255  
313  256  
313  257  
313  258  
313  259  
313  260  
312  261  
312  262  
312  263  
312  264  
312  265  
312  266  
312  267  
312  268  
312  269  
312  270  
311  271  
311  272  
311  273  
311  274  
311  275  
311  276  
311  277  
311  278  
311  279  
311  280  
311  281  
311  282  
310  283  
310  284  
310  285  
310  286  
310  287  
310  288  
310  289  
310  290  
310  291  
310  292  
310  293  
309  294  
309  295  
309  296  
309  297  
309  298  
309  299  
309  300  
309  301  
309  302  
309  303  
309  304  
309  305  
308  306  
308  307  
308  308  
308  309  
308  310  
308  311  
308  312  
308  313  
308  314  
307  315  
307  316  
307  317  
307  318  
307  319  
307  320  
307  321  
307  322  
307  323  
307  324  
307  325  
307  326  
307  327  
307  328  
307  329  
306  330  
306  331  
306  332  
306  333  
306  334  
306  335  
306  336  
306  337  
305  338  
305  339  
305  340  
305  341  
305  342  
305  343  
305  344  
305  345  
305  346  
305  347  
305  348  
305  349  
305  350  
305  351  
305  352  
304  353  
304  354  
304  355  
304  356  
304  357  
304  358  
304  359  
304  360  
304  361  
304  362  
304  363  
304  364  
303  365  
303  366  
303  367  
303  368  
303  369  
303  370  
303  371  
303  372  
303  373  
303  374  
303  375  
303  376  
302  377  
302  378  
302  379  
302  380  
302  381  
302  382  
302  383  
302  384  
302  385  
302  386  
302  387  
302  388  
301  389  
301  390  
301  391  
301  392  
301  393  
301  394  
301  395  
301  396  
301  397  
301  398  
301  399  
301  400  
301  401  
291  259  
291  260  
291  261  
291  262  
291  263  
290  264  
290  265  
290  266  
290  267  
290  268  
290  269  
290  270  
290  271  
290  272  
290  273  
290  274  
290  275  
290  276  
290  277  
289  278  
289  279  
289  280  
289  281  
289  282  
289  283  
289  284  
289  285  
289  286  
289  287  
289  288  
289  289  
289  290  
289  291  
289  292  
288  293  
288  294  
288  295  
288  296  
288  297  
288  298  
288  299  
288  300  
287  301  
287  302  
287  303  
287  304  
287  305  
287  306  
287  307  
287  308  
287  309  
287  310  
287  311  
287  312  
286  313  
286  314  
286  315  
286  316  
286  317  
286  318  
286  319  
286  320  
285  321  
285  322  
285  323  
285  324  
285  325  
285  326  
285  327  
285  328  
285  329  
285  330  
285  331  
285  332  
66  263  
66  264  
66  265  
66  266  
66  267  
66  268  
66  269  
66  270  
66  271  
66  272  
66  273  
66  274  
66  275  
66  276  
66  277  
66  278  
66  279  
66  280  
66  281  
66  282  
66  283  
66  284  
66  285  
66  286  
335  267  
335  268  
335  269  
335  270  
335  271  
335  272  
335  273  
335  274  
335  275  
335  276  
335  277  
335  278  
335  279  
335  280  
335  281  
334  282  
334  283  
334  284  
334  285  
334  286  
334  287  
334  288  
334  289  
334  290  
282  268  
282  269  
282  270  
282  271  
282  272  
282  273  
282  274  
282  275  
282  276  
282  277  
282  278  
282  279  
282  280  
282  281  
282  282  
282  283  
282  284  
282  285  
282  286  
282  287  
281  288  
281  289  
281  290  
281  291  
281  292  
281  293  
281  294  
281  295  
281  296  
281  297  
281  298  
280  299  
280  300  
280  301  
280  302  
280  303  
280  304  
280  305  
280  306  
280  307  
279  308  
279  309  
279  310  
279  311  
279  312  
279  313  
279  314  
279  315  
279  316  
279  317  
279  318  
279  319  
78  277  
79  277  
80  277  
81  277  
82  277  
83  277  
84  277  
85  277  
86  277  
87  277  
88  277  
89  277  
90  277  
91  277  
92  277  
93  277  
94  277  
95  277  
96  277  
97  277  
98  277  
99  277  
100  277  
101  277  
102  277  
103  277  
104  277  
105  277  
106  277  
107  277  
108  277  
109  277  
110  277  
111  277  
112  277  
113  277  
114  278  
115  278  
116  278  
117  278  
118  278  
119  278  
120  278  
121  278  
122  278  
123  278  
124  278  
125  278  
126  278  
127  278  
128  278  
129  278  
130  278  
131  278  
132  278  
133  278  
134  278  
135  278  
136  278  
77  281  
78  281  
79  281  
80  281  
81  281  
82  281  
83  281  
84  281  
85  281  
86  281  
87  281  
88  281  
89  281  
90  281  
91  281  
92  281  
93  281  
94  281  
95  281  
96  281  
97  282  
98  282  
99  282  
100  282  
101  282  
102  282  
103  282  
104  282  
105  282  
106  282  
107  282  
108  282  
109  282  
110  282  
111  282  
112  282  
113  282  
114  282  
115  282  
116  282  
117  282  
118  282  
119  282  
120  282  
121  282  
122  282  
123  282  
124  282  
125  282  
126  282  
127  282  
128  282  
129  282  
105  285  
105  286  
105  287  
105  288  
105  289  
105  290  
105  291  
105  292  
105  293  
105  294  
105  295  
105  296  
105  297  
105  298  
105  299  
105  300  
105  301  
105  302  
105  303  
105  304  
104  305  
104  306  
104  307  
71  288  
71  289  
71  290  
71  291  
71  292  
71  293  
71  294  
71  295  
71  296  
71  297  
71  298  
71  299  
71  300  
71  301  
71  302  
71  303  
71  304  
71  305  
71  306  
71  307  
71  308  
71  309  
71  310  
71  311  
71  312  
71  313  
71  314  
71  315  
71  316  
71  317  
71  318  
71  319  
71  320  
71  321  
71  322  
71  323  
71  324  
71  325  
71  326  
71  327  
71  328  
71  329  
71  330  
71  331  
71  332  
71  333  
71  334  
71  335  
71  336  
71  337  
71  338  
71  339  
71  340  
71  341  
71  342  
71  343  
71  344  
71  345  
71  346  
71  347  
71  348  
71  349  
71  350  
71  351  
71  352  
71  353  
71  354  
71  355  
71  356  
71  357  
71  358  
71  359  
71  360  
71  361  
71  362  
71  363  
71  364  
71  365  
71  366  
71  367  
71  368  
71  369  
71  370  
71  371  
71  372  
71  373  
71  374  
71  375  
71  376  
71  377  
71  378  
70  379  
70  380  
70  381  
70  382  
70  383  
70  384  
70  385  
70  386  
70  387  
70  388  
70  389  
70  390  
70  391  
70  392  
70  393  
70  394  
70  395  
70  396  
70  397  
70  398  
70  399  
70  400  
70  401  
70  402  
70  403  
70  404  
70  405  
70  406  
361  313  
362  313  
363  313  
364  313  
365  313  
366  313  
367  313  
368  313  
369  313  
370  313  
371  313  
372  313  
373  313  
374  313  
375  313  
376  313  
377  313  
378  313  
379  313  
380  313  
381  313  
382  313  
383  313  
384  313  
385  313  
386  313  
387  313  
388  313  
389  313  
390  313  
391  313  
392  313  
393  313  
394  313  
395  313  
396  313  
397  313  
398  313  
399  313  
400  313  
401  313  
402  313  
403  313  
437  313  
438  313  
439  313  
440  313  
441  313  
412  314  
413  314  
414  314  
415  314  
416  314  
417  314  
418  314  
419  314  
420  314  
421  314  
422  314  
423  314  
424  314  
425  314  
426  314  
427  314  
428  314  
429  314  
430  314  
431  314  
432  314  
433  314  
434  314  
435  314  
436  314  
173  342  
174  342  
175  342  
176  342  
177  342  
178  342  
179  342  
180  342  
181  342  
182  342  
183  342  
184  342  
185  342  
186  342  
187  342  
188  342  
189  342  
190  342  
191  342  
192  342  
193  342  
194  342  
195  342  
196  342  
197  342  
198  343  
199  343  
200  343  
201  343  
202  343  
203  343  
204  343  
205  343  
206  343  
207  343  
208  343  
209  343  
210  343  
211  343  
212  343  
213  343  
214  343  
215  343  
216  343  
217  343  
218  343  
219  343  
220  343  
221  344  
222  344  
223  344  
224  344  
225  344  
226  344  
227  344  
228  344  
229  344  
230  344  
231  344  
232  344  
233  344  
234  344  
235  344  
236  344  
237  344  
283  346  
283  347  
283  348  
283  349  
283  350  
283  351  
283  352  
283  353  
283  354  
283  355  
283  356  
283  357  
283  358  
283  359  
282  360  
282  361  
282  362  
282  363  
282  364  
282  365  
282  366  
282  367  
222  374  
223  375  
224  375  
225  375  
226  375  
227  375  
228  375  
229  375  
230  375  
231  375  
232  375  
233  375  
234  375  
235  375  
236  375  
237  376  
238  376  
239  376  
240  376  
241  376  
242  376  
243  376  
244  376  
245  376  
246  376  
247  376  
248  376  
87  378  
88  378  
89  378  
90  378  
91  378  
92  378  
93  378  
94  378  
95  378  
96  378  
97  378  
98  378  
99  378  
100  378  
101  378  
102  378  
103  378  
104  378  
105  378  
106  378  
107  378  
108  378  
109  378  
110  378  
111  378  
112  378  
113  378  
114  378  
115  378  
116  378  
117  378  
118  378  
119  378  
120  378  
121  378  
122  378  
123  378  
124  378  
125  378  
126  378  
127  379  
128  379  
129  379  
130  379  
131  379  
132  379  
133  379  
134  379  
108  382  
109  382  
110  382  
111  382  
112  382  
113  382  
114  382  
115  382  
116  382  
117  382  
118  382  
119  382  
120  382  
106  383  
107  383  
121  383  
122  383  
123  383  
124  383  
125  383  
126  383  
127  383  
128  383  
129  383  
130  383  
131  383  
132  383  
133  383  
144  384  
144  385  
144  386  
144  387  
144  388  
144  389  
144  390  
144  391  
144  392  
144  393  
144  394  
144  395  
144  396  
144  397  
144  398  
144  399  
144  400  
144  401  
144  402  
143  403  
143  404  
143  405  
143  406  
143  407  
143  408  
143  409  
143  410  
143  411  
143  412  
143  413  
143  414  
143  415  
143  416  
143  417  
143  418  
143  419  
143  420  
143  421  
143  422  
143  423  
143  424  
143  425  
143  426  
143  427  
143  428  
143  429  
143  430  
143  431  
143  432  
143  433  
143  434  
143  435  
142  436  
142  437  
142  438  
142  439  
142  440  
142  441  
142  442  
142  443  
142  444  
142  445  
142  446  
142  447  
142  448  
142  449  
142  450  
142  451  
142  452  
142  453  
142  454  
142  455  
142  456  
142  457  
142  458  
81  409  
82  409  
83  409  
84  409  
85  409  
86  409  
87  409  
88  409  
89  409  
90  409  
91  409  
92  409  
93  409  
94  409  
95  409  
96  409  
97  409  
98  409  
99  409  
100  409  
101  409  
102  409  
103  409  
104  409  
105  409  
106  409  
107  409  
108  409  
109  409  
110  409  
111  409  
112  409  
113  409  
114  409  
115  409  
116  409  
117  409  
118  409  
119  409  
120  410  
121  410  
122  410  
123  410  
124  410  
125  410  
126  410  
127  410  
128  410  
129  410  
130  410  
131  410  
132  410  
133  410  
134  410  
135  410  
136  410  
137  410  
138  410  
139  411  
139  412  
139  413  
139  414  
399  412  
400  412  
401  412  
402  412  
403  412  
404  412  
405  412  
406  412  
407  412  
408  412  
409  412  
410  412  
411  412  
412  412  
413  412  
414  412  
415  412  
416  412  
417  412  
418  412  
419  412  
420  412  
421  412  
422  412  
423  412  
77  413  
78  413  
79  413  
80  413  
81  413  
82  413  
83  413  
84  413  
85  413  
86  413  
87  413  
88  413  
89  413  
90  413  
91  413  
92  413  
93  413  
94  413  
95  413  
96  413  
97  413  
98  413  
99  413  
100  413  
101  413  
102  413  
103  413  
104  413  
105  413  
106  413  
107  413  
108  413  
109  413  
110  413  
111  413  
112  413  
113  413  
114  413  
115  413  
116  413  
117  413  
118  413  
119  413  
120  413  
121  413  
122  413  
342  416  
343  416  
344  416  
345  416  
346  416  
347  416  
348  416  
349  416  
350  416  
351  416  
352  416  
353  417  
354  417  
355  417  
356  417  
357  417  
358  417  
359  417  
360  417  
361  417  
362  417  
363  417  
364  417  
365  417  
366  417  
367  417  
368  417  
369  417  
370  417  
371  417  
372  417  
373  417  
374  417  
375  417  
376  417  
377  417  
378  417  
379  417  
380  417  
381  417  
382  417  
383  417  
384  417  
385  417  
386  417  
387  417  
388  417  
389  417  
390  417  
391  417  
392  417  
393  417  
394  417  
395  417  
396  417  
397  417  
398  417  
399  417  
400  417  
401  417  
402  417  
403  417  
404  417  
405  417  
406  417  
407  417  
408  417  
409  417  
410  417  
411  417  
412  417  
413  417  
414  417  
415  417  
416  417  
417  417  
418  417  
419  417  
420  417  
421  417  
422  417  
423  417  
424  417  
425  417  
426  417  
427  417  
428  417  
429  417  
430  417  
431  417  
432  417  
433  417  
434  417  
435  417  
436  417  
437  417  
438  417  
439  417  
440  417  
441  417  
442  417  
443  417  
444  417  
445  417  
446  417  
447  417  
448  417  
81  418  
82  418  
83  418  
84  418  
85  418  
86  418  
87  418  
88  418  
89  418  
90  418  
91  418  
92  418  
93  418  
94  418  
95  418  
96  418  
97  418  
98  418  
99  418  
100  418  
101  418  
102  418  
103  418  
104  418  
105  418  
106  418  
107  418  
108  418  
109  418  
110  418  
111  418  
112  418  
113  418  
114  418  
115  418  
116  418  
117  418  
118  418  
119  418  
120  418  
121  418  
122  418  
123  418  
124  418  
125  418  
126  418  
127  418  
128  418  
129  418  
130  418  
131  418  
132  418  
231  422  
231  423  
231  424  
231  425  
231  426  
231  427  
231  428  
231  429  
231  430  
231  431  
231  432  
231  433  
231  434  
231  435  
231  436  
231  437  
231  438  
231  439  
231  440  
231  441  
231  442  
231  443  
231  444  
231  445  
231  446  
231  447  
231  448  
70  425  
70  426  
70  427  
70  428  
70  429  
70  430  
70  431  
70  432  
70  433  
70  434  
70  435  
70  436  
70  437  
70  438  
70  439  
70  440  
70  441  
70  442  
70  443  
70  444  
70  445  
70  446  
70  447  
70  448  
70  449  
70  450  
70  451  
70  452  
70  453  
70  454  
70  455  
70  456  
70  457  
70  458  
70  459  
70  460  
70  461  
70  462  
70  463  
70  464  
70  465  
70  466  
70  467  
70  468  
70  469  
70  470  
70  471  
70  472  
70  473  
70  474  
70  475  
70  476  
70  477  
70  478  
70  479  
70  480  
70  481  
70  482  
332  429  
332  430  
332  431  
332  432  
332  433  
332  434  
332  435  
332  436  
331  437  
331  438  
331  439  
331  440  
331  441  
331  442  
331  443  
331  444  
331  445  
331  446  
331  447  
331  448  
330  449  
330  450  
330  451  
330  452  
330  453  
330  454  
330  455  
330  456  
329  457  
329  458  
329  459  
329  460  
329  461  
329  462  
329  463  
329  464  
329  465  
329  466  
329  467  
329  468  
328  469  
328  470  
328  471  
328  472  
328  473  
328  474  
328  475  
328  476  
328  477  
328  478  
328  479  
328  480  
327  481  
327  482  
327  483  
327  484  
327  485  
327  486  
327  487  
327  488  
327  489  
327  490  
327  491  
327  492  
326  493  
326  494  
326  495  
326  496  
326  497  
326  498  
326  499  
326  500  
326  501  
326  502  
325  503  
325  504  
325  505  
325  506  
325  507  
325  508  
325  509  
325  510  
325  511  
325  512  
325  513  
325  514  
325  515  
327  432  
327  433  
327  434  
327  435  
326  436  
326  437  
326  438  
326  439  
326  440  
326  441  
325  442  
325  443  
325  444  
325  445  
325  446  
325  447  
325  448  
325  449  
325  450  
325  451  
325  452  
325  453  
325  454  
325  455  
325  456  
325  457  
324  458  
324  459  
324  460  
324  461  
324  462  
324  463  
324  464  
324  465  
323  466  
323  467  
323  468  
323  469  
323  470  
323  471  
323  472  
323  473  
323  474  
323  475  
323  476  
323  477  
323  478  
322  479  
322  480  
322  481  
322  482  
322  483  
322  484  
322  485  
322  486  
322  487  
322  488  
321  489  
321  490  
321  491  
321  492  
321  493  
321  494  
321  495  
321  496  
321  497  
321  498  
320  499  
320  500  
320  501  
320  502  
320  503  
320  504  
320  505  
320  506  
320  507  
320  508  
320  509  
320  510  
320  511  
404  434  
404  435  
404  436  
404  437  
404  438  
404  439  
404  440  
404  441  
404  442  
404  443  
403  444  
403  445  
403  446  
403  447  
403  448  
403  449  
403  450  
403  451  
403  452  
402  453  
402  454  
402  455  
402  456  
402  457  
402  458  
402  459  
402  460  
401  461  
401  462  
401  463  
401  464  
401  465  
401  466  
401  467  
401  468  
401  469  
400  470  
400  471  
400  472  
400  473  
400  474  
400  475  
400  476  
400  477  
400  478  
399  479  
399  480  
399  481  
399  482  
399  483  
399  484  
399  485  
399  486  
398  487  
398  488  
398  489  
398  490  
398  491  
398  492  
398  493  
398  494  
398  495  
398  496  
398  497  
397  498  
397  499  
397  500  
397  501  
397  502  
397  503  
396  504  
396  505  
396  506  
396  507  
396  508  
396  509  
93  435  
93  436  
93  437  
93  438  
93  439  
93  440  
93  441  
93  442  
93  443  
93  444  
93  445  
93  446  
93  447  
93  448  
93  449  
93  450  
93  451  
93  452  
93  453  
93  454  
93  455  
93  456  
93  457  
93  458  
93  459  
93  460  
93  461  
93  462  
93  463  
93  464  
93  465  
93  466  
93  467  
93  468  
93  469  
93  470  
337  435  
337  436  
337  437  
337  438  
336  439  
336  440  
336  441  
336  442  
336  443  
336  444  
336  445  
336  446  
335  447  
335  448  
335  449  
335  450  
335  451  
335  452  
335  453  
335  454  
335  455  
335  456  
335  457  
335  458  
334  459  
334  460  
334  461  
334  462  
334  463  
334  464  
334  465  
334  466  
334  467  
334  468  
334  469  
333  470  
333  471  
333  472  
333  473  
333  474  
333  475  
333  476  
333  477  
333  478  
333  479  
332  480  
332  481  
332  482  
332  483  
332  484  
332  485  
332  486  
332  487  
332  488  
332  489  
331  490  
331  491  
331  492  
331  493  
331  494  
331  495  
331  496  
331  497  
331  498  
331  499  
331  500  
331  501  
330  502  
330  503  
330  504  
330  505  
330  506  
330  507  
330  508  
330  509  
330  510  
330  511  
330  512  
330  513  
341  435  
341  436  
341  437  
340  438  
340  439  
340  440  
340  441  
340  442  
340  443  
340  444  
340  445  
339  446  
339  447  
339  448  
339  449  
339  450  
339  451  
339  452  
339  453  
339  454  
339  455  
339  456  
339  457  
338  458  
338  459  
338  460  
338  461  
338  462  
338  463  
338  464  
338  465  
338  466  
338  467  
338  468  
337  469  
337  470  
337  471  
337  472  
337  473  
337  474  
337  475  
337  476  
337  477  
336  478  
336  479  
336  480  
336  481  
336  482  
336  483  
336  484  
336  485  
336  486  
336  487  
335  488  
335  489  
335  490  
335  491  
335  492  
335  493  
335  494  
335  495  
335  496  
335  497  
335  498  
335  499  
335  500  
334  501  
334  502  
334  503  
334  504  
334  505  
334  506  
334  507  
334  508  
334  509  
334  510  
333  511  
333  512  
333  513  
400  435  
400  436  
400  437  
400  438  
400  439  
400  440  
400  441  
400  442  
400  443  
400  444  
400  445  
399  446  
399  447  
399  448  
399  449  
399  450  
399  451  
399  452  
398  453  
398  454  
398  455  
398  456  
398  457  
398  458  
398  459  
398  460  
398  461  
397  462  
397  463  
397  464  
397  465  
397  466  
397  467  
397  468  
396  469  
396  470  
396  471  
396  472  
396  473  
396  474  
396  475  
396  476  
396  477  
396  478  
395  479  
395  480  
395  481  
395  482  
395  483  
395  484  
395  485  
394  486  
394  487  
394  488  
394  489  
394  490  
394  491  
394  492  
394  493  
393  494  
393  495  
393  496  
393  497  
393  498  
393  499  
393  500  
393  501  
393  502  
393  503  
392  504  
392  505  
392  506  
392  507  
392  508  
392  509  
448  435  
448  436  
448  437  
448  438  
448  439  
448  440  
448  441  
447  442  
447  443  
447  444  
447  445  
447  446  
447  447  
447  448  
446  449  
446  450  
446  451  
446  452  
446  453  
446  454  
446  455  
446  456  
446  457  
446  458  
446  459  
445  460  
445  461  
445  462  
445  463  
445  464  
445  465  
445  466  
444  467  
444  468  
444  469  
444  470  
444  471  
444  472  
444  473  
443  474  
443  475  
443  476  
443  477  
443  478  
443  479  
442  480  
442  481  
299  436  
299  437  
299  438  
298  439  
298  440  
298  441  
298  442  
298  443  
298  444  
298  445  
298  446  
298  447  
298  448  
297  449  
297  450  
297  451  
297  452  
297  453  
297  454  
297  455  
297  456  
297  457  
297  458  
297  459  
297  460  
297  461  
297  462  
296  463  
296  464  
296  465  
296  466  
296  467  
296  468  
296  469  
296  470  
296  471  
296  472  
296  473  
296  474  
295  475  
295  476  
295  477  
295  478  
295  479  
295  480  
295  481  
295  482  
295  483  
295  484  
295  485  
294  486  
294  487  
294  488  
294  489  
294  490  
294  491  
294  492  
294  493  
294  494  
294  495  
294  496  
294  497  
293  498  
293  499  
293  500  
293  501  
293  502  
293  503  
293  504  
293  505  
293  506  
293  507  
293  508  
270  441  
270  442  
270  443  
270  444  
270  445  
270  446  
270  447  
270  448  
270  449  
270  450  
270  451  
270  452  
270  453  
270  454  
270  455  
270  456  
270  457  
270  458  
270  459  
269  460  
269  461  
269  462  
269  463  
269  464  
269  465  
269  466  
269  467  
269  468  
269  469  
269  470  
269  471  
269  472  
123  443  
123  444  
123  445  
123  446  
123  447  
123  448  
123  449  
123  450  
122  451  
122  452  
122  453  
122  454  
122  455  
122  456  
122  457  
122  458  
122  459  
122  460  
122  461  
122  462  
122  463  
122  464  
121  465  
121  466  
121  467  
121  468  
121  469  
121  470  
121  471  
121  472  
121  473  
121  474  
121  475  
121  476  
121  477  
121  478  
121  479  
121  480  
388  455  
388  456  
388  457  
388  458  
388  459  
388  460  
388  461  
388  462  
388  463  
387  464  
387  465  
387  466  
387  467  
387  468  
387  469  
387  470  
387  471  
387  472  
387  473  
387  474  
386  475  
386  476  
386  477  
386  478  
386  479  
386  480  
128  456  
128  457  
128  458  
127  459  
127  460  
127  461  
127  462  
127  463  
127  464  
127  465  
127  466  
127  467  
127  468  
127  469  
127  470  
127  471  
127  472  
127  473  
127  474  
127  475  
127  476  
127  477  
127  478  
127  479  
278  456  
278  457  
278  458  
278  459  
278  460  
278  461  
278  462  
278  463  
278  464  
278  465  
278  466  
278  467  
278  468  
277  469  
277  470  
277  471  
277  472  
277  473  
277  474  
277  475  
277  476  
277  477  
277  478  
277  479  
277  480  
276  481  
276  482  
276  483  
276  484  
276  485  
276  486  
276  487  
276  488  
276  489  
276  490  
276  491  
276  492  
276  493  
276  494  
276  495  
276  496  
275  497  
275  498  
275  499  
275  500  
275  501  
275  502  
275  503  
275  504  
275  505  
275  506  
275  507  
275  508  
275  509  
274  510  
274  511  
274  512  
274  513  
274  514  
274  515  
274  516  
274  517  
274  518  
274  519  
274  520  
274  521  
274  522  
273  523  
273  524  
273  525  
273  526  
273  527  
273  528  
273  529  
65  458  
65  459  
65  460  
65  461  
65  462  
65  463  
65  464  
65  465  
65  466  
65  467  
65  468  
65  469  
65  470  
65  471  
65  472  
65  473  
65  474  
65  475  
65  476  
65  477  
65  478  
65  479  
65  480  
65  481  
380  470  
380  471  
380  472  
380  473  
380  474  
380  475  
380  476  
380  477  
380  478  
380  479  
380  480  
380  481  
380  482  
380  483  
380  484  
380  485  
380  486  
380  487  
379  488  
379  489  
379  490  
379  491  
379  492  
379  493  
379  494  
379  495  
379  496  
378  497  
378  498  
378  499  
378  500  
378  501  
378  502  
377  503  
377  504  
377  505  
377  506  
377  507  
377  508  
377  509  
377  510  
377  511  
377  512  
377  513  
377  514  
378  515  
378  516  
448  479  
448  480  
448  481  
448  482  
448  483  
448  484  
448  485  
448  486  
447  487  
447  488  
447  489  
447  490  
447  491  
447  492  
447  493  
447  494  
447  495  
447  496  
447  497  
447  498  
446  499  
446  500  
446  501  
446  502  
446  503  
446  504  
446  505  
446  506  
445  507  
445  508  
445  509  
445  510  
445  511  
445  512  
384  489  
384  490  
384  491  
384  492  
384  493  
384  494  
384  495  
384  496  
384  497  
384  498  
383  499  
383  500  
383  501  
383  502  
383  503  
383  504  
383  505  
383  506  
382  507  
382  508  
382  509  
382  510  
382  511  
382  512  
64  492  
65  492  
66  492  
67  492  
68  492  
69  492  
70  492  
71  492  
72  492  
73  492  
74  492  
75  492  
76  492  
77  492  
78  492  
79  492  
80  492  
81  492  
82  492  
83  492  
84  492  
85  492  
86  492  
87  492  
88  492  
89  492  
90  492  
91  492  
92  492  
93  492  
94  492  
95  492  
96  492  
97  492  
98  492  
99  492  
100  492  
101  492  
102  492  
103  492  
104  492  
105  492  
106  492  
107  492  
108  492  
109  492  
110  492  
111  492  
112  492  
89  500  
90  500  
91  500  
92  500  
93  501  
94  501  
95  501  
96  501  
97  501  
98  501  
99  501  
100  501  
101  501  
102  501  
103  501  
104  501  
105  501  
106  501  
107  501  
108  501  
109  501  
110  501  
111  501  
112  501  
113  501  
114  501  
115  501  
116  501  
117  501  
118  501  
164  500  
165  500  
166  500  
167  500  
168  500  
169  500  
170  500  
171  500  
172  500  
173  500  
174  500  
175  500  
176  500  
177  500  
178  500  
179  500  
180  500  
181  500  
182  500  
183  500  
184  500  
185  500  
186  500  
187  500  
188  500  
189  500  
190  500  
191  500  
192  500  
193  500  
194  500  
195  500  
196  500  
197  500  
198  500  
199  500  
200  500  
201  500  
202  500  
203  500  
204  500  
205  500  
206  500  
207  500  
208  500  
209  500  
210  500  
211  500  
212  500  
213  500  
214  500  
215  500  
216  500  
217  500  
218  500  
219  500  
220  500  
221  500  
222  500  
223  501  
224  501  
225  501  
226  501  
171  504  
172  504  
173  505  
174  505  
175  505  
176  505  
177  505  
178  505  
179  505  
180  505  
181  505  
182  505  
183  505  
184  505  
185  505  
186  505  
187  505  
188  505  
189  505  
190  505  
191  505  
192  505  
193  505  
194  505  
195  505  
196  505  
197  505  
198  505  
199  505  
200  505  
201  505  
202  505  
203  505  
204  505  
205  505  
206  505  
207  505  
208  505  
209  505  
210  505  
211  505  
212  505  
213  505  
214  505  
215  505  
216  505  
217  505  
218  505  
219  505  
220  505  
221  505  
222  505  
223  505  
224  505  
225  505  
226  505  
227  505  
228  505  
229  505  
230  505  
231  505  
232  505  
167  513  
168  513  
169  513  
170  513  
171  513  
172  513  
173  513  
174  513  
175  513  
176  513  
177  513  
178  513  
179  514  
180  514  
181  514  
182  514  
183  514  
184  514  
185  514  
186  514  
187  514  
188  514  
189  514  
190  514  
191  514  
192  514  
193  514  
194  514  
195  514  
196  514  
197  514  
198  514  
199  514  
200  514  
201  514  
202  514  
203  514  
204  514  
205  514  
206  514  
207  514  
208  514  
209  514  
210  514  
211  514  
212  514  
213  514  
214  514  
215  514  
216  514  
217  514  
218  514  
219  514  
220  514  
221  514  
222  514  
223  514  
224  514  
225  514  
226  514  
227  514  
228  514  
229  514  
230  514  
231  514  
232  514  
233  514  
234  514  
235  514  
236  514  
237  514  
238  514  
239  514  
240  514  
241  514  
242  514  
243  514  
244  514  
245  514  
246  514  
247  514  
248  514  
249  514  
250  514  
251  514  
252  514  
253  514  
254  514  
255  514  
256  514  
257  514  
295  519  
291  520  
292  520  
293  520  
294  520  
296  520  
297  520  
298  520  
299  520  
300  520  
301  520  
302  520  
303  520  
304  520  
305  520  
306  520  
307  520  
308  520  
309  520  
310  520  
311  520  
330  519  
331  519  
332  519  
333  519  
334  519  
335  519  
336  519  
337  519  
338  519  
339  519  
340  519  
341  519  
342  519  
343  519  
344  519  
345  519  
346  519  
347  519  
348  519  
349  519  
350  519  
351  519  
352  519  
353  519  
354  519  
355  519  
394  520  
395  520  
396  520  
397  520  
398  520  
399  520  
400  520  
401  520  
402  520  
403  520  
404  520  
405  520  
406  520  
407  520  
408  520  
409  520  
410  520  
411  520  
412  520  
413  520  
414  520  
415  520  
416  520  
417  520  
418  520  
419  520  
420  520  
421  520  
422  520  
423  520  
424  520  
425  520  
426  520  
427  520  
428  520  
429  520  
430  520  
431  520  
432  520  
433  520  
434  520  
435  520  
436  520  
437  520  
290  523  
291  523  
292  523  
293  523  
294  523  
295  523  
296  523  
297  523  
298  523  
299  523  
300  523  
301  523  
302  523  
303  523  
304  523  
305  523  
306  523  
307  523  
308  523  
309  523  
310  523  
311  523  
312  523  
313  523  
314  523  
315  523  
316  523  
317  523  
318  523  
319  523  
320  523  
321  523  
332  523  
333  523  
334  523  
335  523  
336  523  
337  523  
338  523  
339  523  
340  523  
341  523  
342  523  
343  523  
344  523  
345  523  
346  523  
347  523  
348  523  
349  523  
350  523  
351  523  
352  523  
353  523  
354  523  
355  523  
356  523  
357  523  
358  523  
359  523  
360  523  
361  523  
362  523  
363  523  
364  523  
365  523  
366  523  
367  523  
368  523  
369  523  
370  523  
371  523  
372  523  
373  523  
374  523  
375  523  
376  523  
394  523  
395  523  
396  523  
397  523  
398  523  
399  523  
400  523  
401  523  
402  523  
403  523  
404  523  
405  523  
406  523  
407  523  
408  523  
409  523  
410  523  
411  523  
412  523  
413  523  
414  523  
415  523  
416  523  
417  523  
418  523  
419  523  
420  523  
421  523  
422  523  
423  523  
424  523  
425  523  
426  523  
427  523  
428  523  
429  523  
430  523  
431  523  
432  523  
433  523  
434  523  
435  524  
436  524  
437  524  
438  524  
302  532  
303  532  
304  532  
305  532  
306  532  
307  532  
308  532  
309  532  
310  532  
311  532  
312  532  
313  532  
314  532  
315  532  
316  532  
317  532  
318  532  
319  532  
320  532  
321  532  
322  532  
323  532  
324  532  
325  532  
326  532  
327  532  
328  532  
329  532  
330  532  
331  532  
332  532  
333  532  
334  532  
335  532  
336  532  
337  532  
338  532  
339  532  
340  532  
341  532  
342  532  
343  532  
344  532  
345  532  
346  532  
362  532  
347  533  
348  533  
349  533  
350  533  
351  533  
352  533  
353  533  
354  533  
355  533  
356  533  
357  533  
358  533  
359  533  
360  533  
361  533  
379  532  
380  532  
385  532  
386  532  
381  533  
382  533  
383  533  
384  533  
387  533  
388  533  
389  533  
390  533  
391  533  
392  533  
393  533  
394  533  
395  533  
396  533  
397  533  
398  533  
399  533  
400  533  
401  533  
402  533  
403  533  
404  533  
405  533  
406  533  
407  533  
408  533  
409  533  
410  533  
411  533  
412  533  
413  533  
414  533  
415  533  
416  533  
417  533  
418  533  
419  533  
420  533  
421  533  
422  533  
423  533  
424  533  
425  533  
426  533  
427  533  
428  533  
429  533  
430  533  
431  533  
432  533  
433  533  
434  533  
435  533  
436  533  
437  533  
438  533  
439  533  
440  533  
32  539  
33  539  
34  539  
35  539  
36  539  
37  539  
38  539  
39  539  
40  539  
41  539  
42  539  
43  539  
44  539  
45  539  
46  539  
47  539  
48  539  
49  539  
50  539  
51  539  
52  539  
53  539  
54  539  
55  539  
56  539  
57  539  
58  539  
59  539  
60  539  
61  539  
62  539  
63  539  
64  539  
65  539  
66  539  
67  539  
68  539  
69  539  
70  539  
71  539  
72  539  
73  539  
74  539  
75  539  
76  539  
77  539  
78  539  
79  539  
80  539  
81  539  
82  539  
83  539  
84  539  
85  539  
86  539  
87  539  
88  539  
89  539  
90  539  
91  539  
92  539  
93  539  
94  539  
95  539  
96  540  
97  540  
98  540  
99  540  
106  539  
107  539  
108  539  
109  539  
110  539  
111  539  
112  539  
113  539  
114  539  
115  539  
116  539  
117  539  
118  539  
119  539  
120  539  
121  539  
122  539  
123  539  
124  539  
125  539  
126  539  
127  539  
128  539  
129  539  
130  539  
131  539  
132  539  
133  539  
134  539  
102  540  
103  540  
104  540  
105  540  
135  540  
136  540  
137  540  
138  540  
139  540  
140  540  
141  540  
142  540  
143  540  
144  540  
145  540  
146  540  
147  540  
148  540  
149  540  
150  540  
151  540  
152  540  
153  540  
154  540  
155  540  
156  540  
157  540  
158  540  
159  540  
160  540  
161  540  
162  540  
163  540  
164  540  
165  540  
166  540  
167  540  
168  540  
169  540  
170  540  
171  540  
172  540  
173  540  
174  540  
175  540  
176  540  
177  540  
178  540  
179  540  
180  540  
181  540  
182  540  
183  540  
184  540  
185  540  
186  540  
187  540  
188  540  
189  540  
190  540  
191  540  
192  540  
193  540  
194  540  
195  540  
196  540  
197  540  
198  540  
199  540  
200  540  
201  540  
202  541  
203  541  
204  541  
205  541  
206  541  
213  540  
214  540  
215  540  
216  540  
217  540  
218  540  
219  540  
220  540  
221  540  
222  540  
223  540  
224  540  
225  540  
226  540  
227  540  
228  540  
229  540  
230  540  
231  540  
232  540  
233  540  
234  540  
235  540  
236  540  
237  540  
238  540  
239  540  
240  540  
241  540  
242  540  
243  540  
244  540  
245  540  
246  540  
247  540  
248  540  
249  540  
250  540  
251  540  
252  540  
253  540  
254  540  
255  540  
256  540  
257  540  
258  540  
259  540  
260  540  
261  540  
262  540  
263  540  
264  540  
265  540  
208  541  
209  541  
210  541  
211  541  
212  541  
266  541  
267  541  
268  541  
269  541  
270  541  
283  541  
284  541  
285  541  
286  541  
287  541  
288  541  
289  541  
290  541  
291  541  
292  541  
293  541  
294  541  
295  541  
296  541  
297  541  
298  541  
299  541  
300  541  
301  541  
302  541  
303  541  
304  541  
305  541  
306  541  
307  541  
308  541  
309  541  
310  541  
311  541  
312  541  
313  541  
314  541  
315  541  
316  541  
317  541  
318  541  
319  541  
320  541  
321  542  
322  542  
323  542  
324  542  
325  542  
326  542  
327  542  
328  542  
329  542  
330  542  
331  542  
332  542  
333  542  
334  542  
335  542  
336  542  
337  542  
338  542  
339  542  
340  542  
341  542  
342  542  
343  542  
344  542  
345  542  
346  542  
347  542  
348  542  
349  542  
350  542  
351  542  
352  542  
353  542  
354  542  
355  542  
356  542  
357  542  
358  542  
359  542  
360  542  
361  542  
362  542  
363  542  
364  542  
365  542  
366  542  
367  542  
368  542  
369  542  
370  542  
371  542  
372  542  
373  542  
374  542  
375  542  
376  542  
377  542  
378  542  
379  542  
380  542  
381  542  
382  542  
383  542  
384  542  
385  542  
386  542  
387  542  
388  542  
389  542  
390  542  
391  542  
392  542  
393  542  
394  542  
395  542  
396  542  
397  542  
398  542  
399  543  
400  543  
401  543  
402  543  
403  543  
404  543  
405  543  
406  543  
407  543  
408  543  
409  543  
410  543  
411  543  
412  543  
413  543  
414  543  
415  543  
416  543  
417  543  
418  543  
419  543  
420  543  
421  543  
422  543  
423  543  
424  543  
425  543  
426  543  
427  543  
428  543  
429  543  
430  543  
431  543  
432  543  
433  543  
434  543  
435  543  
436  543  
437  543  
438  543  
439  543  
440  543  
441  543  
442  543  
443  544  
444  544  
445  544  
446  544  
447  544  
448  544  
372  550  
373  550  
374  550  
375  550  
376  550  
377  550  
378  550  
379  550  
380  550  
381  550  
382  550  
383  550  
384  550  
385  550  
386  550  
387  550  
388  550  
389  550  
390  550  
391  550  
392  551  
393  551  
394  551  
395  551  
396  551  
397  551  
398  551  
399  551  
400  551  
401  551  
402  551  
403  551  
404  551  
405  551  
406  551  
407  551  
408  551  
409  551  
410  551  
411  551  
412  551  
413  551  
414  551  
415  551  
416  552  
417  552  
418  552  
419  552  
368  564  
368  565  
369  566  
369  567  
370  568  
370  569  
370  570  
371  571  
371  572  
371  573  
372  574  
372  575  
372  576  
373  577  
373  578  
373  579  
374  580  
374  581  
375  582  
375  583  
375  584  
376  585  
376  586  
377  587  
377  588  
378  589  
378  590  
378  591  
379  592  
379  593  
380  594  
380  595  
380  596  
381  597  
381  598  
32  578  
33  578  
34  578  
35  578  
36  578  
37  578  
38  578  
39  578  
40  578  
41  578  
42  578  
43  578  
44  578  
45  578  
46  578  
47  578  
48  578  
49  578  
50  578  
51  578  
52  578  
53  578  
54  578  
55  578  
56  578  
57  578  
58  578  
59  578  
60  578  
61  578  
62  578  
63  578  
64  578  
65  578  
66  578  
67  578  
68  578  
69  578  
70  578  
71  578  
72  578  
73  578  
74  578  
75  578  
76  578  
77  578  
78  578  
79  578  
80  578  
81  578  
82  578  
83  578  
84  578  
85  578  
86  578  
87  578  
88  578  
89  578  
90  578  
91  578  
92  578  
93  578  
94  578  
95  578  
96  578  
97  578  
98  578  
99  578  
100  578  
101  578  
102  578  
103  578  
104  578  
105  578  
106  578  
107  578  
108  578  
109  578  
110  578  
111  578  
112  578  
113  578  
114  578  
115  578  
116  578  
117  578  
118  578  
119  578  
120  578  
121  578  
122  578  
123  578  
124  578  
125  578  
126  578  
127  578  
128  578  
129  578  
130  578  
131  578  
132  578  
133  578  
134  578  
135  578  
136  578  
137  578  
138  578  
139  578  
140  578  
141  578  
142  578  
143  578  
144  578  
145  578  
146  578  
147  578  
148  578  
149  578  
150  578  
151  578  
152  578  
153  578  
154  578  
155  578  
156  578  
157  578  
158  578  
159  578  
160  578  
161  578  
162  578  
163  578  
164  578  
165  578  
166  578  
167  578  
168  578  
169  578  
170  578  
171  578  
172  578  
173  578  
174  578  
175  578  
176  578  
177  578  
178  578  
179  578  
180  578  
181  578  
182  578  
183  578  
184  578  
185  578  
186  578  
187  578  
188  578  
189  578  
190  578  
191  578  
192  578  
193  578  
194  578  
195  578  
196  578  
197  578  
198  578  
199  578  
200  578  
201  578  
202  578  
203  578  
204  578  
205  578  
206  578  
207  578  
208  578  
209  578  
210  578  
211  578  
212  578  
213  578  
214  578  
215  578  
216  578  
217  578  
218  578  
219  578  
230  578  
231  578  
232  579  
233  579  
234  579  
235  579  
236  579  
237  579  
238  579  
239  579  
240  579  
241  579  
242  579  
243  579  
244  579  
245  579  
246  579  
247  579  
248  579  
249  579  
250  579  
251  579  
252  579  
253  579  
254  579  
255  579  
256  579  
257  579  
258  579  
259  579  
260  579  
261  579  
262  579  
263  579  
264  579  
265  579  
266  579  
267  579  
268  579  
269  579  
270  579  
271  579  
272  579  
273  579  
274  579  
275  579  
276  579  
277  579  
278  579  
279  579  
280  579  
281  579  
282  579  
283  579  
284  579  
285  579  
286  579  
287  579  
288  579  
289  579  
290  579  
291  579  
292  579  
293  579  
294  579  
295  579  
296  579  
297  579  
298  579  
299  579  
300  579  
301  579  
302  579  
303  579  
304  579  
305  579  
306  579  
307  579  
308  579  
309  579  
310  579  
311  579  
312  579  
313  579  
314  579  
315  579  
316  579  
317  579  
318  579  
319  579  
320  579  
321  579  
322  579  
323  579  
324  579  
325  579  
326  579  
327  579  
328  579  
329  579  
330  579  
331  579  
332  579  
333  579  
334  579  
335  579  
336  579  
337  579  
338  579  
339  579  
340  579  
341  579  
342  579  
343  579  
344  579  
345  579  
346  579  
347  579  
348  579  
349  579  
350  579  
351  579  
352  579  
