176  
28  26  20  33  76  65  23  33  152  41  21  40  39  20  20  72  64  61  57  57  55  56  124  41  45  29  317  96  77  31  76  98  68  109  62  25  65  61  62  22  21  61  20  64  33  27  48  42  52  104  59  65  55  27  52  20  42  47  40  54  33  20  26  27  27  35  28  203  21  54  35  23  68  44  21  55  26  165  32  47  22  57  55  55  54  57  59  54  53  53  50  25  33  52  89  123  120  57  20  47  34  29  30  54  66  45  30  46  40  35  33  20  52  84  33  27  23  45  49  47  25  70  56  30  65  40  70  42  135  62  55  58  59  45  130  24  45  20  23  35  62  53  24  38  59  58  28  47  59  65  60  44  41  27  45  35  22  27  20  35  23  38  48  24  40  33  78  34  28  21  30  38  54  29  39  26  
394  34  
395  34  
399  34  
400  34  
401  34  
402  34  
403  34  
404  34  
405  34  
406  34  
407  34  
408  34  
409  34  
410  34  
411  34  
412  34  
416  34  
396  35  
397  35  
398  35  
413  35  
414  35  
415  35  
417  35  
418  35  
419  35  
420  35  
421  35  
379  40  
379  41  
378  42  
378  43  
378  44  
378  45  
378  46  
378  47  
378  48  
378  49  
378  50  
378  51  
378  52  
378  53  
378  54  
378  55  
378  56  
378  57  
378  58  
378  59  
378  60  
378  61  
378  62  
378  63  
378  64  
377  65  
329  65  
330  66  
330  67  
330  68  
330  69  
330  70  
330  71  
330  72  
330  73  
330  74  
330  75  
330  76  
330  77  
330  78  
330  79  
330  80  
330  81  
330  82  
330  83  
330  84  
384  68  
385  68  
386  68  
387  68  
388  68  
389  68  
390  68  
391  68  
392  68  
393  68  
394  68  
395  68  
396  68  
398  68  
399  68  
381  69  
382  69  
383  69  
397  69  
400  69  
401  69  
402  69  
403  69  
404  69  
405  69  
406  69  
407  69  
408  69  
409  69  
410  69  
411  69  
412  69  
413  69  
378  72  
379  73  
379  74  
379  75  
379  76  
379  77  
379  78  
379  79  
379  80  
379  81  
379  82  
379  83  
379  84  
379  85  
379  86  
379  87  
379  88  
379  89  
379  90  
379  91  
379  92  
379  93  
379  94  
379  95  
379  96  
379  97  
379  98  
379  99  
379  100  
378  101  
378  102  
379  103  
379  104  
379  105  
378  106  
378  107  
378  108  
378  109  
378  110  
378  111  
378  112  
378  113  
378  114  
378  115  
378  116  
378  117  
378  118  
378  119  
378  120  
378  121  
378  122  
378  123  
378  124  
378  125  
378  126  
378  127  
378  128  
378  129  
378  130  
378  131  
378  132  
378  133  
378  134  
378  135  
378  136  
378  137  
378  138  
378  139  
378  140  
378  141  
379  142  
379  143  
379  144  
379  145  
379  146  
379  147  
385  74  
385  75  
385  76  
385  77  
385  78  
385  79  
385  80  
385  81  
385  82  
385  83  
385  84  
385  85  
385  86  
385  87  
385  88  
385  89  
385  90  
385  91  
385  92  
385  93  
385  94  
385  95  
385  96  
385  97  
385  98  
385  99  
385  100  
385  101  
385  102  
385  103  
385  104  
385  105  
385  106  
385  107  
385  108  
385  109  
385  110  
385  111  
385  112  
385  113  
385  114  
385  115  
385  116  
385  117  
385  118  
385  119  
385  120  
385  121  
385  122  
385  123  
385  124  
385  125  
385  126  
385  127  
385  128  
385  129  
385  130  
385  131  
385  132  
385  133  
385  134  
385  135  
385  136  
385  137  
386  138  
297  85  
298  85  
299  85  
300  85  
301  85  
302  85  
303  85  
304  85  
305  85  
306  85  
307  85  
308  85  
309  85  
310  85  
311  85  
312  85  
313  85  
314  85  
315  85  
316  85  
317  85  
318  85  
319  85  
388  90  
388  91  
388  92  
388  93  
388  94  
388  95  
388  96  
388  97  
388  98  
388  99  
388  100  
388  101  
388  102  
388  103  
388  104  
388  105  
388  106  
388  107  
388  108  
388  109  
388  110  
388  111  
388  112  
388  113  
388  114  
388  115  
388  116  
388  117  
388  118  
388  119  
388  120  
388  121  
388  122  
422  90  
422  91  
423  92  
423  93  
423  94  
423  95  
423  96  
423  97  
423  98  
423  99  
423  100  
423  101  
423  102  
423  103  
423  104  
423  105  
423  106  
423  107  
423  108  
423  109  
423  110  
423  111  
423  112  
423  113  
423  114  
423  115  
423  116  
423  117  
423  118  
423  119  
423  120  
423  121  
423  122  
423  123  
423  124  
423  125  
423  126  
423  127  
423  128  
423  129  
423  130  
423  131  
423  132  
423  133  
423  134  
423  135  
423  136  
423  137  
423  138  
423  139  
423  140  
423  141  
423  142  
423  143  
423  144  
423  145  
423  146  
423  147  
423  148  
423  149  
423  150  
423  151  
423  152  
423  153  
423  154  
423  155  
423  156  
423  157  
423  158  
423  159  
423  160  
423  161  
423  162  
423  163  
423  164  
423  165  
423  166  
423  167  
423  168  
423  169  
423  170  
423  171  
423  172  
423  173  
423  174  
423  175  
423  176  
423  177  
423  178  
423  179  
423  180  
423  181  
423  182  
423  183  
423  184  
423  185  
423  186  
423  187  
423  188  
423  189  
423  190  
423  191  
423  192  
423  193  
423  194  
423  195  
423  196  
423  197  
423  198  
423  199  
423  200  
423  201  
423  202  
423  203  
423  204  
423  205  
423  206  
423  207  
423  208  
423  209  
423  210  
423  211  
423  212  
423  213  
423  214  
423  215  
423  216  
423  217  
423  218  
423  219  
423  220  
423  221  
423  222  
423  223  
423  224  
423  225  
423  226  
423  227  
423  228  
423  229  
423  230  
423  231  
423  232  
423  233  
423  234  
423  235  
423  236  
423  237  
423  238  
423  239  
423  240  
423  241  
394  92  
394  93  
394  94  
394  95  
394  96  
394  97  
394  98  
394  99  
394  100  
394  101  
394  102  
394  103  
394  104  
394  105  
394  106  
394  107  
394  108  
394  109  
394  110  
394  111  
394  112  
394  113  
394  114  
394  115  
394  116  
394  117  
394  118  
394  119  
394  120  
394  121  
394  122  
394  123  
394  124  
394  125  
394  126  
394  127  
394  128  
394  129  
394  130  
394  131  
394  132  
391  93  
391  94  
391  95  
391  96  
391  97  
391  98  
391  99  
391  100  
391  101  
391  102  
391  103  
391  104  
391  105  
391  106  
391  107  
391  108  
391  109  
391  110  
391  111  
391  112  
391  113  
414  95  
414  96  
414  97  
414  98  
414  99  
414  100  
414  101  
414  102  
414  103  
414  104  
414  105  
414  106  
414  107  
414  108  
414  109  
414  110  
414  111  
414  112  
414  113  
414  114  
414  115  
414  116  
414  117  
414  118  
414  119  
414  120  
414  121  
414  122  
414  123  
414  124  
414  125  
414  126  
414  127  
414  128  
414  129  
414  130  
414  131  
414  132  
414  133  
414  134  
399  98  
399  99  
399  100  
399  101  
399  102  
399  103  
399  104  
399  105  
399  106  
399  107  
399  108  
399  109  
399  110  
399  111  
399  112  
399  113  
399  114  
399  115  
399  116  
399  117  
399  118  
399  119  
399  120  
399  121  
399  122  
399  123  
399  124  
399  125  
399  126  
399  127  
399  128  
399  129  
399  130  
399  131  
399  132  
399  133  
399  134  
399  135  
399  136  
402  98  
402  99  
402  100  
402  101  
402  102  
402  103  
402  104  
402  105  
402  106  
402  107  
402  108  
402  109  
402  110  
402  111  
402  112  
402  113  
402  114  
402  115  
402  116  
402  117  
327  118  
327  119  
327  120  
327  121  
326  122  
326  123  
326  124  
326  125  
326  126  
326  127  
326  128  
326  129  
326  130  
326  131  
325  132  
325  133  
325  134  
325  135  
325  136  
325  137  
386  144  
385  145  
385  146  
385  147  
385  148  
385  149  
385  150  
385  151  
385  152  
385  153  
385  154  
385  155  
385  156  
385  157  
385  158  
385  159  
385  160  
385  161  
385  162  
385  163  
385  164  
385  165  
385  166  
385  167  
385  168  
385  169  
385  170  
385  171  
385  172  
385  173  
385  174  
385  175  
385  176  
385  177  
385  178  
385  179  
385  180  
385  181  
385  182  
385  183  
385  184  
385  185  
385  186  
385  187  
385  188  
385  189  
385  190  
385  191  
385  192  
385  193  
385  194  
385  195  
385  196  
385  197  
385  198  
385  199  
385  200  
385  201  
385  202  
385  203  
385  204  
385  205  
385  206  
385  207  
385  208  
385  209  
385  210  
386  211  
387  211  
388  211  
389  211  
390  211  
405  144  
404  145  
404  146  
404  147  
404  148  
404  149  
404  150  
404  151  
404  152  
404  153  
404  154  
404  155  
404  156  
404  157  
404  158  
404  159  
404  160  
404  161  
404  162  
404  163  
404  164  
404  165  
404  166  
404  167  
404  168  
404  169  
404  170  
404  171  
404  172  
404  173  
404  174  
404  175  
404  176  
404  177  
404  178  
404  179  
404  180  
404  181  
404  182  
404  183  
404  184  
404  185  
404  186  
404  187  
404  188  
404  189  
404  190  
404  191  
404  192  
404  193  
404  194  
404  195  
404  196  
404  197  
404  198  
404  199  
404  200  
404  201  
404  202  
404  203  
404  204  
404  205  
404  206  
404  207  
407  144  
407  145  
408  146  
408  147  
408  148  
408  149  
408  150  
408  151  
408  152  
408  153  
408  154  
408  155  
408  156  
408  157  
408  158  
408  159  
408  160  
408  161  
408  162  
408  163  
408  164  
408  165  
408  166  
408  167  
408  168  
408  169  
408  170  
408  171  
408  172  
408  173  
408  174  
408  175  
408  176  
408  177  
408  178  
408  179  
408  180  
408  181  
408  182  
408  183  
408  184  
408  185  
408  186  
408  187  
408  188  
408  189  
408  190  
408  191  
408  192  
408  193  
408  194  
408  195  
408  196  
408  197  
408  198  
408  199  
408  200  
408  201  
408  202  
408  203  
408  204  
394  151  
394  152  
394  153  
394  154  
394  155  
394  156  
394  157  
394  158  
394  159  
394  160  
394  161  
394  162  
394  163  
394  164  
394  165  
394  166  
394  167  
394  168  
394  169  
394  170  
394  171  
394  172  
394  173  
394  174  
394  175  
394  176  
394  177  
394  178  
394  179  
394  180  
394  181  
394  182  
394  183  
394  184  
394  185  
394  186  
394  187  
394  188  
394  189  
394  190  
394  191  
394  192  
394  193  
394  194  
394  195  
394  196  
394  197  
394  198  
394  199  
394  200  
394  201  
394  202  
394  203  
394  204  
394  205  
394  206  
394  207  
399  151  
399  152  
399  153  
399  154  
399  155  
399  156  
399  157  
399  158  
399  159  
399  160  
399  161  
399  162  
399  163  
399  164  
399  165  
399  166  
399  167  
399  168  
399  169  
399  170  
399  171  
399  172  
399  173  
399  174  
399  175  
399  176  
399  177  
399  178  
399  179  
399  180  
399  181  
399  182  
399  183  
399  184  
399  185  
399  186  
399  187  
399  188  
399  189  
399  190  
399  191  
399  192  
399  193  
399  194  
399  195  
399  196  
399  197  
399  198  
399  199  
399  200  
399  201  
399  202  
399  203  
399  204  
399  205  
399  206  
399  207  
414  151  
414  152  
414  153  
414  154  
414  155  
414  156  
414  157  
414  158  
414  159  
414  160  
414  161  
414  162  
414  163  
414  164  
414  165  
414  166  
414  167  
414  168  
414  169  
414  170  
414  171  
414  172  
414  173  
414  174  
414  175  
414  176  
414  177  
414  178  
414  179  
414  180  
414  181  
414  182  
414  183  
414  184  
414  185  
414  186  
414  187  
414  188  
414  189  
414  190  
414  191  
414  192  
414  193  
414  194  
414  195  
414  196  
414  197  
414  198  
414  199  
414  200  
414  201  
414  202  
414  203  
414  204  
414  205  
402  152  
402  153  
402  154  
402  155  
402  156  
402  157  
402  158  
402  159  
402  160  
402  161  
402  162  
402  163  
402  164  
402  165  
402  166  
402  167  
402  168  
402  169  
402  170  
402  171  
402  172  
402  173  
402  174  
402  175  
402  176  
402  177  
402  178  
402  179  
402  180  
402  181  
402  182  
402  183  
402  184  
402  185  
402  186  
402  187  
402  188  
402  189  
402  190  
402  191  
402  192  
402  193  
402  194  
402  195  
402  196  
402  197  
402  198  
402  199  
402  200  
402  201  
402  202  
402  203  
402  204  
402  205  
402  206  
402  207  
379  153  
379  154  
379  155  
379  156  
379  157  
379  158  
379  159  
379  160  
379  161  
379  162  
379  163  
379  164  
379  165  
379  166  
379  167  
379  168  
379  169  
379  170  
379  171  
379  172  
379  173  
379  174  
378  175  
378  176  
378  177  
378  178  
378  179  
378  180  
378  181  
378  182  
378  183  
378  184  
378  185  
378  186  
378  187  
378  188  
378  189  
378  190  
378  191  
378  192  
378  193  
378  194  
378  195  
378  196  
378  197  
378  198  
378  199  
378  200  
378  201  
378  202  
378  203  
378  204  
378  205  
378  206  
378  207  
378  208  
378  209  
378  210  
378  211  
378  212  
378  213  
378  214  
378  215  
378  216  
378  217  
378  218  
378  219  
378  220  
378  221  
378  222  
378  223  
378  224  
378  225  
378  226  
378  227  
378  228  
378  229  
378  230  
378  231  
378  232  
378  233  
378  234  
378  235  
378  236  
378  237  
378  238  
378  239  
378  240  
378  241  
378  242  
378  243  
378  244  
378  245  
378  246  
378  247  
378  248  
378  249  
378  250  
378  251  
378  252  
378  253  
378  254  
378  255  
378  256  
378  257  
378  258  
378  259  
378  260  
378  261  
378  262  
378  263  
378  264  
378  265  
378  266  
378  267  
378  268  
378  269  
378  270  
378  271  
378  272  
378  273  
378  274  
378  275  
378  276  
388  160  
389  161  
389  162  
389  163  
389  164  
388  165  
388  166  
388  167  
388  168  
388  169  
388  170  
388  171  
388  172  
388  173  
388  174  
388  175  
388  176  
388  177  
388  178  
388  179  
388  180  
388  181  
388  182  
388  183  
388  184  
388  185  
388  186  
388  187  
388  188  
388  189  
388  190  
388  191  
388  192  
388  193  
388  194  
388  195  
388  196  
388  197  
388  198  
388  199  
388  200  
391  164  
391  165  
391  166  
391  167  
391  168  
391  169  
391  170  
391  171  
391  172  
391  173  
391  174  
391  175  
391  176  
391  177  
391  178  
391  179  
391  180  
391  181  
391  182  
391  183  
391  184  
391  185  
391  186  
391  187  
391  188  
391  189  
391  190  
391  191  
391  192  
391  193  
391  194  
391  195  
391  196  
391  197  
391  198  
391  199  
391  200  
391  201  
391  202  
391  203  
391  204  
391  205  
391  206  
391  207  
391  208  
312  175  
313  175  
314  175  
315  175  
316  175  
317  175  
318  175  
319  175  
320  175  
321  175  
322  175  
323  175  
324  175  
325  175  
326  175  
327  175  
328  175  
329  175  
330  175  
331  175  
332  175  
333  175  
334  175  
335  175  
336  175  
337  175  
338  175  
339  175  
340  175  
204  190  
204  191  
204  192  
204  193  
204  194  
204  195  
204  196  
204  197  
204  198  
204  199  
204  200  
204  201  
204  202  
204  203  
204  204  
204  205  
204  206  
204  207  
204  208  
203  209  
203  210  
203  211  
203  212  
203  213  
203  214  
203  215  
203  216  
203  217  
203  218  
203  219  
203  220  
203  221  
203  222  
203  223  
203  224  
203  225  
203  226  
203  227  
203  228  
203  229  
203  230  
203  231  
203  232  
204  233  
204  234  
204  235  
204  236  
204  237  
204  238  
204  239  
204  240  
204  241  
204  242  
204  243  
204  244  
204  245  
204  246  
204  247  
204  248  
204  249  
204  250  
204  251  
204  252  
204  253  
204  254  
204  255  
204  256  
204  257  
204  258  
204  259  
204  260  
204  261  
204  262  
204  263  
204  264  
204  265  
204  266  
204  267  
204  268  
204  269  
204  270  
204  271  
204  272  
204  273  
204  274  
204  275  
204  276  
204  277  
204  278  
204  279  
204  280  
204  281  
204  282  
204  283  
204  284  
204  285  
204  286  
204  287  
204  288  
204  289  
204  290  
204  291  
204  292  
204  293  
204  294  
204  295  
204  296  
204  297  
204  298  
204  299  
204  300  
204  301  
204  302  
204  303  
204  304  
204  305  
204  306  
204  307  
204  308  
204  309  
204  310  
204  311  
204  312  
204  313  
204  314  
204  315  
204  316  
204  317  
204  318  
204  319  
204  320  
204  321  
204  322  
204  323  
204  324  
204  325  
204  326  
204  327  
204  328  
204  329  
204  330  
204  331  
204  332  
204  333  
204  334  
204  335  
204  336  
204  337  
204  338  
204  339  
204  340  
204  341  
204  342  
204  343  
204  344  
204  345  
204  346  
204  347  
204  348  
204  349  
204  350  
204  351  
204  352  
204  353  
204  354  
204  355  
204  356  
204  357  
204  358  
204  359  
204  360  
204  361  
204  362  
204  363  
204  364  
204  365  
204  366  
205  367  
205  368  
205  369  
205  370  
205  371  
205  372  
205  373  
205  374  
205  375  
205  376  
205  377  
205  378  
205  379  
205  380  
205  381  
205  382  
205  383  
205  384  
205  385  
205  386  
205  387  
205  388  
205  389  
205  390  
205  391  
205  392  
205  393  
205  394  
205  395  
205  396  
205  397  
205  398  
205  399  
205  400  
205  401  
205  402  
205  403  
205  404  
205  405  
205  406  
205  407  
205  408  
205  409  
205  410  
205  411  
205  412  
205  413  
205  414  
205  415  
205  416  
205  417  
205  418  
205  419  
205  420  
205  421  
205  422  
205  423  
205  424  
205  425  
205  426  
205  427  
205  428  
205  429  
205  430  
205  431  
205  432  
205  433  
205  434  
205  435  
205  436  
205  437  
205  438  
205  439  
205  440  
205  441  
205  442  
205  443  
205  444  
205  445  
205  446  
205  447  
205  448  
205  449  
205  450  
205  451  
205  452  
205  453  
205  454  
205  455  
205  456  
205  457  
205  458  
205  459  
205  460  
205  461  
205  462  
205  463  
205  464  
205  465  
205  466  
205  467  
205  468  
205  469  
205  470  
205  471  
205  472  
205  473  
205  474  
205  475  
205  476  
205  477  
205  478  
205  479  
205  480  
205  481  
205  482  
205  483  
205  484  
205  485  
205  486  
205  487  
205  488  
205  489  
205  490  
205  491  
205  492  
205  493  
205  494  
205  495  
205  496  
205  497  
205  498  
205  499  
205  500  
205  501  
205  502  
205  503  
205  504  
206  505  
206  506  
180  204  
180  205  
180  206  
180  207  
180  208  
180  209  
180  210  
180  211  
180  212  
180  213  
180  214  
180  215  
180  216  
180  217  
180  218  
180  219  
180  220  
180  221  
180  222  
180  223  
180  224  
180  225  
180  226  
180  227  
180  228  
180  229  
180  230  
180  231  
180  232  
180  233  
180  234  
180  235  
180  236  
180  237  
180  238  
180  239  
180  240  
180  241  
180  242  
180  243  
180  244  
180  245  
180  246  
180  247  
180  248  
180  249  
180  250  
180  251  
180  252  
180  253  
180  254  
180  255  
180  256  
180  257  
180  258  
180  259  
180  260  
180  261  
180  262  
180  263  
180  264  
180  265  
180  266  
180  267  
180  268  
180  269  
180  270  
180  271  
180  272  
180  273  
180  274  
180  275  
180  276  
180  277  
180  278  
180  279  
180  280  
180  281  
180  282  
180  283  
180  284  
180  285  
180  286  
180  287  
180  288  
180  289  
180  290  
180  291  
180  292  
180  293  
180  294  
180  295  
180  296  
180  297  
180  298  
180  299  
198  205  
199  206  
199  207  
199  208  
199  209  
199  210  
199  211  
199  212  
199  213  
199  214  
199  215  
199  216  
199  217  
199  218  
199  219  
199  220  
199  221  
199  222  
199  223  
199  224  
199  225  
199  226  
199  227  
199  228  
199  229  
199  230  
199  231  
199  232  
199  233  
199  234  
199  235  
199  236  
199  237  
199  238  
199  239  
199  240  
199  241  
199  242  
199  243  
199  244  
199  245  
199  246  
199  247  
199  248  
199  249  
199  250  
199  251  
199  252  
199  253  
199  254  
199  255  
199  256  
199  257  
199  258  
199  259  
199  260  
199  261  
199  262  
199  263  
199  264  
199  265  
199  266  
199  267  
199  268  
199  269  
199  270  
199  271  
199  272  
199  273  
199  274  
199  275  
199  276  
199  277  
199  278  
199  279  
199  280  
199  281  
348  212  
349  213  
349  214  
349  215  
349  216  
349  217  
349  218  
349  219  
349  220  
349  221  
349  222  
349  223  
349  224  
349  225  
349  226  
349  227  
349  228  
349  229  
349  230  
349  231  
349  232  
349  233  
349  234  
349  235  
349  236  
349  237  
349  238  
349  239  
349  240  
349  241  
349  242  
98  214  
98  215  
98  216  
98  217  
98  218  
98  219  
98  220  
98  221  
98  222  
98  223  
98  224  
98  225  
98  226  
98  227  
98  228  
98  229  
98  230  
98  231  
98  232  
98  233  
98  234  
98  235  
98  236  
98  237  
98  238  
98  239  
98  240  
98  241  
98  242  
98  243  
98  244  
98  245  
98  246  
98  247  
98  248  
98  249  
98  250  
98  251  
98  252  
98  253  
98  254  
98  255  
98  256  
98  257  
98  258  
98  259  
98  260  
98  261  
98  262  
98  263  
98  264  
98  265  
98  266  
98  267  
98  268  
98  269  
98  270  
98  271  
98  272  
98  273  
98  274  
98  275  
98  276  
98  277  
98  278  
98  279  
98  280  
98  281  
98  282  
98  283  
98  284  
98  285  
98  286  
98  287  
98  288  
99  289  
106  214  
106  215  
106  216  
106  217  
106  218  
106  219  
106  220  
106  221  
106  222  
106  223  
105  224  
105  225  
105  226  
105  227  
105  228  
105  229  
105  230  
105  231  
105  232  
105  233  
105  234  
105  235  
105  236  
105  237  
105  238  
105  239  
105  240  
105  241  
105  242  
105  243  
105  244  
106  245  
106  246  
106  247  
106  248  
106  249  
106  250  
106  251  
106  252  
106  253  
106  254  
106  255  
106  256  
106  257  
106  258  
106  259  
106  260  
106  261  
106  262  
106  263  
106  264  
106  265  
106  266  
106  267  
106  268  
106  269  
106  270  
106  271  
106  272  
106  273  
106  274  
106  275  
106  276  
106  277  
106  278  
106  279  
106  280  
106  281  
106  282  
106  283  
106  284  
106  285  
106  286  
106  287  
106  288  
106  289  
106  290  
106  291  
106  292  
106  293  
106  294  
106  295  
106  296  
106  297  
106  298  
106  299  
106  300  
106  301  
106  302  
106  303  
106  304  
106  305  
106  306  
106  307  
106  308  
106  309  
106  310  
106  311  
399  215  
399  216  
399  217  
399  218  
399  219  
399  220  
399  221  
399  222  
399  223  
399  224  
399  225  
399  226  
399  227  
399  228  
399  229  
399  230  
399  231  
399  232  
399  233  
399  234  
399  235  
399  236  
399  237  
399  238  
399  239  
399  240  
399  241  
399  242  
399  243  
399  244  
399  245  
399  246  
399  247  
399  248  
399  249  
399  250  
399  251  
399  252  
399  253  
399  254  
399  255  
399  256  
399  257  
399  258  
399  259  
399  260  
399  261  
399  262  
399  263  
399  264  
399  265  
399  266  
399  267  
399  268  
399  269  
399  270  
399  271  
399  272  
399  273  
399  274  
399  275  
399  276  
399  277  
399  278  
399  279  
399  280  
399  281  
399  282  
355  216  
355  217  
355  218  
356  219  
356  220  
356  221  
356  222  
356  223  
356  224  
356  225  
356  226  
356  227  
356  228  
356  229  
356  230  
356  231  
356  232  
356  233  
356  234  
356  235  
356  236  
356  237  
356  238  
356  239  
356  240  
356  241  
356  242  
356  243  
356  244  
356  245  
356  246  
356  247  
356  248  
356  249  
356  250  
356  251  
356  252  
356  253  
356  254  
356  255  
356  256  
356  257  
356  258  
356  259  
356  260  
356  261  
356  262  
356  263  
356  264  
356  265  
356  266  
356  267  
356  268  
356  269  
356  270  
356  271  
356  272  
356  273  
356  274  
356  275  
356  276  
356  277  
356  278  
356  279  
356  280  
356  281  
356  282  
356  283  
356  284  
356  285  
356  286  
356  287  
356  288  
356  289  
356  290  
356  291  
356  292  
356  293  
356  294  
356  295  
356  296  
355  297  
355  298  
355  299  
355  300  
355  301  
355  302  
355  303  
355  304  
355  305  
355  306  
355  307  
355  308  
355  309  
355  310  
355  311  
356  312  
356  313  
356  314  
356  315  
356  316  
356  317  
356  318  
356  319  
357  320  
357  321  
357  322  
357  323  
357  324  
385  216  
385  217  
385  218  
385  219  
385  220  
385  221  
385  222  
385  223  
385  224  
385  225  
385  226  
385  227  
385  228  
385  229  
385  230  
385  231  
385  232  
385  233  
385  234  
385  235  
385  236  
385  237  
385  238  
385  239  
385  240  
385  241  
385  242  
385  243  
385  244  
385  245  
385  246  
385  247  
385  248  
385  249  
385  250  
385  251  
385  252  
385  253  
385  254  
385  255  
385  256  
385  257  
385  258  
385  259  
385  260  
385  261  
385  262  
385  263  
385  264  
385  265  
385  266  
385  267  
385  268  
385  269  
385  270  
385  271  
385  272  
385  273  
385  274  
385  275  
385  276  
385  277  
345  217  
345  218  
345  219  
345  220  
345  221  
345  222  
345  223  
345  224  
345  225  
345  226  
345  227  
345  228  
345  229  
345  230  
345  231  
345  232  
345  233  
345  234  
345  235  
345  236  
345  237  
345  238  
345  239  
345  240  
345  241  
402  218  
402  219  
402  220  
402  221  
402  222  
402  223  
402  224  
402  225  
402  226  
402  227  
402  228  
402  229  
402  230  
402  231  
402  232  
402  233  
402  234  
402  235  
402  236  
402  237  
402  238  
402  239  
402  240  
402  241  
402  242  
402  243  
402  244  
402  245  
402  246  
402  247  
402  248  
402  249  
402  250  
402  251  
402  252  
402  253  
402  254  
402  255  
402  256  
402  257  
402  258  
402  259  
402  260  
402  261  
402  262  
402  263  
402  264  
402  265  
402  266  
402  267  
402  268  
402  269  
402  270  
402  271  
402  272  
402  273  
402  274  
402  275  
402  276  
402  277  
402  278  
402  279  
402  280  
402  281  
402  282  
414  218  
414  219  
414  220  
414  221  
414  222  
414  223  
414  224  
414  225  
414  226  
414  227  
414  228  
414  229  
414  230  
414  231  
414  232  
414  233  
414  234  
414  235  
414  236  
414  237  
414  238  
414  239  
414  240  
414  241  
414  242  
414  243  
414  244  
414  245  
414  246  
414  247  
414  248  
414  249  
414  250  
414  251  
414  252  
414  253  
414  254  
414  255  
414  256  
414  257  
414  258  
414  259  
414  260  
414  261  
414  262  
414  263  
414  264  
414  265  
414  266  
414  267  
414  268  
414  269  
414  270  
414  271  
414  272  
414  273  
414  274  
414  275  
414  276  
414  277  
414  278  
394  219  
394  220  
394  221  
394  222  
394  223  
394  224  
394  225  
394  226  
394  227  
394  228  
394  229  
394  230  
394  231  
394  232  
394  233  
394  234  
394  235  
394  236  
394  237  
394  238  
394  239  
394  240  
394  241  
394  242  
394  243  
394  244  
394  245  
394  246  
394  247  
394  248  
394  249  
394  250  
394  251  
394  252  
394  253  
394  254  
394  255  
394  256  
394  257  
394  258  
394  259  
394  260  
394  261  
394  262  
394  263  
394  264  
394  265  
394  266  
394  267  
394  268  
394  269  
394  270  
394  271  
394  272  
394  273  
394  274  
394  275  
394  276  
394  277  
394  278  
394  279  
394  280  
130  220  
131  220  
132  220  
133  220  
134  220  
135  220  
136  220  
137  220  
138  220  
139  220  
140  220  
141  220  
142  220  
143  220  
144  220  
145  220  
146  220  
147  220  
150  220  
151  220  
148  221  
149  221  
335  220  
335  221  
335  222  
335  223  
335  224  
335  225  
335  226  
335  227  
335  228  
335  229  
335  230  
335  231  
335  232  
335  233  
335  234  
335  235  
335  236  
335  237  
335  238  
335  239  
335  240  
408  222  
408  223  
408  224  
408  225  
408  226  
408  227  
408  228  
408  229  
408  230  
408  231  
408  232  
408  233  
408  234  
408  235  
408  236  
408  237  
408  238  
408  239  
408  240  
408  241  
408  242  
408  243  
408  244  
408  245  
408  246  
408  247  
408  248  
408  249  
408  250  
408  251  
408  252  
408  253  
408  254  
408  255  
408  256  
408  257  
408  258  
408  259  
408  260  
408  261  
408  262  
408  263  
408  264  
408  265  
408  266  
408  267  
408  268  
408  269  
408  270  
408  271  
408  272  
408  273  
408  274  
408  275  
408  276  
408  277  
408  278  
408  279  
408  280  
408  281  
408  282  
339  223  
339  224  
339  225  
339  226  
339  227  
339  228  
339  229  
339  230  
339  231  
339  232  
339  233  
339  234  
339  235  
339  236  
339  237  
339  238  
339  239  
339  240  
339  241  
338  242  
360  230  
360  231  
360  232  
360  233  
360  234  
360  235  
360  236  
360  237  
360  238  
360  239  
360  240  
360  241  
360  242  
360  243  
360  244  
360  245  
360  246  
360  247  
360  248  
360  249  
360  250  
360  251  
360  252  
360  253  
360  254  
360  255  
360  256  
360  257  
360  258  
360  259  
360  260  
360  261  
360  262  
360  263  
360  264  
360  265  
360  266  
360  267  
360  268  
360  269  
360  270  
360  271  
360  272  
360  273  
360  274  
360  275  
360  276  
360  277  
360  278  
360  279  
360  280  
360  281  
360  282  
360  283  
360  284  
360  285  
360  286  
360  287  
360  288  
360  289  
360  290  
360  291  
360  292  
360  293  
389  230  
389  231  
389  232  
389  233  
389  234  
389  235  
389  236  
389  237  
389  238  
389  239  
389  240  
389  241  
389  242  
389  243  
389  244  
389  245  
389  246  
389  247  
389  248  
389  249  
389  250  
389  251  
389  252  
389  253  
389  254  
389  255  
389  256  
388  257  
388  258  
388  259  
388  260  
388  261  
388  262  
155  232  
155  233  
155  234  
155  235  
155  236  
155  237  
155  238  
155  239  
155  240  
155  241  
155  242  
155  243  
155  244  
155  245  
155  246  
155  247  
155  248  
155  249  
155  250  
155  251  
155  252  
155  253  
155  254  
155  255  
155  256  
155  257  
155  258  
367  232  
367  233  
367  234  
367  235  
367  236  
367  237  
367  238  
367  239  
367  240  
367  241  
367  242  
367  243  
367  244  
367  245  
367  246  
367  247  
367  248  
367  249  
367  250  
367  251  
367  252  
367  253  
367  254  
367  255  
367  256  
367  257  
367  258  
367  259  
367  260  
367  261  
367  262  
367  263  
367  264  
367  265  
367  266  
367  267  
367  268  
367  269  
367  270  
367  271  
367  272  
367  273  
367  274  
367  275  
367  276  
367  277  
367  278  
367  279  
318  240  
318  241  
318  242  
318  243  
318  244  
319  245  
319  246  
319  247  
319  248  
319  249  
319  250  
319  251  
319  252  
319  253  
319  254  
319  255  
319  256  
319  257  
319  258  
319  259  
319  260  
319  261  
319  262  
319  263  
319  264  
319  265  
319  266  
319  267  
319  268  
319  269  
319  270  
319  271  
319  272  
319  273  
319  274  
319  275  
319  276  
319  277  
319  278  
319  279  
319  280  
319  281  
89  241  
89  242  
89  243  
89  244  
89  245  
88  246  
88  247  
88  248  
88  249  
88  250  
88  251  
87  252  
87  253  
87  254  
87  255  
87  256  
86  257  
86  258  
86  259  
86  260  
85  261  
85  262  
85  263  
85  264  
85  265  
84  266  
84  267  
84  268  
84  269  
83  270  
83  271  
83  272  
83  273  
82  274  
82  275  
82  276  
82  277  
82  278  
82  279  
81  280  
81  281  
81  282  
81  283  
81  284  
80  285  
80  286  
80  287  
80  288  
79  289  
79  290  
79  291  
79  292  
213  243  
213  244  
213  245  
213  246  
213  247  
213  248  
213  249  
213  250  
213  251  
213  252  
213  253  
213  254  
213  255  
213  256  
213  257  
213  258  
213  259  
213  260  
213  261  
212  262  
212  263  
212  264  
212  265  
212  266  
212  267  
212  268  
212  269  
212  270  
212  271  
212  272  
212  273  
212  274  
212  275  
212  276  
212  277  
212  278  
212  279  
212  280  
212  281  
212  282  
212  283  
212  284  
212  285  
212  286  
212  287  
213  288  
213  289  
213  290  
213  291  
213  292  
213  293  
213  294  
213  295  
213  296  
213  297  
213  298  
213  299  
213  300  
213  301  
213  302  
212  303  
212  304  
213  305  
213  306  
213  307  
212  308  
212  309  
212  310  
212  311  
212  312  
212  313  
212  314  
212  315  
212  316  
212  317  
212  318  
212  319  
212  320  
212  321  
212  322  
212  323  
212  324  
212  325  
212  326  
212  327  
212  328  
213  329  
213  330  
213  331  
213  332  
213  333  
213  334  
213  335  
213  336  
213  337  
213  338  
213  339  
213  340  
213  341  
213  342  
213  343  
213  344  
213  345  
213  346  
345  248  
345  249  
345  250  
345  251  
345  252  
345  253  
345  254  
345  255  
345  256  
345  257  
345  258  
345  259  
345  260  
345  261  
345  262  
345  263  
345  264  
345  265  
345  266  
345  267  
345  268  
345  269  
345  270  
345  271  
345  272  
345  273  
345  274  
345  275  
345  276  
345  277  
345  278  
345  279  
345  280  
345  281  
345  282  
345  283  
345  284  
345  285  
345  286  
345  287  
345  288  
345  289  
345  290  
345  291  
345  292  
345  293  
345  294  
345  295  
345  296  
345  297  
345  298  
345  299  
345  300  
345  301  
345  302  
345  303  
345  304  
345  305  
345  306  
329  249  
328  250  
328  251  
328  252  
328  253  
328  254  
328  255  
328  256  
328  257  
328  258  
328  259  
328  260  
328  261  
328  262  
328  263  
328  264  
328  265  
328  266  
328  267  
328  268  
328  269  
328  270  
328  271  
328  272  
328  273  
328  274  
328  275  
328  276  
328  277  
328  278  
328  279  
328  280  
328  281  
328  282  
328  283  
328  284  
328  285  
328  286  
328  287  
328  288  
328  289  
329  290  
329  291  
329  292  
329  293  
329  294  
329  295  
329  296  
329  297  
329  298  
329  299  
329  300  
329  301  
329  302  
329  303  
329  304  
329  305  
329  306  
329  307  
329  308  
329  309  
329  310  
329  311  
329  312  
329  313  
306  250  
305  251  
305  252  
305  253  
305  254  
305  255  
305  256  
305  257  
305  258  
305  259  
305  260  
305  261  
305  262  
305  263  
305  264  
305  265  
305  266  
305  267  
305  268  
305  269  
305  270  
305  271  
305  272  
305  273  
305  274  
305  275  
305  276  
305  277  
305  278  
305  279  
305  280  
305  281  
305  282  
305  283  
305  284  
305  285  
305  286  
305  287  
305  288  
305  289  
305  290  
305  291  
305  292  
305  293  
305  294  
305  295  
305  296  
305  297  
305  298  
305  299  
305  300  
305  301  
305  302  
305  303  
305  304  
423  254  
423  255  
423  256  
423  257  
423  258  
424  259  
424  260  
424  261  
424  262  
424  263  
424  264  
424  265  
424  266  
424  267  
424  268  
424  269  
424  270  
424  271  
424  272  
424  273  
424  274  
424  275  
424  276  
424  277  
423  278  
423  279  
423  280  
339  255  
339  256  
339  257  
338  258  
338  259  
338  260  
338  261  
338  262  
338  263  
338  264  
338  265  
338  266  
338  267  
338  268  
338  269  
338  270  
338  271  
338  272  
338  273  
338  274  
338  275  
338  276  
338  277  
338  278  
338  279  
338  280  
338  281  
338  282  
338  283  
338  284  
338  285  
338  286  
338  287  
338  288  
338  289  
338  290  
338  291  
338  292  
338  293  
338  294  
338  295  
338  296  
338  297  
338  298  
338  299  
338  300  
338  301  
338  302  
338  303  
338  304  
338  305  
338  306  
175  259  
175  260  
175  261  
175  262  
175  263  
175  264  
175  265  
175  266  
175  267  
176  268  
176  269  
176  270  
176  271  
176  272  
176  273  
176  274  
176  275  
176  276  
176  277  
176  278  
223  260  
223  261  
223  262  
223  263  
223  264  
223  265  
223  266  
223  267  
223  268  
223  269  
223  270  
223  271  
223  272  
223  273  
223  274  
223  275  
223  276  
223  277  
223  278  
223  279  
223  280  
223  281  
223  282  
223  283  
223  284  
223  285  
224  286  
224  287  
224  288  
224  289  
224  290  
224  291  
225  292  
225  293  
225  294  
225  295  
226  296  
226  297  
226  298  
226  299  
226  300  
227  301  
333  260  
333  261  
333  262  
333  263  
333  264  
333  265  
333  266  
333  267  
333  268  
333  269  
333  270  
333  271  
333  272  
333  273  
333  274  
333  275  
333  276  
333  277  
333  278  
333  279  
333  280  
333  281  
333  282  
333  283  
333  284  
333  285  
333  286  
333  287  
333  288  
333  289  
334  290  
334  291  
334  292  
334  293  
334  294  
334  295  
334  296  
334  297  
334  298  
334  299  
334  300  
334  301  
334  302  
334  303  
334  304  
334  305  
334  306  
117  261  
118  261  
119  261  
120  261  
121  261  
122  261  
123  261  
124  261  
125  261  
126  261  
127  261  
128  261  
129  261  
130  261  
131  261  
132  261  
133  261  
134  261  
135  261  
136  261  
137  261  
138  261  
139  261  
140  261  
141  261  
142  261  
143  261  
144  261  
145  261  
146  261  
147  261  
148  261  
149  261  
150  261  
151  261  
152  261  
153  261  
154  261  
155  261  
156  261  
314  261  
314  262  
314  263  
314  264  
314  265  
314  266  
314  267  
314  268  
314  269  
314  270  
314  271  
314  272  
314  273  
314  274  
314  275  
314  276  
314  277  
314  278  
314  279  
314  280  
314  281  
314  282  
314  283  
314  284  
314  285  
314  286  
314  287  
314  288  
314  289  
314  290  
314  291  
314  292  
314  293  
314  294  
314  295  
314  296  
314  297  
314  298  
314  299  
314  300  
314  301  
314  302  
314  303  
314  304  
314  305  
314  306  
314  307  
314  308  
314  309  
314  310  
314  311  
314  312  
314  313  
314  314  
216  262  
216  263  
216  264  
216  265  
216  266  
216  267  
216  268  
216  269  
216  270  
216  271  
216  272  
216  273  
216  274  
216  275  
216  276  
216  277  
216  278  
216  279  
216  280  
216  281  
216  282  
216  283  
217  284  
217  285  
217  286  
217  287  
217  288  
217  289  
217  290  
218  291  
218  292  
218  293  
218  294  
156  264  
156  265  
156  266  
157  267  
157  268  
157  269  
157  270  
157  271  
157  272  
157  273  
157  274  
157  275  
157  276  
157  277  
157  278  
157  279  
157  280  
157  281  
157  282  
157  283  
309  265  
309  266  
309  267  
309  268  
309  269  
309  270  
309  271  
309  272  
309  273  
309  274  
309  275  
309  276  
309  277  
309  278  
309  279  
309  280  
309  281  
309  282  
309  283  
309  284  
309  285  
309  286  
309  287  
309  288  
309  289  
309  290  
111  268  
111  269  
111  270  
111  271  
111  272  
111  273  
111  274  
111  275  
111  276  
111  277  
111  278  
111  279  
111  280  
111  281  
111  282  
111  283  
111  284  
111  285  
111  286  
111  287  
111  288  
111  289  
111  290  
111  291  
111  292  
111  293  
111  294  
163  268  
163  269  
163  270  
163  271  
163  272  
163  273  
163  274  
163  275  
163  276  
163  277  
163  278  
163  279  
163  280  
163  281  
163  282  
163  283  
163  284  
163  285  
163  286  
163  287  
163  288  
163  289  
163  290  
163  291  
163  292  
163  293  
163  294  
377  286  
377  287  
377  288  
377  289  
377  290  
377  291  
377  292  
377  293  
377  294  
377  295  
377  296  
377  297  
377  298  
377  299  
377  300  
377  301  
377  302  
377  303  
377  304  
377  305  
377  306  
377  307  
377  308  
377  309  
377  310  
377  311  
377  312  
377  313  
377  314  
377  315  
377  316  
376  317  
376  318  
376  319  
376  320  
318  287  
318  288  
318  289  
318  290  
318  291  
318  292  
318  293  
318  294  
318  295  
318  296  
318  297  
318  298  
318  299  
318  300  
318  301  
318  302  
318  303  
318  304  
318  305  
318  306  
318  307  
318  308  
318  309  
318  310  
318  311  
318  312  
318  313  
318  314  
199  288  
199  289  
199  290  
199  291  
199  292  
199  293  
199  294  
199  295  
199  296  
199  297  
199  298  
199  299  
199  300  
199  301  
199  302  
199  303  
199  304  
199  305  
199  306  
199  307  
199  308  
199  309  
199  310  
199  311  
199  312  
199  313  
199  314  
199  315  
199  316  
199  317  
199  318  
199  319  
199  320  
199  321  
199  322  
199  323  
199  324  
199  325  
199  326  
199  327  
199  328  
199  329  
199  330  
199  331  
199  332  
199  333  
199  334  
199  335  
199  336  
199  337  
199  338  
199  339  
199  340  
199  341  
199  342  
199  343  
199  344  
199  345  
199  346  
199  347  
199  348  
199  349  
199  350  
199  351  
199  352  
199  353  
199  354  
199  355  
199  356  
199  357  
199  358  
199  359  
199  360  
199  361  
199  362  
199  363  
199  364  
199  365  
199  366  
199  367  
199  368  
199  369  
199  370  
199  371  
199  372  
199  373  
199  374  
199  375  
199  376  
199  377  
199  378  
199  379  
199  380  
199  381  
199  382  
199  383  
199  384  
199  385  
199  386  
199  387  
199  388  
199  389  
199  390  
199  391  
199  392  
199  393  
199  394  
199  395  
199  396  
199  397  
199  398  
199  399  
199  400  
199  401  
199  402  
199  403  
199  404  
199  405  
199  406  
200  407  
200  408  
200  409  
200  410  
200  411  
200  412  
200  413  
200  414  
200  415  
200  416  
200  417  
200  418  
200  419  
200  420  
200  421  
200  422  
200  423  
200  424  
200  425  
200  426  
200  427  
200  428  
200  429  
200  430  
200  431  
200  432  
200  433  
200  434  
200  435  
200  436  
200  437  
200  438  
200  439  
200  440  
200  441  
200  442  
200  443  
200  444  
200  445  
200  446  
200  447  
200  448  
200  449  
200  450  
200  451  
200  452  
200  453  
200  454  
200  455  
200  456  
200  457  
200  458  
200  459  
200  460  
200  461  
200  462  
200  463  
200  464  
200  465  
200  466  
200  467  
200  468  
200  469  
200  470  
200  471  
200  472  
200  473  
200  474  
200  475  
200  476  
200  477  
200  478  
200  479  
200  480  
200  481  
200  482  
200  483  
200  484  
200  485  
200  486  
200  487  
200  488  
200  489  
200  490  
324  293  
324  294  
324  295  
324  296  
324  297  
324  298  
324  299  
324  300  
324  301  
324  302  
324  303  
324  304  
324  305  
324  306  
324  307  
324  308  
324  309  
324  310  
324  311  
324  312  
324  313  
77  300  
77  301  
77  302  
77  303  
77  304  
76  305  
76  306  
76  307  
76  308  
76  309  
75  310  
75  311  
75  312  
75  313  
74  314  
74  315  
74  316  
74  317  
74  318  
73  319  
73  320  
73  321  
73  322  
73  323  
73  324  
72  325  
72  326  
72  327  
72  328  
72  329  
71  330  
71  331  
71  332  
71  333  
70  334  
70  335  
70  336  
70  337  
70  338  
69  339  
69  340  
69  341  
69  342  
68  343  
68  344  
68  345  
68  346  
68  347  
68  348  
67  349  
67  350  
67  351  
66  352  
66  353  
119  301  
120  301  
121  301  
122  301  
123  301  
124  301  
125  301  
126  301  
127  301  
128  301  
129  301  
130  301  
131  301  
132  301  
133  301  
134  301  
135  301  
136  301  
137  301  
138  301  
139  301  
140  301  
141  301  
142  301  
143  301  
144  301  
145  301  
146  301  
147  301  
148  301  
149  301  
150  301  
151  301  
152  301  
153  301  
180  302  
180  303  
180  304  
180  305  
180  306  
180  307  
180  308  
180  309  
180  310  
180  311  
180  312  
180  313  
180  314  
180  315  
180  316  
180  317  
180  318  
180  319  
180  320  
180  321  
180  322  
180  323  
180  324  
235  307  
236  307  
237  307  
238  307  
239  307  
240  307  
241  307  
242  307  
243  307  
244  307  
245  307  
246  307  
247  307  
248  307  
249  307  
250  307  
251  307  
252  307  
253  307  
254  307  
255  307  
256  307  
257  307  
258  307  
259  307  
260  307  
261  307  
262  307  
263  307  
264  307  
265  307  
266  307  
267  307  
268  307  
269  307  
270  307  
271  307  
272  307  
273  307  
274  307  
275  307  
276  307  
277  307  
278  307  
279  307  
280  307  
281  307  
282  307  
283  307  
284  307  
285  307  
286  307  
287  307  
288  307  
289  307  
290  307  
291  307  
292  307  
293  307  
294  307  
295  307  
296  307  
297  307  
298  307  
299  307  
300  307  
301  307  
302  307  
94  320  
94  321  
94  322  
94  323  
94  324  
94  325  
94  326  
94  327  
94  328  
94  329  
94  330  
94  331  
94  332  
94  333  
94  334  
94  335  
94  336  
94  337  
94  338  
94  339  
94  340  
94  341  
94  342  
94  343  
94  344  
94  345  
94  346  
94  347  
94  348  
94  349  
94  350  
94  351  
94  352  
94  353  
94  354  
94  355  
94  356  
94  357  
94  358  
94  359  
94  360  
94  361  
94  362  
94  363  
297  321  
298  321  
299  321  
300  321  
301  321  
302  321  
303  321  
304  321  
305  321  
285  322  
286  322  
287  322  
288  322  
289  322  
290  322  
291  322  
292  322  
293  322  
294  322  
295  322  
296  322  
398  322  
399  322  
400  322  
401  322  
402  322  
403  322  
404  322  
405  322  
406  322  
407  322  
408  322  
409  322  
410  322  
411  322  
412  322  
413  322  
414  322  
415  322  
416  322  
417  322  
418  322  
419  322  
420  322  
421  322  
422  322  
423  322  
424  322  
425  322  
426  322  
427  322  
428  322  
429  322  
430  322  
431  322  
432  322  
433  322  
434  322  
435  322  
436  322  
437  322  
438  322  
439  322  
440  322  
441  322  
442  322  
443  322  
444  322  
445  322  
446  322  
447  322  
448  322  
394  323  
395  323  
396  323  
397  323  
353  323  
354  323  
344  324  
345  324  
346  324  
347  324  
348  324  
349  324  
350  324  
351  324  
352  324  
329  325  
332  325  
333  325  
334  325  
335  325  
336  325  
337  325  
338  325  
339  325  
340  325  
341  325  
342  325  
343  325  
330  326  
331  326  
102  325  
102  326  
102  327  
102  328  
102  329  
102  330  
102  331  
102  332  
102  333  
102  334  
102  335  
102  336  
102  337  
102  338  
102  339  
102  340  
102  341  
102  342  
102  343  
102  344  
102  345  
102  346  
102  347  
102  348  
102  349  
102  350  
102  351  
102  352  
102  353  
102  354  
102  355  
102  356  
102  357  
102  358  
102  359  
102  360  
102  361  
102  362  
102  363  
102  364  
102  365  
102  366  
102  367  
102  368  
102  369  
102  370  
102  371  
102  372  
102  373  
102  374  
102  375  
102  376  
102  377  
102  378  
102  379  
102  380  
102  381  
102  382  
102  383  
102  384  
102  385  
102  386  
102  387  
102  388  
102  389  
102  390  
102  391  
102  392  
102  393  
102  394  
102  395  
102  396  
102  397  
102  398  
102  399  
102  400  
102  401  
102  402  
102  403  
102  404  
102  405  
102  406  
102  407  
102  408  
102  409  
102  410  
102  411  
102  412  
102  413  
102  414  
102  415  
102  416  
102  417  
102  418  
102  419  
102  420  
102  421  
102  422  
102  423  
102  424  
102  425  
102  426  
102  427  
102  428  
102  429  
102  430  
102  431  
102  432  
102  433  
102  434  
102  435  
102  436  
102  437  
102  438  
102  439  
102  440  
102  441  
102  442  
102  443  
102  444  
102  445  
102  446  
102  447  
102  448  
102  449  
102  450  
102  451  
102  452  
102  453  
102  454  
102  455  
102  456  
102  457  
102  458  
102  459  
102  460  
102  461  
102  462  
102  463  
102  464  
102  465  
102  466  
102  467  
102  468  
102  469  
102  470  
102  471  
102  472  
102  473  
102  474  
102  475  
102  476  
102  477  
102  478  
102  479  
102  480  
102  481  
102  482  
102  483  
102  484  
102  485  
102  486  
102  487  
102  488  
102  489  
285  326  
286  326  
287  326  
288  326  
289  326  
290  326  
291  326  
292  326  
293  326  
294  326  
295  326  
296  326  
297  326  
298  326  
299  326  
300  326  
301  326  
302  326  
303  326  
304  326  
305  326  
306  326  
307  326  
308  326  
309  326  
310  326  
311  326  
312  326  
313  327  
314  327  
315  327  
316  327  
404  327  
405  327  
406  327  
407  327  
408  327  
409  327  
410  327  
411  327  
412  327  
413  327  
414  327  
415  327  
416  327  
417  327  
418  327  
419  327  
420  327  
421  327  
422  327  
423  327  
424  327  
425  327  
426  327  
427  327  
428  327  
429  327  
430  327  
431  327  
432  327  
433  327  
434  327  
435  327  
436  327  
437  327  
438  327  
439  327  
440  327  
441  327  
442  327  
443  327  
444  327  
445  327  
446  327  
447  327  
402  328  
403  328  
448  328  
366  328  
366  329  
366  330  
366  331  
366  332  
366  333  
366  334  
366  335  
366  336  
366  337  
366  338  
366  339  
366  340  
366  341  
366  342  
366  343  
366  344  
366  345  
366  346  
366  347  
366  348  
366  349  
376  331  
376  332  
376  333  
376  334  
376  335  
376  336  
376  337  
376  338  
376  339  
376  340  
376  341  
376  342  
376  343  
376  344  
376  345  
376  346  
376  347  
376  348  
376  349  
376  350  
376  351  
376  352  
376  353  
376  354  
376  355  
376  356  
376  357  
376  358  
376  359  
376  360  
376  361  
376  362  
376  363  
376  364  
376  365  
376  366  
376  367  
376  368  
376  369  
376  370  
376  371  
376  372  
376  373  
376  374  
376  375  
376  376  
376  377  
376  378  
376  379  
376  380  
376  381  
376  382  
376  383  
376  384  
376  385  
376  386  
376  387  
404  336  
404  337  
404  338  
404  339  
404  340  
404  341  
404  342  
404  343  
404  344  
404  345  
404  346  
404  347  
404  348  
404  349  
404  350  
404  351  
404  352  
404  353  
404  354  
404  355  
404  356  
404  357  
404  358  
404  359  
404  360  
403  361  
403  362  
403  363  
403  364  
403  365  
403  366  
403  367  
403  368  
403  369  
403  370  
403  371  
403  372  
403  373  
403  374  
403  375  
403  376  
403  377  
403  378  
403  379  
403  380  
403  381  
403  382  
403  383  
403  384  
403  385  
403  386  
403  387  
403  388  
403  389  
403  390  
408  336  
408  337  
408  338  
408  339  
408  340  
408  341  
408  342  
408  343  
408  344  
408  345  
408  346  
408  347  
408  348  
408  349  
408  350  
408  351  
408  352  
408  353  
408  354  
408  355  
408  356  
408  357  
408  358  
408  359  
408  360  
408  361  
408  362  
408  363  
408  364  
408  365  
408  366  
408  367  
408  368  
408  369  
408  370  
408  371  
408  372  
408  373  
408  374  
408  375  
408  376  
408  377  
408  378  
408  379  
408  380  
408  381  
408  382  
408  383  
408  384  
408  385  
408  386  
408  387  
408  388  
408  389  
408  390  
416  336  
416  337  
416  338  
416  339  
416  340  
416  341  
416  342  
416  343  
416  344  
416  345  
416  346  
416  347  
416  348  
416  349  
416  350  
416  351  
416  352  
416  353  
416  354  
416  355  
416  356  
416  357  
416  358  
416  359  
416  360  
416  361  
416  362  
416  363  
416  364  
416  365  
416  366  
416  367  
416  368  
416  369  
416  370  
416  371  
416  372  
416  373  
416  374  
416  375  
416  376  
416  377  
416  378  
416  379  
416  380  
416  381  
416  382  
416  383  
416  384  
416  385  
416  386  
415  387  
415  388  
415  389  
429  336  
429  337  
429  338  
429  339  
429  340  
428  341  
428  342  
428  343  
428  344  
428  345  
428  346  
428  347  
428  348  
428  349  
428  350  
428  351  
428  352  
428  353  
428  354  
428  355  
428  356  
428  357  
428  358  
428  359  
428  360  
428  361  
428  362  
428  363  
428  364  
428  365  
428  366  
428  367  
428  368  
428  369  
428  370  
428  371  
428  372  
428  373  
428  374  
428  375  
428  376  
428  377  
428  378  
428  379  
428  380  
428  381  
428  382  
428  383  
428  384  
428  385  
428  386  
428  387  
428  388  
428  389  
428  390  
428  391  
428  392  
433  336  
433  337  
433  338  
433  339  
433  340  
433  341  
433  342  
433  343  
433  344  
433  345  
433  346  
433  347  
433  348  
433  349  
433  350  
433  351  
433  352  
433  353  
433  354  
433  355  
433  356  
433  357  
433  358  
433  359  
433  360  
433  361  
433  362  
433  363  
433  364  
433  365  
433  366  
433  367  
433  368  
433  369  
433  370  
433  371  
433  372  
433  373  
433  374  
433  375  
433  376  
432  377  
432  378  
432  379  
432  380  
432  381  
432  382  
432  383  
432  384  
432  385  
432  386  
432  387  
432  388  
432  389  
432  390  
432  391  
432  392  
432  393  
432  394  
383  337  
383  338  
383  339  
383  340  
383  341  
383  342  
383  343  
383  344  
383  345  
383  346  
383  347  
383  348  
383  349  
383  350  
383  351  
383  352  
383  353  
383  354  
383  355  
383  356  
383  357  
383  358  
383  359  
383  360  
383  361  
383  362  
383  363  
383  364  
383  365  
383  366  
383  367  
383  368  
383  369  
383  370  
383  371  
383  372  
383  373  
383  374  
383  375  
383  376  
383  377  
383  378  
383  379  
383  380  
383  381  
383  382  
383  383  
383  384  
383  385  
382  386  
382  387  
382  388  
382  389  
382  390  
421  338  
421  339  
421  340  
421  341  
421  342  
421  343  
421  344  
421  345  
421  346  
421  347  
421  348  
421  349  
421  350  
421  351  
421  352  
421  353  
421  354  
421  355  
421  356  
421  357  
421  358  
421  359  
421  360  
421  361  
421  362  
421  363  
421  364  
420  365  
420  366  
420  367  
420  368  
420  369  
420  370  
420  371  
420  372  
420  373  
420  374  
420  375  
420  376  
420  377  
420  378  
420  379  
420  380  
420  381  
420  382  
420  383  
420  384  
420  385  
420  386  
420  387  
420  388  
420  389  
420  390  
441  338  
441  339  
441  340  
441  341  
441  342  
441  343  
441  344  
441  345  
441  346  
441  347  
441  348  
441  349  
441  350  
441  351  
441  352  
441  353  
441  354  
441  355  
441  356  
441  357  
441  358  
440  359  
440  360  
440  361  
440  362  
440  363  
440  364  
440  365  
440  366  
440  367  
440  368  
440  369  
440  370  
440  371  
440  372  
440  373  
440  374  
440  375  
440  376  
440  377  
440  378  
440  379  
440  380  
440  381  
440  382  
440  383  
440  384  
440  385  
440  386  
440  387  
440  388  
440  389  
440  390  
391  339  
391  340  
391  341  
391  342  
391  343  
391  344  
391  345  
391  346  
391  347  
391  348  
391  349  
391  350  
391  351  
391  352  
391  353  
391  354  
391  355  
391  356  
391  357  
391  358  
391  359  
391  360  
391  361  
391  362  
391  363  
391  364  
391  365  
391  366  
391  367  
391  368  
391  369  
391  370  
391  371  
391  372  
391  373  
391  374  
391  375  
391  376  
391  377  
391  378  
391  379  
391  380  
391  381  
391  382  
391  383  
391  384  
391  385  
391  386  
391  387  
391  388  
447  339  
447  340  
447  341  
447  342  
447  343  
447  344  
447  345  
447  346  
447  347  
447  348  
447  349  
447  350  
447  351  
447  352  
447  353  
447  354  
447  355  
447  356  
447  357  
447  358  
447  359  
447  360  
447  361  
447  362  
447  363  
280  340  
281  340  
282  340  
283  340  
284  340  
285  340  
286  340  
287  340  
288  340  
289  340  
290  340  
291  340  
292  340  
293  340  
294  340  
295  340  
296  340  
297  340  
298  340  
299  340  
300  340  
301  340  
302  340  
303  340  
304  340  
305  340  
306  340  
307  340  
308  340  
309  340  
310  340  
311  340  
312  340  
396  340  
396  341  
396  342  
396  343  
396  344  
396  345  
396  346  
396  347  
396  348  
396  349  
396  350  
396  351  
396  352  
396  353  
396  354  
396  355  
396  356  
396  357  
396  358  
396  359  
396  360  
396  361  
396  362  
395  363  
395  364  
395  365  
395  366  
395  367  
395  368  
395  369  
395  370  
395  371  
395  372  
395  373  
395  374  
395  375  
395  376  
395  377  
395  378  
395  379  
395  380  
395  381  
395  382  
395  383  
395  384  
395  385  
395  386  
395  387  
395  388  
395  389  
395  390  
395  391  
318  344  
318  345  
319  346  
319  347  
319  348  
319  349  
319  350  
319  351  
319  352  
319  353  
319  354  
319  355  
319  356  
319  357  
319  358  
319  359  
319  360  
319  361  
319  362  
319  363  
319  364  
319  365  
319  366  
319  367  
319  368  
319  369  
319  370  
318  371  
318  372  
318  373  
318  374  
318  375  
318  376  
318  377  
318  378  
318  379  
318  380  
318  381  
318  382  
318  383  
318  384  
318  385  
318  386  
318  387  
318  388  
318  389  
318  390  
318  391  
318  392  
318  393  
318  394  
318  395  
318  396  
318  397  
318  398  
318  399  
318  400  
318  401  
318  402  
318  403  
318  404  
318  405  
318  406  
318  407  
318  408  
318  409  
318  410  
318  411  
318  412  
318  413  
318  414  
318  415  
318  416  
319  417  
319  418  
319  419  
319  420  
319  421  
319  422  
319  423  
319  424  
319  425  
319  426  
319  427  
319  428  
319  429  
319  430  
318  431  
318  432  
187  347  
187  348  
188  349  
188  350  
188  351  
188  352  
188  353  
188  354  
188  355  
188  356  
188  357  
188  358  
188  359  
188  360  
188  361  
188  362  
188  363  
188  364  
188  365  
188  366  
188  367  
188  368  
188  369  
188  370  
188  371  
188  372  
188  373  
188  374  
188  375  
188  376  
188  377  
188  378  
188  379  
188  380  
188  381  
188  382  
188  383  
188  384  
188  385  
188  386  
188  387  
188  388  
188  389  
188  390  
188  391  
188  392  
188  393  
188  394  
188  395  
188  396  
188  397  
188  398  
188  399  
188  400  
188  401  
188  402  
188  403  
188  404  
188  405  
188  406  
188  407  
188  408  
188  409  
188  410  
188  411  
188  412  
188  413  
188  414  
188  415  
188  416  
188  417  
188  418  
188  419  
188  420  
188  421  
188  422  
188  423  
188  424  
188  425  
188  426  
188  427  
188  428  
188  429  
188  430  
188  431  
188  432  
188  433  
188  434  
188  435  
188  436  
188  437  
188  438  
188  439  
188  440  
188  441  
188  442  
188  443  
188  444  
188  445  
188  446  
188  447  
188  448  
188  449  
188  450  
188  451  
188  452  
188  453  
188  454  
188  455  
188  456  
188  457  
188  458  
188  459  
188  460  
188  461  
188  462  
188  463  
188  464  
188  465  
188  466  
188  467  
188  468  
189  469  
192  349  
192  350  
192  351  
192  352  
192  353  
192  354  
192  355  
192  356  
192  357  
192  358  
192  359  
193  360  
193  361  
193  362  
193  363  
193  364  
193  365  
193  366  
193  367  
193  368  
193  369  
193  370  
193  371  
193  372  
193  373  
193  374  
193  375  
193  376  
193  377  
193  378  
193  379  
193  380  
193  381  
193  382  
193  383  
193  384  
193  385  
192  386  
192  387  
192  388  
192  389  
192  390  
192  391  
192  392  
192  393  
192  394  
192  395  
192  396  
192  397  
192  398  
192  399  
192  400  
192  401  
192  402  
192  403  
192  404  
192  405  
192  406  
192  407  
192  408  
192  409  
192  410  
192  411  
192  412  
192  413  
192  414  
192  415  
192  416  
192  417  
192  418  
192  419  
192  420  
192  421  
192  422  
192  423  
192  424  
192  425  
192  426  
192  427  
192  428  
192  429  
192  430  
192  431  
192  432  
192  433  
192  434  
192  435  
192  436  
192  437  
192  438  
192  439  
192  440  
192  441  
192  442  
192  443  
192  444  
192  445  
192  446  
192  447  
192  448  
192  449  
192  450  
192  451  
192  452  
192  453  
192  454  
192  455  
192  456  
192  457  
192  458  
192  459  
192  460  
192  461  
192  462  
192  463  
192  464  
192  465  
192  466  
191  467  
191  468  
213  352  
213  353  
213  354  
213  355  
213  356  
213  357  
213  358  
213  359  
213  360  
213  361  
213  362  
213  363  
213  364  
213  365  
213  366  
213  367  
213  368  
213  369  
213  370  
213  371  
213  372  
213  373  
213  374  
213  375  
213  376  
213  377  
213  378  
213  379  
213  380  
213  381  
213  382  
213  383  
213  384  
213  385  
213  386  
213  387  
213  388  
213  389  
213  390  
213  391  
213  392  
213  393  
213  394  
213  395  
213  396  
213  397  
213  398  
213  399  
213  400  
213  401  
213  402  
213  403  
213  404  
213  405  
213  406  
213  407  
213  408  
366  355  
366  356  
366  357  
366  358  
366  359  
366  360  
366  361  
366  362  
366  363  
366  364  
366  365  
366  366  
366  367  
366  368  
366  369  
366  370  
366  371  
366  372  
366  373  
366  374  
126  361  
127  361  
128  361  
129  361  
130  361  
131  361  
132  361  
133  361  
134  361  
135  361  
136  361  
137  361  
138  361  
139  361  
140  361  
141  361  
142  361  
143  361  
144  361  
145  361  
146  361  
147  361  
148  361  
149  361  
150  361  
151  361  
152  361  
153  361  
154  361  
155  361  
156  361  
157  361  
158  361  
159  361  
160  361  
161  361  
162  361  
163  361  
164  361  
165  361  
166  361  
167  361  
168  361  
169  361  
170  361  
171  361  
172  361  
235  363  
236  363  
237  363  
238  363  
239  363  
240  363  
241  363  
242  363  
243  363  
244  363  
245  363  
246  363  
247  363  
248  363  
249  363  
250  363  
251  363  
252  363  
253  363  
254  363  
255  363  
256  363  
257  363  
258  363  
259  363  
260  363  
261  363  
262  363  
263  363  
264  363  
265  363  
266  363  
267  363  
268  363  
447  365  
447  366  
447  367  
447  368  
447  369  
447  370  
447  371  
447  372  
447  373  
447  374  
447  375  
447  376  
447  377  
447  378  
447  379  
447  380  
447  381  
447  382  
446  383  
446  384  
446  385  
446  386  
446  387  
446  388  
446  389  
446  390  
446  391  
446  392  
446  393  
94  366  
94  367  
94  368  
94  369  
94  370  
94  371  
94  372  
94  373  
94  374  
94  375  
94  376  
94  377  
94  378  
94  379  
94  380  
94  381  
94  382  
94  383  
94  384  
94  385  
94  386  
94  387  
94  388  
94  389  
94  390  
94  391  
94  392  
93  393  
93  394  
93  395  
218  382  
218  383  
218  384  
218  385  
218  386  
218  387  
218  388  
218  389  
217  390  
217  391  
217  392  
217  393  
217  394  
217  395  
217  396  
217  397  
217  398  
217  399  
217  400  
217  401  
217  402  
216  403  
216  404  
216  405  
216  406  
216  407  
216  408  
216  409  
216  410  
216  411  
216  412  
216  413  
216  414  
216  415  
217  416  
217  417  
217  418  
217  419  
217  420  
217  421  
217  422  
217  423  
217  424  
217  425  
217  426  
217  427  
217  428  
218  429  
218  430  
218  431  
218  432  
218  433  
218  434  
218  435  
329  386  
329  387  
329  388  
329  389  
329  390  
329  391  
329  392  
329  393  
329  394  
329  395  
329  396  
329  397  
329  398  
329  399  
329  400  
329  401  
329  402  
329  403  
329  404  
329  405  
329  406  
329  407  
329  408  
329  409  
329  410  
329  411  
329  412  
329  413  
329  414  
329  415  
329  416  
329  417  
329  418  
329  419  
329  420  
329  421  
329  422  
329  423  
329  424  
329  425  
329  426  
329  427  
329  428  
329  429  
329  430  
329  431  
329  432  
329  433  
329  434  
329  435  
329  436  
329  437  
329  438  
329  439  
329  440  
329  441  
329  442  
329  443  
329  444  
329  445  
329  446  
329  447  
329  448  
329  449  
329  450  
329  451  
127  389  
128  389  
129  389  
130  389  
131  389  
132  389  
133  389  
134  389  
135  389  
136  389  
137  389  
138  389  
139  389  
140  389  
141  389  
142  389  
143  389  
144  389  
145  389  
146  389  
147  389  
148  389  
149  389  
150  389  
151  389  
152  389  
153  389  
154  389  
155  389  
156  389  
157  389  
158  389  
159  389  
160  389  
161  389  
162  389  
163  389  
164  389  
165  389  
166  389  
167  389  
168  389  
169  389  
170  389  
171  389  
252  389  
253  389  
254  389  
255  389  
256  389  
257  389  
258  389  
259  389  
260  389  
261  389  
262  389  
263  389  
264  389  
265  389  
266  389  
267  389  
268  389  
269  389  
240  390  
241  390  
242  390  
243  390  
244  390  
245  390  
246  390  
247  390  
248  390  
249  390  
250  390  
251  390  
127  395  
128  395  
129  395  
130  395  
131  395  
132  395  
133  395  
134  395  
135  395  
136  395  
137  395  
138  395  
139  395  
140  395  
141  395  
142  395  
143  395  
144  395  
145  395  
146  395  
147  395  
148  395  
149  395  
150  395  
151  395  
152  395  
153  395  
154  395  
155  395  
156  395  
157  395  
158  395  
159  395  
160  395  
161  395  
162  395  
163  395  
164  395  
165  395  
166  395  
167  395  
168  395  
169  395  
170  395  
171  395  
172  395  
229  398  
230  398  
231  398  
232  398  
233  398  
234  398  
235  398  
236  398  
237  398  
238  398  
239  398  
240  398  
241  398  
242  398  
243  398  
244  398  
245  398  
246  398  
247  398  
248  398  
249  398  
250  398  
251  398  
252  398  
253  398  
254  398  
255  398  
256  398  
257  398  
258  398  
259  398  
260  398  
261  398  
262  398  
263  398  
264  398  
265  398  
266  398  
267  398  
268  398  
93  399  
93  400  
93  401  
94  402  
94  403  
94  404  
94  405  
94  406  
94  407  
94  408  
94  409  
94  410  
94  411  
94  412  
94  413  
94  414  
94  415  
94  416  
94  417  
94  418  
94  419  
94  420  
94  421  
94  422  
94  423  
94  424  
94  425  
94  426  
94  427  
94  428  
94  429  
94  430  
94  431  
93  432  
93  433  
390  400  
391  400  
422  400  
392  401  
393  401  
394  401  
395  401  
396  401  
397  401  
398  401  
399  401  
400  401  
401  401  
402  401  
403  401  
404  401  
405  401  
406  401  
407  401  
408  401  
409  401  
410  401  
411  401  
412  401  
413  401  
414  401  
415  401  
416  401  
417  401  
418  401  
419  401  
420  401  
421  401  
253  402  
254  402  
255  402  
256  402  
257  402  
258  402  
259  402  
260  402  
261  402  
262  402  
263  402  
264  402  
265  402  
266  402  
267  402  
268  402  
269  402  
270  402  
271  402  
272  402  
382  405  
383  405  
384  405  
385  405  
386  405  
387  406  
388  406  
389  406  
390  406  
391  406  
392  406  
393  406  
394  406  
395  406  
396  406  
397  406  
398  406  
399  406  
400  406  
401  406  
433  406  
402  407  
403  407  
404  407  
405  407  
406  407  
407  407  
408  407  
409  407  
410  407  
411  407  
412  407  
413  407  
414  407  
415  407  
416  407  
417  407  
418  407  
419  407  
420  407  
421  407  
422  407  
423  407  
424  407  
425  407  
426  407  
427  407  
428  407  
429  407  
430  407  
431  407  
432  407  
212  410  
212  411  
212  412  
212  413  
212  414  
212  415  
213  416  
213  417  
213  418  
213  419  
213  420  
213  421  
213  422  
213  423  
213  424  
213  425  
213  426  
213  427  
213  428  
213  429  
213  430  
213  431  
213  432  
213  433  
213  434  
213  435  
213  436  
213  437  
213  438  
213  439  
213  440  
213  441  
213  442  
213  443  
213  444  
213  445  
213  446  
213  447  
213  448  
213  449  
213  450  
213  451  
213  452  
213  453  
213  454  
213  455  
213  456  
213  457  
213  458  
213  459  
213  460  
213  461  
213  462  
213  463  
213  464  
213  465  
213  466  
213  467  
213  468  
213  469  
213  470  
213  471  
213  472  
213  473  
213  474  
213  475  
213  476  
213  477  
213  478  
213  479  
213  480  
213  481  
213  482  
213  483  
213  484  
213  485  
213  486  
213  487  
213  488  
213  489  
213  490  
213  491  
213  492  
213  493  
309  411  
309  412  
309  413  
308  414  
308  415  
308  416  
308  417  
308  418  
308  419  
308  420  
308  421  
308  422  
308  423  
308  424  
308  425  
308  426  
308  427  
308  428  
308  429  
308  430  
308  431  
308  432  
308  433  
308  434  
308  435  
308  436  
308  437  
308  438  
308  439  
308  440  
309  441  
308  442  
308  443  
72  416  
72  417  
72  418  
72  419  
73  420  
73  421  
73  422  
73  423  
74  424  
74  425  
74  426  
74  427  
74  428  
75  429  
75  430  
75  431  
75  432  
75  433  
75  434  
76  435  
76  436  
76  437  
77  438  
77  439  
77  440  
77  441  
77  442  
315  418  
315  419  
315  420  
315  421  
315  422  
315  423  
315  424  
315  425  
315  426  
315  427  
315  428  
315  429  
315  430  
315  431  
315  432  
315  433  
315  434  
315  435  
315  436  
315  437  
316  438  
316  439  
316  440  
127  423  
128  423  
129  423  
130  423  
131  423  
132  423  
133  423  
134  423  
135  423  
136  423  
137  423  
138  423  
139  423  
140  423  
141  423  
142  423  
143  423  
144  423  
145  423  
146  423  
147  423  
148  423  
149  423  
150  423  
151  423  
152  423  
153  423  
154  423  
155  423  
156  423  
157  423  
158  423  
159  423  
160  423  
161  423  
162  423  
163  423  
164  423  
165  423  
166  423  
167  423  
168  423  
169  423  
170  423  
171  423  
230  425  
231  425  
232  425  
233  425  
234  425  
235  425  
236  425  
237  425  
238  425  
239  425  
240  425  
241  425  
242  425  
243  425  
244  425  
245  425  
246  425  
247  425  
248  425  
249  425  
250  425  
251  425  
252  425  
253  425  
254  425  
255  425  
256  425  
257  425  
258  425  
259  425  
260  425  
261  425  
262  425  
263  425  
264  425  
265  425  
266  425  
267  425  
268  425  
269  425  
270  425  
271  425  
272  425  
273  425  
274  425  
275  426  
275  427  
275  428  
275  429  
126  430  
127  430  
128  430  
129  430  
130  430  
131  430  
132  430  
133  430  
134  430  
135  430  
136  430  
137  430  
138  430  
139  430  
140  430  
141  430  
142  430  
143  430  
144  430  
145  430  
146  430  
147  430  
148  430  
149  430  
150  430  
151  430  
152  430  
153  430  
154  430  
155  430  
156  430  
157  430  
158  430  
159  430  
160  430  
161  430  
162  430  
163  430  
164  430  
165  430  
166  430  
167  430  
168  430  
169  430  
170  430  
171  430  
172  430  
248  434  
249  434  
250  434  
251  434  
252  434  
253  434  
254  434  
255  434  
256  434  
257  434  
258  434  
259  434  
260  434  
261  434  
262  434  
263  434  
264  434  
265  434  
266  434  
267  434  
268  434  
269  434  
270  434  
271  434  
272  434  
93  438  
93  439  
94  440  
94  441  
94  442  
94  443  
94  444  
94  445  
94  446  
94  447  
94  448  
94  449  
94  450  
94  451  
94  452  
94  453  
94  454  
94  455  
94  456  
94  457  
94  458  
94  459  
94  460  
94  461  
94  462  
94  463  
94  464  
94  465  
94  466  
94  467  
94  468  
94  469  
94  470  
94  471  
94  472  
94  473  
94  474  
94  475  
94  476  
94  477  
94  478  
94  479  
94  480  
94  481  
94  482  
94  483  
94  484  
94  485  
94  486  
94  487  
94  488  
94  489  
94  490  
94  491  
94  492  
94  493  
94  494  
94  495  
94  496  
94  497  
94  498  
94  499  
94  500  
94  501  
94  502  
94  503  
93  504  
93  505  
93  506  
93  507  
318  440  
318  441  
318  442  
318  443  
318  444  
318  445  
318  446  
318  447  
319  448  
319  449  
319  450  
319  451  
319  452  
319  453  
319  454  
319  455  
319  456  
319  457  
319  458  
319  459  
319  460  
319  461  
319  462  
319  463  
319  464  
319  465  
319  466  
319  467  
319  468  
319  469  
319  470  
319  471  
319  472  
319  473  
319  474  
319  475  
319  476  
319  477  
319  478  
319  479  
320  480  
320  481  
320  482  
320  483  
320  484  
320  485  
320  486  
320  487  
320  488  
320  489  
320  490  
320  491  
320  492  
320  493  
320  494  
320  495  
385  445  
386  445  
387  445  
388  445  
389  445  
390  445  
391  445  
392  445  
393  445  
394  445  
395  445  
396  445  
397  445  
398  445  
399  445  
400  445  
401  445  
402  445  
403  445  
404  445  
405  445  
406  445  
407  445  
408  445  
384  446  
409  446  
410  446  
411  446  
412  446  
413  446  
398  449  
398  450  
398  451  
398  452  
398  453  
398  454  
398  455  
398  456  
398  457  
398  458  
398  459  
398  460  
398  461  
398  462  
398  463  
398  464  
398  465  
399  466  
399  467  
399  468  
399  469  
399  470  
399  471  
399  472  
399  473  
399  474  
399  475  
399  476  
399  477  
399  478  
399  479  
398  480  
398  481  
398  482  
398  483  
398  484  
398  485  
398  486  
398  487  
398  488  
398  489  
398  490  
398  491  
398  492  
398  493  
398  494  
398  495  
398  496  
398  497  
398  498  
398  499  
398  500  
398  501  
398  502  
398  503  
398  504  
398  505  
398  506  
398  507  
398  508  
398  509  
398  510  
398  511  
398  512  
398  513  
79  450  
79  451  
79  452  
80  453  
80  454  
80  455  
80  456  
81  457  
81  458  
81  459  
81  460  
81  461  
82  462  
82  463  
82  464  
82  465  
82  466  
83  467  
83  468  
83  469  
83  470  
83  471  
83  472  
84  473  
84  474  
84  475  
84  476  
85  477  
85  478  
85  479  
85  480  
85  481  
85  482  
86  483  
86  484  
86  485  
86  486  
87  487  
87  488  
87  489  
415  450  
414  451  
414  452  
414  453  
414  454  
414  455  
414  456  
414  457  
414  458  
414  459  
414  460  
414  461  
414  462  
414  463  
414  464  
414  465  
414  466  
414  467  
414  468  
414  469  
414  470  
414  471  
414  472  
414  473  
414  474  
414  475  
414  476  
414  477  
414  478  
414  479  
414  480  
414  481  
414  482  
414  483  
414  484  
414  485  
414  486  
414  487  
414  488  
414  489  
414  490  
414  491  
414  492  
414  493  
414  494  
414  495  
414  496  
414  497  
414  498  
414  499  
414  500  
414  501  
414  502  
414  503  
414  504  
414  505  
414  506  
414  507  
414  508  
414  509  
414  510  
414  511  
414  512  
414  513  
414  514  
414  515  
414  516  
415  517  
416  517  
417  517  
368  451  
368  452  
368  453  
368  454  
368  455  
368  456  
368  457  
368  458  
368  459  
368  460  
368  461  
368  462  
368  463  
368  464  
368  465  
368  466  
368  467  
368  468  
368  469  
368  470  
368  471  
368  472  
368  473  
369  474  
369  475  
369  476  
369  477  
369  478  
369  479  
369  480  
369  481  
369  482  
369  483  
369  484  
369  485  
369  486  
369  487  
369  488  
369  489  
369  490  
369  491  
369  492  
377  453  
377  454  
377  455  
377  456  
377  457  
377  458  
377  459  
377  460  
377  461  
377  462  
377  463  
377  464  
377  465  
377  466  
377  467  
377  468  
377  469  
377  470  
377  471  
377  472  
377  473  
377  474  
377  475  
377  476  
377  477  
377  478  
377  479  
377  480  
377  481  
377  482  
377  483  
377  484  
377  485  
377  486  
377  487  
377  488  
377  489  
377  490  
377  491  
377  492  
377  493  
377  494  
377  495  
377  496  
377  497  
377  498  
377  499  
377  500  
377  501  
377  502  
377  503  
377  504  
377  505  
377  506  
378  507  
378  508  
378  509  
378  510  
378  511  
378  512  
378  513  
378  514  
378  515  
378  516  
378  517  
378  518  
378  519  
378  520  
378  521  
378  522  
378  523  
378  524  
378  525  
378  526  
378  527  
378  528  
378  529  
378  530  
378  531  
378  532  
378  533  
378  534  
378  535  
378  536  
378  537  
378  538  
378  539  
378  540  
378  541  
378  542  
378  543  
378  544  
378  545  
378  546  
378  547  
378  548  
378  549  
378  550  
378  551  
378  552  
378  553  
378  554  
378  555  
378  556  
378  557  
378  558  
378  559  
378  560  
378  561  
378  562  
378  563  
378  564  
378  565  
378  566  
378  567  
378  568  
378  569  
378  570  
378  571  
378  572  
378  573  
378  574  
378  575  
378  576  
378  577  
378  578  
378  579  
378  580  
378  581  
378  582  
378  583  
378  584  
378  585  
378  586  
379  587  
388  453  
388  454  
388  455  
388  456  
388  457  
388  458  
388  459  
388  460  
388  461  
388  462  
388  463  
388  464  
388  465  
388  466  
388  467  
388  468  
388  469  
388  470  
388  471  
388  472  
388  473  
388  474  
388  475  
388  476  
388  477  
388  478  
388  479  
388  480  
388  481  
388  482  
388  483  
388  484  
388  485  
388  486  
388  487  
388  488  
388  489  
388  490  
388  491  
388  492  
388  493  
388  494  
388  495  
388  496  
388  497  
388  498  
388  499  
388  500  
388  501  
388  502  
388  503  
388  504  
388  505  
388  506  
388  507  
388  508  
388  509  
388  510  
388  511  
388  512  
388  513  
388  514  
394  456  
394  457  
394  458  
394  459  
394  460  
394  461  
394  462  
394  463  
394  464  
394  465  
394  466  
394  467  
394  468  
394  469  
394  470  
394  471  
394  472  
394  473  
394  474  
394  475  
394  476  
394  477  
394  478  
394  479  
394  480  
393  481  
393  482  
393  483  
393  484  
393  485  
393  486  
393  487  
393  488  
393  489  
393  490  
393  491  
393  492  
393  493  
393  494  
393  495  
393  496  
393  497  
394  498  
394  499  
394  500  
394  501  
394  502  
394  503  
394  504  
394  505  
394  506  
394  507  
394  508  
394  509  
394  510  
404  456  
404  457  
404  458  
404  459  
404  460  
404  461  
404  462  
404  463  
404  464  
404  465  
404  466  
404  467  
404  468  
404  469  
404  470  
404  471  
404  472  
404  473  
404  474  
404  475  
404  476  
404  477  
404  478  
404  479  
404  480  
404  481  
404  482  
404  483  
404  484  
404  485  
404  486  
404  487  
404  488  
404  489  
404  490  
404  491  
404  492  
404  493  
404  494  
404  495  
404  496  
404  497  
404  498  
404  499  
404  500  
404  501  
404  502  
404  503  
404  504  
404  505  
404  506  
404  507  
404  508  
404  509  
404  510  
404  511  
404  512  
404  513  
407  456  
407  457  
407  458  
407  459  
407  460  
407  461  
407  462  
407  463  
407  464  
407  465  
407  466  
407  467  
407  468  
407  469  
407  470  
407  471  
407  472  
407  473  
407  474  
407  475  
407  476  
407  477  
407  478  
407  479  
407  480  
407  481  
407  482  
407  483  
407  484  
407  485  
407  486  
407  487  
407  488  
407  489  
407  490  
407  491  
407  492  
407  493  
407  494  
407  495  
407  496  
407  497  
407  498  
407  499  
407  500  
407  501  
407  502  
407  503  
407  504  
407  505  
407  506  
407  507  
407  508  
407  509  
407  510  
407  511  
407  512  
407  513  
407  514  
127  457  
128  457  
129  457  
130  457  
131  457  
132  457  
133  457  
134  457  
135  457  
136  457  
137  457  
138  457  
139  457  
140  457  
141  457  
142  457  
143  457  
144  457  
145  457  
146  457  
147  457  
148  457  
149  457  
150  457  
151  457  
152  457  
153  457  
154  457  
155  457  
156  457  
157  457  
158  457  
159  457  
160  457  
161  457  
162  457  
163  457  
164  457  
165  457  
166  457  
167  457  
168  457  
169  457  
170  457  
171  457  
423  459  
423  460  
423  461  
423  462  
423  463  
423  464  
423  465  
423  466  
423  467  
423  468  
423  469  
423  470  
423  471  
423  472  
423  473  
423  474  
423  475  
423  476  
423  477  
423  478  
423  479  
423  480  
423  481  
423  482  
423  483  
423  484  
423  485  
423  486  
423  487  
423  488  
423  489  
423  490  
423  491  
423  492  
423  493  
423  494  
423  495  
423  496  
423  497  
423  498  
423  499  
423  500  
423  501  
423  502  
423  503  
423  504  
423  505  
423  506  
423  507  
423  508  
423  509  
423  510  
423  511  
423  512  
423  513  
423  514  
423  515  
423  516  
423  517  
423  518  
423  519  
423  520  
423  521  
423  522  
423  523  
423  524  
423  525  
423  526  
423  527  
423  528  
423  529  
423  530  
423  531  
423  532  
423  533  
423  534  
423  535  
423  536  
423  537  
423  538  
423  539  
423  540  
423  541  
423  542  
423  543  
423  544  
423  545  
423  546  
423  547  
423  548  
423  549  
423  550  
423  551  
423  552  
423  553  
423  554  
423  555  
423  556  
423  557  
423  558  
423  559  
423  560  
423  561  
423  562  
423  563  
423  564  
423  565  
423  566  
423  567  
423  568  
423  569  
423  570  
423  571  
423  572  
423  573  
423  574  
423  575  
423  576  
423  577  
423  578  
423  579  
423  580  
423  581  
423  582  
423  583  
423  584  
423  585  
423  586  
423  587  
423  588  
248  460  
249  460  
250  460  
251  460  
252  460  
253  460  
254  460  
255  460  
256  460  
257  460  
258  460  
259  460  
260  460  
261  460  
262  460  
263  460  
264  460  
265  460  
266  460  
267  460  
268  460  
269  460  
270  460  
271  460  
385  463  
385  464  
384  465  
384  466  
384  467  
384  468  
384  469  
384  470  
384  471  
384  472  
384  473  
384  474  
384  475  
384  476  
384  477  
384  478  
384  479  
384  480  
384  481  
384  482  
384  483  
384  484  
384  485  
384  486  
384  487  
384  488  
384  489  
385  490  
385  491  
385  492  
385  493  
385  494  
385  495  
385  496  
385  497  
385  498  
385  499  
385  500  
385  501  
385  502  
385  503  
385  504  
384  505  
384  506  
384  507  
365  469  
365  470  
365  471  
365  472  
364  473  
364  474  
364  475  
364  476  
363  477  
363  478  
363  479  
363  480  
363  481  
363  482  
362  483  
362  484  
362  485  
362  486  
362  487  
362  488  
249  479  
250  479  
251  479  
252  479  
253  479  
254  479  
255  479  
256  479  
257  479  
258  479  
259  479  
260  479  
261  479  
262  479  
263  479  
264  479  
265  479  
266  479  
267  479  
268  479  
269  479  
270  479  
271  479  
278  479  
279  479  
280  479  
281  479  
282  479  
283  479  
284  479  
285  479  
286  479  
287  479  
288  479  
289  479  
290  479  
291  479  
292  479  
293  479  
294  479  
295  479  
296  479  
297  479  
298  479  
299  479  
300  479  
301  479  
302  479  
303  479  
304  479  
305  479  
306  479  
307  479  
308  479  
309  479  
310  479  
311  479  
312  479  
251  496  
252  496  
253  496  
254  496  
255  496  
256  496  
257  496  
258  496  
259  496  
260  496  
261  496  
262  496  
263  496  
264  496  
265  496  
266  496  
267  496  
268  496  
269  496  
270  496  
271  496  
272  496  
295  496  
296  496  
297  496  
298  496  
299  496  
300  496  
301  496  
302  496  
303  496  
304  496  
305  496  
306  496  
273  497  
274  497  
275  497  
276  497  
277  497  
278  497  
279  497  
280  497  
281  497  
282  497  
283  497  
284  497  
285  497  
286  497  
287  497  
288  497  
289  497  
290  497  
291  497  
292  497  
293  497  
294  497  
307  497  
308  497  
309  497  
310  497  
311  497  
312  497  
114  497  
115  497  
116  497  
117  497  
118  497  
119  497  
120  497  
121  497  
122  497  
123  497  
124  497  
125  497  
126  497  
127  497  
128  497  
129  497  
130  497  
131  497  
132  497  
133  497  
134  497  
135  497  
136  497  
137  497  
138  497  
139  497  
140  497  
141  497  
142  497  
143  497  
144  497  
145  497  
146  497  
147  497  
148  497  
149  497  
150  497  
151  497  
152  497  
153  497  
154  497  
155  497  
156  497  
157  497  
158  497  
159  497  
160  497  
161  497  
162  497  
163  497  
164  497  
165  497  
166  497  
369  497  
369  498  
369  499  
369  500  
369  501  
369  502  
369  503  
369  504  
369  505  
369  506  
369  507  
369  508  
369  509  
368  510  
368  511  
368  512  
368  513  
368  514  
368  515  
368  516  
368  517  
368  518  
367  519  
366  520  
107  513  
106  514  
106  515  
106  516  
105  517  
105  518  
105  519  
105  520  
104  521  
104  522  
104  523  
104  524  
103  525  
103  526  
103  527  
103  528  
103  529  
102  530  
102  531  
102  532  
102  533  
102  534  
101  535  
101  536  
101  537  
101  538  
100  539  
100  540  
100  541  
100  542  
99  543  
99  544  
99  545  
99  546  
99  547  
98  548  
98  549  
98  550  
415  521  
414  522  
414  523  
414  524  
414  525  
414  526  
414  527  
414  528  
414  529  
414  530  
414  531  
414  532  
414  533  
414  534  
414  535  
414  536  
414  537  
414  538  
414  539  
414  540  
414  541  
414  542  
414  543  
414  544  
414  545  
414  546  
414  547  
414  548  
414  549  
414  550  
414  551  
414  552  
414  553  
414  554  
414  555  
414  556  
414  557  
414  558  
414  559  
414  560  
414  561  
414  562  
414  563  
414  564  
414  565  
414  566  
414  567  
414  568  
414  569  
414  570  
414  571  
414  572  
414  573  
414  574  
414  575  
414  576  
415  577  
415  578  
415  579  
408  522  
408  523  
408  524  
408  525  
408  526  
408  527  
408  528  
408  529  
408  530  
408  531  
408  532  
408  533  
408  534  
408  535  
408  536  
408  537  
408  538  
408  539  
408  540  
408  541  
408  542  
408  543  
408  544  
408  545  
408  546  
408  547  
408  548  
408  549  
408  550  
408  551  
408  552  
408  553  
408  554  
408  555  
408  556  
408  557  
408  558  
408  559  
408  560  
408  561  
408  562  
408  563  
408  564  
408  565  
408  566  
408  567  
408  568  
408  569  
408  570  
408  571  
408  572  
408  573  
408  574  
408  575  
408  576  
408  577  
408  578  
407  579  
107  523  
107  524  
107  525  
107  526  
106  527  
106  528  
106  529  
106  530  
105  531  
105  532  
105  533  
105  534  
105  535  
105  536  
104  537  
104  538  
104  539  
104  540  
103  541  
103  542  
103  543  
103  544  
103  545  
102  546  
102  547  
102  548  
102  549  
102  550  
388  524  
388  525  
388  526  
388  527  
388  528  
388  529  
388  530  
388  531  
388  532  
388  533  
388  534  
388  535  
388  536  
388  537  
388  538  
388  539  
388  540  
388  541  
388  542  
388  543  
388  544  
388  545  
388  546  
388  547  
388  548  
388  549  
388  550  
388  551  
388  552  
388  553  
388  554  
388  555  
388  556  
388  557  
388  558  
388  559  
388  560  
388  561  
388  562  
388  563  
388  564  
388  565  
388  566  
388  567  
388  568  
388  569  
388  570  
385  525  
385  526  
385  527  
385  528  
385  529  
385  530  
385  531  
385  532  
385  533  
385  534  
385  535  
385  536  
385  537  
385  538  
385  539  
385  540  
385  541  
385  542  
385  543  
385  544  
385  545  
385  546  
385  547  
385  548  
385  549  
385  550  
385  551  
385  552  
385  553  
385  554  
385  555  
385  556  
385  557  
385  558  
385  559  
385  560  
385  561  
385  562  
385  563  
385  564  
385  565  
385  566  
385  567  
385  568  
385  569  
385  570  
385  571  
385  572  
385  573  
385  574  
385  575  
385  576  
385  577  
385  578  
385  579  
385  580  
385  581  
385  582  
385  583  
394  525  
394  526  
394  527  
394  528  
394  529  
394  530  
394  531  
394  532  
394  533  
394  534  
394  535  
394  536  
394  537  
394  538  
394  539  
394  540  
394  541  
394  542  
394  543  
394  544  
394  545  
394  546  
394  547  
394  548  
394  549  
394  550  
394  551  
394  552  
394  553  
394  554  
394  555  
394  556  
394  557  
394  558  
394  559  
394  560  
394  561  
394  562  
394  563  
394  564  
394  565  
394  566  
394  567  
394  568  
394  569  
394  570  
394  571  
394  572  
394  573  
394  574  
394  575  
394  576  
394  577  
394  578  
394  579  
394  580  
394  581  
394  582  
394  583  
394  584  
394  585  
394  586  
394  587  
394  588  
394  589  
399  525  
399  526  
399  527  
399  528  
399  529  
399  530  
399  531  
399  532  
399  533  
399  534  
399  535  
399  536  
399  537  
399  538  
399  539  
399  540  
399  541  
399  542  
399  543  
399  544  
399  545  
399  546  
399  547  
399  548  
399  549  
399  550  
399  551  
399  552  
399  553  
399  554  
399  555  
399  556  
399  557  
399  558  
399  559  
399  560  
399  561  
399  562  
399  563  
399  564  
399  565  
399  566  
399  567  
399  568  
399  569  
399  570  
399  571  
399  572  
399  573  
399  574  
399  575  
399  576  
399  577  
399  578  
399  579  
399  580  
399  581  
399  582  
399  583  
399  584  
404  525  
404  526  
404  527  
404  528  
404  529  
404  530  
404  531  
404  532  
404  533  
404  534  
404  535  
404  536  
404  537  
404  538  
404  539  
404  540  
404  541  
404  542  
404  543  
404  544  
404  545  
404  546  
404  547  
404  548  
404  549  
404  550  
404  551  
404  552  
404  553  
404  554  
404  555  
404  556  
404  557  
404  558  
404  559  
404  560  
404  561  
404  562  
404  563  
404  564  
404  565  
404  566  
404  567  
404  568  
99  526  
99  527  
99  528  
99  529  
99  530  
98  531  
98  532  
98  533  
97  534  
97  535  
97  536  
96  537  
96  538  
96  539  
96  540  
96  541  
95  542  
95  543  
95  544  
94  545  
94  546  
94  547  
94  548  
93  549  
93  550  
93  551  
93  552  
92  553  
92  554  
92  555  
91  556  
91  557  
91  558  
90  559  
90  560  
90  561  
90  562  
89  563  
89  564  
89  565  
89  566  
295  533  
296  533  
297  533  
298  533  
299  533  
300  533  
301  533  
302  533  
303  533  
304  533  
320  533  
321  533  
305  534  
306  534  
307  534  
308  534  
309  534  
310  534  
311  534  
312  534  
313  534  
314  534  
315  534  
316  534  
317  534  
318  534  
319  534  
157  535  
158  535  
159  535  
160  535  
116  536  
117  536  
118  536  
119  536  
120  536  
121  536  
122  536  
123  536  
124  536  
125  536  
126  536  
145  536  
146  536  
147  536  
148  536  
149  536  
150  536  
151  536  
152  536  
153  536  
154  536  
155  536  
156  536  
127  537  
128  537  
129  537  
130  537  
131  537  
132  537  
133  537  
134  537  
135  537  
136  537  
137  537  
138  537  
139  537  
140  537  
141  537  
142  537  
143  537  
144  537  
391  536  
391  537  
391  538  
391  539  
391  540  
391  541  
391  542  
391  543  
391  544  
391  545  
391  546  
391  547  
391  548  
391  549  
391  550  
391  551  
391  552  
391  553  
391  554  
391  555  
391  556  
391  557  
391  558  
391  559  
391  560  
391  561  
391  562  
391  563  
391  564  
391  565  
391  566  
391  567  
391  568  
391  569  
391  570  
298  539  
299  539  
300  539  
301  539  
302  539  
303  539  
304  539  
305  539  
306  539  
307  539  
308  539  
309  539  
310  539  
311  539  
312  539  
313  539  
314  539  
315  539  
316  539  
317  539  
318  539  
319  539  
137  545  
138  545  
139  545  
140  545  
141  545  
142  545  
143  545  
144  545  
145  545  
146  545  
147  545  
148  545  
149  545  
150  545  
151  545  
152  545  
153  545  
154  545  
155  545  
156  545  
157  545  
158  545  
159  545  
160  545  
161  545  
162  545  
163  545  
343  551  
344  551  
345  551  
346  552  
347  552  
348  552  
349  552  
350  552  
351  552  
352  552  
353  552  
354  552  
355  552  
356  552  
357  552  
358  552  
359  552  
360  552  
361  552  
362  552  
402  553  
402  554  
402  555  
402  556  
402  557  
402  558  
402  559  
402  560  
402  561  
402  562  
402  563  
402  564  
402  565  
402  566  
402  567  
402  568  
402  569  
402  570  
402  571  
402  572  
402  573  
402  574  
402  575  
402  576  
402  577  
402  578  
402  579  
402  580  
402  581  
402  582  
402  583  
402  584  
402  585  
402  586  
402  587  
330  564  
331  564  
332  564  
333  565  
334  565  
335  565  
336  565  
337  565  
338  565  
339  565  
340  565  
341  565  
342  565  
343  565  
344  565  
345  565  
346  565  
347  565  
348  565  
349  565  
350  565  
351  565  
352  565  
133  571  
134  571  
135  571  
136  571  
137  571  
138  571  
139  571  
140  571  
141  571  
142  571  
143  571  
144  571  
145  571  
146  571  
147  571  
148  571  
149  571  
150  571  
151  571  
152  571  
153  571  
154  571  
155  571  
156  571  
157  571  
158  571  
159  571  
160  571  
161  571  
162  571  
163  571  
164  571  
165  571  
166  571  
167  571  
168  571  
169  571  
170  571  
239  573  
240  573  
241  573  
242  573  
243  573  
244  573  
245  573  
246  573  
247  573  
248  573  
249  573  
250  573  
251  573  
252  573  
253  573  
254  573  
255  573  
256  573  
257  573  
258  573  
259  573  
260  573  
261  573  
262  573  
263  573  
264  573  
265  573  
266  573  
267  573  
268  573  
269  573  
270  573  
271  573  
272  573  
273  573  
274  573  
275  573  
276  573  
277  573  
278  573  
279  573  
280  573  
281  573  
282  573  
283  573  
284  573  
285  573  
286  573  
104  575  
105  575  
106  575  
107  575  
108  575  
109  575  
110  575  
111  575  
112  575  
113  575  
114  575  
115  575  
116  575  
117  575  
118  575  
119  575  
120  575  
121  575  
122  575  
123  575  
124  575  
125  575  
126  575  
103  576  
129  575  
130  575  
131  575  
132  575  
133  575  
134  575  
135  575  
136  575  
137  575  
138  575  
139  575  
140  575  
141  575  
142  575  
143  575  
144  575  
145  575  
146  575  
147  575  
148  575  
149  575  
150  575  
151  575  
152  575  
153  575  
154  575  
155  575  
156  575  
157  575  
158  575  
159  575  
160  575  
161  575  
162  575  
163  575  
164  575  
165  575  
166  575  
167  575  
168  575  
187  576  
187  577  
187  578  
187  579  
187  580  
187  581  
187  582  
187  583  
187  584  
187  585  
187  586  
187  587  
187  588  
187  589  
187  590  
187  591  
187  592  
187  593  
187  594  
187  595  
187  596  
187  597  
187  598  
187  599  
187  600  
187  601  
187  602  
187  603  
187  604  
187  605  
187  606  
187  607  
187  608  
242  577  
243  577  
244  577  
245  577  
246  577  
247  577  
248  577  
249  577  
250  577  
251  577  
252  577  
253  577  
254  577  
255  577  
256  577  
257  577  
258  577  
259  577  
260  577  
261  577  
262  577  
263  577  
264  577  
265  577  
266  577  
267  577  
268  577  
269  577  
270  577  
271  577  
272  577  
273  577  
274  577  
275  577  
276  577  
277  577  
278  577  
279  577  
280  577  
281  577  
282  577  
283  577  
284  577  
285  577  
286  577  
287  577  
288  578  
289  578  
290  578  
291  578  
292  578  
293  578  
294  578  
295  578  
296  578  
313  578  
314  578  
315  578  
316  578  
317  578  
318  578  
319  578  
297  579  
298  579  
299  579  
300  579  
301  579  
302  579  
303  579  
304  579  
305  579  
306  579  
307  579  
308  579  
309  579  
310  579  
311  579  
312  579  
263  582  
264  582  
265  582  
266  582  
267  582  
268  582  
269  582  
270  582  
271  582  
272  582  
273  582  
274  582  
275  582  
276  582  
277  582  
278  582  
279  582  
280  582  
281  582  
282  582  
283  582  
284  582  
285  582  
286  582  
287  582  
288  582  
289  582  
290  582  
291  582  
292  582  
293  582  
294  582  
295  582  
296  583  
264  586  
265  586  
266  586  
267  586  
268  586  
269  586  
270  586  
271  586  
272  586  
273  586  
274  586  
275  586  
276  586  
277  586  
278  586  
279  586  
280  586  
281  586  
282  586  
283  586  
284  586  
285  586  
286  586  
287  586  
288  586  
289  586  
290  586  
291  586  
172  588  
172  589  
171  590  
171  591  
171  592  
170  593  
170  594  
170  595  
169  596  
169  597  
169  598  
168  599  
168  600  
168  601  
167  602  
167  603  
167  604  
167  605  
167  606  
166  607  
166  608  
383  594  
384  594  
385  594  
386  594  
387  594  
388  594  
389  594  
390  594  
391  594  
392  594  
393  594  
394  594  
395  594  
396  594  
397  594  
398  594  
399  594  
400  594  
401  594  
402  594  
403  594  
404  594  
405  594  
406  594  
407  594  
408  594  
409  594  
410  594  
411  594  
412  594  
383  597  
384  598  
385  598  
386  598  
387  598  
388  598  
389  598  
390  598  
391  598  
392  598  
393  598  
394  598  
395  598  
396  598  
397  598  
398  598  
399  598  
400  598  
401  598  
402  598  
403  598  
404  598  
405  598  
406  598  
407  599  
408  599  
409  599  
410  599  
411  599  
412  599  
413  599  
414  599  
415  599  
416  599  
417  599  
418  599  
419  599  
420  599  
128  599  
129  599  
130  599  
131  599  
132  599  
133  599  
134  599  
135  599  
136  599  
137  599  
138  599  
139  599  
140  599  
141  599  
142  599  
143  599  
101  600  
102  600  
103  600  
104  600  
105  600  
106  600  
107  600  
108  600  
109  600  
110  600  
111  600  
112  600  
113  600  
114  600  
115  600  
116  600  
117  600  
118  600  
119  600  
120  600  
121  600  
122  600  
123  600  
124  600  
125  600  
126  600  
127  600  
144  600  
145  600  
146  600  
147  600  
148  600  
149  600  
150  600  
151  600  
152  600  
153  600  
154  600  
231  604  
232  604  
233  604  
234  604  
235  604  
236  604  
237  604  
238  604  
239  604  
240  604  
241  604  
242  604  
243  604  
244  604  
245  604  
246  604  
247  604  
248  604  
249  604  
250  604  
251  604  
252  604  
253  604  
254  604  
255  604  
256  604  
257  604  
258  604  
259  604  
263  604  
264  604  
265  604  
266  604  
267  604  
268  604  
269  604  
270  604  
271  604  
272  604  
273  604  
274  604  
275  604  
276  604  
277  604  
278  604  
279  604  
280  604  
281  604  
282  604  
283  604  
284  604  
285  604  
286  604  
287  604  
288  604  
289  604  
290  604  
291  604  
292  604  
293  604  
294  604  
295  604  
296  604  
297  604  
298  604  
299  604  
300  604  
262  605  
271  608  
272  608  
273  608  
274  608  
275  608  
276  608  
277  608  
278  608  
279  608  
280  608  
281  608  
282  608  
283  608  
284  608  
285  608  
286  608  
287  608  
288  608  
289  608  
290  608  
291  608  
292  608  
293  608  
294  608  
295  608  
296  608  
