215  32  
216  33  
216  34  
217  35  
217  36  
218  37  
219  38  
220  39  
220  40  
221  41  
222  42  
223  43  
223  44  
224  45  
225  46  
225  47  
226  48  
227  49  
227  50  
228  51  
229  52  
229  53  
230  54  
230  55  
231  56  
232  57  
232  58  
233  59  
234  60  
234  61  
235  62  
236  63  
236  64  
237  65  
238  66  
238  67  
239  68  
239  69  
240  70  
241  71  
241  72  
242  73  
243  74  
243  75  
244  76  
364  32  
365  33  
365  34  
365  35  
365  36  
365  37  
366  38  
366  39  
366  40  
366  41  
366  42  
367  43  
367  44  
367  45  
367  46  
367  47  
368  48  
368  49  
368  50  
368  51  
368  52  
369  53  
369  54  
369  55  
369  56  
369  57  
370  58  
370  59  
370  60  
370  61  
370  62  
370  63  
371  64  
371  65  
371  66  
371  67  
372  68  
372  69  
372  70  
372  71  
372  72  
372  73  
373  74  
373  75  
373  76  
373  77  
373  78  
368  32  
368  33  
368  34  
369  35  
369  36  
369  37  
369  38  
369  39  
370  40  
370  41  
370  42  
370  43  
370  44  
371  45  
371  46  
371  47  
371  48  
371  49  
372  50  
372  51  
372  52  
372  53  
372  54  
373  55  
373  56  
373  57  
373  58  
373  59  
374  60  
374  61  
374  62  
374  63  
374  64  
375  32  
375  33  
375  34  
375  35  
375  36  
375  37  
376  38  
376  39  
376  40  
376  41  
376  42  
377  43  
377  44  
377  45  
377  46  
377  47  
377  48  
378  49  
378  50  
378  51  
378  52  
378  53  
331  39  
331  40  
331  41  
331  42  
332  43  
332  44  
332  45  
333  46  
333  47  
333  48  
333  49  
334  50  
334  51  
334  52  
334  53  
335  54  
335  55  
335  56  
336  57  
336  58  
336  59  
336  60  
337  61  
337  62  
337  63  
338  64  
338  65  
338  66  
338  67  
338  68  
339  69  
339  70  
339  71  
339  72  
340  73  
340  74  
340  75  
340  76  
341  77  
341  78  
341  79  
342  80  
342  81  
342  82  
342  83  
343  84  
343  85  
343  86  
343  87  
344  88  
344  89  
344  90  
197  93  
198  93  
199  93  
200  93  
188  94  
189  94  
190  94  
191  94  
192  94  
193  94  
194  94  
195  94  
196  94  
201  94  
179  95  
180  95  
181  95  
182  95  
183  95  
184  95  
185  95  
186  95  
187  95  
277  94  
278  94  
279  94  
280  94  
281  94  
282  94  
283  94  
284  94  
285  94  
286  94  
287  94  
288  94  
289  94  
290  94  
291  94  
292  94  
293  94  
294  94  
295  94  
296  94  
297  94  
298  94  
299  94  
300  94  
301  94  
302  94  
303  94  
304  94  
305  94  
306  94  
307  94  
308  94  
309  94  
310  94  
311  94  
312  94  
313  94  
314  94  
315  94  
316  94  
317  94  
318  94  
319  94  
320  94  
321  94  
322  94  
323  94  
324  94  
325  94  
326  94  
327  94  
328  94  
354  94  
355  94  
356  94  
357  94  
358  94  
359  94  
360  94  
361  94  
362  94  
363  94  
364  94  
365  94  
366  94  
367  94  
368  94  
369  94  
370  94  
371  94  
372  94  
373  94  
374  94  
375  94  
376  94  
377  94  
378  94  
379  94  
380  94  
381  94  
382  94  
383  94  
384  94  
385  94  
386  94  
387  94  
388  94  
389  94  
390  94  
391  94  
392  94  
393  94  
394  94  
395  94  
396  94  
397  94  
398  94  
399  94  
400  94  
401  94  
402  94  
403  94  
404  94  
405  94  
406  94  
407  94  
408  94  
409  94  
410  94  
411  94  
412  94  
413  94  
414  94  
415  94  
416  94  
417  94  
418  94  
419  94  
420  94  
421  94  
422  94  
423  94  
424  94  
425  94  
426  94  
254  95  
255  95  
256  95  
257  95  
258  95  
259  95  
260  95  
261  95  
262  95  
263  95  
264  95  
265  95  
266  95  
267  95  
268  95  
269  95  
270  95  
271  95  
272  95  
273  95  
274  95  
275  95  
276  95  
329  95  
330  95  
331  95  
332  95  
333  95  
334  95  
335  95  
336  95  
337  95  
338  95  
339  95  
340  95  
341  95  
342  95  
343  95  
344  95  
345  95  
346  95  
347  95  
348  95  
349  95  
350  95  
351  95  
352  95  
353  95  
227  104  
227  105  
227  106  
227  107  
227  108  
227  109  
227  110  
227  111  
226  112  
226  113  
226  114  
226  115  
226  116  
226  117  
226  118  
226  119  
226  120  
226  121  
226  122  
226  123  
226  124  
226  125  
226  126  
226  127  
226  128  
226  129  
226  130  
226  131  
226  132  
226  133  
226  134  
226  135  
226  136  
226  137  
226  138  
226  139  
226  140  
226  141  
225  142  
225  143  
225  144  
225  145  
225  146  
225  147  
225  148  
225  149  
225  150  
225  151  
225  152  
225  153  
225  154  
225  155  
225  156  
225  157  
225  158  
224  159  
224  160  
224  161  
224  162  
225  163  
224  164  
224  165  
224  166  
224  167  
224  168  
224  169  
224  170  
224  171  
224  172  
224  173  
224  174  
224  175  
224  176  
224  177  
224  178  
224  179  
224  180  
224  181  
224  182  
224  183  
223  184  
223  185  
223  186  
223  187  
223  188  
223  189  
223  190  
223  191  
223  192  
223  193  
223  194  
223  195  
223  196  
223  197  
223  198  
223  199  
223  200  
223  201  
223  202  
222  203  
222  204  
222  205  
222  206  
222  207  
222  208  
222  209  
222  210  
222  211  
222  212  
222  213  
222  214  
222  215  
222  216  
222  217  
222  218  
222  219  
222  220  
222  221  
222  222  
222  223  
222  224  
222  225  
221  226  
221  227  
221  228  
221  229  
221  230  
221  231  
221  232  
221  233  
221  234  
221  235  
201  109  
201  110  
201  111  
201  112  
201  113  
201  114  
201  115  
201  116  
201  117  
201  118  
200  119  
200  120  
200  121  
200  122  
200  123  
200  124  
200  125  
199  126  
199  127  
199  128  
199  129  
199  130  
199  131  
199  132  
199  133  
199  134  
199  135  
204  113  
204  114  
204  115  
204  116  
204  117  
204  118  
204  119  
204  120  
204  121  
204  122  
204  123  
204  124  
204  125  
204  126  
204  127  
203  128  
203  129  
203  130  
203  131  
203  132  
203  133  
203  134  
203  135  
203  136  
203  137  
202  138  
202  139  
202  140  
202  141  
396  121  
397  121  
398  121  
371  122  
372  122  
373  122  
374  122  
375  122  
376  122  
377  122  
378  122  
379  122  
380  122  
381  122  
382  122  
383  122  
384  122  
385  122  
386  122  
387  122  
388  122  
389  122  
390  122  
391  122  
392  122  
393  122  
394  122  
395  122  
399  122  
400  122  
401  122  
326  122  
327  122  
328  122  
329  122  
330  122  
331  122  
332  122  
333  122  
334  122  
335  122  
336  122  
337  122  
338  122  
339  122  
340  122  
341  122  
342  122  
343  122  
344  122  
345  122  
346  122  
347  122  
348  122  
349  122  
350  122  
351  122  
352  122  
353  122  
354  122  
355  122  
356  122  
357  122  
358  122  
359  122  
360  122  
361  122  
436  125  
437  125  
438  125  
414  126  
415  126  
416  126  
417  126  
418  126  
419  126  
420  126  
421  126  
422  126  
423  126  
424  126  
425  126  
426  126  
427  126  
428  126  
429  126  
430  126  
431  126  
432  126  
433  126  
434  126  
435  126  
302  128  
302  129  
302  130  
302  131  
302  132  
302  133  
302  134  
302  135  
302  136  
302  137  
302  138  
302  139  
302  140  
302  141  
302  142  
302  143  
302  144  
302  145  
302  146  
302  147  
302  148  
302  149  
302  150  
302  151  
302  152  
303  153  
302  154  
302  155  
302  156  
302  157  
298  130  
298  131  
298  132  
298  133  
298  134  
298  135  
298  136  
298  137  
298  138  
298  139  
298  140  
298  141  
298  142  
298  143  
298  144  
298  145  
298  146  
298  147  
298  148  
298  149  
298  150  
298  151  
298  152  
298  153  
298  154  
298  155  
298  156  
298  157  
298  158  
297  159  
297  160  
297  161  
297  162  
297  163  
297  164  
297  165  
297  166  
297  167  
297  168  
297  169  
297  170  
297  171  
403  130  
404  130  
405  130  
406  130  
407  130  
408  130  
409  130  
410  130  
411  130  
412  130  
413  130  
414  130  
415  130  
416  130  
417  130  
418  130  
419  130  
420  130  
421  130  
422  130  
423  130  
424  130  
425  130  
426  130  
427  130  
428  130  
429  130  
430  130  
431  130  
432  130  
433  130  
434  130  
435  130  
436  130  
437  130  
438  130  
439  130  
440  130  
441  130  
442  130  
443  130  
444  130  
445  130  
446  130  
447  130  
448  130  
106  133  
105  134  
104  135  
103  136  
102  137  
101  138  
99  139  
100  139  
98  140  
97  141  
96  142  
95  143  
94  144  
93  145  
92  146  
91  147  
90  148  
89  149  
88  150  
87  151  
86  152  
85  153  
84  154  
83  155  
82  156  
81  157  
80  158  
79  159  
78  160  
77  161  
76  162  
74  163  
75  163  
73  164  
72  165  
177  142  
178  142  
179  142  
180  142  
181  142  
182  142  
183  142  
184  142  
185  142  
186  142  
187  142  
188  142  
189  142  
190  142  
191  142  
144  143  
145  143  
146  143  
147  143  
148  143  
149  143  
150  143  
151  143  
152  143  
153  143  
154  143  
155  143  
156  143  
157  143  
158  143  
159  143  
160  143  
161  143  
162  143  
163  143  
164  143  
165  143  
166  143  
167  143  
168  143  
169  143  
170  143  
171  143  
172  143  
173  143  
174  143  
175  143  
176  143  
327  143  
328  143  
329  143  
330  143  
331  143  
332  143  
333  143  
334  143  
335  143  
336  143  
337  143  
305  144  
306  144  
307  144  
308  144  
309  144  
310  144  
311  144  
312  144  
313  144  
314  144  
315  144  
316  144  
317  144  
318  144  
319  144  
320  144  
321  144  
322  144  
323  144  
324  144  
325  144  
326  144  
166  146  
167  146  
168  146  
169  146  
170  146  
171  146  
172  146  
173  146  
174  146  
175  146  
176  146  
177  146  
178  146  
179  146  
180  146  
181  146  
182  146  
183  146  
184  146  
185  146  
186  146  
187  146  
188  146  
189  146  
190  146  
191  146  
192  146  
193  146  
138  147  
139  147  
140  147  
141  147  
142  147  
143  147  
144  147  
145  147  
146  147  
147  147  
148  147  
149  147  
150  147  
151  147  
152  147  
153  147  
154  147  
155  147  
156  147  
157  147  
158  147  
159  147  
160  147  
161  147  
162  147  
163  147  
164  147  
165  147  
441  151  
442  151  
443  151  
444  151  
445  151  
446  151  
429  152  
430  152  
431  152  
432  152  
433  152  
434  152  
435  152  
436  152  
437  152  
438  152  
439  152  
440  152  
428  153  
428  154  
101  154  
101  155  
101  156  
101  157  
101  158  
101  159  
101  160  
101  161  
101  162  
101  163  
101  164  
101  165  
100  166  
100  167  
100  168  
100  169  
100  170  
100  171  
100  172  
100  173  
100  174  
100  175  
100  176  
100  177  
100  178  
100  179  
100  180  
96  155  
96  156  
96  157  
96  158  
96  159  
96  160  
96  161  
96  162  
95  163  
95  164  
95  165  
95  166  
95  167  
95  168  
95  169  
95  170  
95  171  
95  172  
95  173  
95  174  
95  175  
95  176  
95  177  
95  178  
95  179  
95  180  
105  155  
105  156  
105  157  
105  158  
104  159  
104  160  
104  161  
104  162  
104  163  
104  164  
104  165  
104  166  
104  167  
104  168  
104  169  
104  170  
104  171  
104  172  
104  173  
104  174  
104  175  
104  176  
104  177  
103  178  
103  179  
103  180  
138  158  
139  158  
140  158  
141  158  
142  158  
143  158  
144  158  
145  158  
146  158  
147  158  
148  158  
149  158  
150  158  
151  158  
152  158  
153  158  
154  158  
155  158  
156  158  
157  158  
158  158  
159  158  
160  158  
161  158  
162  158  
163  158  
164  158  
165  158  
166  158  
167  158  
168  158  
169  158  
170  158  
171  158  
172  158  
173  158  
174  158  
175  158  
176  158  
177  158  
178  158  
179  158  
180  158  
181  158  
182  158  
183  158  
184  158  
185  158  
186  158  
187  158  
188  158  
189  158  
190  158  
191  158  
192  158  
128  159  
129  159  
130  159  
131  159  
132  159  
133  159  
134  159  
135  159  
136  159  
137  159  
337  161  
338  161  
339  161  
340  161  
341  161  
342  161  
343  161  
344  161  
345  161  
346  161  
347  161  
348  161  
349  161  
350  161  
351  161  
352  161  
353  161  
354  161  
355  161  
356  161  
357  161  
358  161  
359  161  
360  161  
361  161  
362  161  
363  161  
364  161  
365  161  
366  161  
367  161  
368  161  
369  161  
370  161  
371  161  
372  161  
373  161  
374  161  
375  161  
376  161  
377  161  
378  161  
379  161  
380  161  
381  161  
382  161  
383  161  
384  161  
385  161  
386  161  
387  161  
388  161  
389  161  
390  161  
391  161  
392  161  
393  161  
394  161  
395  161  
396  161  
397  161  
398  161  
399  161  
400  161  
401  161  
402  161  
403  161  
404  161  
405  161  
406  161  
407  161  
408  161  
409  161  
410  161  
411  161  
412  161  
413  161  
414  161  
415  161  
416  161  
417  161  
418  161  
419  161  
420  161  
421  161  
422  161  
423  161  
424  161  
425  161  
426  161  
427  161  
428  161  
429  161  
430  161  
431  161  
432  161  
433  161  
137  164  
138  164  
139  164  
140  164  
141  164  
142  164  
143  164  
144  164  
145  164  
146  164  
147  164  
148  164  
149  164  
150  164  
151  164  
152  164  
153  164  
154  164  
155  164  
156  164  
157  164  
158  164  
159  164  
160  164  
161  164  
162  164  
163  164  
164  164  
165  164  
166  164  
167  164  
168  164  
169  164  
170  164  
171  164  
172  164  
173  164  
174  164  
175  164  
176  164  
177  164  
178  164  
179  164  
180  164  
181  164  
182  164  
183  164  
184  164  
185  164  
186  164  
187  164  
188  164  
189  164  
397  167  
398  167  
399  167  
400  167  
401  167  
402  167  
403  167  
404  167  
405  167  
406  167  
407  167  
408  167  
409  167  
410  167  
411  167  
412  167  
425  167  
426  167  
427  167  
428  167  
429  167  
341  168  
342  168  
343  168  
344  168  
345  168  
346  168  
347  168  
348  168  
349  168  
350  168  
351  168  
352  168  
353  168  
354  168  
355  168  
356  168  
357  168  
358  168  
359  168  
360  168  
361  168  
362  168  
363  168  
364  168  
365  168  
366  168  
367  168  
368  168  
369  168  
370  168  
371  168  
372  168  
373  168  
374  168  
375  168  
376  168  
377  168  
378  168  
379  168  
380  168  
381  168  
382  168  
383  168  
384  168  
385  168  
386  168  
387  168  
388  168  
389  168  
390  168  
391  168  
392  168  
393  168  
394  168  
395  168  
396  168  
413  168  
414  168  
415  168  
416  168  
417  168  
418  168  
419  168  
420  168  
421  168  
422  168  
423  168  
424  168  
330  168  
330  169  
330  170  
330  171  
330  172  
330  173  
330  174  
330  175  
330  176  
330  177  
330  178  
330  179  
329  180  
329  181  
329  182  
329  183  
329  184  
329  185  
329  186  
329  187  
329  188  
329  189  
329  190  
329  191  
329  192  
329  193  
329  194  
329  195  
329  196  
329  197  
329  198  
329  199  
329  200  
329  201  
329  202  
329  203  
361  173  
362  173  
342  174  
343  174  
344  174  
345  174  
346  174  
347  174  
348  174  
349  174  
350  174  
351  174  
352  174  
353  174  
354  174  
355  174  
356  174  
357  174  
358  174  
359  174  
360  174  
384  173  
385  173  
386  173  
387  173  
388  173  
389  173  
390  173  
391  173  
392  173  
393  173  
394  173  
395  173  
396  173  
397  173  
398  173  
399  173  
400  173  
401  173  
402  173  
403  173  
404  173  
405  173  
406  173  
407  173  
408  173  
409  173  
410  173  
411  173  
412  173  
413  173  
414  173  
415  173  
416  173  
417  173  
418  173  
419  173  
420  173  
421  173  
422  173  
423  173  
424  173  
425  173  
426  173  
427  173  
428  173  
429  173  
169  178  
170  178  
171  178  
172  178  
173  178  
174  178  
175  178  
176  178  
177  178  
178  178  
179  178  
180  178  
181  178  
182  178  
183  178  
184  178  
185  178  
186  178  
187  178  
188  178  
189  178  
190  178  
191  178  
192  178  
193  178  
194  178  
131  179  
132  179  
133  179  
134  179  
135  179  
136  179  
137  179  
138  179  
139  179  
140  179  
141  179  
142  179  
143  179  
144  179  
145  179  
146  179  
147  179  
148  179  
149  179  
150  179  
151  179  
152  179  
153  179  
154  179  
155  179  
156  179  
157  179  
158  179  
159  179  
160  179  
161  179  
162  179  
163  179  
164  179  
165  179  
166  179  
167  179  
168  179  
219  181  
219  182  
219  183  
219  184  
219  185  
219  186  
219  187  
219  188  
219  189  
219  190  
219  191  
219  192  
219  193  
219  194  
219  195  
219  196  
218  197  
218  198  
218  199  
218  200  
218  201  
218  202  
218  203  
218  204  
218  205  
218  206  
218  207  
218  208  
218  209  
218  210  
218  211  
164  186  
165  186  
166  186  
167  186  
168  186  
169  186  
170  186  
171  186  
172  186  
173  186  
174  186  
175  186  
176  186  
177  186  
178  186  
179  186  
180  186  
181  186  
182  186  
183  186  
184  186  
185  186  
186  186  
187  186  
188  186  
189  186  
190  186  
191  186  
192  186  
193  186  
159  187  
160  187  
161  187  
162  187  
163  187  
59  187  
60  188  
61  189  
61  190  
62  191  
63  192  
64  193  
65  194  
66  195  
67  196  
68  197  
69  198  
70  199  
71  200  
72  201  
73  202  
74  203  
75  204  
76  205  
77  206  
77  207  
78  208  
79  209  
80  210  
81  211  
82  212  
83  213  
84  214  
85  215  
86  216  
87  217  
88  218  
89  219  
90  220  
91  221  
92  222  
92  223  
93  224  
94  225  
95  226  
96  226  
100  187  
100  188  
101  189  
101  190  
101  191  
102  192  
102  193  
102  194  
103  195  
103  196  
104  197  
104  198  
104  199  
105  200  
105  201  
106  202  
106  203  
106  204  
107  205  
107  206  
107  207  
108  208  
108  209  
48  189  
49  190  
50  191  
51  192  
52  193  
53  194  
54  195  
55  196  
56  197  
57  198  
58  199  
59  200  
60  201  
61  202  
62  203  
62  204  
63  205  
64  206  
65  207  
66  208  
67  209  
105  189  
105  190  
105  191  
106  192  
106  193  
107  194  
107  195  
107  196  
108  197  
108  198  
108  199  
109  200  
109  201  
110  202  
110  203  
110  204  
111  205  
111  206  
111  207  
112  208  
112  209  
112  210  
113  211  
113  212  
113  213  
82  193  
83  194  
84  195  
85  196  
86  197  
87  197  
88  198  
89  199  
90  200  
91  201  
92  202  
93  203  
94  204  
95  205  
95  206  
96  207  
97  208  
98  209  
99  210  
100  211  
71  194  
72  195  
73  196  
74  197  
75  198  
76  199  
77  200  
78  201  
78  202  
79  203  
80  204  
81  205  
82  206  
83  207  
84  208  
85  209  
86  210  
87  211  
88  212  
89  213  
90  214  
91  215  
92  216  
93  217  
93  218  
94  219  
95  220  
96  221  
97  222  
135  195  
136  195  
137  195  
138  195  
139  195  
140  195  
141  195  
142  195  
143  195  
144  195  
145  195  
146  195  
147  195  
148  195  
149  195  
150  195  
151  195  
152  195  
153  195  
154  195  
155  195  
156  195  
157  195  
158  195  
159  195  
160  195  
161  195  
162  195  
163  195  
164  195  
165  195  
166  195  
167  195  
168  195  
169  195  
170  195  
171  195  
172  195  
173  195  
174  195  
175  195  
176  195  
177  195  
178  195  
179  195  
180  195  
181  195  
182  195  
183  195  
184  195  
185  195  
186  195  
187  195  
188  195  
189  195  
144  210  
145  210  
146  210  
147  210  
148  210  
149  210  
150  210  
151  210  
152  210  
153  210  
154  210  
155  210  
156  210  
157  210  
158  210  
159  210  
160  210  
161  210  
162  210  
163  210  
164  210  
165  210  
166  210  
167  210  
168  210  
169  210  
170  210  
171  210  
172  210  
173  210  
174  210  
175  210  
176  210  
177  210  
178  210  
179  210  
180  210  
181  210  
182  210  
336  210  
337  210  
338  210  
339  210  
340  210  
341  210  
342  210  
343  210  
344  210  
345  210  
346  210  
347  210  
348  210  
349  210  
350  210  
351  210  
352  210  
353  210  
354  210  
355  210  
356  210  
357  210  
358  210  
359  210  
360  210  
361  210  
362  210  
363  210  
364  210  
365  210  
366  210  
367  210  
368  210  
369  210  
370  210  
371  210  
372  210  
373  210  
374  210  
375  210  
376  210  
377  210  
378  210  
379  210  
380  210  
381  210  
382  210  
383  210  
384  210  
406  210  
407  210  
408  210  
409  210  
410  210  
411  210  
412  210  
413  210  
414  210  
415  210  
416  210  
417  210  
418  210  
419  210  
420  210  
421  210  
422  210  
423  210  
424  210  
425  210  
426  210  
427  210  
428  210  
429  210  
430  210  
431  210  
432  210  
433  210  
434  210  
435  210  
436  210  
437  210  
438  210  
439  210  
440  210  
441  210  
442  210  
443  210  
444  210  
445  210  
446  210  
447  210  
448  210  
137  215  
138  215  
139  215  
140  215  
141  215  
142  215  
143  215  
144  215  
145  215  
146  215  
147  215  
148  215  
149  215  
150  215  
151  215  
152  215  
153  215  
154  215  
155  215  
156  215  
157  215  
158  215  
159  215  
160  215  
161  215  
162  215  
163  215  
164  215  
165  215  
166  215  
167  215  
168  215  
169  215  
170  215  
171  215  
172  215  
173  215  
174  215  
175  215  
176  215  
177  215  
178  215  
179  215  
180  215  
181  215  
182  215  
183  215  
184  215  
185  215  
186  215  
187  215  
188  215  
189  215  
71  220  
71  221  
71  222  
71  223  
70  224  
70  225  
70  226  
70  227  
70  228  
70  229  
70  230  
70  231  
70  232  
70  233  
70  234  
70  235  
69  236  
69  237  
69  238  
69  239  
69  240  
69  241  
69  242  
69  243  
69  244  
69  245  
69  246  
68  247  
68  248  
68  249  
68  250  
68  251  
68  252  
68  253  
68  254  
68  255  
68  256  
68  257  
67  258  
67  259  
67  260  
67  261  
67  262  
67  263  
67  264  
67  265  
67  266  
67  267  
67  268  
67  269  
67  270  
67  271  
66  272  
66  273  
66  274  
66  275  
66  276  
66  277  
66  278  
66  279  
66  280  
65  281  
65  282  
65  283  
65  284  
65  285  
65  286  
65  287  
65  288  
65  289  
65  290  
65  291  
65  292  
65  293  
65  294  
64  295  
64  296  
64  297  
64  298  
400  237  
401  237  
402  237  
382  238  
383  238  
384  238  
385  238  
386  238  
387  238  
388  238  
389  238  
390  238  
391  238  
392  238  
393  238  
394  238  
395  238  
396  238  
397  238  
398  238  
399  238  
403  238  
404  238  
405  238  
253  238  
234  239  
235  239  
236  239  
237  239  
238  239  
239  239  
240  239  
241  239  
242  239  
243  239  
244  239  
245  239  
246  239  
247  239  
248  239  
249  239  
250  239  
251  239  
252  239  
271  238  
272  238  
273  238  
274  238  
275  238  
276  238  
277  238  
278  238  
279  238  
280  238  
281  238  
282  238  
283  238  
284  238  
285  238  
286  238  
287  238  
288  238  
289  238  
290  238  
291  238  
292  238  
293  238  
294  238  
295  238  
296  238  
297  238  
298  238  
299  238  
300  238  
301  238  
302  238  
303  238  
304  238  
305  238  
306  238  
307  238  
308  238  
309  238  
310  238  
311  238  
312  238  
313  238  
314  238  
315  238  
316  238  
317  238  
318  238  
319  238  
320  238  
321  238  
322  238  
323  238  
324  238  
325  238  
326  238  
327  238  
328  238  
329  238  
330  238  
331  238  
332  238  
333  238  
334  238  
335  238  
336  238  
337  238  
338  238  
339  238  
340  238  
341  238  
342  238  
343  238  
344  238  
345  238  
346  238  
347  238  
348  238  
349  238  
350  238  
351  238  
352  238  
353  238  
354  238  
355  238  
356  238  
357  238  
358  238  
359  238  
360  238  
361  238  
362  238  
363  238  
364  238  
365  238  
366  238  
266  239  
267  239  
268  239  
269  239  
270  239  
415  242  
416  242  
417  242  
418  242  
419  242  
420  242  
421  242  
422  242  
423  242  
424  242  
425  242  
426  242  
427  242  
428  242  
429  242  
430  242  
431  242  
432  242  
433  242  
434  242  
435  242  
128  248  
127  249  
127  250  
127  251  
127  252  
127  253  
127  254  
127  255  
127  256  
126  257  
126  258  
126  259  
126  260  
126  261  
126  262  
126  263  
126  264  
126  265  
126  266  
126  267  
125  268  
125  269  
125  270  
125  271  
125  272  
125  273  
125  274  
125  275  
125  276  
125  277  
125  278  
125  279  
125  280  
125  281  
125  282  
124  283  
124  284  
124  285  
124  286  
124  287  
124  288  
124  289  
124  290  
124  291  
124  292  
124  293  
124  294  
124  295  
124  296  
124  297  
124  298  
124  299  
124  300  
124  301  
263  249  
264  249  
265  249  
266  249  
267  249  
268  249  
269  249  
270  249  
271  249  
272  249  
273  249  
274  249  
275  249  
276  249  
277  249  
278  249  
279  249  
230  250  
231  250  
232  250  
233  250  
234  250  
235  250  
236  250  
237  250  
238  250  
239  250  
240  250  
241  250  
242  250  
243  250  
244  250  
245  250  
246  250  
247  250  
248  250  
249  250  
250  250  
251  250  
252  250  
253  250  
254  250  
255  250  
256  250  
257  250  
258  250  
259  250  
260  250  
261  250  
262  250  
280  250  
282  249  
283  249  
284  249  
285  249  
287  249  
288  249  
289  249  
290  249  
291  249  
292  249  
293  249  
294  249  
295  249  
296  249  
297  249  
298  249  
299  249  
300  249  
301  249  
302  249  
303  249  
304  249  
305  249  
306  249  
307  249  
308  249  
309  249  
310  249  
311  249  
312  249  
313  249  
314  249  
315  249  
316  249  
317  249  
318  249  
319  249  
320  249  
321  249  
322  249  
323  249  
324  249  
325  249  
326  249  
327  249  
328  249  
329  249  
330  249  
331  249  
286  250  
332  250  
333  250  
334  250  
335  250  
336  250  
337  250  
338  250  
339  250  
340  250  
341  250  
343  249  
344  249  
345  249  
346  249  
347  249  
348  249  
349  249  
350  249  
351  249  
352  249  
353  249  
354  249  
355  249  
356  249  
357  249  
358  249  
359  249  
360  249  
361  249  
362  249  
363  249  
364  249  
365  249  
366  249  
367  249  
368  249  
369  249  
370  249  
371  249  
372  249  
373  249  
374  249  
375  249  
376  249  
377  249  
378  249  
379  249  
380  249  
381  249  
382  249  
383  249  
384  249  
385  249  
386  249  
387  249  
388  249  
389  249  
390  249  
391  249  
392  249  
393  249  
394  249  
395  249  
396  249  
397  249  
398  249  
399  249  
400  249  
401  249  
402  249  
403  249  
404  249  
405  249  
406  249  
407  249  
408  249  
409  249  
410  249  
411  249  
412  249  
413  249  
414  249  
415  249  
416  249  
417  249  
418  249  
419  249  
420  249  
421  249  
422  249  
423  249  
424  249  
425  249  
426  249  
427  249  
428  249  
429  249  
430  249  
431  249  
432  249  
433  249  
434  249  
435  249  
436  249  
437  249  
438  249  
440  252  
441  252  
442  252  
443  252  
444  252  
445  252  
446  252  
447  252  
448  252  
247  253  
248  253  
249  253  
250  253  
251  253  
252  253  
253  253  
254  253  
255  253  
256  253  
257  253  
258  253  
259  253  
260  253  
261  253  
262  253  
263  253  
264  253  
265  253  
266  253  
267  253  
268  253  
269  253  
270  253  
271  253  
272  253  
273  253  
274  253  
275  253  
276  253  
277  253  
278  253  
279  253  
280  253  
281  253  
282  253  
283  253  
284  253  
285  253  
286  253  
287  253  
288  253  
289  253  
290  253  
291  253  
292  253  
293  253  
294  253  
295  253  
296  253  
297  253  
298  253  
299  253  
300  253  
301  253  
302  253  
303  253  
304  253  
305  253  
306  253  
307  253  
308  253  
309  253  
310  253  
311  253  
312  253  
313  253  
314  253  
315  253  
316  253  
317  253  
318  253  
319  253  
320  253  
321  253  
322  253  
323  253  
324  253  
325  253  
326  253  
327  253  
328  253  
329  253  
330  253  
331  253  
344  253  
345  253  
346  253  
347  253  
348  253  
349  253  
350  253  
351  253  
352  253  
353  253  
354  253  
355  253  
356  253  
357  253  
358  253  
359  253  
360  253  
361  253  
362  253  
363  253  
364  253  
365  253  
366  253  
367  253  
368  253  
369  253  
370  253  
371  253  
372  253  
373  253  
374  253  
375  253  
376  253  
377  253  
378  253  
379  253  
380  253  
381  253  
382  253  
383  253  
384  253  
385  253  
386  253  
387  253  
388  253  
389  253  
390  253  
391  253  
392  253  
393  253  
394  253  
395  253  
396  253  
397  253  
398  253  
399  253  
400  253  
401  253  
402  253  
403  253  
404  253  
405  253  
406  253  
407  253  
408  253  
409  253  
410  253  
411  253  
412  253  
413  253  
414  253  
415  253  
416  253  
417  253  
418  253  
419  253  
420  253  
421  253  
422  253  
423  253  
424  253  
425  253  
426  253  
427  253  
428  253  
429  253  
430  253  
431  253  
432  253  
433  253  
434  253  
435  253  
436  253  
437  253  
438  253  
439  253  
243  254  
244  254  
245  254  
246  254  
332  254  
333  254  
334  254  
335  254  
336  254  
337  254  
338  254  
339  254  
340  254  
341  254  
342  254  
343  254  
173  253  
174  253  
175  253  
176  253  
177  253  
178  253  
179  253  
180  253  
181  253  
182  253  
183  253  
184  253  
185  253  
186  253  
187  253  
188  253  
189  253  
190  253  
191  253  
192  253  
193  253  
194  253  
195  253  
196  253  
197  253  
198  253  
199  253  
200  253  
201  253  
202  253  
203  253  
204  253  
205  253  
206  253  
207  253  
208  253  
209  253  
210  253  
211  253  
212  253  
213  253  
214  253  
215  253  
216  253  
217  253  
218  253  
219  253  
220  253  
221  253  
222  253  
223  254  
224  254  
225  254  
226  254  
227  254  
420  257  
421  257  
422  257  
423  257  
424  257  
425  257  
426  257  
427  257  
428  257  
429  257  
430  257  
431  257  
432  257  
433  257  
434  257  
435  257  
436  257  
437  257  
438  257  
439  257  
440  257  
441  257  
442  257  
443  257  
444  257  
445  257  
446  257  
447  257  
448  257  
346  258  
347  258  
348  258  
349  258  
350  258  
351  258  
352  258  
353  258  
354  258  
355  258  
356  258  
357  258  
358  258  
359  258  
360  258  
361  258  
362  258  
363  258  
364  258  
365  258  
366  258  
367  258  
368  258  
369  258  
370  258  
371  258  
372  258  
373  258  
374  258  
375  258  
376  258  
377  258  
378  258  
379  258  
380  258  
381  258  
382  258  
383  258  
384  258  
385  258  
386  258  
387  258  
388  258  
389  258  
390  258  
391  258  
392  258  
393  258  
394  258  
395  258  
396  258  
397  258  
398  258  
399  258  
400  258  
401  258  
402  258  
403  258  
404  258  
405  258  
406  258  
407  258  
408  258  
409  258  
410  258  
411  258  
412  258  
413  258  
414  258  
415  258  
416  258  
417  258  
418  258  
419  258  
303  259  
304  259  
305  259  
306  259  
307  259  
308  259  
309  259  
310  259  
311  259  
312  259  
313  259  
314  259  
315  259  
316  259  
317  259  
318  259  
319  259  
320  259  
321  259  
322  259  
323  259  
324  259  
325  259  
326  259  
327  259  
328  259  
329  259  
330  259  
331  259  
332  259  
333  259  
334  259  
335  259  
336  259  
337  259  
338  259  
339  259  
340  259  
341  259  
342  259  
343  259  
344  259  
345  259  
162  258  
163  258  
164  258  
165  258  
166  258  
167  258  
168  258  
169  258  
170  258  
171  258  
172  258  
173  258  
174  258  
175  258  
176  258  
177  258  
178  258  
179  258  
180  258  
181  258  
182  258  
183  258  
184  258  
185  258  
186  258  
187  258  
188  258  
189  258  
190  258  
191  258  
192  258  
193  258  
194  258  
195  258  
196  258  
197  258  
198  258  
199  258  
200  258  
201  258  
202  258  
203  258  
204  258  
205  258  
206  258  
207  258  
208  258  
209  258  
210  258  
211  258  
212  258  
213  258  
214  258  
215  258  
216  258  
217  258  
218  258  
219  258  
220  258  
221  258  
222  258  
223  258  
224  258  
225  258  
226  258  
227  258  
228  258  
229  258  
230  258  
231  258  
232  258  
233  258  
234  258  
235  258  
236  258  
237  258  
238  258  
239  258  
240  258  
247  258  
248  258  
249  258  
250  258  
251  258  
252  258  
253  258  
254  258  
255  258  
256  258  
257  258  
258  258  
259  258  
260  258  
273  258  
274  258  
261  259  
262  259  
263  259  
264  259  
265  259  
266  259  
267  259  
268  259  
269  259  
270  259  
271  259  
272  259  
279  258  
280  258  
281  259  
282  259  
283  259  
284  259  
285  259  
286  259  
287  259  
288  259  
289  259  
290  259  
291  259  
292  259  
293  259  
294  259  
295  259  
296  259  
297  259  
298  259  
299  259  
135  259  
135  260  
135  261  
135  262  
135  263  
135  264  
134  265  
134  266  
134  267  
134  268  
134  269  
134  270  
134  271  
134  272  
134  273  
134  274  
134  275  
134  276  
134  277  
134  278  
133  279  
133  280  
133  281  
133  282  
133  283  
133  284  
133  285  
133  286  
133  287  
133  288  
133  289  
133  290  
133  291  
133  292  
133  293  
132  294  
132  295  
132  296  
132  297  
132  298  
132  299  
132  300  
132  301  
153  259  
152  260  
152  261  
152  262  
152  263  
152  264  
152  265  
152  266  
152  267  
152  268  
152  269  
152  270  
152  271  
152  272  
151  273  
151  274  
151  275  
151  276  
151  277  
151  278  
151  279  
151  280  
151  281  
151  282  
151  283  
151  284  
151  285  
150  286  
150  287  
150  288  
150  289  
150  290  
150  291  
150  292  
150  293  
150  294  
150  295  
150  296  
150  297  
150  298  
150  299  
150  300  
150  301  
150  302  
150  303  
150  304  
149  305  
403  274  
404  274  
405  274  
406  274  
407  274  
408  274  
409  274  
410  274  
411  274  
412  274  
413  274  
414  274  
415  274  
416  274  
417  274  
418  274  
419  274  
420  274  
421  274  
422  274  
423  274  
424  274  
425  274  
426  274  
427  274  
428  274  
429  274  
430  274  
431  274  
432  274  
433  274  
434  274  
435  274  
436  274  
437  274  
438  274  
439  274  
440  274  
441  274  
442  274  
443  274  
444  274  
445  274  
446  274  
447  274  
448  274  
223  282  
223  283  
223  284  
223  285  
223  286  
223  287  
223  288  
223  289  
223  290  
223  291  
223  292  
223  293  
223  294  
223  295  
223  296  
223  297  
223  298  
223  299  
223  300  
223  301  
223  302  
223  303  
223  304  
223  305  
223  306  
223  307  
223  308  
223  309  
222  310  
222  311  
222  312  
222  313  
222  314  
222  315  
222  316  
222  317  
221  318  
221  319  
221  320  
221  321  
221  322  
221  323  
221  324  
221  325  
221  326  
221  327  
221  328  
221  329  
221  330  
221  331  
221  332  
221  333  
221  334  
221  335  
221  336  
221  337  
221  338  
220  339  
220  340  
220  341  
220  342  
220  343  
220  344  
220  345  
220  346  
220  347  
220  348  
220  349  
219  350  
219  351  
219  352  
219  353  
219  354  
219  355  
219  356  
219  357  
219  358  
219  359  
219  360  
219  361  
219  362  
219  363  
219  364  
218  365  
218  366  
218  367  
218  368  
218  369  
218  370  
218  371  
218  372  
218  373  
218  374  
218  375  
218  376  
218  377  
218  378  
218  379  
218  380  
218  381  
218  382  
218  383  
218  384  
218  385  
218  386  
218  387  
218  388  
218  389  
218  390  
218  391  
218  392  
218  393  
218  394  
218  395  
218  396  
218  397  
218  398  
218  399  
217  400  
217  401  
217  402  
217  403  
217  404  
217  405  
217  406  
217  407  
217  408  
217  409  
217  410  
217  411  
217  412  
217  413  
217  414  
217  415  
217  416  
217  417  
217  418  
217  419  
216  420  
216  421  
216  422  
216  423  
216  424  
216  425  
216  426  
216  427  
216  428  
216  429  
216  430  
216  431  
216  432  
216  433  
216  434  
216  435  
216  436  
216  437  
216  438  
216  439  
216  440  
216  441  
216  442  
215  443  
215  444  
215  445  
215  446  
215  447  
215  448  
215  449  
215  450  
215  451  
215  452  
215  453  
215  454  
215  455  
215  456  
215  457  
215  458  
215  459  
215  460  
215  461  
215  462  
215  463  
214  464  
214  465  
214  466  
214  467  
214  468  
214  469  
214  470  
214  471  
214  472  
214  473  
214  474  
214  475  
214  476  
214  477  
214  478  
214  479  
214  480  
214  481  
214  482  
214  483  
214  484  
214  485  
214  486  
213  487  
213  488  
396  282  
396  283  
397  284  
397  285  
397  286  
397  287  
397  288  
397  289  
397  290  
397  291  
397  292  
397  293  
397  294  
397  295  
397  296  
397  297  
397  298  
397  299  
397  300  
397  301  
397  302  
397  303  
397  304  
397  305  
397  306  
397  307  
397  308  
397  309  
397  310  
397  311  
397  312  
397  313  
397  314  
397  315  
397  316  
397  317  
397  318  
397  319  
397  320  
397  321  
397  322  
397  323  
397  324  
397  325  
397  326  
397  327  
397  328  
397  329  
397  330  
397  331  
397  332  
397  333  
397  334  
397  335  
397  336  
397  337  
397  338  
397  339  
397  340  
397  341  
397  342  
397  343  
397  344  
397  345  
397  346  
397  347  
397  348  
397  349  
397  350  
397  351  
397  352  
396  353  
396  354  
396  355  
396  356  
396  357  
396  358  
396  359  
396  360  
396  361  
396  362  
396  363  
396  364  
396  365  
396  366  
396  367  
396  368  
396  369  
396  370  
396  371  
396  372  
396  373  
396  374  
396  375  
396  376  
396  377  
396  378  
396  379  
396  380  
396  381  
396  382  
396  383  
396  384  
396  385  
396  386  
396  387  
396  388  
396  389  
396  390  
396  391  
396  392  
396  393  
377  294  
377  295  
377  296  
377  297  
377  298  
377  299  
377  300  
378  301  
378  302  
378  303  
378  304  
378  305  
378  306  
378  307  
378  308  
378  309  
378  310  
378  311  
378  312  
378  313  
378  314  
378  315  
378  316  
378  317  
379  318  
379  319  
211  308  
210  309  
210  310  
210  311  
210  312  
210  313  
210  314  
210  315  
210  316  
210  317  
210  318  
210  319  
210  320  
210  321  
210  322  
210  323  
210  324  
209  325  
209  326  
209  327  
209  328  
94  314  
93  315  
91  316  
92  316  
90  317  
89  318  
88  319  
87  320  
86  321  
85  322  
84  323  
83  324  
82  325  
80  326  
81  326  
79  327  
78  328  
77  329  
76  330  
75  331  
74  332  
73  333  
72  334  
71  335  
70  336  
68  337  
69  337  
67  338  
66  339  
65  340  
64  341  
63  342  
62  343  
61  344  
60  345  
59  346  
58  347  
56  348  
57  348  
55  349  
54  350  
53  351  
52  352  
51  353  
50  354  
49  355  
48  356  
47  357  
46  358  
45  359  
43  360  
44  360  
42  361  
41  362  
40  363  
39  364  
38  365  
37  366  
36  367  
35  368  
34  369  
33  370  
32  371  
114  314  
115  314  
116  314  
117  314  
118  314  
119  314  
120  314  
121  314  
122  314  
123  314  
124  314  
125  314  
126  314  
127  314  
128  314  
129  314  
130  314  
131  314  
132  314  
133  314  
134  314  
135  314  
136  314  
240  317  
241  317  
242  317  
243  317  
244  317  
245  317  
246  317  
247  317  
248  317  
249  317  
250  317  
251  317  
252  317  
253  317  
254  317  
255  317  
256  317  
257  317  
258  317  
259  317  
260  317  
261  317  
262  317  
263  317  
264  317  
265  317  
266  317  
267  317  
268  317  
269  317  
270  317  
271  317  
272  317  
273  317  
274  317  
275  317  
276  317  
277  317  
278  317  
279  317  
280  317  
281  317  
282  317  
283  317  
284  317  
285  317  
286  317  
287  317  
288  317  
289  317  
290  317  
291  317  
292  317  
293  317  
294  317  
295  317  
296  317  
297  317  
298  317  
299  317  
300  317  
301  317  
302  317  
303  317  
304  317  
305  317  
306  317  
307  317  
308  317  
309  317  
310  317  
311  317  
312  317  
313  317  
314  317  
315  317  
316  317  
317  317  
318  317  
319  317  
320  317  
321  317  
322  317  
323  317  
324  317  
325  317  
326  317  
327  317  
328  317  
199  318  
199  319  
199  320  
199  321  
199  322  
199  323  
199  324  
199  325  
199  326  
199  327  
199  328  
199  329  
198  330  
198  331  
198  332  
198  333  
198  334  
198  335  
198  336  
198  337  
198  338  
198  339  
198  340  
345  320  
345  321  
345  322  
345  323  
345  324  
345  325  
345  326  
345  327  
345  328  
345  329  
345  330  
345  331  
345  332  
345  333  
345  334  
345  335  
345  336  
345  337  
345  338  
344  339  
344  340  
344  341  
344  342  
344  343  
344  344  
344  345  
344  346  
344  347  
344  348  
344  349  
344  350  
344  351  
344  352  
344  353  
344  354  
344  355  
344  356  
344  357  
344  358  
344  359  
344  360  
344  361  
344  362  
344  363  
344  364  
344  365  
344  366  
344  367  
344  368  
344  369  
344  370  
344  371  
344  372  
344  373  
344  374  
344  375  
344  376  
344  377  
344  378  
344  379  
344  380  
344  381  
344  382  
344  383  
344  384  
344  385  
343  386  
343  387  
343  388  
343  389  
343  390  
343  391  
343  392  
343  393  
343  394  
343  395  
343  396  
343  397  
343  398  
343  399  
343  400  
343  401  
343  402  
343  403  
343  404  
343  405  
343  406  
343  407  
343  408  
343  409  
343  410  
343  411  
343  412  
343  413  
343  414  
343  415  
343  416  
343  417  
343  418  
343  419  
343  420  
343  421  
343  422  
343  423  
343  424  
343  425  
343  426  
343  427  
343  428  
343  429  
343  430  
343  431  
343  432  
343  433  
343  434  
343  435  
343  436  
343  437  
343  438  
343  439  
343  440  
343  441  
343  442  
343  443  
343  444  
343  445  
343  446  
343  447  
342  448  
342  449  
342  450  
342  451  
342  452  
342  453  
342  454  
342  455  
342  456  
342  457  
246  322  
247  322  
248  322  
249  322  
250  322  
251  322  
252  322  
253  322  
254  322  
255  322  
256  322  
257  322  
258  322  
259  322  
260  322  
261  322  
262  322  
263  322  
264  322  
265  322  
266  322  
267  322  
268  322  
269  322  
270  322  
271  322  
272  322  
273  322  
274  322  
275  322  
276  322  
277  322  
278  322  
279  322  
280  322  
281  322  
282  322  
283  322  
284  322  
285  322  
286  322  
287  322  
288  322  
289  322  
290  322  
291  322  
292  322  
293  322  
294  322  
295  322  
296  322  
297  322  
298  322  
299  322  
300  322  
301  322  
302  322  
303  322  
304  322  
305  322  
306  322  
307  322  
308  322  
309  322  
310  322  
311  322  
312  322  
313  322  
314  322  
315  322  
316  322  
317  322  
318  322  
319  322  
320  322  
321  322  
322  322  
323  322  
324  322  
325  322  
233  324  
233  325  
233  326  
233  327  
233  328  
233  329  
233  330  
233  331  
233  332  
233  333  
233  334  
233  335  
233  336  
233  337  
233  338  
233  339  
233  340  
233  341  
233  342  
233  343  
233  344  
232  345  
232  346  
232  347  
232  348  
232  349  
232  350  
232  351  
232  352  
232  353  
232  354  
232  355  
232  356  
232  357  
232  358  
232  359  
232  360  
232  361  
232  362  
232  363  
232  364  
232  365  
232  366  
232  367  
231  368  
231  369  
231  370  
231  371  
231  372  
231  373  
231  374  
231  375  
231  376  
231  377  
231  378  
231  379  
231  380  
231  381  
231  382  
231  383  
231  384  
231  385  
231  386  
231  387  
231  388  
231  389  
231  390  
230  391  
230  392  
230  393  
230  394  
230  395  
230  396  
230  397  
230  398  
230  399  
230  400  
230  401  
230  402  
230  403  
230  404  
230  405  
230  406  
230  407  
230  408  
230  409  
230  410  
230  411  
230  412  
229  413  
229  414  
229  415  
229  416  
229  417  
229  418  
229  419  
229  420  
229  421  
229  422  
229  423  
229  424  
229  425  
229  426  
229  427  
229  428  
229  429  
229  430  
229  431  
229  432  
229  433  
229  434  
228  435  
228  436  
228  437  
228  438  
228  439  
228  440  
228  441  
228  442  
228  443  
228  444  
228  445  
228  446  
228  447  
228  448  
228  449  
228  450  
228  451  
228  452  
228  453  
228  454  
228  455  
228  456  
228  457  
87  334  
85  335  
86  335  
84  336  
83  337  
82  338  
81  339  
80  340  
79  341  
78  342  
77  343  
76  344  
74  345  
75  345  
73  346  
72  347  
71  348  
70  349  
69  350  
68  351  
67  352  
66  353  
65  354  
64  355  
63  356  
62  357  
60  358  
61  358  
59  359  
58  360  
57  361  
56  362  
55  363  
54  364  
53  365  
52  366  
51  367  
50  368  
49  369  
48  370  
47  371  
46  372  
45  373  
43  374  
44  374  
42  375  
41  376  
40  377  
39  378  
38  379  
37  380  
36  381  
35  382  
34  383  
33  384  
32  385  
377  335  
377  336  
377  337  
377  338  
377  339  
377  340  
377  341  
377  342  
377  343  
377  344  
377  345  
377  346  
377  347  
377  348  
377  349  
377  350  
377  351  
377  352  
377  353  
377  354  
377  355  
377  356  
377  357  
377  358  
377  359  
377  360  
377  361  
377  362  
377  363  
377  364  
377  365  
377  366  
377  367  
377  368  
377  369  
377  370  
377  371  
377  372  
377  373  
377  374  
377  375  
377  376  
377  377  
377  378  
377  379  
377  380  
377  381  
377  382  
377  383  
377  384  
377  385  
377  386  
377  387  
377  388  
377  389  
377  390  
377  391  
377  392  
377  393  
377  394  
377  395  
377  396  
377  397  
377  398  
377  399  
377  400  
377  401  
377  402  
377  403  
377  404  
376  405  
376  406  
376  407  
376  408  
376  409  
376  410  
376  411  
376  412  
376  413  
376  414  
376  415  
376  416  
376  417  
376  418  
376  419  
376  420  
376  421  
376  422  
376  423  
376  424  
376  425  
376  426  
376  427  
376  428  
376  429  
376  430  
376  431  
376  432  
376  433  
376  434  
376  435  
376  436  
376  437  
376  438  
376  439  
376  440  
376  441  
376  442  
376  443  
376  444  
376  445  
376  446  
377  447  
245  337  
246  337  
247  337  
248  337  
249  337  
250  337  
251  337  
252  337  
253  337  
292  337  
293  337  
254  338  
255  338  
256  338  
257  338  
258  338  
259  338  
260  338  
261  338  
262  338  
263  338  
264  338  
265  338  
266  338  
267  338  
268  338  
269  338  
270  338  
271  338  
272  338  
273  338  
274  338  
275  338  
276  338  
277  338  
278  338  
279  338  
280  338  
281  338  
282  338  
283  338  
284  338  
285  338  
286  338  
287  338  
288  338  
289  338  
290  338  
291  338  
382  341  
381  342  
381  343  
381  344  
381  345  
381  346  
381  347  
381  348  
381  349  
381  350  
381  351  
381  352  
381  353  
381  354  
381  355  
381  356  
381  357  
381  358  
381  359  
381  360  
381  361  
381  362  
381  363  
381  364  
381  365  
381  366  
381  367  
381  368  
381  369  
381  370  
381  371  
381  372  
381  373  
381  374  
381  375  
381  376  
381  377  
381  378  
381  379  
381  380  
381  381  
381  382  
381  383  
381  384  
381  385  
381  386  
381  387  
381  388  
381  389  
381  390  
381  391  
381  392  
381  393  
381  394  
381  395  
381  396  
381  397  
381  398  
381  399  
381  400  
381  401  
381  402  
381  403  
381  404  
381  405  
381  406  
381  407  
381  408  
381  409  
381  410  
381  411  
381  412  
381  413  
381  414  
381  415  
381  416  
381  417  
381  418  
381  419  
381  420  
381  421  
381  422  
381  423  
381  424  
381  425  
381  426  
381  427  
381  428  
381  429  
381  430  
381  431  
381  432  
381  433  
381  434  
381  435  
381  436  
381  437  
381  438  
381  439  
381  440  
381  441  
381  442  
247  345  
248  345  
249  345  
250  345  
251  345  
252  345  
253  345  
254  345  
255  345  
256  345  
257  345  
258  345  
259  345  
260  345  
261  345  
262  345  
263  345  
264  345  
265  345  
266  345  
267  345  
268  345  
269  345  
270  345  
271  345  
272  345  
273  345  
274  345  
275  345  
276  345  
277  345  
278  345  
279  345  
280  345  
281  345  
282  345  
283  345  
284  345  
285  345  
286  345  
287  345  
288  345  
289  345  
290  345  
291  345  
292  345  
293  345  
294  345  
295  345  
296  345  
297  345  
298  345  
299  345  
300  345  
301  345  
302  345  
303  345  
304  345  
305  345  
306  345  
307  345  
308  345  
309  345  
310  345  
311  345  
312  345  
313  345  
314  345  
315  345  
316  345  
317  345  
318  345  
319  345  
320  345  
321  345  
322  345  
323  345  
324  345  
325  345  
326  345  
327  345  
328  345  
329  345  
330  345  
244  346  
245  346  
246  346  
331  346  
331  347  
334  345  
335  346  
335  347  
335  348  
335  349  
335  350  
335  351  
335  352  
335  353  
335  354  
335  355  
335  356  
335  357  
335  358  
335  359  
335  360  
334  361  
334  362  
334  363  
334  364  
334  365  
334  366  
334  367  
334  368  
334  369  
334  370  
334  371  
334  372  
334  373  
334  374  
334  375  
334  376  
334  377  
334  378  
334  379  
334  380  
334  381  
334  382  
334  383  
334  384  
334  385  
334  386  
334  387  
334  388  
121  351  
122  351  
123  351  
124  351  
125  351  
126  351  
127  351  
128  351  
129  351  
130  351  
131  351  
132  351  
133  351  
134  351  
135  351  
136  351  
137  351  
138  351  
139  351  
140  351  
141  351  
142  351  
143  351  
144  351  
145  351  
146  351  
147  351  
148  351  
149  351  
150  351  
151  351  
152  351  
153  351  
154  351  
155  351  
156  351  
157  351  
158  351  
159  351  
160  351  
161  351  
162  351  
163  351  
164  351  
165  351  
166  351  
167  351  
168  351  
169  351  
170  351  
171  351  
172  351  
173  351  
174  351  
175  351  
176  351  
177  351  
178  351  
179  351  
180  351  
181  351  
182  351  
287  351  
288  351  
289  351  
290  351  
291  351  
292  351  
293  351  
294  351  
295  351  
296  351  
297  351  
298  351  
299  351  
300  351  
301  351  
302  351  
303  351  
304  351  
305  351  
306  351  
307  351  
308  351  
309  351  
310  351  
311  351  
312  351  
313  351  
314  351  
315  351  
316  351  
317  351  
318  351  
319  351  
320  351  
321  351  
322  351  
323  351  
324  351  
325  351  
326  351  
327  351  
403  353  
403  354  
403  355  
403  356  
403  357  
403  358  
403  359  
403  360  
403  361  
403  362  
403  363  
403  364  
403  365  
403  366  
403  367  
403  368  
403  369  
403  370  
403  371  
403  372  
403  373  
403  374  
403  375  
403  376  
403  377  
403  378  
403  379  
403  380  
403  381  
403  382  
403  383  
403  384  
403  385  
403  386  
403  387  
403  388  
403  389  
403  390  
403  391  
403  392  
403  393  
403  394  
403  395  
403  396  
403  397  
403  398  
125  355  
126  355  
127  355  
128  355  
129  355  
130  355  
131  355  
132  355  
133  355  
134  355  
135  356  
136  356  
137  356  
138  356  
139  356  
140  356  
141  356  
142  356  
143  356  
144  356  
145  356  
146  356  
147  356  
148  356  
149  356  
150  356  
151  356  
152  356  
153  356  
154  356  
155  356  
156  356  
157  356  
158  356  
159  356  
160  356  
161  356  
162  356  
163  356  
164  356  
165  356  
166  356  
167  356  
168  356  
169  356  
170  356  
171  356  
172  356  
173  356  
174  356  
175  356  
176  356  
177  356  
178  356  
179  356  
180  356  
181  356  
244  361  
245  361  
246  361  
247  361  
248  361  
249  361  
250  361  
251  361  
252  361  
253  361  
254  361  
255  361  
256  361  
257  361  
258  361  
259  361  
260  361  
261  361  
262  361  
263  361  
264  361  
265  361  
266  361  
267  361  
268  361  
269  361  
270  361  
271  361  
272  361  
273  361  
274  361  
275  361  
276  361  
277  361  
278  361  
279  361  
280  361  
281  361  
282  361  
283  361  
284  361  
285  361  
286  361  
287  361  
288  361  
289  361  
290  361  
291  361  
292  361  
293  361  
294  361  
295  361  
296  361  
297  361  
298  361  
299  361  
300  361  
301  361  
302  361  
303  361  
304  361  
305  361  
306  361  
307  361  
308  361  
309  361  
310  361  
311  361  
312  361  
313  361  
314  361  
315  361  
316  361  
317  361  
318  361  
319  361  
320  361  
321  361  
322  361  
323  361  
324  361  
119  364  
120  364  
121  364  
122  364  
123  364  
124  364  
125  364  
126  364  
127  364  
128  364  
129  364  
130  364  
131  364  
132  364  
133  364  
134  364  
135  364  
136  364  
137  364  
138  364  
139  365  
140  365  
141  365  
142  365  
143  365  
144  365  
145  365  
146  365  
147  365  
148  365  
149  365  
150  365  
151  365  
152  365  
153  365  
154  365  
155  365  
156  365  
157  365  
158  365  
159  365  
160  365  
161  365  
162  365  
163  365  
164  365  
165  365  
166  365  
399  364  
399  365  
399  366  
399  367  
399  368  
399  369  
399  370  
399  371  
399  372  
399  373  
399  374  
399  375  
399  376  
399  377  
399  378  
399  379  
399  380  
399  381  
399  382  
399  383  
399  384  
399  385  
399  386  
204  369  
204  370  
204  371  
204  372  
204  373  
204  374  
204  375  
204  376  
204  377  
204  378  
204  379  
204  380  
204  381  
204  382  
204  383  
204  384  
203  385  
203  386  
203  387  
203  388  
203  389  
203  390  
203  391  
203  392  
203  393  
203  394  
203  395  
203  396  
203  397  
203  398  
203  399  
203  400  
203  401  
203  402  
202  403  
202  404  
202  405  
202  406  
202  407  
202  408  
202  409  
244  369  
245  369  
246  369  
247  369  
248  369  
249  369  
250  369  
251  369  
252  369  
253  369  
254  369  
255  369  
256  369  
257  369  
258  369  
259  369  
260  369  
261  369  
262  369  
263  369  
264  369  
265  369  
266  369  
267  369  
268  369  
269  369  
270  369  
271  369  
272  369  
273  369  
274  369  
275  369  
276  369  
277  369  
278  369  
279  369  
280  369  
281  369  
282  369  
283  369  
284  369  
285  369  
286  369  
287  369  
288  369  
289  369  
290  369  
291  369  
292  369  
293  369  
294  369  
295  369  
296  369  
297  369  
298  369  
299  369  
300  369  
301  369  
302  369  
303  369  
304  369  
305  369  
306  369  
307  369  
308  369  
309  369  
310  369  
311  369  
312  369  
313  369  
314  369  
315  369  
316  369  
317  369  
318  369  
319  369  
320  370  
321  370  
322  370  
323  370  
324  370  
325  370  
76  373  
76  374  
76  375  
76  376  
76  377  
76  378  
76  379  
75  380  
75  381  
75  382  
75  383  
75  384  
75  385  
75  386  
75  387  
75  388  
75  389  
75  390  
74  391  
74  392  
74  393  
74  394  
74  395  
74  396  
74  397  
74  398  
74  399  
74  400  
74  401  
74  402  
73  403  
73  404  
73  405  
81  373  
81  374  
81  375  
81  376  
80  377  
80  378  
80  379  
80  380  
80  381  
80  382  
80  383  
80  384  
80  385  
80  386  
80  387  
80  388  
80  389  
79  390  
79  391  
79  392  
79  393  
79  394  
79  395  
79  396  
79  397  
79  398  
79  399  
79  400  
78  401  
78  402  
78  403  
107  378  
108  378  
109  378  
110  378  
111  378  
112  378  
113  378  
114  378  
115  378  
116  378  
117  378  
118  378  
119  378  
120  378  
121  378  
122  378  
123  378  
124  378  
125  378  
126  378  
127  378  
128  378  
129  378  
130  378  
131  378  
132  378  
133  378  
134  378  
135  378  
136  378  
137  378  
138  378  
139  378  
140  378  
141  378  
142  378  
143  378  
144  378  
145  378  
146  378  
147  378  
148  378  
149  378  
150  378  
151  378  
152  378  
153  378  
154  378  
155  378  
156  378  
157  378  
158  378  
159  378  
160  378  
161  378  
162  378  
163  378  
164  378  
165  378  
166  378  
167  378  
168  378  
169  378  
170  378  
171  378  
172  378  
173  378  
47  381  
47  382  
47  383  
47  384  
47  385  
47  386  
47  387  
47  388  
47  389  
47  390  
47  391  
47  392  
47  393  
47  394  
47  395  
47  396  
46  397  
46  398  
46  399  
47  400  
47  401  
47  402  
113  383  
114  383  
115  383  
116  383  
117  383  
118  383  
119  383  
120  383  
121  383  
122  383  
123  383  
124  383  
125  383  
126  383  
127  383  
128  383  
129  383  
130  383  
131  383  
132  383  
133  383  
134  383  
135  383  
136  383  
137  383  
138  383  
139  383  
140  383  
141  383  
142  383  
143  383  
144  383  
145  383  
146  383  
147  383  
148  383  
149  383  
150  383  
151  383  
152  383  
153  383  
154  383  
155  383  
156  383  
157  383  
158  383  
159  383  
160  383  
161  383  
162  383  
163  383  
164  383  
165  383  
166  383  
167  383  
168  383  
169  383  
170  383  
171  383  
172  383  
173  383  
174  383  
175  383  
176  383  
177  383  
243  385  
244  385  
245  385  
246  385  
247  385  
248  385  
249  385  
250  385  
251  385  
252  385  
253  385  
254  385  
255  385  
256  385  
257  385  
258  385  
259  385  
260  385  
261  385  
262  385  
263  385  
264  385  
265  385  
266  385  
267  385  
268  385  
269  385  
270  385  
271  385  
272  385  
273  385  
274  385  
275  385  
276  385  
277  385  
278  385  
279  385  
280  385  
281  385  
282  385  
283  385  
284  385  
285  385  
286  385  
287  385  
288  385  
244  393  
245  393  
246  393  
247  393  
248  393  
249  393  
250  393  
251  393  
252  393  
253  393  
254  393  
255  393  
256  393  
257  393  
258  393  
259  393  
260  393  
261  393  
262  393  
263  393  
264  393  
265  393  
266  393  
267  393  
268  393  
269  393  
270  393  
271  393  
272  393  
273  393  
274  393  
275  393  
276  393  
277  393  
278  393  
279  393  
280  393  
281  393  
282  393  
283  393  
284  393  
285  393  
286  393  
287  393  
288  393  
289  393  
290  393  
291  393  
292  393  
293  393  
294  393  
295  393  
296  393  
297  393  
298  393  
299  393  
300  393  
301  393  
302  393  
303  393  
304  393  
305  393  
306  393  
307  393  
308  393  
309  393  
310  393  
311  393  
312  393  
313  393  
314  393  
315  393  
316  393  
241  394  
242  394  
243  394  
317  394  
318  394  
319  394  
320  394  
321  394  
322  394  
323  394  
324  394  
334  394  
334  395  
334  396  
334  397  
334  398  
334  399  
334  400  
334  401  
334  402  
334  403  
334  404  
334  405  
333  406  
333  407  
333  408  
333  409  
333  410  
333  411  
333  412  
333  413  
333  414  
333  415  
333  416  
333  417  
333  418  
333  419  
333  420  
333  421  
333  422  
333  423  
333  424  
333  425  
333  426  
333  427  
333  428  
333  429  
333  430  
32  397  
33  398  
34  399  
35  400  
36  401  
36  402  
37  403  
38  404  
39  405  
40  406  
41  407  
42  408  
43  409  
44  410  
45  411  
45  412  
46  413  
47  414  
48  415  
49  416  
50  417  
51  418  
52  419  
52  420  
53  421  
54  422  
55  423  
56  424  
57  425  
58  426  
59  427  
60  428  
61  429  
62  430  
62  431  
63  432  
64  433  
65  434  
66  435  
67  436  
68  437  
69  438  
69  439  
70  440  
71  441  
72  442  
73  443  
74  444  
75  445  
76  446  
77  447  
78  448  
78  449  
79  450  
80  451  
81  452  
82  453  
83  454  
83  455  
84  456  
85  457  
86  458  
87  459  
88  460  
89  461  
90  462  
90  463  
91  464  
92  465  
93  466  
94  467  
113  397  
114  397  
115  397  
116  397  
117  397  
118  397  
119  397  
120  397  
121  397  
122  397  
123  397  
124  397  
125  397  
126  397  
127  397  
128  397  
129  397  
130  397  
131  397  
132  397  
133  397  
134  397  
135  397  
136  397  
137  397  
138  397  
139  397  
140  397  
141  397  
142  397  
143  397  
144  397  
145  397  
146  397  
147  397  
148  397  
149  397  
150  397  
151  397  
152  397  
153  397  
154  397  
155  397  
156  397  
157  397  
158  397  
159  397  
160  397  
161  397  
162  397  
163  397  
164  397  
165  397  
166  397  
167  397  
168  397  
169  397  
170  397  
171  397  
172  397  
173  397  
174  397  
175  397  
176  397  
168  401  
169  401  
170  401  
171  401  
107  402  
108  402  
109  402  
110  402  
111  402  
112  402  
113  402  
114  402  
115  402  
116  402  
117  402  
118  402  
119  402  
120  402  
121  402  
122  402  
123  402  
124  402  
125  402  
126  402  
127  402  
128  402  
129  402  
130  402  
131  402  
132  402  
133  402  
134  402  
135  402  
136  402  
137  402  
138  402  
139  402  
140  402  
141  402  
142  402  
143  402  
144  402  
145  402  
146  402  
147  402  
148  402  
149  402  
150  402  
151  402  
152  402  
153  402  
154  402  
155  402  
156  402  
157  402  
158  402  
159  402  
160  402  
161  402  
162  402  
163  402  
164  402  
165  402  
166  402  
167  402  
396  401  
396  402  
396  403  
396  404  
396  405  
396  406  
396  407  
396  408  
396  409  
396  410  
396  411  
396  412  
396  413  
396  414  
396  415  
396  416  
396  417  
396  418  
396  419  
396  420  
396  421  
396  422  
396  423  
396  424  
396  425  
396  426  
396  427  
396  428  
396  429  
396  430  
396  431  
396  432  
396  433  
396  434  
396  435  
396  436  
396  437  
396  438  
396  439  
396  440  
396  441  
396  442  
396  443  
396  444  
396  445  
396  446  
396  447  
396  448  
396  449  
396  450  
396  451  
396  452  
396  453  
396  454  
396  455  
396  456  
396  457  
396  458  
396  459  
396  460  
396  461  
396  462  
396  463  
396  464  
396  465  
396  466  
396  467  
396  468  
396  469  
396  470  
396  471  
396  472  
396  473  
396  474  
396  475  
396  476  
396  477  
396  478  
396  479  
396  480  
396  481  
396  482  
396  483  
396  484  
396  485  
396  486  
396  487  
396  488  
396  489  
396  490  
396  491  
396  492  
396  493  
396  494  
396  495  
396  496  
396  497  
396  498  
396  499  
396  500  
396  501  
396  502  
396  503  
396  504  
396  505  
396  506  
242  410  
243  410  
244  410  
245  410  
246  410  
247  410  
248  410  
249  410  
250  410  
251  410  
252  410  
253  410  
254  410  
255  410  
256  410  
257  410  
258  410  
259  410  
260  410  
261  410  
262  410  
263  410  
264  410  
265  410  
266  410  
267  410  
268  410  
269  410  
270  410  
271  410  
272  410  
273  410  
274  410  
275  410  
276  410  
277  410  
278  410  
279  410  
280  410  
281  410  
282  410  
283  410  
284  410  
285  410  
286  410  
287  410  
288  410  
289  410  
290  410  
291  410  
292  410  
293  410  
294  410  
295  410  
296  410  
297  410  
298  410  
299  410  
300  410  
301  410  
302  410  
303  410  
304  410  
305  410  
306  410  
307  410  
308  410  
309  410  
310  410  
311  410  
312  410  
313  410  
314  410  
315  410  
316  410  
317  410  
318  410  
319  410  
320  410  
321  410  
322  410  
323  410  
32  411  
32  412  
33  413  
34  414  
35  415  
36  416  
37  417  
38  418  
39  419  
40  420  
40  421  
41  422  
42  423  
43  424  
44  425  
45  426  
46  427  
47  428  
48  429  
48  430  
49  431  
50  432  
51  433  
52  434  
53  435  
54  436  
55  437  
55  438  
56  439  
57  440  
58  441  
59  442  
60  443  
61  444  
62  445  
62  446  
63  447  
64  448  
65  449  
66  450  
67  451  
68  452  
69  453  
70  454  
71  455  
71  456  
72  457  
73  458  
74  459  
75  460  
76  461  
77  462  
77  463  
78  464  
79  465  
80  466  
81  467  
82  468  
83  469  
80  412  
80  413  
81  414  
81  415  
82  416  
82  417  
83  418  
83  419  
84  420  
84  421  
85  422  
85  423  
86  424  
86  425  
87  426  
87  427  
88  428  
88  429  
89  430  
89  431  
112  416  
113  416  
114  416  
115  416  
116  416  
117  416  
118  416  
119  416  
120  416  
121  416  
122  416  
123  416  
124  416  
125  416  
126  416  
127  416  
128  416  
129  416  
130  416  
131  416  
132  416  
133  416  
134  416  
135  416  
136  416  
137  416  
138  416  
139  416  
140  416  
141  416  
142  416  
143  416  
144  416  
145  416  
146  416  
147  416  
148  416  
149  416  
150  416  
151  416  
152  416  
153  416  
154  416  
155  416  
156  416  
157  416  
158  416  
159  416  
160  416  
161  416  
162  416  
163  416  
164  416  
165  416  
166  416  
167  416  
168  416  
169  416  
170  416  
171  416  
172  416  
173  416  
174  416  
175  416  
176  416  
177  416  
178  416  
109  417  
110  417  
111  417  
241  418  
242  418  
243  418  
244  418  
245  418  
246  418  
247  418  
248  418  
249  418  
250  418  
251  418  
252  418  
253  418  
254  418  
255  418  
256  418  
257  418  
258  418  
259  418  
260  418  
261  418  
262  418  
263  418  
264  418  
265  418  
266  418  
267  418  
268  418  
269  418  
270  418  
271  418  
272  418  
273  418  
274  418  
275  418  
276  418  
277  418  
278  418  
279  418  
280  418  
281  418  
282  418  
283  418  
284  418  
285  418  
286  418  
287  418  
288  418  
289  418  
290  418  
291  418  
292  418  
293  418  
294  418  
295  418  
296  418  
297  418  
298  418  
299  418  
300  418  
301  418  
302  418  
303  418  
304  418  
305  418  
306  418  
307  418  
308  418  
309  418  
310  418  
311  418  
312  418  
313  418  
314  418  
315  418  
316  418  
317  418  
318  418  
319  418  
320  418  
321  418  
322  418  
323  418  
121  428  
122  428  
123  428  
124  428  
125  428  
126  428  
127  428  
128  428  
129  428  
130  428  
131  428  
132  428  
133  428  
134  428  
135  428  
136  428  
137  428  
138  428  
139  428  
140  428  
141  428  
142  428  
143  428  
144  428  
145  428  
146  428  
147  428  
148  428  
149  428  
150  428  
165  428  
166  428  
167  428  
168  428  
169  428  
170  428  
171  428  
172  428  
173  428  
174  428  
175  428  
176  428  
177  428  
151  429  
152  429  
153  429  
154  429  
155  429  
156  429  
157  429  
158  429  
159  429  
160  429  
161  429  
162  429  
163  429  
164  429  
116  433  
117  433  
118  433  
119  433  
120  433  
121  433  
122  433  
123  433  
124  433  
125  433  
126  433  
127  433  
128  433  
129  433  
130  433  
131  433  
132  433  
133  433  
134  433  
135  433  
136  433  
137  433  
138  433  
139  433  
140  433  
141  433  
142  433  
143  433  
144  433  
145  433  
146  433  
147  433  
148  433  
149  433  
150  433  
151  433  
152  433  
153  433  
154  433  
155  433  
156  433  
157  433  
158  433  
159  433  
160  433  
161  433  
162  433  
163  433  
164  433  
165  433  
166  433  
167  433  
168  433  
169  433  
170  433  
171  433  
172  433  
173  433  
174  433  
175  433  
176  433  
177  433  
178  433  
241  434  
242  434  
243  434  
244  434  
245  434  
246  434  
247  434  
248  434  
249  434  
250  434  
251  434  
252  434  
253  434  
254  434  
255  434  
256  434  
257  434  
258  434  
259  434  
260  434  
261  434  
262  434  
263  434  
264  434  
265  434  
266  434  
267  434  
268  434  
269  434  
270  434  
271  434  
272  434  
273  434  
274  434  
275  434  
276  434  
277  434  
278  434  
279  434  
280  434  
281  434  
282  434  
283  434  
284  434  
285  434  
286  434  
287  434  
288  434  
289  434  
290  434  
291  434  
292  434  
293  434  
294  434  
295  434  
296  434  
297  434  
298  434  
299  434  
300  434  
301  434  
332  437  
333  438  
332  439  
332  440  
332  441  
333  442  
333  443  
333  444  
333  445  
333  446  
333  447  
333  448  
333  449  
333  450  
333  451  
333  452  
333  453  
333  454  
333  455  
333  456  
114  438  
115  438  
116  438  
117  438  
118  438  
119  438  
120  438  
121  438  
122  438  
123  438  
124  438  
125  438  
126  438  
127  438  
128  438  
129  438  
130  438  
131  438  
132  438  
133  438  
134  438  
135  438  
136  438  
137  438  
138  438  
139  438  
140  438  
141  438  
142  438  
143  438  
144  438  
145  438  
146  438  
147  438  
148  438  
149  438  
150  438  
151  438  
152  438  
153  438  
154  438  
155  438  
156  438  
157  438  
158  438  
159  438  
160  438  
161  438  
162  438  
163  438  
164  438  
165  438  
166  438  
167  438  
168  438  
169  438  
170  438  
171  438  
172  438  
173  438  
174  438  
175  438  
176  438  
177  438  
178  438  
179  438  
180  438  
181  438  
204  441  
204  442  
204  443  
204  444  
204  445  
204  446  
204  447  
204  448  
204  449  
204  450  
203  451  
203  452  
203  453  
203  454  
203  455  
203  456  
203  457  
203  458  
203  459  
203  460  
203  461  
203  462  
203  463  
203  464  
203  465  
203  466  
203  467  
203  468  
203  469  
202  470  
202  471  
202  472  
202  473  
202  474  
202  475  
202  476  
202  477  
202  478  
202  479  
193  442  
193  443  
193  444  
193  445  
193  446  
192  447  
192  448  
192  449  
192  450  
192  451  
192  452  
192  453  
192  454  
192  455  
192  456  
192  457  
192  458  
192  459  
192  460  
192  461  
192  462  
192  463  
192  464  
192  465  
192  466  
192  467  
287  442  
240  443  
241  443  
242  443  
243  443  
244  443  
245  443  
246  443  
247  443  
248  443  
249  443  
250  443  
251  443  
252  443  
253  443  
254  443  
255  443  
256  443  
257  443  
258  443  
259  443  
260  443  
261  443  
262  443  
263  443  
264  443  
265  443  
266  443  
267  443  
268  443  
269  443  
270  443  
271  443  
272  443  
273  443  
274  443  
275  443  
276  443  
277  443  
278  443  
279  443  
280  443  
281  443  
282  443  
283  443  
284  443  
285  443  
286  443  
304  442  
305  442  
306  442  
307  442  
308  442  
309  442  
310  442  
311  442  
312  442  
313  442  
314  442  
315  442  
316  442  
300  443  
301  443  
302  443  
303  443  
317  443  
318  443  
319  443  
320  443  
321  443  
322  443  
323  443  
43  445  
43  446  
43  447  
43  448  
43  449  
43  450  
43  451  
43  452  
42  453  
42  454  
42  455  
42  456  
42  457  
42  458  
42  459  
42  460  
42  461  
42  462  
42  463  
42  464  
42  465  
41  466  
41  467  
41  468  
41  469  
41  470  
41  471  
41  472  
41  473  
240  459  
241  459  
242  459  
243  459  
244  459  
245  459  
246  459  
247  459  
248  459  
249  459  
250  459  
251  459  
252  459  
253  459  
254  459  
255  459  
256  459  
257  459  
258  459  
259  459  
260  459  
261  459  
262  459  
263  459  
264  459  
265  459  
266  459  
267  459  
268  459  
269  459  
270  459  
271  459  
272  459  
273  459  
274  459  
275  459  
276  459  
277  459  
278  459  
279  459  
280  459  
281  459  
282  459  
283  459  
284  459  
285  459  
286  459  
287  459  
288  459  
289  459  
290  459  
291  459  
292  459  
293  459  
294  459  
295  459  
296  459  
297  459  
298  459  
299  459  
300  459  
301  459  
302  459  
303  459  
304  459  
305  459  
306  459  
307  459  
308  459  
309  459  
310  459  
311  459  
312  459  
313  459  
314  459  
315  459  
316  459  
317  459  
318  459  
371  463  
370  464  
372  464  
369  465  
369  466  
369  467  
369  468  
369  469  
369  470  
369  471  
368  472  
368  473  
368  474  
368  475  
368  476  
368  477  
368  478  
368  479  
368  480  
368  481  
368  482  
368  483  
368  484  
368  485  
368  486  
235  464  
236  464  
237  464  
238  464  
239  464  
240  464  
241  464  
242  464  
243  464  
244  464  
245  464  
246  464  
247  464  
248  464  
249  464  
250  464  
251  464  
252  464  
253  464  
254  464  
255  464  
256  464  
257  464  
258  464  
259  464  
260  464  
261  464  
262  464  
263  464  
264  464  
265  464  
266  464  
267  464  
268  464  
269  464  
270  464  
271  464  
272  464  
273  464  
274  464  
275  464  
276  464  
277  464  
278  464  
279  464  
280  464  
281  464  
282  464  
283  464  
284  464  
285  464  
286  464  
287  464  
288  464  
289  464  
290  464  
291  464  
292  464  
293  464  
294  464  
295  464  
296  464  
297  464  
298  464  
299  464  
300  464  
301  464  
302  464  
303  464  
304  464  
305  464  
306  464  
307  464  
308  464  
309  464  
310  464  
311  464  
312  464  
313  464  
314  464  
315  464  
316  464  
317  464  
318  464  
319  464  
320  464  
321  464  
322  464  
323  464  
324  464  
325  464  
377  464  
376  465  
376  466  
376  467  
376  468  
376  469  
376  470  
376  471  
376  472  
376  473  
376  474  
376  475  
376  476  
376  477  
376  478  
376  479  
376  480  
376  481  
376  482  
376  483  
376  484  
376  485  
376  486  
376  487  
376  488  
376  489  
376  490  
376  491  
376  492  
221  465  
221  466  
221  467  
221  468  
221  469  
221  470  
221  471  
221  472  
221  473  
221  474  
221  475  
221  476  
221  477  
221  478  
221  479  
220  480  
220  481  
220  482  
220  483  
220  484  
220  485  
220  486  
381  470  
380  471  
380  472  
380  473  
380  474  
380  475  
380  476  
380  477  
380  478  
380  479  
380  480  
380  481  
380  482  
380  483  
380  484  
380  485  
381  486  
381  487  
381  488  
381  489  
110  476  
110  477  
110  478  
110  479  
109  480  
109  481  
109  482  
109  483  
109  484  
109  485  
109  486  
109  487  
109  488  
109  489  
109  490  
108  491  
108  492  
108  493  
108  494  
108  495  
108  496  
108  497  
108  498  
108  499  
108  500  
108  501  
108  502  
108  503  
108  504  
108  505  
108  506  
108  507  
108  508  
108  509  
107  510  
107  511  
107  512  
107  513  
107  514  
107  515  
107  516  
107  517  
107  518  
107  519  
107  520  
107  521  
107  522  
107  523  
107  524  
107  525  
107  526  
106  527  
106  528  
106  529  
106  530  
106  531  
106  532  
106  533  
106  534  
106  535  
106  536  
106  537  
106  538  
106  539  
106  540  
106  541  
106  542  
106  543  
106  544  
106  545  
106  546  
105  547  
105  548  
105  549  
105  550  
105  551  
105  552  
105  553  
105  554  
105  555  
131  479  
131  480  
131  481  
131  482  
131  483  
131  484  
131  485  
131  486  
131  487  
131  488  
131  489  
131  490  
131  491  
131  492  
131  493  
131  494  
131  495  
131  496  
130  497  
130  498  
130  499  
130  500  
130  501  
130  502  
130  503  
130  504  
130  505  
130  506  
130  507  
129  508  
129  509  
45  482  
46  483  
47  484  
48  485  
48  486  
49  487  
50  488  
51  489  
52  490  
52  491  
53  492  
54  493  
55  494  
56  495  
57  496  
57  497  
58  498  
59  499  
60  500  
61  501  
61  502  
62  503  
63  504  
64  505  
64  506  
65  507  
66  508  
67  509  
67  510  
68  511  
69  512  
70  513  
70  514  
71  515  
72  516  
73  517  
74  518  
74  519  
75  520  
76  521  
77  522  
77  523  
78  524  
79  525  
79  526  
80  527  
81  528  
82  529  
82  530  
83  531  
84  532  
84  533  
85  534  
86  535  
87  536  
87  537  
88  538  
89  539  
90  540  
91  541  
91  542  
92  543  
93  544  
119  484  
119  485  
119  486  
119  487  
119  488  
119  489  
118  490  
118  491  
118  492  
118  493  
118  494  
118  495  
118  496  
118  497  
118  498  
118  499  
118  500  
118  501  
118  502  
118  503  
117  504  
117  505  
117  506  
117  507  
117  508  
117  509  
117  510  
117  511  
117  512  
117  513  
117  514  
117  515  
117  516  
222  492  
226  492  
227  492  
228  492  
229  492  
230  492  
231  492  
232  492  
233  492  
234  492  
235  492  
236  492  
237  492  
238  492  
239  492  
240  492  
241  492  
242  492  
243  492  
244  492  
245  492  
246  492  
247  492  
248  492  
249  492  
250  492  
251  492  
252  492  
253  492  
254  492  
255  492  
256  492  
257  492  
258  492  
259  492  
260  492  
261  492  
262  492  
263  492  
264  492  
265  492  
266  492  
267  492  
268  492  
269  492  
270  492  
271  492  
272  492  
273  492  
274  492  
275  492  
276  492  
277  492  
278  492  
279  492  
280  492  
281  492  
282  492  
283  492  
284  492  
285  492  
286  492  
287  492  
288  492  
289  492  
290  492  
291  492  
292  492  
293  492  
294  492  
295  492  
296  492  
223  493  
224  493  
225  493  
297  493  
299  492  
300  493  
301  493  
302  493  
303  493  
304  493  
305  493  
306  493  
307  493  
308  493  
309  493  
310  493  
311  493  
312  493  
313  493  
314  493  
315  493  
316  493  
317  493  
318  493  
319  493  
320  493  
321  493  
322  493  
326  493  
327  493  
328  493  
329  493  
330  493  
331  493  
332  493  
333  493  
334  493  
335  493  
336  493  
337  493  
338  493  
339  493  
340  493  
341  493  
342  493  
343  493  
344  493  
345  493  
346  493  
347  493  
348  493  
349  493  
350  493  
351  493  
352  493  
353  493  
354  493  
355  493  
356  493  
357  493  
358  493  
359  493  
360  493  
361  493  
362  493  
255  498  
256  499  
257  499  
258  499  
259  499  
260  499  
261  499  
262  499  
263  499  
264  499  
265  499  
266  499  
267  499  
268  499  
269  499  
270  499  
271  499  
272  499  
273  499  
274  499  
275  499  
276  499  
277  499  
278  499  
279  499  
280  499  
281  499  
282  499  
283  499  
284  499  
285  499  
286  499  
287  499  
288  499  
289  499  
290  499  
291  499  
292  499  
293  499  
294  499  
295  499  
296  499  
297  499  
298  499  
313  499  
314  499  
315  499  
316  499  
317  499  
318  499  
319  499  
320  499  
321  499  
322  499  
323  499  
324  499  
325  499  
326  499  
327  499  
328  499  
329  499  
330  499  
331  499  
332  499  
333  499  
334  499  
335  499  
336  499  
337  499  
338  499  
339  499  
340  499  
341  499  
342  499  
140  505  
139  506  
141  506  
138  507  
142  507  
138  508  
139  509  
139  510  
139  511  
139  512  
139  513  
139  514  
139  515  
139  516  
139  517  
139  518  
139  519  
139  520  
139  521  
139  522  
139  523  
139  524  
139  525  
139  526  
139  527  
139  528  
139  529  
139  530  
111  506  
111  507  
111  508  
111  509  
111  510  
111  511  
111  512  
111  513  
111  514  
111  515  
111  516  
111  517  
111  518  
111  519  
111  520  
111  521  
111  522  
111  523  
111  524  
111  525  
111  526  
111  527  
110  528  
110  529  
110  530  
110  531  
110  532  
110  533  
110  534  
110  535  
110  536  
110  537  
136  511  
136  512  
136  513  
136  514  
136  515  
136  516  
136  517  
136  518  
136  519  
136  520  
135  521  
135  522  
135  523  
135  524  
135  525  
135  526  
135  527  
135  528  
135  529  
135  530  
135  531  
135  532  
403  512  
404  512  
405  512  
406  512  
407  512  
408  512  
409  512  
410  512  
411  512  
412  512  
413  512  
414  512  
415  512  
416  512  
417  512  
418  512  
419  512  
420  512  
421  512  
422  512  
423  512  
424  512  
425  512  
426  512  
427  512  
428  512  
429  512  
430  512  
431  512  
432  512  
433  512  
434  512  
435  512  
436  512  
437  512  
438  512  
439  512  
440  512  
441  512  
442  512  
443  512  
444  512  
445  512  
446  512  
447  512  
448  512  
116  526  
116  527  
116  528  
116  529  
116  530  
116  531  
116  532  
116  533  
116  534  
115  535  
115  536  
115  537  
115  538  
115  539  
115  540  
115  541  
115  542  
115  543  
115  544  
115  545  
115  546  
115  547  
115  548  
115  549  
115  550  
115  551  
114  552  
114  553  
114  554  
196  534  
197  534  
194  535  
195  535  
188  536  
189  536  
190  536  
191  536  
192  536  
193  536  
179  537  
180  537  
181  537  
182  537  
183  537  
184  537  
185  537  
186  537  
187  537  
174  538  
175  538  
176  538  
177  538  
178  538  
250  538  
251  538  
252  538  
253  538  
254  538  
255  538  
256  538  
257  538  
258  538  
259  538  
260  538  
261  538  
262  538  
263  538  
264  538  
265  538  
266  538  
267  538  
268  538  
269  538  
270  538  
271  538  
272  538  
273  538  
274  538  
275  538  
276  538  
277  538  
278  538  
279  538  
280  538  
281  538  
282  538  
283  538  
284  538  
285  538  
286  538  
287  538  
288  538  
289  538  
290  538  
291  538  
292  538  
293  538  
294  538  
295  538  
296  538  
297  538  
298  538  
299  538  
300  538  
301  538  
302  538  
303  538  
304  538  
305  538  
306  538  
307  538  
308  538  
309  538  
310  538  
311  538  
312  538  
313  538  
314  538  
315  538  
339  538  
340  538  
341  538  
342  538  
343  538  
344  538  
345  538  
346  538  
347  538  
348  538  
349  538  
350  538  
351  538  
352  538  
353  538  
354  538  
355  538  
356  538  
357  538  
358  538  
359  538  
360  538  
361  539  
362  539  
363  539  
364  539  
365  539  
366  539  
367  539  
368  539  
369  539  
370  539  
371  539  
372  539  
373  539  
374  539  
375  539  
376  539  
377  539  
378  539  
379  539  
380  539  
381  539  
382  539  
383  539  
384  539  
385  539  
386  539  
387  539  
388  539  
389  539  
390  539  
391  539  
392  539  
393  539  
394  539  
395  539  
396  539  
397  539  
398  539  
399  539  
400  539  
401  539  
402  539  
403  539  
404  539  
405  539  
406  539  
407  539  
408  539  
409  539  
410  539  
411  539  
412  539  
413  539  
414  539  
415  539  
416  539  
417  539  
418  539  
419  539  
420  539  
421  539  
422  539  
423  539  
424  539  
425  539  
426  539  
427  539  
428  539  
429  539  
430  539  
431  539  
432  539  
433  539  
434  539  
435  539  
436  539  
437  539  
438  539  
439  539  
440  539  
441  539  
442  539  
443  539  
444  539  
445  539  
446  539  
447  539  
448  539  
187  540  
188  540  
184  541  
185  541  
186  541  
181  542  
182  542  
183  542  
178  543  
179  543  
180  543  
175  544  
176  544  
177  544  
173  545  
174  545  
170  546  
171  546  
172  546  
168  547  
169  547  
166  548  
167  548  
164  549  
165  549  
162  550  
163  550  
160  544  
161  544  
157  545  
158  545  
159  545  
155  546  
156  546  
153  547  
154  547  
150  548  
151  548  
152  548  
148  549  
149  549  
145  550  
146  550  
147  550  
142  551  
143  551  
144  551  
140  552  
141  552  
137  553  
138  553  
139  553  
135  554  
136  554  
132  555  
133  555  
134  555  
129  556  
130  556  
131  556  
127  557  
128  557  
124  558  
125  558  
126  558  
122  559  
123  559  
152  553  
153  553  
154  553  
150  554  
151  554  
147  555  
148  555  
149  555  
145  556  
146  556  
142  557  
143  557  
144  557  
140  558  
141  558  
138  559  
139  559  
135  560  
136  560  
137  560  
133  561  
134  561  
130  562  
131  562  
132  562  
128  563  
129  563  
125  564  
126  564  
127  564  
123  565  
124  565  
121  566  
122  566  
118  567  
119  567  
120  567  
116  568  
117  568  
113  569  
114  569  
115  569  
111  570  
112  570  
329  562  
330  563  
331  563  
332  563  
333  563  
334  563  
335  563  
336  563  
337  563  
338  563  
339  563  
340  563  
341  563  
342  563  
343  563  
344  563  
345  563  
346  563  
347  563  
348  563  
349  563  
350  563  
351  563  
352  563  
353  563  
354  563  
355  563  
356  563  
357  563  
330  570  
331  570  
332  571  
333  571  
334  571  
335  571  
336  571  
337  571  
338  571  
339  571  
340  571  
341  571  
342  571  
343  571  
344  571  
345  571  
346  571  
347  571  
348  571  
349  571  
350  571  
351  571  
352  571  
296  573  
295  574  
294  575  
293  576  
291  577  
292  577  
290  578  
289  579  
288  580  
287  581  
286  582  
285  583  
283  584  
284  584  
282  585  
281  586  
280  587  
279  588  
278  589  
277  590  
276  591  
274  592  
275  592  
273  593  
272  594  
271  595  
270  596  
269  597  
268  598  
267  599  
266  600  
264  601  
265  601  
263  602  
262  603  
261  604  
260  605  
259  606  
258  607  
257  608  
306  591  
307  591  
308  591  
309  591  
310  591  
311  591  
312  591  
313  591  
314  591  
315  592  
316  592  
317  592  
318  592  
319  592  
320  592  
321  592  
322  592  
323  592  
324  592  
325  592  
326  592  
327  592  
328  592  
329  592  
330  592  
331  592  
332  592  
333  592  
334  592  
335  592  
336  592  
337  592  
338  592  
339  592  
