123  
48  73  57  40  21  24  28  71  26  41  37  37  41  34  21  42  40  34  39  31  22  58  71  33  26  28  23  30  28  22  21  23  21  24  24  79  29  28  20  52  38  33  24  31  32  26  27  23  21  29  20  22  35  65  51  46  47  23  25  23  29  22  29  31  25  25  22  22  20  44  41  42  25  46  76  35  36  36  36  31  33  25  38  21  24  29  22  30  36  38  20  34  37  39  43  41  48  23  20  27  36  20  25  37  27  28  23  30  34  26  24  37  28  25  26  21  37  26  25  22  23  24  23  
423  50  
424  50  
425  50  
426  50  
427  50  
428  50  
429  50  
430  50  
406  51  
407  51  
408  51  
409  51  
410  51  
411  51  
412  51  
413  51  
414  51  
415  51  
416  51  
417  51  
418  51  
419  51  
420  51  
421  51  
422  51  
391  52  
392  52  
393  52  
394  52  
395  52  
396  52  
397  52  
398  52  
399  52  
400  52  
401  52  
402  52  
403  52  
404  52  
405  52  
383  53  
384  53  
385  53  
386  53  
387  53  
388  53  
389  53  
390  53  
439  57  
440  57  
441  57  
442  57  
443  57  
444  57  
445  57  
446  57  
447  57  
448  57  
429  58  
430  58  
431  58  
432  58  
433  58  
434  58  
435  58  
436  58  
437  58  
438  58  
415  59  
416  59  
417  59  
418  59  
419  59  
420  59  
421  59  
422  59  
423  59  
424  59  
425  59  
426  59  
427  59  
428  59  
398  60  
399  60  
400  60  
401  60  
402  60  
403  60  
404  60  
405  60  
406  60  
407  60  
408  60  
409  60  
410  60  
411  60  
412  60  
413  60  
414  60  
380  61  
381  61  
382  61  
383  61  
384  61  
385  61  
386  61  
387  61  
388  61  
389  61  
390  61  
391  61  
392  61  
393  61  
394  61  
395  61  
396  61  
397  61  
376  62  
377  62  
378  62  
379  62  
444  60  
444  61  
444  62  
444  63  
444  64  
444  65  
444  66  
444  67  
444  68  
444  69  
444  70  
444  71  
444  72  
444  73  
444  74  
444  75  
444  76  
444  77  
444  78  
444  79  
445  80  
445  81  
445  82  
445  83  
445  84  
445  85  
445  86  
445  87  
445  88  
445  89  
445  90  
445  91  
445  92  
446  93  
446  94  
446  95  
446  96  
446  97  
446  98  
446  99  
446  100  
446  101  
446  102  
447  103  
447  104  
447  105  
447  106  
447  107  
447  108  
447  109  
447  110  
447  111  
447  112  
447  113  
447  114  
447  115  
447  116  
438  69  
438  70  
438  71  
438  72  
438  73  
438  74  
438  75  
438  76  
438  77  
438  78  
438  79  
438  80  
439  81  
439  82  
439  83  
439  84  
439  85  
439  86  
439  87  
439  88  
439  89  
439  90  
439  91  
439  92  
439  93  
439  94  
439  95  
440  96  
440  97  
440  98  
440  99  
440  100  
440  101  
440  102  
440  103  
440  104  
440  105  
440  106  
440  107  
440  108  
396  127  
397  127  
398  127  
399  127  
400  127  
401  127  
402  127  
403  127  
404  127  
405  127  
406  127  
407  127  
388  128  
389  128  
390  128  
391  128  
392  128  
393  128  
394  128  
395  128  
387  129  
371  130  
352  131  
353  131  
354  131  
355  131  
356  131  
357  131  
358  131  
359  131  
360  131  
361  131  
362  131  
363  131  
364  131  
365  131  
366  131  
367  131  
368  131  
369  131  
370  131  
348  132  
349  132  
350  132  
351  132  
272  135  
272  136  
272  137  
272  138  
272  139  
272  140  
272  141  
271  142  
271  143  
271  144  
271  145  
271  146  
271  147  
271  148  
271  149  
271  150  
271  151  
270  152  
270  153  
270  154  
270  155  
270  156  
270  157  
269  158  
269  159  
269  160  
269  161  
269  162  
258  136  
259  136  
260  136  
257  137  
250  138  
251  138  
252  138  
253  138  
254  138  
255  138  
256  138  
232  139  
233  139  
234  139  
235  139  
236  139  
237  139  
238  139  
239  139  
240  139  
241  139  
242  139  
243  139  
244  139  
245  139  
246  139  
247  139  
248  139  
249  139  
203  140  
204  140  
205  140  
206  140  
207  140  
208  140  
209  140  
210  140  
211  140  
212  140  
213  140  
214  140  
215  140  
216  140  
217  140  
218  140  
219  140  
220  140  
221  140  
222  140  
223  140  
224  140  
225  140  
226  140  
227  140  
228  140  
229  140  
230  140  
231  140  
190  141  
191  141  
192  141  
193  141  
194  141  
195  141  
196  141  
197  141  
198  141  
199  141  
200  141  
201  141  
202  141  
320  136  
320  137  
320  138  
320  139  
320  140  
320  141  
320  142  
320  143  
320  144  
320  145  
320  146  
320  147  
320  148  
320  149  
320  150  
320  151  
320  152  
320  153  
320  154  
320  155  
320  156  
320  157  
320  158  
320  159  
320  160  
320  161  
262  137  
262  138  
262  139  
262  140  
262  141  
261  142  
261  143  
261  144  
261  145  
261  146  
261  147  
261  148  
261  149  
261  150  
260  151  
260  152  
260  153  
260  154  
260  155  
260  156  
260  157  
260  158  
260  159  
260  160  
260  161  
259  162  
259  163  
259  164  
259  165  
259  166  
259  167  
259  168  
259  169  
259  170  
259  171  
258  172  
258  173  
258  174  
258  175  
258  176  
259  177  
300  137  
300  138  
300  139  
300  140  
300  141  
300  142  
300  143  
300  144  
300  145  
300  146  
300  147  
300  148  
300  149  
300  150  
300  151  
300  152  
300  153  
300  154  
300  155  
300  156  
299  157  
299  158  
299  159  
299  160  
299  161  
299  162  
299  163  
299  164  
299  165  
299  166  
298  167  
298  168  
298  169  
298  170  
298  171  
298  172  
298  173  
316  137  
316  138  
316  139  
316  140  
316  141  
316  142  
316  143  
315  144  
315  145  
315  146  
315  147  
315  148  
315  149  
315  150  
315  151  
315  152  
315  153  
314  154  
314  155  
314  156  
314  157  
314  158  
314  159  
314  160  
314  161  
314  162  
314  163  
314  164  
314  165  
314  166  
314  167  
314  168  
314  169  
314  170  
314  171  
314  172  
314  173  
352  137  
353  137  
354  137  
355  137  
356  137  
357  137  
358  137  
359  137  
360  137  
361  137  
362  137  
327  138  
328  138  
329  138  
330  138  
331  138  
332  138  
333  138  
334  138  
335  138  
336  138  
337  138  
338  138  
339  138  
340  138  
341  138  
342  138  
343  138  
344  138  
345  138  
346  138  
347  138  
348  138  
349  138  
350  138  
351  138  
322  139  
323  139  
324  139  
325  139  
326  139  
266  138  
266  139  
266  140  
266  141  
266  142  
265  143  
265  144  
265  145  
265  146  
265  147  
265  148  
265  149  
265  150  
265  151  
264  152  
264  153  
264  154  
264  155  
264  156  
264  157  
264  158  
264  159  
264  160  
264  161  
263  162  
263  163  
263  164  
263  165  
263  166  
263  167  
263  168  
263  169  
263  170  
263  171  
364  140  
364  141  
364  142  
365  143  
365  144  
365  145  
365  146  
365  147  
365  148  
365  149  
365  150  
365  151  
365  152  
365  153  
365  154  
365  155  
365  156  
364  157  
364  158  
364  159  
364  160  
120  143  
119  144  
121  144  
119  145  
118  146  
118  147  
118  148  
118  149  
118  150  
117  151  
117  152  
117  153  
117  154  
116  155  
116  156  
116  157  
116  158  
116  159  
115  160  
115  161  
115  162  
114  163  
114  164  
114  165  
114  166  
113  167  
113  168  
113  169  
113  170  
112  171  
112  172  
112  173  
112  174  
112  175  
112  176  
111  177  
111  178  
111  179  
110  180  
110  181  
110  182  
109  183  
229  152  
230  152  
231  152  
232  152  
208  153  
209  153  
210  153  
211  153  
212  153  
213  153  
214  153  
215  153  
216  153  
217  153  
218  153  
219  153  
220  153  
221  153  
222  153  
223  153  
224  153  
225  153  
226  153  
227  153  
228  153  
193  154  
194  154  
195  154  
196  154  
197  154  
198  154  
199  154  
200  154  
201  154  
202  154  
203  154  
204  154  
205  154  
206  154  
207  154  
218  165  
219  165  
220  165  
221  165  
222  165  
223  165  
224  165  
225  165  
226  165  
227  165  
228  165  
195  166  
196  166  
197  166  
198  166  
199  166  
200  166  
201  166  
202  166  
203  166  
204  166  
205  166  
206  166  
207  166  
208  166  
209  166  
210  166  
211  166  
212  166  
213  166  
214  166  
215  166  
216  166  
217  166  
221  168  
222  168  
223  168  
224  168  
209  169  
210  169  
211  169  
212  169  
213  169  
214  169  
215  169  
216  169  
217  169  
218  169  
219  169  
220  169  
186  170  
187  170  
188  170  
189  170  
190  170  
191  170  
192  170  
193  170  
194  170  
195  170  
196  170  
197  170  
198  170  
199  170  
200  170  
201  170  
202  170  
203  170  
204  170  
205  170  
206  170  
207  170  
208  170  
208  172  
209  172  
210  172  
211  172  
212  172  
213  172  
214  172  
215  172  
216  172  
217  172  
194  173  
195  173  
196  173  
197  173  
198  173  
199  173  
200  173  
201  173  
202  173  
203  173  
204  173  
205  173  
206  173  
207  173  
187  174  
188  174  
189  174  
190  174  
191  174  
192  174  
193  174  
369  174  
351  175  
352  175  
353  175  
354  175  
355  175  
356  175  
357  175  
358  175  
359  175  
360  175  
361  175  
362  175  
363  175  
364  175  
365  175  
366  175  
367  175  
368  175  
370  175  
371  175  
372  175  
436  179  
436  180  
436  181  
436  182  
436  183  
436  184  
436  185  
437  186  
437  187  
437  188  
437  189  
437  190  
437  191  
437  192  
437  193  
437  194  
437  195  
437  196  
437  197  
437  198  
437  199  
437  200  
437  201  
437  202  
437  203  
437  204  
437  205  
437  206  
437  207  
437  208  
438  209  
438  210  
438  211  
438  212  
438  213  
438  214  
438  215  
438  216  
438  217  
438  218  
438  219  
438  220  
438  221  
438  222  
438  223  
438  224  
438  225  
438  226  
439  227  
439  228  
439  229  
439  230  
439  231  
439  232  
439  233  
439  234  
439  235  
439  236  
230  180  
231  180  
232  180  
233  180  
234  180  
235  180  
236  180  
237  180  
238  180  
239  180  
240  180  
241  180  
242  180  
243  180  
244  180  
245  180  
246  180  
247  180  
248  180  
249  180  
209  181  
210  181  
211  181  
212  181  
213  181  
214  181  
215  181  
216  181  
217  181  
218  181  
219  181  
220  181  
221  181  
222  181  
223  181  
224  181  
225  181  
226  181  
227  181  
228  181  
229  181  
250  181  
251  181  
252  181  
253  181  
254  181  
255  181  
256  181  
186  182  
187  182  
188  182  
189  182  
190  182  
191  182  
192  182  
193  182  
194  182  
195  182  
196  182  
197  182  
198  182  
199  182  
200  182  
201  182  
202  182  
203  182  
204  182  
205  182  
206  182  
207  182  
208  182  
351  181  
352  181  
353  181  
354  181  
355  181  
356  181  
357  181  
358  181  
359  181  
360  181  
361  181  
362  181  
363  181  
364  181  
365  181  
366  181  
367  181  
368  181  
338  182  
339  182  
340  182  
341  182  
342  182  
343  182  
344  182  
345  182  
346  182  
347  182  
348  182  
349  182  
350  182  
369  182  
370  182  
213  187  
212  188  
211  189  
212  190  
212  191  
213  192  
213  193  
213  194  
213  195  
213  196  
214  197  
214  198  
214  199  
214  200  
215  201  
215  202  
215  203  
216  204  
216  205  
216  206  
216  207  
216  208  
217  209  
218  210  
219  210  
220  210  
233  188  
234  188  
235  188  
236  188  
237  188  
238  188  
239  188  
240  188  
241  188  
242  188  
243  188  
244  188  
245  188  
246  188  
247  188  
220  189  
221  189  
222  189  
223  189  
224  189  
225  189  
226  189  
227  189  
228  189  
229  189  
230  189  
231  189  
232  189  
190  190  
191  190  
192  190  
193  190  
194  190  
195  190  
196  190  
197  190  
198  190  
199  190  
200  190  
201  190  
179  191  
180  191  
181  191  
182  191  
183  191  
184  191  
185  191  
186  191  
187  191  
188  191  
189  191  
113  194  
113  195  
114  196  
114  197  
114  198  
115  199  
115  200  
116  201  
116  202  
116  203  
117  204  
117  205  
118  206  
118  207  
119  208  
119  209  
119  210  
120  211  
120  212  
121  213  
121  214  
121  215  
122  216  
122  217  
122  218  
123  219  
123  220  
124  221  
124  222  
125  223  
249  195  
250  195  
251  195  
252  195  
225  196  
226  196  
227  196  
228  196  
229  196  
230  196  
231  196  
232  196  
233  196  
234  196  
235  196  
236  196  
237  196  
238  196  
239  196  
240  196  
241  196  
242  196  
243  196  
244  196  
245  196  
246  196  
247  196  
248  196  
202  197  
203  197  
204  197  
205  197  
185  198  
186  198  
187  198  
188  198  
189  198  
190  198  
191  198  
192  198  
193  198  
194  198  
195  198  
196  198  
197  198  
198  198  
199  198  
200  198  
201  198  
184  199  
330  198  
331  198  
332  198  
333  198  
334  198  
335  198  
336  199  
337  199  
338  199  
339  199  
340  199  
341  199  
342  199  
343  199  
344  199  
345  199  
346  199  
347  199  
348  199  
349  199  
350  199  
227  200  
228  200  
229  200  
230  200  
231  200  
232  200  
233  200  
234  200  
235  200  
236  200  
237  200  
238  200  
239  200  
240  200  
241  200  
242  200  
243  200  
244  200  
245  200  
246  200  
247  200  
248  200  
249  200  
202  201  
203  201  
204  201  
205  201  
206  201  
186  202  
187  202  
188  202  
189  202  
190  202  
191  202  
192  202  
193  202  
194  202  
195  202  
196  202  
197  202  
198  202  
199  202  
200  202  
201  202  
370  204  
370  205  
370  206  
370  207  
370  208  
370  209  
370  210  
370  211  
370  212  
370  213  
370  214  
370  215  
370  216  
370  217  
370  218  
370  219  
370  220  
370  221  
370  222  
369  223  
369  224  
369  225  
369  226  
369  227  
248  206  
249  206  
250  206  
251  206  
252  206  
233  207  
234  207  
235  207  
236  207  
237  207  
238  207  
239  207  
240  207  
241  207  
242  207  
243  207  
244  207  
245  207  
246  207  
247  207  
229  208  
230  208  
231  208  
232  208  
322  209  
322  210  
322  211  
322  212  
322  213  
322  214  
322  215  
322  216  
322  217  
322  218  
322  219  
322  220  
322  221  
322  222  
322  223  
322  224  
321  225  
321  226  
321  227  
321  228  
321  229  
321  230  
321  231  
321  232  
321  233  
321  234  
321  235  
321  236  
321  237  
321  238  
320  239  
320  240  
320  241  
320  242  
320  243  
320  244  
320  245  
320  246  
320  247  
320  248  
320  249  
320  250  
320  251  
320  252  
320  253  
320  254  
320  255  
320  256  
319  257  
319  258  
319  259  
319  260  
319  261  
319  262  
319  263  
319  264  
319  265  
319  266  
319  267  
319  268  
319  269  
319  270  
319  271  
319  272  
319  273  
318  274  
318  275  
318  276  
318  277  
318  278  
318  279  
318  280  
318  281  
318  282  
318  283  
318  284  
318  285  
318  286  
318  287  
236  214  
237  214  
238  214  
239  214  
240  214  
241  214  
215  215  
216  215  
217  215  
218  215  
219  215  
220  215  
221  215  
222  215  
223  215  
224  215  
225  215  
226  215  
227  215  
228  215  
229  215  
230  215  
231  215  
232  215  
233  215  
234  215  
235  215  
213  216  
214  216  
401  215  
402  215  
403  215  
404  215  
405  215  
406  215  
407  215  
408  215  
409  215  
410  215  
411  215  
412  215  
413  215  
414  215  
415  215  
416  215  
417  215  
418  215  
419  215  
420  215  
421  215  
422  215  
423  215  
424  215  
425  215  
426  215  
427  215  
428  215  
285  218  
286  218  
287  218  
288  218  
289  218  
290  218  
291  218  
292  218  
293  218  
274  219  
275  219  
276  219  
277  219  
278  219  
279  219  
280  219  
281  219  
282  219  
283  219  
284  219  
260  222  
260  223  
260  224  
260  225  
260  226  
260  227  
260  228  
260  229  
260  230  
260  231  
259  232  
259  233  
259  234  
259  235  
259  236  
259  237  
259  238  
259  239  
258  240  
258  241  
258  242  
258  243  
258  244  
258  245  
258  246  
257  247  
257  248  
257  249  
257  250  
257  251  
257  252  
257  253  
257  254  
257  255  
257  256  
257  257  
256  258  
256  259  
256  260  
256  261  
256  262  
256  263  
256  264  
256  265  
256  266  
256  267  
255  268  
255  269  
255  270  
255  271  
255  272  
255  273  
433  240  
434  240  
435  240  
398  241  
399  241  
400  241  
401  241  
402  241  
403  241  
404  241  
405  241  
406  241  
407  241  
408  241  
409  241  
410  241  
411  241  
412  241  
413  241  
414  241  
415  241  
416  241  
417  241  
418  241  
419  241  
420  241  
421  241  
422  241  
423  241  
424  241  
425  241  
426  241  
427  241  
428  241  
429  241  
430  241  
431  241  
432  241  
370  245  
370  246  
370  247  
370  248  
370  249  
370  250  
370  251  
370  252  
370  253  
370  254  
370  255  
370  256  
370  257  
370  258  
370  259  
370  260  
371  261  
371  262  
371  263  
371  264  
371  265  
371  266  
371  267  
371  268  
371  269  
371  270  
371  271  
371  272  
371  273  
372  274  
372  275  
372  276  
372  277  
391  247  
392  247  
393  247  
394  247  
395  247  
396  247  
397  247  
398  247  
399  247  
400  247  
401  247  
402  247  
403  247  
404  247  
405  247  
406  247  
407  247  
408  247  
409  247  
410  247  
411  247  
412  247  
390  248  
390  249  
404  252  
405  252  
406  252  
407  252  
408  252  
409  252  
410  252  
411  252  
412  252  
413  252  
414  252  
415  252  
416  252  
417  252  
418  252  
419  252  
420  252  
421  252  
422  252  
423  252  
424  252  
425  252  
426  252  
427  252  
428  252  
429  252  
430  252  
431  252  
432  252  
433  252  
403  253  
406  263  
407  263  
408  263  
409  263  
410  263  
411  263  
412  263  
413  263  
414  263  
415  263  
416  263  
417  263  
418  263  
419  263  
420  263  
421  263  
422  263  
423  263  
424  263  
425  263  
426  263  
427  263  
428  263  
429  263  
430  263  
431  263  
432  263  
401  264  
402  264  
403  264  
404  264  
405  264  
416  267  
417  267  
418  267  
419  267  
420  267  
421  267  
422  267  
423  267  
424  267  
425  267  
426  267  
427  267  
428  267  
429  267  
404  268  
405  268  
406  268  
407  268  
408  268  
409  268  
410  268  
411  268  
412  268  
413  268  
414  268  
415  268  
422  270  
423  270  
424  270  
425  270  
426  270  
427  270  
428  270  
429  270  
430  270  
404  271  
405  271  
406  271  
407  271  
408  271  
409  271  
410  271  
411  271  
412  271  
413  271  
414  271  
415  271  
416  271  
417  271  
418  271  
419  271  
420  271  
421  271  
409  274  
410  274  
411  274  
412  274  
413  274  
414  274  
415  274  
416  274  
417  274  
418  274  
419  274  
420  274  
421  274  
422  274  
423  274  
424  274  
402  275  
403  275  
404  275  
405  275  
406  275  
407  275  
408  275  
345  291  
346  291  
347  291  
348  291  
349  291  
350  291  
351  291  
352  291  
353  291  
354  291  
355  291  
356  291  
336  292  
337  292  
338  292  
339  292  
340  292  
341  292  
342  292  
343  292  
344  292  
407  297  
408  297  
409  297  
384  298  
385  298  
386  298  
387  298  
388  298  
389  298  
390  298  
391  298  
392  298  
393  298  
394  298  
395  298  
396  298  
397  298  
398  298  
399  298  
400  298  
401  298  
402  298  
403  298  
404  298  
405  298  
406  298  
381  299  
382  299  
383  299  
255  298  
256  299  
256  300  
256  301  
255  302  
255  303  
255  304  
255  305  
255  306  
255  307  
255  308  
255  309  
255  310  
255  311  
254  312  
254  313  
254  314  
254  315  
254  316  
254  317  
353  298  
354  298  
355  298  
356  298  
335  299  
336  299  
337  299  
338  299  
339  299  
340  299  
341  299  
342  299  
343  299  
344  299  
345  299  
346  299  
347  299  
348  299  
349  299  
350  299  
351  299  
352  299  
84  303  
83  304  
83  305  
82  306  
82  307  
82  308  
82  309  
82  310  
81  311  
81  312  
81  313  
81  314  
81  315  
81  316  
80  317  
80  318  
80  319  
80  320  
80  321  
79  322  
79  323  
79  324  
79  325  
78  326  
78  327  
78  328  
78  329  
78  330  
78  331  
77  332  
77  333  
77  334  
77  335  
77  336  
77  337  
219  303  
220  303  
221  303  
222  303  
223  303  
224  303  
225  303  
178  304  
179  304  
180  304  
181  304  
182  304  
183  304  
184  304  
185  304  
186  304  
187  304  
188  304  
189  304  
190  304  
191  304  
192  304  
193  304  
194  304  
195  304  
196  304  
197  304  
198  304  
199  304  
200  304  
201  304  
202  304  
203  304  
204  304  
205  304  
206  304  
207  304  
208  304  
209  304  
210  304  
211  304  
212  304  
213  304  
214  304  
215  304  
216  304  
217  304  
218  304  
162  305  
163  305  
164  305  
165  305  
166  305  
167  305  
168  305  
169  305  
170  305  
171  305  
172  305  
173  305  
174  305  
175  305  
176  305  
177  305  
161  306  
287  303  
287  304  
287  305  
287  306  
287  307  
287  308  
287  309  
287  310  
286  311  
286  312  
286  313  
286  314  
286  315  
286  316  
286  317  
286  318  
286  319  
286  320  
286  321  
286  322  
286  323  
286  324  
286  325  
286  326  
286  327  
286  328  
285  329  
285  330  
285  331  
285  332  
285  333  
285  334  
285  335  
285  336  
285  337  
285  338  
285  339  
284  340  
284  341  
284  342  
284  343  
284  344  
284  345  
284  346  
284  347  
284  348  
284  349  
284  350  
284  351  
284  352  
284  353  
247  307  
247  308  
247  309  
247  310  
247  311  
247  312  
247  313  
247  314  
246  315  
246  316  
246  317  
246  318  
246  319  
246  320  
246  321  
246  322  
246  323  
246  324  
245  325  
245  326  
245  327  
245  328  
245  329  
245  330  
245  331  
245  332  
245  333  
245  334  
245  335  
245  336  
244  337  
244  338  
244  339  
244  340  
244  341  
244  342  
244  343  
244  344  
244  345  
243  346  
243  347  
243  348  
243  349  
243  350  
243  351  
243  352  
305  308  
305  309  
305  310  
305  311  
305  312  
305  313  
305  314  
305  315  
305  316  
305  317  
305  318  
304  319  
304  320  
304  321  
304  322  
304  323  
304  324  
304  325  
304  326  
304  327  
304  328  
303  329  
303  330  
303  331  
303  332  
303  333  
303  334  
303  335  
303  336  
303  337  
303  338  
303  339  
303  340  
303  341  
303  342  
303  343  
303  344  
303  345  
303  346  
303  347  
303  348  
303  349  
303  350  
303  351  
303  352  
302  353  
302  354  
88  309  
88  310  
88  311  
87  312  
87  313  
87  314  
87  315  
87  316  
87  317  
86  318  
86  319  
86  320  
86  321  
86  322  
85  323  
85  324  
85  325  
85  326  
85  327  
84  328  
84  329  
84  330  
83  331  
357  312  
357  313  
357  314  
357  315  
357  316  
357  317  
357  318  
357  319  
357  320  
357  321  
357  322  
357  323  
357  324  
357  325  
357  326  
357  327  
357  328  
357  329  
356  330  
356  331  
356  332  
356  333  
356  334  
356  335  
356  336  
38  314  
38  315  
38  316  
37  317  
37  318  
37  319  
37  320  
36  321  
36  322  
36  323  
36  324  
36  325  
35  326  
35  327  
35  328  
34  329  
34  330  
34  331  
34  332  
33  333  
33  334  
32  335  
32  336  
361  315  
361  316  
361  317  
361  318  
361  319  
361  320  
361  321  
361  322  
361  323  
361  324  
361  325  
361  326  
361  327  
361  328  
361  329  
361  330  
361  331  
360  332  
360  333  
360  334  
360  335  
360  336  
360  337  
360  338  
360  339  
360  340  
360  341  
360  342  
360  343  
397  315  
398  315  
399  315  
400  315  
401  315  
402  315  
403  315  
404  315  
405  315  
406  315  
407  315  
408  315  
409  315  
410  315  
411  315  
412  315  
413  315  
414  315  
415  315  
416  315  
417  316  
418  316  
373  320  
373  321  
373  322  
373  323  
373  324  
373  325  
373  326  
372  327  
372  328  
372  329  
372  330  
372  331  
372  332  
372  333  
372  334  
372  335  
372  336  
372  337  
372  338  
372  339  
372  340  
372  341  
372  342  
372  343  
372  344  
372  345  
372  346  
372  347  
372  348  
168  321  
169  321  
170  321  
171  321  
172  321  
173  321  
174  321  
175  321  
176  321  
177  321  
178  321  
179  321  
180  321  
163  322  
164  322  
165  322  
166  322  
167  322  
181  322  
182  322  
183  322  
184  322  
185  322  
186  322  
187  322  
188  322  
189  322  
190  322  
191  322  
192  322  
193  322  
90  323  
90  324  
90  325  
90  326  
90  327  
90  328  
89  329  
89  330  
89  331  
89  332  
89  333  
89  334  
88  335  
88  336  
88  337  
88  338  
88  339  
87  340  
87  341  
87  342  
87  343  
87  344  
86  345  
86  346  
86  347  
252  325  
252  326  
252  327  
252  328  
252  329  
252  330  
252  331  
252  332  
252  333  
252  334  
252  335  
252  336  
252  337  
252  338  
252  339  
252  340  
251  341  
251  342  
251  343  
251  344  
251  345  
251  346  
251  347  
251  348  
251  349  
241  330  
241  331  
241  332  
241  333  
241  334  
241  335  
240  336  
240  337  
240  338  
240  339  
240  340  
240  341  
240  342  
240  343  
240  344  
240  345  
239  346  
239  347  
239  348  
239  349  
239  350  
239  351  
396  338  
397  338  
398  338  
399  338  
400  338  
401  338  
402  338  
403  338  
404  338  
405  338  
406  338  
407  338  
408  338  
409  338  
410  338  
411  338  
412  338  
413  338  
414  338  
415  338  
416  338  
417  338  
76  339  
76  340  
76  341  
76  342  
75  343  
75  344  
75  345  
75  346  
74  347  
74  348  
74  349  
74  350  
74  351  
74  352  
73  353  
73  354  
73  355  
73  356  
72  357  
72  358  
162  339  
163  339  
164  339  
165  339  
166  339  
167  339  
168  339  
169  339  
170  339  
171  339  
172  339  
173  339  
174  339  
175  339  
176  339  
177  339  
178  339  
179  339  
180  339  
181  339  
182  339  
183  339  
184  339  
185  339  
186  339  
187  339  
188  339  
189  339  
190  339  
191  339  
192  339  
193  339  
194  339  
195  339  
196  339  
197  339  
198  339  
199  339  
200  339  
201  339  
202  339  
203  339  
204  339  
205  339  
197  346  
198  346  
164  347  
165  347  
166  347  
167  347  
168  347  
169  347  
170  347  
171  347  
172  347  
173  347  
174  347  
175  347  
176  347  
177  347  
178  347  
179  347  
180  347  
181  347  
182  347  
183  347  
184  347  
185  347  
186  347  
187  347  
188  347  
189  347  
190  347  
191  347  
192  347  
193  347  
194  347  
195  347  
196  347  
158  348  
159  348  
160  348  
161  348  
162  348  
163  348  
316  348  
317  348  
318  348  
319  348  
320  348  
321  348  
322  348  
323  348  
324  348  
325  348  
326  348  
327  348  
328  348  
329  348  
330  348  
331  348  
332  348  
333  348  
334  348  
335  348  
336  348  
337  348  
338  348  
339  348  
340  348  
341  348  
342  348  
343  348  
344  348  
345  348  
346  348  
347  348  
348  348  
349  348  
350  348  
351  348  
352  348  
353  348  
354  348  
355  348  
356  348  
357  348  
400  350  
401  350  
402  350  
403  350  
404  350  
405  350  
406  350  
407  350  
408  350  
409  350  
410  350  
411  350  
412  350  
413  350  
414  350  
415  350  
416  350  
417  350  
418  350  
419  350  
420  350  
421  350  
422  350  
423  350  
424  351  
423  356  
424  356  
425  356  
426  356  
427  356  
382  357  
383  357  
384  357  
385  357  
386  357  
387  357  
388  357  
389  357  
390  357  
391  357  
392  357  
393  357  
394  357  
395  357  
396  357  
397  357  
398  357  
399  357  
400  357  
401  357  
402  357  
403  357  
404  357  
405  357  
406  357  
407  357  
408  357  
409  357  
410  357  
411  357  
412  357  
413  357  
414  357  
415  357  
416  357  
417  357  
418  357  
419  357  
420  357  
421  357  
422  357  
192  358  
193  358  
194  358  
195  358  
196  358  
197  358  
198  358  
199  358  
200  358  
201  358  
202  358  
203  358  
204  358  
205  358  
206  358  
207  358  
208  358  
209  358  
210  358  
211  358  
212  358  
213  358  
214  358  
215  358  
216  358  
217  358  
218  358  
219  358  
220  358  
221  358  
222  358  
223  358  
224  358  
225  358  
226  358  
227  358  
228  358  
229  358  
230  358  
155  359  
156  359  
157  359  
158  359  
159  359  
160  359  
161  359  
162  359  
163  359  
164  359  
165  359  
166  359  
167  359  
168  359  
169  359  
170  359  
171  359  
172  359  
173  359  
174  359  
175  359  
176  359  
177  359  
178  359  
179  359  
180  359  
181  359  
182  359  
183  359  
184  359  
185  359  
186  359  
187  359  
188  359  
189  359  
190  359  
191  359  
330  363  
331  363  
332  363  
333  363  
334  363  
335  363  
336  363  
337  363  
338  363  
339  363  
340  363  
341  363  
342  363  
343  363  
344  363  
345  363  
346  363  
347  363  
348  363  
349  363  
350  363  
351  364  
352  364  
353  364  
354  364  
355  364  
356  364  
357  364  
358  364  
359  364  
360  364  
361  364  
362  364  
363  364  
364  364  
193  365  
207  365  
208  365  
209  365  
210  365  
211  365  
212  365  
213  365  
214  365  
215  365  
216  365  
217  365  
218  365  
219  365  
220  365  
221  365  
222  365  
223  365  
224  365  
225  365  
226  365  
227  365  
228  365  
194  366  
195  366  
196  366  
197  366  
198  366  
199  366  
200  366  
201  366  
202  366  
203  366  
204  366  
205  366  
206  366  
146  366  
147  366  
148  366  
149  366  
150  366  
151  366  
152  366  
153  366  
154  366  
155  366  
156  366  
157  366  
158  366  
159  366  
160  366  
161  366  
162  366  
163  366  
164  366  
165  366  
166  366  
167  366  
168  366  
169  366  
170  366  
171  366  
172  366  
173  366  
174  366  
175  366  
176  366  
145  367  
145  368  
145  369  
146  370  
146  371  
373  366  
373  367  
373  368  
373  369  
373  370  
373  371  
373  372  
373  373  
373  374  
373  375  
373  376  
373  377  
373  378  
373  379  
373  380  
373  381  
373  382  
372  383  
372  384  
372  385  
372  386  
372  387  
372  388  
372  389  
372  390  
372  391  
372  392  
372  393  
372  394  
372  395  
372  396  
372  397  
372  398  
373  399  
373  400  
373  401  
399  367  
400  367  
401  367  
402  367  
403  367  
404  367  
405  367  
406  367  
407  367  
408  367  
409  368  
410  368  
411  368  
412  368  
413  368  
414  368  
415  368  
416  368  
417  368  
418  368  
419  368  
420  368  
421  368  
422  368  
423  368  
424  368  
425  368  
426  368  
427  368  
428  368  
429  368  
121  369  
122  370  
122  371  
123  372  
124  373  
124  374  
125  375  
125  376  
126  377  
126  378  
127  379  
127  380  
128  381  
128  382  
129  383  
130  384  
130  385  
131  386  
132  387  
132  388  
133  389  
134  390  
134  391  
135  392  
135  393  
136  394  
136  395  
137  396  
137  397  
138  398  
138  399  
139  400  
139  401  
381  369  
382  370  
382  371  
381  372  
381  373  
381  374  
381  375  
381  376  
381  377  
381  378  
381  379  
381  380  
381  381  
381  382  
381  383  
381  384  
381  385  
381  386  
381  387  
381  388  
381  389  
381  390  
381  391  
381  392  
381  393  
233  371  
196  372  
197  372  
198  372  
199  372  
200  372  
201  372  
202  372  
203  372  
204  372  
205  372  
206  372  
207  372  
208  372  
209  372  
210  372  
211  372  
212  372  
213  372  
214  372  
215  372  
216  372  
217  372  
218  372  
219  372  
220  372  
221  372  
222  372  
223  372  
224  372  
225  372  
226  372  
227  372  
228  372  
229  372  
230  372  
231  372  
232  372  
287  371  
287  372  
287  373  
287  374  
288  375  
288  376  
288  377  
289  378  
289  379  
289  380  
289  381  
290  382  
290  383  
290  384  
290  385  
291  386  
291  387  
291  388  
292  389  
292  390  
292  391  
292  371  
292  372  
292  373  
293  374  
293  375  
293  376  
293  377  
294  378  
294  379  
294  380  
295  381  
295  382  
295  383  
295  384  
295  385  
296  386  
296  387  
296  388  
297  389  
297  390  
297  391  
297  392  
297  393  
297  394  
177  372  
178  372  
179  372  
180  372  
152  373  
153  373  
154  373  
155  373  
156  373  
157  373  
158  373  
159  373  
160  373  
161  373  
162  373  
163  373  
164  373  
165  373  
166  373  
167  373  
168  373  
169  373  
170  373  
171  373  
172  373  
173  373  
174  373  
175  373  
176  373  
80  373  
81  374  
81  375  
82  376  
83  377  
83  378  
84  379  
84  380  
85  381  
85  382  
86  383  
87  384  
87  385  
88  386  
88  387  
89  388  
89  389  
90  390  
90  391  
93  391  
91  392  
92  392  
153  376  
154  376  
155  376  
156  376  
157  376  
170  376  
171  376  
172  376  
173  376  
174  376  
175  376  
176  376  
177  376  
178  376  
179  376  
180  376  
181  376  
182  376  
158  377  
159  377  
160  377  
161  377  
162  377  
163  377  
164  377  
165  377  
166  377  
167  377  
168  377  
169  377  
198  376  
199  376  
200  376  
201  376  
202  376  
203  376  
204  376  
205  376  
206  376  
207  376  
208  376  
209  376  
210  376  
211  376  
212  376  
213  376  
214  376  
215  376  
216  376  
217  376  
218  376  
219  376  
220  376  
221  376  
222  376  
223  376  
224  376  
225  376  
226  376  
227  376  
228  376  
229  376  
230  376  
231  376  
232  376  
233  376  
413  380  
414  380  
415  380  
416  380  
417  380  
418  380  
419  380  
420  380  
421  380  
422  380  
423  380  
424  380  
425  380  
426  380  
398  381  
399  381  
400  381  
401  381  
402  381  
403  381  
404  381  
405  381  
406  381  
407  381  
408  381  
409  381  
410  381  
411  381  
412  381  
427  381  
428  381  
429  381  
430  381  
431  381  
432  381  
433  381  
434  381  
435  382  
92  382  
93  383  
93  384  
94  385  
95  386  
95  387  
96  388  
96  389  
97  390  
97  391  
98  392  
99  393  
99  394  
100  395  
101  396  
101  397  
102  398  
102  399  
103  400  
103  401  
198  382  
199  382  
200  382  
201  382  
202  382  
203  382  
204  382  
205  382  
206  382  
207  382  
208  382  
209  382  
210  382  
211  382  
212  382  
213  382  
214  382  
215  382  
216  382  
217  382  
218  382  
219  382  
220  382  
221  382  
222  382  
223  382  
224  382  
225  382  
226  382  
227  382  
228  382  
229  382  
230  382  
231  382  
200  388  
201  388  
202  388  
203  388  
204  388  
205  388  
206  388  
207  388  
208  388  
209  388  
210  388  
211  388  
212  388  
213  388  
214  388  
199  389  
215  389  
216  389  
217  389  
218  389  
219  389  
220  389  
221  389  
222  389  
223  389  
224  389  
225  389  
226  389  
227  389  
228  389  
229  389  
230  389  
231  389  
232  389  
233  389  
234  389  
235  389  
391  397  
392  397  
393  397  
394  397  
395  397  
396  397  
397  397  
398  397  
399  397  
400  397  
401  397  
402  397  
403  397  
404  397  
405  397  
406  397  
407  397  
408  397  
409  397  
410  397  
411  397  
412  397  
413  397  
414  397  
415  397  
416  397  
417  397  
418  397  
419  397  
420  397  
421  397  
422  397  
423  397  
424  397  
425  397  
426  397  
428  397  
429  397  
427  398  
388  400  
389  401  
390  401  
391  401  
392  401  
393  401  
394  401  
395  401  
396  401  
397  401  
398  401  
399  401  
400  401  
401  401  
402  401  
403  401  
404  401  
405  401  
406  401  
407  401  
408  401  
409  401  
410  401  
411  401  
412  401  
413  401  
414  401  
415  401  
416  401  
417  401  
418  401  
419  401  
420  401  
421  401  
422  401  
423  401  
424  401  
425  401  
426  401  
427  401  
428  401  
429  401  
430  401  
339  403  
340  404  
340  405  
340  406  
341  407  
341  408  
341  409  
341  410  
341  411  
341  412  
341  413  
341  414  
342  415  
342  416  
342  417  
342  418  
342  419  
342  420  
342  421  
342  422  
343  423  
343  424  
343  425  
343  426  
343  427  
343  428  
344  429  
344  430  
344  431  
344  432  
344  433  
344  434  
344  435  
344  436  
344  437  
345  438  
345  439  
345  440  
345  441  
345  442  
345  443  
385  406  
386  406  
387  406  
388  406  
389  406  
390  406  
391  406  
392  406  
393  406  
394  406  
395  406  
396  406  
397  406  
398  406  
399  406  
400  406  
401  406  
402  406  
403  406  
404  406  
405  406  
406  406  
407  406  
408  406  
409  406  
410  406  
411  406  
412  406  
413  406  
414  406  
415  406  
416  406  
417  406  
418  406  
419  406  
420  406  
421  406  
422  406  
423  406  
424  406  
425  406  
426  406  
427  406  
428  406  
429  406  
430  406  
431  406  
432  406  
330  411  
331  412  
331  413  
331  414  
331  415  
331  416  
331  417  
331  418  
331  419  
331  420  
332  421  
332  422  
332  423  
332  424  
332  425  
332  426  
332  427  
333  428  
333  429  
333  430  
333  431  
333  432  
333  433  
398  411  
399  411  
400  411  
401  411  
402  411  
403  411  
404  411  
405  411  
406  411  
407  411  
408  411  
409  411  
410  411  
411  411  
412  411  
413  411  
414  411  
415  411  
416  411  
417  411  
404  431  
405  431  
406  431  
407  431  
408  431  
409  431  
410  431  
411  431  
412  431  
413  431  
414  431  
415  431  
416  431  
417  431  
418  431  
419  431  
420  431  
421  431  
422  431  
423  431  
424  431  
425  431  
426  431  
427  431  
428  431  
429  431  
403  432  
395  438  
396  438  
397  438  
398  438  
399  438  
400  438  
401  438  
402  438  
403  438  
404  438  
405  438  
406  438  
407  438  
408  438  
409  438  
410  438  
411  438  
412  438  
413  438  
414  438  
415  438  
416  438  
417  438  
418  438  
419  438  
420  438  
421  438  
422  438  
423  438  
424  438  
425  438  
429  438  
430  438  
426  439  
427  439  
428  439  
308  439  
309  440  
310  441  
311  442  
312  443  
313  444  
314  445  
315  446  
315  447  
316  448  
317  449  
318  450  
319  451  
320  452  
320  453  
321  454  
322  455  
322  456  
323  457  
324  458  
264  447  
264  448  
264  449  
264  450  
264  451  
264  452  
264  453  
264  454  
263  455  
263  456  
263  457  
263  458  
264  459  
264  460  
263  461  
263  462  
263  463  
263  464  
263  465  
263  466  
263  467  
263  468  
263  469  
263  470  
263  471  
250  457  
250  458  
250  459  
250  460  
250  461  
250  462  
250  463  
250  464  
250  465  
250  466  
250  467  
250  468  
250  469  
250  470  
250  471  
250  472  
249  473  
249  474  
249  475  
249  476  
249  477  
249  478  
249  479  
249  480  
249  481  
249  482  
248  483  
248  484  
248  485  
248  486  
248  487  
248  488  
248  489  
248  490  
248  491  
248  492  
248  493  
224  466  
224  467  
224  468  
224  469  
224  470  
224  471  
224  472  
223  473  
223  474  
223  475  
223  476  
223  477  
223  478  
223  479  
223  480  
223  481  
223  482  
223  483  
223  484  
223  485  
223  486  
224  487  
224  488  
224  489  
224  490  
224  491  
224  492  
217  473  
217  474  
217  475  
217  476  
217  477  
217  478  
217  479  
217  480  
217  481  
218  482  
218  483  
218  484  
218  485  
218  486  
218  487  
218  488  
218  489  
218  490  
218  491  
218  492  
218  493  
218  494  
219  495  
219  496  
219  497  
219  498  
219  499  
219  500  
340  492  
340  493  
341  494  
341  495  
341  496  
341  497  
342  498  
342  499  
342  500  
342  501  
343  502  
343  503  
343  504  
343  505  
343  506  
344  507  
344  508  
344  509  
344  510  
344  511  
345  512  
345  513  
345  514  
393  511  
394  511  
395  511  
396  511  
397  511  
398  512  
399  512  
400  512  
401  512  
402  512  
403  512  
404  512  
405  512  
406  512  
407  512  
408  512  
409  512  
410  512  
411  512  
412  512  
413  512  
414  512  
415  512  
416  512  
417  512  
418  512  
419  512  
420  512  
421  512  
422  512  
391  516  
392  516  
393  516  
394  516  
395  516  
396  516  
397  516  
398  516  
399  516  
400  516  
401  516  
402  516  
403  516  
404  516  
405  516  
406  516  
407  516  
408  516  
409  516  
410  516  
411  516  
412  516  
413  516  
414  516  
415  516  
416  516  
417  516  
418  516  
419  516  
420  516  
387  517  
388  517  
389  517  
390  517  
401  523  
402  523  
400  524  
403  524  
404  524  
405  524  
406  524  
407  524  
408  524  
409  524  
410  524  
411  524  
412  524  
413  524  
414  524  
415  524  
416  524  
417  524  
418  524  
419  524  
420  524  
421  524  
422  524  
423  524  
424  524  
425  524  
402  542  
403  542  
404  542  
405  542  
406  542  
407  542  
408  542  
409  542  
410  542  
411  542  
412  542  
413  542  
414  542  
415  542  
416  542  
417  542  
418  542  
419  542  
420  542  
421  542  
422  542  
423  542  
424  542  
425  542  
389  546  
390  546  
391  546  
392  546  
393  546  
394  546  
395  546  
396  546  
397  546  
398  546  
399  546  
400  546  
401  546  
402  546  
403  546  
404  546  
405  546  
406  546  
407  546  
408  546  
409  546  
410  546  
411  546  
412  546  
413  546  
414  546  
415  546  
416  546  
417  546  
418  546  
419  546  
388  547  
420  547  
421  547  
422  547  
423  547  
424  547  
400  553  
401  553  
402  553  
403  553  
404  553  
405  553  
406  553  
407  553  
408  553  
409  553  
410  553  
411  553  
412  553  
413  553  
414  553  
415  553  
416  553  
417  553  
418  553  
419  553  
420  553  
421  553  
422  553  
423  553  
424  553  
425  553  
426  553  
427  553  
402  561  
403  561  
404  561  
405  561  
406  561  
407  561  
408  561  
409  561  
410  561  
411  561  
412  561  
413  561  
414  561  
415  561  
416  561  
417  561  
418  561  
419  561  
420  561  
421  561  
422  561  
423  561  
424  561  
425  561  
426  561  
401  564  
402  564  
403  564  
404  564  
405  565  
406  565  
407  565  
408  565  
409  565  
410  565  
411  565  
412  565  
413  565  
414  565  
415  565  
416  565  
417  565  
418  565  
419  565  
420  565  
421  565  
422  565  
423  565  
424  565  
425  565  
426  565  
402  568  
403  568  
404  568  
405  568  
406  568  
407  568  
408  568  
409  568  
410  568  
411  568  
412  568  
413  568  
414  568  
415  568  
416  568  
417  568  
418  568  
419  568  
420  568  
421  568  
422  568  
316  572  
316  573  
316  574  
316  575  
317  576  
317  577  
317  578  
317  579  
318  580  
318  581  
318  582  
319  583  
319  584  
319  585  
319  586  
320  587  
320  588  
320  589  
320  590  
320  591  
320  592  
321  593  
321  594  
321  595  
322  596  
322  597  
322  598  
322  599  
323  600  
323  601  
323  602  
324  603  
324  604  
324  605  
324  606  
324  607  
324  608  
399  572  
400  572  
401  572  
402  572  
403  572  
404  572  
405  572  
406  572  
407  572  
408  572  
409  572  
410  572  
411  572  
412  572  
413  572  
414  572  
415  572  
416  572  
417  572  
418  572  
419  572  
420  572  
421  572  
422  572  
423  572  
424  572  
402  577  
401  578  
403  578  
404  578  
405  578  
406  578  
407  578  
408  578  
409  578  
410  578  
411  578  
412  578  
413  578  
414  578  
415  578  
416  578  
417  578  
418  578  
419  578  
420  578  
421  578  
422  578  
423  578  
424  578  
425  578  
298  587  
297  588  
297  589  
297  590  
297  591  
297  592  
297  593  
297  594  
297  595  
297  596  
297  597  
297  598  
297  599  
297  600  
297  601  
297  602  
297  603  
297  604  
297  605  
297  606  
297  607  
297  608  
403  591  
401  592  
402  592  
404  592  
405  592  
406  592  
407  592  
408  592  
409  592  
410  592  
411  592  
412  592  
413  592  
414  592  
415  592  
416  592  
417  592  
418  592  
419  592  
420  592  
421  592  
422  592  
423  592  
400  595  
401  595  
402  595  
403  595  
404  595  
405  595  
406  595  
407  595  
408  595  
409  595  
410  595  
411  595  
412  595  
413  595  
414  595  
415  595  
416  595  
417  595  
418  595  
419  595  
420  595  
421  595  
422  595  
423  595  
401  600  
402  600  
403  600  
404  600  
405  600  
406  600  
407  600  
408  600  
409  600  
410  600  
411  600  
412  600  
413  600  
414  600  
415  600  
416  600  
417  600  
418  600  
419  600  
420  600  
421  600  
422  600  
423  600  
