374  87  
375  88  
376  88  
377  88  
378  88  
379  88  
380  88  
381  88  
382  89  
383  89  
384  89  
385  89  
386  89  
387  89  
388  89  
389  89  
390  89  
391  89  
392  90  
393  90  
394  90  
395  90  
396  90  
397  90  
398  90  
399  91  
400  91  
401  91  
402  91  
403  91  
404  91  
405  91  
406  92  
407  92  
408  92  
377  92  
378  92  
379  92  
380  92  
381  92  
382  92  
383  93  
384  93  
385  93  
386  93  
387  93  
388  93  
389  93  
390  93  
391  94  
392  94  
393  94  
394  94  
395  94  
396  94  
397  94  
398  94  
399  94  
400  94  
401  95  
402  95  
403  95  
404  95  
405  95  
406  95  
407  96  
408  96  
312  103  
313  103  
314  103  
315  104  
316  104  
317  104  
318  104  
319  105  
320  105  
321  105  
322  105  
323  105  
324  105  
325  106  
326  106  
327  106  
328  106  
329  106  
330  106  
331  106  
332  106  
333  106  
334  106  
335  106  
273  107  
274  107  
275  107  
276  107  
277  107  
278  107  
279  107  
280  107  
281  107  
282  107  
283  107  
284  107  
285  107  
286  107  
287  107  
288  107  
289  107  
290  107  
291  107  
265  108  
266  108  
267  108  
268  108  
269  108  
270  108  
271  108  
272  108  
313  108  
314  108  
315  108  
316  108  
317  108  
318  109  
319  109  
320  109  
321  109  
322  109  
323  109  
324  109  
325  109  
326  109  
327  109  
328  109  
329  109  
330  109  
331  110  
332  110  
333  110  
334  110  
335  110  
336  110  
337  110  
338  110  
339  110  
340  110  
341  110  
342  110  
343  110  
344  110  
345  110  
346  110  
347  110  
348  110  
349  110  
350  110  
351  110  
352  110  
377  110  
378  110  
379  110  
380  110  
381  110  
382  110  
383  110  
384  110  
385  111  
386  111  
387  111  
388  111  
389  111  
390  111  
391  111  
392  111  
393  111  
394  111  
395  111  
396  112  
397  112  
398  112  
399  112  
400  112  
401  112  
402  113  
403  113  
404  113  
405  113  
310  112  
311  112  
312  112  
313  112  
314  112  
315  112  
345  112  
316  113  
317  113  
318  113  
319  113  
320  113  
321  113  
322  113  
323  113  
324  113  
325  113  
326  113  
327  113  
328  113  
329  113  
330  113  
331  113  
332  113  
333  113  
334  113  
335  113  
336  113  
337  113  
338  113  
339  113  
340  113  
341  113  
342  113  
343  113  
344  113  
360  114  
361  114  
362  114  
363  114  
364  114  
365  114  
366  114  
367  114  
368  114  
369  114  
370  114  
371  114  
372  114  
373  114  
374  114  
375  114  
376  114  
377  114  
378  114  
379  114  
380  114  
381  114  
382  114  
383  114  
384  114  
354  115  
355  115  
356  115  
357  115  
358  115  
359  115  
346  116  
347  116  
348  116  
349  116  
350  116  
351  116  
352  116  
353  116  
325  117  
326  117  
327  117  
328  117  
329  117  
330  117  
331  117  
332  117  
333  117  
334  117  
335  117  
336  117  
337  117  
338  117  
339  117  
340  117  
341  117  
342  117  
343  117  
344  117  
345  117  
341  120  
342  120  
343  120  
344  120  
345  120  
346  120  
347  120  
348  120  
349  120  
350  120  
351  120  
352  120  
353  120  
354  120  
355  120  
331  121  
332  121  
333  121  
334  121  
335  121  
336  121  
337  121  
338  121  
339  121  
340  121  
323  122  
324  122  
325  122  
326  122  
327  122  
328  122  
329  122  
330  122  
387  124  
388  124  
389  124  
390  124  
391  124  
372  125  
375  125  
376  125  
377  125  
378  125  
379  125  
380  125  
381  125  
382  125  
383  125  
384  125  
385  125  
386  125  
392  125  
373  126  
374  126  
320  126  
321  126  
322  126  
323  126  
324  126  
325  126  
326  127  
327  127  
328  127  
329  127  
330  127  
331  127  
332  127  
333  127  
334  127  
335  127  
336  127  
337  127  
338  127  
339  127  
340  127  
341  127  
342  127  
343  127  
344  127  
345  127  
346  127  
347  127  
348  127  
349  127  
350  127  
351  127  
352  127  
353  127  
354  127  
355  127  
356  127  
357  127  
358  127  
359  127  
360  127  
67  130  
67  131  
67  132  
67  133  
67  134  
67  135  
67  136  
67  137  
67  138  
68  139  
68  140  
68  141  
68  142  
68  143  
68  144  
69  145  
69  146  
69  147  
69  148  
69  149  
70  150  
70  151  
70  152  
71  153  
71  154  
71  155  
71  156  
72  157  
72  158  
72  159  
72  160  
73  161  
73  162  
73  163  
342  132  
343  132  
344  132  
345  132  
346  132  
347  132  
348  132  
349  132  
350  132  
351  132  
352  132  
353  132  
354  132  
355  132  
356  132  
357  132  
358  132  
359  132  
360  132  
361  132  
362  132  
363  132  
364  132  
336  133  
337  133  
338  133  
339  133  
340  133  
341  133  
389  134  
390  134  
391  134  
392  134  
393  134  
394  134  
395  134  
396  134  
397  134  
398  134  
378  135  
379  135  
380  135  
381  135  
382  135  
383  135  
384  135  
385  135  
386  135  
387  135  
388  135  
352  135  
353  135  
354  135  
355  135  
356  135  
357  135  
358  135  
359  135  
360  135  
361  135  
362  135  
363  135  
339  136  
340  136  
341  136  
342  136  
343  136  
344  136  
345  136  
346  136  
347  136  
348  136  
349  136  
350  136  
351  136  
332  137  
333  137  
334  137  
335  137  
336  137  
337  137  
338  137  
327  138  
328  138  
329  138  
330  138  
331  138  
120  141  
118  142  
119  142  
116  143  
117  143  
114  144  
115  144  
112  145  
113  145  
110  146  
111  146  
108  147  
109  147  
105  148  
106  148  
107  148  
103  149  
104  149  
100  150  
101  150  
102  150  
99  151  
98  152  
355  143  
356  143  
357  143  
358  143  
359  143  
360  143  
361  143  
362  143  
363  143  
364  143  
365  143  
366  143  
349  144  
350  144  
351  144  
352  144  
353  144  
354  144  
367  144  
345  145  
346  145  
347  145  
348  145  
362  147  
363  147  
364  147  
365  147  
366  147  
354  148  
355  148  
356  148  
357  148  
358  148  
359  148  
360  148  
361  148  
347  149  
348  149  
349  149  
350  149  
351  149  
352  149  
353  149  
408  162  
409  162  
410  162  
411  162  
412  162  
413  162  
414  162  
415  162  
416  162  
417  162  
418  162  
419  162  
420  162  
421  162  
422  162  
423  162  
424  162  
425  162  
426  162  
427  162  
428  162  
429  162  
430  162  
431  162  
432  162  
433  162  
434  162  
435  162  
436  162  
437  162  
438  162  
439  162  
440  162  
441  162  
426  174  
427  174  
428  174  
429  174  
430  174  
431  174  
432  174  
433  174  
434  174  
435  174  
436  174  
437  174  
438  174  
419  175  
420  175  
421  175  
422  175  
423  175  
424  175  
425  175  
212  201  
213  201  
214  201  
234  201  
235  201  
236  201  
215  202  
216  202  
217  202  
218  202  
219  202  
220  202  
221  202  
222  202  
223  202  
224  202  
225  202  
226  202  
227  202  
228  202  
229  202  
230  202  
231  202  
232  202  
233  202  
309  206  
311  206  
312  206  
313  206  
308  207  
310  207  
314  207  
315  207  
316  207  
317  207  
318  207  
319  207  
320  207  
321  207  
322  207  
323  207  
324  207  
325  207  
326  207  
327  207  
330  207  
331  207  
332  207  
333  207  
334  207  
335  207  
336  207  
337  207  
338  207  
339  207  
340  207  
341  207  
342  207  
343  207  
344  207  
345  207  
346  207  
347  207  
348  207  
349  207  
350  207  
351  207  
352  207  
353  207  
354  207  
355  207  
356  207  
357  207  
358  207  
359  207  
360  207  
361  207  
362  207  
363  207  
364  207  
365  207  
366  207  
367  207  
368  207  
369  207  
370  207  
371  207  
372  207  
373  207  
374  207  
375  207  
376  207  
377  207  
378  207  
379  207  
380  207  
381  207  
382  207  
383  207  
384  207  
385  207  
386  207  
387  207  
388  207  
389  207  
390  207  
391  207  
392  207  
393  207  
360  215  
361  215  
362  215  
363  215  
364  215  
365  215  
366  215  
367  215  
368  215  
369  215  
370  215  
371  215  
372  215  
338  216  
339  216  
340  216  
341  216  
342  216  
343  216  
344  216  
345  216  
346  216  
347  216  
348  216  
349  216  
350  216  
351  216  
352  216  
353  216  
354  216  
355  216  
356  216  
357  216  
358  216  
359  216  
204  216  
205  216  
206  216  
207  216  
208  216  
201  217  
202  217  
203  217  
198  218  
199  218  
200  218  
195  219  
196  219  
197  219  
193  220  
194  220  
191  221  
192  221  
188  222  
189  222  
190  222  
186  223  
187  223  
383  217  
384  218  
384  219  
384  220  
384  221  
384  222  
384  223  
384  224  
384  225  
384  226  
384  227  
384  228  
384  229  
384  230  
384  231  
384  232  
384  233  
384  234  
384  235  
384  236  
384  237  
384  238  
384  239  
384  240  
384  241  
384  242  
384  243  
384  244  
384  245  
384  246  
405  223  
406  223  
407  223  
408  223  
409  223  
410  223  
411  223  
412  223  
413  223  
414  223  
415  223  
416  223  
417  223  
418  223  
419  223  
420  223  
421  223  
422  223  
423  223  
424  223  
425  223  
426  223  
427  223  
428  223  
429  223  
430  223  
431  223  
432  223  
433  223  
434  223  
435  223  
436  223  
437  223  
438  223  
439  223  
440  223  
441  223  
442  223  
443  223  
444  223  
445  223  
446  223  
447  223  
448  223  
240  230  
241  230  
242  230  
243  230  
244  230  
245  230  
246  230  
247  230  
248  230  
249  230  
250  230  
251  230  
252  230  
253  230  
254  230  
239  231  
255  231  
256  231  
257  231  
258  231  
259  231  
260  231  
261  231  
262  231  
351  230  
352  230  
353  230  
354  230  
355  230  
356  230  
357  230  
358  230  
359  230  
360  230  
361  230  
362  230  
363  230  
327  231  
328  231  
329  231  
330  231  
331  231  
332  231  
333  231  
334  231  
335  231  
336  231  
337  231  
338  231  
339  231  
340  231  
341  231  
342  231  
343  231  
344  231  
345  231  
346  231  
347  231  
348  231  
349  231  
350  231  
364  231  
284  231  
285  231  
286  231  
287  231  
288  231  
289  231  
290  231  
291  231  
292  231  
293  231  
294  231  
295  231  
296  231  
297  231  
298  231  
299  231  
300  231  
301  231  
302  231  
303  231  
304  231  
305  231  
306  231  
307  231  
308  231  
309  231  
310  231  
311  231  
312  231  
313  231  
255  233  
256  233  
235  234  
236  234  
237  234  
238  234  
239  234  
240  234  
241  234  
242  234  
243  234  
244  234  
245  234  
246  234  
247  234  
248  234  
249  234  
250  234  
251  234  
252  234  
253  234  
254  234  
188  236  
189  236  
190  236  
191  236  
192  236  
193  236  
194  236  
195  237  
196  237  
197  237  
198  237  
199  237  
200  237  
201  237  
202  237  
221  237  
222  237  
223  237  
203  238  
204  238  
205  238  
206  238  
207  238  
208  238  
209  238  
210  238  
211  238  
212  238  
213  238  
214  238  
215  238  
216  238  
217  238  
218  238  
219  238  
220  238  
95  237  
93  238  
94  238  
92  239  
91  240  
90  241  
89  242  
87  243  
88  243  
86  244  
85  245  
84  246  
83  247  
81  248  
82  248  
80  249  
79  250  
78  251  
77  252  
76  253  
75  254  
74  255  
73  256  
72  257  
71  258  
70  259  
69  260  
68  261  
68  262  
67  263  
66  264  
65  265  
64  266  
63  267  
63  268  
62  269  
61  270  
60  271  
60  272  
59  273  
58  274  
58  275  
57  276  
56  277  
56  278  
55  279  
54  280  
54  281  
53  282  
52  283  
52  284  
51  285  
50  286  
50  287  
49  288  
49  289  
48  290  
48  291  
47  292  
46  293  
46  294  
45  295  
45  296  
44  297  
44  298  
43  299  
43  300  
42  301  
42  302  
41  303  
41  304  
41  305  
40  306  
40  307  
39  308  
39  309  
38  310  
38  311  
38  312  
37  313  
37  314  
37  315  
36  316  
36  317  
35  318  
35  319  
35  320  
34  321  
34  322  
284  237  
285  237  
286  237  
287  237  
288  237  
289  237  
290  237  
291  237  
292  237  
293  237  
294  237  
295  237  
296  237  
297  237  
298  237  
299  237  
300  237  
301  237  
302  237  
303  237  
304  237  
305  237  
306  237  
307  237  
308  237  
309  237  
310  237  
311  237  
312  237  
313  237  
314  237  
315  237  
316  237  
328  237  
329  237  
330  237  
331  237  
332  237  
333  237  
334  237  
335  237  
336  237  
337  237  
338  237  
339  237  
340  237  
341  237  
342  237  
343  237  
344  237  
345  237  
346  237  
347  237  
348  237  
349  237  
350  237  
351  237  
352  237  
353  237  
354  237  
355  237  
356  237  
357  237  
358  237  
359  237  
360  237  
361  237  
362  237  
363  237  
83  240  
81  241  
82  241  
79  242  
80  242  
78  243  
77  244  
76  245  
75  246  
74  247  
73  248  
72  249  
71  250  
70  251  
69  252  
68  253  
67  254  
66  255  
65  256  
64  257  
64  258  
63  259  
61  260  
62  260  
60  261  
60  262  
59  263  
59  264  
58  265  
392  241  
391  242  
391  243  
391  244  
391  245  
391  246  
391  247  
391  248  
391  249  
391  250  
391  251  
391  252  
391  253  
391  254  
391  255  
391  256  
391  257  
391  258  
391  259  
391  260  
391  261  
391  262  
391  263  
391  264  
392  265  
295  242  
296  243  
297  243  
298  243  
299  243  
300  243  
301  243  
302  243  
303  243  
304  243  
305  243  
306  243  
307  243  
308  243  
309  243  
310  243  
311  243  
312  243  
313  243  
314  243  
315  244  
316  244  
202  243  
203  243  
204  243  
205  243  
206  244  
207  244  
208  244  
209  245  
210  245  
211  245  
212  245  
213  245  
214  245  
215  246  
216  246  
217  246  
218  246  
219  246  
220  246  
221  247  
222  247  
396  244  
396  245  
396  246  
396  247  
396  248  
396  249  
396  250  
396  251  
396  252  
396  253  
396  254  
396  255  
396  256  
396  257  
396  258  
396  259  
396  260  
396  261  
396  262  
396  263  
396  264  
396  265  
396  266  
396  267  
396  268  
396  269  
396  270  
396  271  
396  272  
396  273  
396  274  
330  252  
331  252  
332  252  
333  252  
334  252  
335  252  
336  252  
337  252  
338  252  
339  252  
340  252  
341  252  
342  252  
343  252  
344  252  
345  252  
346  252  
347  252  
348  252  
349  252  
350  252  
351  252  
352  252  
353  252  
354  252  
355  252  
356  252  
357  252  
358  252  
359  252  
360  252  
361  252  
362  252  
363  252  
364  252  
90  263  
91  263  
92  263  
93  263  
94  263  
95  263  
96  263  
97  263  
98  263  
99  263  
100  263  
101  263  
102  263  
103  263  
104  263  
105  264  
106  264  
107  264  
108  264  
109  264  
115  266  
116  266  
117  266  
118  266  
119  266  
120  266  
121  266  
122  267  
123  267  
124  267  
125  267  
126  267  
127  267  
128  267  
129  267  
130  267  
131  267  
132  267  
133  267  
134  267  
135  267  
136  267  
137  267  
138  267  
139  267  
140  267  
141  267  
142  267  
143  267  
144  267  
145  267  
146  267  
189  267  
189  268  
189  269  
189  270  
189  271  
189  272  
189  273  
189  274  
189  275  
189  276  
189  277  
189  278  
189  279  
189  280  
189  281  
189  282  
189  283  
189  284  
189  285  
189  286  
189  287  
189  288  
189  289  
189  290  
189  291  
189  292  
189  293  
189  294  
189  295  
189  296  
189  297  
189  298  
189  299  
189  300  
189  301  
189  302  
189  303  
189  304  
189  305  
189  306  
189  307  
189  308  
189  309  
189  310  
189  311  
188  312  
188  313  
188  314  
188  315  
188  316  
188  317  
188  318  
188  319  
188  320  
188  321  
188  322  
187  323  
187  324  
187  325  
187  326  
188  327  
188  328  
187  329  
187  330  
187  331  
187  332  
187  333  
187  334  
187  335  
187  336  
187  337  
187  338  
187  339  
187  340  
187  341  
187  342  
187  343  
187  344  
187  345  
187  346  
187  347  
187  348  
187  349  
187  350  
187  351  
187  352  
187  353  
187  354  
187  355  
187  356  
187  357  
187  358  
187  359  
187  360  
187  361  
187  362  
187  363  
187  364  
187  365  
187  366  
187  367  
187  368  
186  369  
186  370  
147  283  
148  283  
112  284  
113  284  
114  284  
115  284  
116  284  
117  284  
118  284  
119  284  
120  284  
121  284  
122  284  
123  284  
124  284  
125  284  
126  284  
127  284  
128  284  
129  284  
130  284  
131  284  
132  284  
133  284  
134  284  
135  284  
136  284  
137  284  
138  284  
139  284  
140  284  
141  284  
142  284  
143  284  
144  284  
145  284  
146  284  
380  284  
381  284  
382  284  
383  284  
379  285  
384  285  
385  285  
386  285  
387  285  
388  285  
389  285  
390  285  
391  285  
392  285  
393  285  
394  285  
395  285  
396  285  
397  285  
398  285  
399  285  
400  285  
401  285  
402  285  
403  285  
404  285  
405  285  
406  285  
407  285  
408  285  
409  285  
410  285  
411  285  
412  285  
413  285  
414  285  
415  285  
416  285  
417  285  
418  285  
419  285  
420  285  
421  285  
422  285  
423  285  
424  285  
425  285  
426  285  
427  285  
428  285  
429  285  
430  285  
431  285  
432  285  
433  285  
434  285  
435  285  
436  285  
437  285  
438  285  
439  285  
440  285  
441  285  
442  285  
443  285  
444  285  
445  285  
446  285  
447  285  
448  285  
183  287  
183  288  
183  289  
183  290  
183  291  
183  292  
183  293  
183  294  
183  295  
183  296  
183  297  
183  298  
183  299  
183  300  
183  301  
183  302  
183  303  
183  304  
183  305  
183  306  
183  307  
183  308  
183  309  
183  310  
183  311  
183  312  
182  313  
182  314  
182  315  
182  316  
182  317  
182  318  
182  319  
182  320  
182  321  
182  322  
182  323  
182  324  
182  325  
182  326  
182  327  
182  328  
77  298  
77  299  
77  300  
77  301  
77  302  
77  303  
77  304  
77  305  
77  306  
76  307  
76  308  
76  309  
76  310  
76  311  
76  312  
76  313  
75  314  
75  315  
75  316  
75  317  
75  318  
75  319  
75  320  
75  321  
75  322  
75  323  
75  324  
75  325  
75  326  
76  327  
76  328  
76  329  
76  330  
76  331  
76  332  
76  333  
76  334  
76  335  
76  336  
76  337  
76  338  
76  339  
76  340  
76  341  
76  342  
77  343  
77  344  
77  345  
77  346  
77  347  
77  348  
77  349  
77  350  
77  351  
77  352  
77  353  
77  354  
77  355  
77  356  
77  357  
77  358  
77  359  
386  304  
387  304  
388  304  
389  304  
390  304  
391  304  
392  304  
393  304  
394  304  
395  304  
396  304  
397  304  
398  304  
399  304  
400  304  
401  304  
402  304  
403  304  
404  304  
405  304  
406  304  
407  304  
408  304  
125  309  
123  310  
124  310  
120  311  
121  311  
122  311  
116  312  
117  312  
118  312  
119  312  
114  313  
115  313  
110  314  
111  314  
112  314  
113  314  
108  315  
109  315  
105  316  
106  316  
107  316  
102  317  
103  317  
104  317  
100  318  
101  318  
97  319  
98  319  
99  319  
94  320  
95  320  
96  320  
92  321  
93  321  
158  328  
158  329  
158  330  
158  331  
158  332  
159  333  
159  334  
159  335  
159  336  
159  337  
159  338  
159  339  
159  340  
159  341  
159  342  
159  343  
159  344  
158  345  
158  346  
159  347  
159  348  
338  328  
335  329  
336  329  
337  329  
339  329  
340  329  
341  329  
342  329  
343  329  
344  329  
345  329  
346  329  
347  329  
348  329  
349  329  
350  329  
351  329  
352  329  
353  329  
354  329  
355  329  
356  329  
357  329  
358  329  
359  329  
360  330  
361  330  
362  330  
363  330  
364  330  
365  330  
366  330  
367  330  
387  330  
388  330  
389  330  
390  330  
391  330  
392  330  
393  330  
394  330  
395  330  
396  330  
397  330  
398  330  
399  330  
400  330  
401  330  
402  330  
403  330  
404  330  
405  330  
406  330  
407  330  
408  330  
409  330  
410  330  
411  330  
336  334  
337  334  
338  334  
339  334  
340  334  
341  334  
342  334  
343  335  
344  335  
345  335  
346  335  
347  335  
348  335  
349  335  
350  335  
351  335  
352  335  
353  335  
354  335  
355  335  
356  335  
357  335  
358  335  
359  335  
360  335  
361  335  
362  335  
363  335  
364  335  
365  335  
385  335  
386  335  
387  335  
388  335  
389  335  
390  335  
391  335  
392  335  
393  335  
394  335  
395  335  
396  335  
397  335  
398  335  
399  335  
400  335  
401  335  
402  335  
403  335  
404  335  
405  335  
406  335  
407  335  
408  335  
409  335  
410  335  
424  337  
424  338  
424  339  
424  340  
424  341  
423  342  
423  343  
423  344  
423  345  
423  346  
423  347  
423  348  
423  349  
422  350  
422  351  
422  352  
422  353  
422  354  
422  355  
422  356  
422  357  
422  358  
422  359  
421  360  
420  361  
106  340  
107  341  
108  341  
109  342  
110  342  
111  342  
112  342  
113  343  
114  343  
115  343  
116  344  
117  344  
118  344  
119  345  
120  345  
121  345  
122  346  
123  346  
124  346  
125  347  
126  347  
127  348  
128  349  
128  350  
198  352  
198  353  
198  354  
198  355  
198  356  
198  357  
197  358  
197  359  
197  360  
197  361  
197  362  
197  363  
197  364  
197  365  
197  366  
197  367  
197  368  
197  369  
197  370  
197  371  
197  372  
197  373  
197  374  
197  375  
197  376  
197  377  
197  378  
197  379  
197  380  
197  381  
197  382  
197  383  
197  384  
197  385  
197  386  
197  387  
158  356  
158  357  
158  358  
158  359  
158  360  
158  361  
158  362  
158  363  
158  364  
158  365  
158  366  
158  367  
158  368  
158  369  
158  370  
158  371  
158  372  
158  373  
158  374  
158  375  
158  376  
158  377  
158  378  
158  379  
158  380  
158  381  
158  382  
158  383  
158  384  
158  385  
158  386  
158  387  
158  388  
417  360  
418  360  
386  361  
387  361  
388  361  
389  361  
390  361  
391  361  
392  361  
393  361  
394  361  
395  361  
396  361  
397  361  
398  361  
399  361  
400  361  
401  361  
402  361  
403  361  
404  361  
405  361  
406  361  
407  361  
408  361  
409  361  
410  361  
411  361  
412  361  
413  361  
414  361  
415  361  
416  361  
211  373  
212  373  
213  373  
214  373  
215  373  
216  373  
217  373  
218  373  
219  373  
220  373  
221  373  
222  373  
223  373  
224  373  
225  373  
226  373  
227  373  
228  373  
229  373  
230  373  
231  373  
232  373  
233  373  
234  373  
235  373  
236  373  
237  373  
238  373  
239  373  
240  373  
241  373  
242  373  
243  373  
244  373  
245  373  
246  373  
247  373  
248  373  
249  374  
250  374  
251  374  
252  374  
253  374  
254  374  
255  374  
256  374  
257  374  
258  374  
259  374  
260  374  
261  374  
262  374  
263  374  
264  374  
265  374  
266  374  
267  374  
268  374  
269  374  
270  374  
271  374  
272  374  
273  374  
274  374  
275  374  
276  374  
280  374  
281  374  
282  374  
283  374  
284  374  
285  374  
286  374  
287  374  
288  374  
289  374  
290  374  
291  374  
292  374  
293  374  
294  374  
295  374  
296  374  
297  374  
298  374  
299  374  
300  374  
301  374  
302  374  
303  375  
304  375  
305  375  
306  375  
307  375  
308  375  
309  375  
310  375  
311  375  
312  375  
313  375  
314  375  
315  375  
316  375  
317  375  
318  375  
319  375  
320  375  
321  375  
322  375  
323  375  
324  375  
325  375  
326  375  
327  375  
328  375  
329  375  
330  375  
331  375  
332  375  
333  375  
334  375  
335  375  
336  375  
337  375  
338  375  
339  375  
340  375  
341  375  
342  375  
343  375  
344  375  
345  375  
346  375  
347  375  
348  375  
349  375  
350  375  
351  375  
352  375  
353  375  
354  375  
355  375  
356  375  
357  375  
358  375  
359  375  
360  375  
361  375  
362  375  
363  375  
364  375  
365  375  
366  375  
367  375  
368  375  
369  375  
370  375  
371  375  
372  375  
373  375  
374  375  
375  375  
376  375  
377  375  
378  375  
379  375  
380  375  
381  375  
382  375  
383  375  
384  375  
385  375  
386  375  
387  376  
388  376  
389  376  
390  376  
391  376  
392  376  
393  376  
394  376  
395  376  
396  376  
397  376  
398  376  
399  376  
400  376  
401  376  
402  376  
403  376  
404  376  
405  376  
406  376  
407  376  
408  376  
409  376  
410  376  
411  376  
412  376  
413  376  
414  376  
415  376  
416  376  
417  376  
418  376  
419  376  
420  376  
421  376  
422  376  
423  376  
424  376  
425  376  
426  376  
427  376  
428  376  
429  376  
430  376  
431  376  
432  376  
433  376  
434  376  
435  376  
436  376  
437  376  
438  376  
439  376  
440  376  
441  376  
442  376  
443  376  
444  376  
445  376  
446  376  
447  376  
448  376  
205  379  
205  380  
205  381  
205  382  
205  383  
205  384  
205  385  
205  386  
205  387  
205  388  
205  389  
205  390  
204  391  
204  392  
204  393  
204  394  
204  395  
204  396  
204  397  
204  398  
204  399  
204  400  
204  401  
204  402  
204  403  
204  404  
204  405  
204  406  
204  407  
204  408  
204  409  
204  410  
395  379  
396  379  
397  379  
398  379  
399  379  
400  379  
401  379  
402  379  
403  380  
404  380  
405  380  
406  380  
407  380  
408  380  
409  380  
410  380  
411  380  
412  380  
413  380  
414  380  
415  380  
416  380  
417  380  
418  380  
419  380  
420  380  
421  380  
422  380  
423  380  
424  380  
425  380  
426  380  
427  380  
428  380  
429  380  
430  380  
431  380  
432  380  
433  381  
434  381  
435  381  
186  382  
186  383  
186  384  
186  385  
186  386  
186  387  
186  388  
186  389  
186  390  
186  391  
186  392  
186  393  
186  394  
186  395  
186  396  
186  397  
186  398  
186  399  
186  400  
186  401  
186  402  
186  403  
186  404  
186  405  
186  406  
186  407  
186  408  
186  409  
186  410  
186  411  
186  412  
186  413  
186  414  
186  415  
186  416  
186  417  
186  418  
186  419  
186  420  
186  421  
186  422  
186  423  
186  424  
186  425  
186  426  
186  427  
186  428  
186  429  
186  430  
186  431  
186  432  
186  433  
186  434  
186  435  
186  436  
186  437  
186  438  
186  439  
186  440  
186  441  
186  442  
186  443  
186  444  
186  445  
186  446  
185  447  
228  386  
229  386  
230  386  
231  386  
232  386  
233  386  
234  386  
235  386  
236  386  
237  386  
238  386  
239  386  
240  386  
241  386  
242  386  
243  386  
244  386  
245  386  
246  386  
247  386  
248  386  
249  386  
250  386  
218  387  
219  387  
220  387  
221  387  
222  387  
223  387  
224  387  
225  387  
226  387  
227  387  
338  388  
339  388  
340  388  
341  388  
342  388  
343  388  
344  388  
345  388  
346  389  
347  389  
348  389  
349  389  
350  389  
351  389  
352  389  
353  389  
354  389  
355  389  
356  389  
357  389  
358  389  
359  389  
360  389  
361  389  
362  389  
363  389  
364  389  
365  389  
382  389  
383  389  
384  389  
385  389  
386  389  
387  389  
388  389  
389  389  
390  389  
391  389  
392  389  
393  389  
394  389  
395  389  
396  389  
397  389  
398  389  
399  389  
400  389  
401  389  
402  390  
403  390  
404  390  
405  390  
406  390  
407  390  
408  390  
76  390  
75  391  
75  392  
75  393  
75  394  
75  395  
75  396  
75  397  
75  398  
75  399  
75  400  
75  401  
75  402  
75  403  
75  404  
75  405  
75  406  
75  407  
75  408  
75  409  
197  390  
197  391  
197  392  
197  393  
197  394  
197  395  
197  396  
197  397  
197  398  
197  399  
197  400  
197  401  
197  402  
196  403  
196  404  
196  405  
196  406  
196  407  
196  408  
196  409  
196  410  
196  411  
196  412  
196  413  
196  414  
196  415  
196  416  
196  417  
196  418  
196  419  
196  420  
196  421  
196  422  
196  423  
196  424  
196  425  
196  426  
196  427  
196  428  
196  429  
196  430  
196  431  
196  432  
196  433  
214  393  
214  394  
214  395  
214  396  
214  397  
214  398  
214  399  
214  400  
214  401  
215  402  
215  403  
215  404  
215  405  
215  406  
215  407  
215  408  
215  409  
215  410  
215  411  
215  412  
215  413  
215  414  
157  394  
157  395  
158  396  
157  397  
157  398  
157  399  
157  400  
157  401  
157  402  
157  403  
157  404  
157  405  
157  406  
157  407  
157  408  
157  409  
157  410  
157  411  
157  412  
156  413  
156  414  
252  401  
253  401  
254  401  
255  401  
256  401  
257  401  
258  401  
259  401  
260  401  
261  401  
262  401  
263  401  
264  401  
248  402  
249  402  
250  402  
251  402  
265  402  
265  403  
265  404  
265  405  
98  411  
99  411  
100  412  
101  412  
102  412  
103  412  
104  412  
105  412  
106  412  
107  412  
108  412  
109  412  
110  412  
111  412  
112  412  
113  412  
114  412  
115  412  
116  412  
117  412  
118  412  
119  412  
120  412  
121  412  
122  412  
123  412  
124  412  
125  412  
126  412  
331  413  
332  413  
333  413  
334  413  
370  413  
371  413  
335  414  
336  414  
337  414  
338  414  
339  414  
340  414  
341  414  
342  414  
343  414  
344  414  
345  414  
346  414  
347  414  
348  414  
349  414  
350  414  
351  414  
352  414  
353  414  
354  414  
355  414  
356  414  
357  414  
358  414  
359  414  
360  414  
361  414  
362  414  
363  414  
364  414  
365  414  
366  414  
367  414  
368  414  
369  414  
372  414  
204  414  
204  415  
204  416  
204  417  
204  418  
204  419  
204  420  
204  421  
204  422  
204  423  
204  424  
204  425  
204  426  
204  427  
204  428  
204  429  
204  430  
204  431  
204  432  
205  433  
205  434  
205  435  
205  436  
205  437  
383  415  
384  415  
385  415  
386  415  
387  415  
388  415  
389  415  
390  415  
391  415  
392  415  
393  415  
394  415  
395  415  
396  415  
397  415  
398  415  
399  415  
400  415  
401  415  
402  415  
240  417  
241  417  
242  418  
243  418  
244  418  
245  418  
246  418  
247  418  
248  418  
249  418  
250  418  
251  418  
252  418  
253  418  
254  418  
255  418  
256  418  
257  419  
258  419  
259  419  
275  419  
276  419  
277  419  
278  419  
279  419  
280  419  
281  419  
282  419  
283  419  
284  419  
285  419  
286  419  
287  419  
288  419  
289  419  
290  419  
291  419  
292  419  
293  419  
294  419  
295  419  
296  419  
297  419  
298  419  
299  419  
300  419  
301  419  
302  419  
303  420  
304  420  
305  420  
306  420  
307  420  
308  420  
309  420  
310  420  
311  420  
312  420  
313  420  
314  420  
315  420  
383  421  
384  421  
385  421  
386  421  
387  421  
388  421  
389  421  
390  421  
391  421  
392  421  
393  421  
394  421  
395  421  
396  421  
397  421  
398  421  
399  421  
400  421  
401  421  
402  421  
403  421  
404  421  
351  422  
351  423  
351  424  
351  425  
351  426  
351  427  
351  428  
351  429  
351  430  
351  431  
351  432  
351  433  
351  434  
351  435  
351  436  
351  437  
351  438  
351  439  
351  440  
351  441  
351  442  
35  428  
35  429  
36  430  
36  431  
36  432  
37  433  
37  434  
38  435  
38  436  
38  437  
39  438  
39  439  
40  440  
40  441  
41  442  
41  443  
42  444  
42  445  
43  446  
43  447  
196  439  
196  440  
196  441  
196  442  
196  443  
196  444  
196  445  
196  446  
196  447  
196  448  
196  449  
196  450  
196  451  
196  452  
196  453  
196  454  
196  455  
196  456  
196  457  
196  458  
196  459  
196  460  
196  461  
196  462  
196  463  
196  464  
196  465  
196  466  
196  467  
196  468  
196  469  
196  470  
196  471  
195  472  
195  473  
195  474  
195  475  
195  476  
195  477  
195  478  
195  479  
195  480  
195  481  
195  482  
195  483  
195  484  
195  485  
195  486  
195  487  
195  488  
195  489  
195  490  
113  440  
114  441  
115  441  
116  441  
117  441  
118  442  
119  442  
120  443  
121  443  
122  444  
123  444  
124  444  
125  445  
126  445  
127  445  
128  446  
129  446  
130  446  
131  447  
132  447  
179  442  
180  443  
180  444  
180  445  
180  446  
180  447  
180  448  
180  449  
180  450  
180  451  
180  452  
180  453  
180  454  
180  455  
180  456  
180  457  
180  458  
180  459  
180  460  
180  461  
180  462  
180  463  
180  464  
180  465  
180  466  
180  467  
180  468  
180  469  
180  470  
180  471  
224  444  
225  444  
226  444  
227  444  
228  444  
229  444  
230  444  
231  444  
232  444  
233  444  
234  444  
235  444  
236  444  
237  444  
238  444  
239  444  
240  444  
241  444  
242  444  
243  444  
244  444  
245  444  
246  444  
247  444  
336  445  
337  445  
338  445  
339  445  
340  445  
341  445  
342  445  
343  445  
344  445  
345  445  
346  445  
347  445  
348  445  
349  445  
350  445  
351  445  
352  445  
353  445  
354  445  
355  445  
356  445  
357  445  
358  445  
359  445  
360  445  
361  445  
362  445  
382  446  
383  446  
384  446  
385  446  
386  446  
387  446  
388  446  
389  446  
390  446  
391  446  
392  446  
393  446  
394  446  
395  446  
396  446  
397  447  
398  447  
399  447  
400  447  
401  447  
402  447  
403  447  
404  447  
405  447  
46  453  
47  454  
47  455  
48  456  
48  457  
49  458  
49  459  
50  460  
50  461  
51  462  
52  463  
52  464  
53  465  
54  466  
54  467  
55  468  
56  469  
56  470  
57  471  
58  472  
58  473  
59  474  
60  475  
61  476  
62  477  
62  478  
63  479  
64  480  
65  481  
65  482  
66  483  
67  484  
68  485  
69  486  
70  487  
71  488  
72  489  
73  490  
74  491  
75  492  
76  493  
77  494  
78  495  
79  496  
80  497  
81  498  
82  498  
83  499  
84  500  
85  501  
86  502  
87  503  
88  504  
89  504  
90  505  
91  506  
92  507  
93  507  
94  508  
95  509  
96  510  
97  510  
98  511  
99  512  
100  512  
101  513  
102  514  
423  463  
424  463  
425  464  
426  464  
427  464  
428  464  
429  464  
430  464  
431  464  
432  464  
433  464  
434  464  
435  464  
436  464  
437  464  
438  464  
439  464  
440  464  
441  464  
442  464  
443  464  
444  464  
445  464  
446  464  
447  464  
448  464  
265  465  
266  465  
267  465  
268  465  
269  465  
270  465  
271  465  
272  465  
273  465  
274  465  
275  465  
276  465  
277  465  
298  465  
278  466  
279  466  
280  466  
281  466  
282  466  
283  466  
284  466  
285  466  
286  466  
287  466  
288  466  
289  466  
290  466  
291  466  
292  466  
293  466  
294  466  
295  466  
296  466  
297  466  
421  468  
422  468  
423  468  
424  468  
425  468  
426  469  
427  469  
428  469  
429  469  
430  469  
431  469  
432  469  
433  469  
434  469  
435  469  
436  469  
437  469  
438  469  
439  469  
440  469  
441  469  
442  469  
443  469  
444  469  
445  469  
446  469  
447  469  
448  469  
236  471  
237  471  
238  471  
239  471  
240  471  
241  471  
242  471  
243  471  
244  471  
245  471  
246  471  
247  471  
248  471  
249  471  
250  471  
251  471  
252  471  
253  471  
254  471  
255  471  
256  471  
257  471  
258  471  
259  471  
260  471  
261  471  
262  471  
263  471  
264  471  
265  472  
282  471  
283  471  
284  471  
285  471  
286  471  
267  472  
268  472  
269  472  
270  472  
271  472  
272  472  
273  472  
274  472  
275  472  
276  472  
277  472  
278  472  
279  472  
280  472  
281  472  
287  472  
115  473  
116  473  
117  473  
118  473  
119  473  
120  473  
121  473  
122  473  
123  473  
124  473  
125  473  
126  473  
127  473  
128  473  
129  473  
130  473  
131  473  
132  473  
133  473  
134  473  
135  473  
136  473  
137  473  
138  473  
139  473  
140  473  
141  473  
142  473  
331  473  
332  473  
333  473  
334  473  
335  473  
336  473  
337  473  
338  473  
339  473  
340  473  
341  473  
342  473  
343  473  
344  473  
345  473  
346  473  
347  473  
348  473  
349  473  
350  473  
395  474  
395  475  
395  476  
395  477  
395  478  
395  479  
395  480  
395  481  
395  482  
395  483  
395  484  
395  485  
395  486  
395  487  
395  488  
395  489  
395  490  
395  491  
395  492  
395  493  
395  494  
395  495  
394  496  
394  497  
394  498  
394  499  
394  500  
394  501  
394  502  
394  503  
394  504  
394  505  
394  506  
394  507  
394  508  
394  509  
394  510  
394  511  
394  512  
394  513  
394  514  
394  515  
394  516  
394  517  
394  518  
394  519  
394  520  
394  521  
394  522  
394  523  
394  524  
394  525  
394  526  
394  527  
393  528  
393  529  
205  475  
205  476  
205  477  
205  478  
205  479  
205  480  
205  481  
205  482  
205  483  
205  484  
205  485  
205  486  
205  487  
205  488  
205  489  
205  490  
205  491  
205  492  
205  493  
205  494  
205  495  
205  496  
205  497  
204  498  
204  499  
204  500  
204  501  
204  502  
204  503  
204  504  
204  505  
204  506  
204  507  
204  508  
204  509  
204  510  
204  511  
205  512  
205  513  
205  514  
205  515  
205  516  
205  517  
205  518  
205  519  
205  520  
205  521  
205  522  
205  523  
390  476  
390  477  
390  478  
390  479  
390  480  
390  481  
390  482  
390  483  
390  484  
390  485  
390  486  
390  487  
390  488  
390  489  
390  490  
390  491  
390  492  
390  493  
390  494  
390  495  
390  496  
390  497  
390  498  
390  499  
390  500  
390  501  
390  502  
390  503  
390  504  
390  505  
390  506  
390  507  
390  508  
390  509  
390  510  
390  511  
390  512  
390  513  
390  514  
390  515  
390  516  
390  517  
390  518  
389  519  
389  520  
389  521  
389  522  
389  523  
389  524  
389  525  
389  526  
389  527  
389  528  
239  485  
240  485  
241  485  
242  485  
243  485  
244  485  
245  485  
246  485  
247  485  
248  485  
249  485  
250  485  
251  485  
252  485  
253  485  
254  485  
255  485  
256  485  
257  485  
258  485  
259  485  
260  485  
261  485  
195  495  
195  496  
195  497  
195  498  
195  499  
195  500  
195  501  
195  502  
195  503  
195  504  
195  505  
195  506  
195  507  
195  508  
195  509  
195  510  
195  511  
195  512  
195  513  
195  514  
195  515  
195  516  
195  517  
195  518  
195  519  
195  520  
195  521  
195  522  
195  523  
195  524  
233  495  
234  495  
235  495  
236  495  
237  495  
238  495  
239  495  
240  495  
241  495  
242  495  
243  495  
244  495  
245  495  
246  495  
247  495  
248  495  
249  495  
250  495  
251  495  
252  495  
253  495  
254  495  
255  496  
201  497  
200  498  
200  499  
200  500  
200  501  
200  502  
200  503  
200  504  
200  505  
200  506  
200  507  
200  508  
200  509  
200  510  
200  511  
200  512  
200  513  
200  514  
200  515  
200  516  
200  517  
200  518  
200  519  
200  520  
200  521  
200  522  
200  523  
200  524  
334  498  
335  498  
336  498  
337  498  
338  498  
339  498  
340  498  
341  498  
342  498  
343  498  
344  498  
345  498  
346  498  
347  498  
348  498  
349  498  
350  498  
351  498  
352  498  
353  498  
354  498  
355  498  
356  498  
357  498  
358  498  
359  498  
360  498  
361  498  
362  498  
363  498  
364  498  
365  498  
231  499  
232  499  
233  499  
234  499  
235  499  
236  499  
237  499  
238  499  
239  499  
240  499  
241  499  
242  499  
243  499  
244  499  
245  499  
246  499  
247  499  
248  499  
249  499  
250  499  
251  499  
252  499  
253  499  
254  499  
255  499  
256  499  
257  499  
258  499  
259  499  
260  499  
261  499  
276  499  
277  500  
278  500  
279  500  
280  500  
281  500  
282  500  
283  500  
284  500  
285  500  
286  500  
287  500  
288  500  
289  500  
290  500  
291  500  
292  500  
293  500  
294  500  
295  500  
296  500  
297  500  
298  501  
299  501  
300  501  
301  501  
302  501  
303  501  
304  501  
305  501  
306  501  
307  501  
308  501  
309  501  
310  501  
311  501  
312  501  
313  501  
314  501  
320  501  
321  501  
322  501  
323  501  
324  501  
325  501  
326  501  
327  501  
328  501  
329  501  
330  502  
331  502  
332  502  
333  502  
334  502  
335  502  
336  502  
337  502  
338  502  
339  502  
340  502  
341  502  
342  502  
343  502  
344  502  
345  502  
346  502  
347  502  
348  502  
349  502  
350  502  
351  502  
352  502  
353  502  
354  502  
355  502  
356  502  
357  502  
358  502  
359  502  
360  502  
361  502  
362  502  
363  502  
235  507  
236  507  
237  507  
238  507  
239  507  
240  507  
241  507  
242  507  
243  507  
244  507  
245  507  
246  507  
247  507  
248  507  
249  507  
250  507  
251  507  
252  507  
253  507  
254  507  
255  507  
294  508  
295  508  
296  508  
297  508  
298  508  
299  508  
300  508  
301  508  
302  508  
303  508  
304  508  
305  508  
306  508  
307  508  
308  508  
309  508  
310  508  
311  508  
312  508  
313  508  
314  508  
335  508  
336  508  
337  508  
338  508  
339  508  
340  508  
341  508  
342  508  
343  508  
344  508  
345  508  
346  508  
347  508  
348  508  
349  508  
350  508  
351  508  
352  508  
353  508  
354  508  
355  508  
356  508  
357  508  
358  508  
359  508  
360  508  
361  508  
362  508  
384  508  
384  509  
384  510  
384  511  
384  512  
384  513  
384  514  
384  515  
384  516  
384  517  
384  518  
384  519  
384  520  
384  521  
384  522  
384  523  
384  524  
384  525  
384  526  
384  527  
384  528  
334  512  
335  512  
336  512  
337  512  
338  512  
339  512  
340  512  
341  512  
342  512  
343  512  
344  512  
345  512  
346  512  
347  512  
348  512  
349  512  
350  512  
351  512  
352  512  
353  512  
354  512  
355  512  
356  512  
357  512  
358  512  
359  512  
360  512  
361  512  
362  512  
232  514  
233  514  
234  514  
235  514  
236  514  
237  514  
238  514  
239  514  
240  514  
241  514  
242  514  
243  514  
244  514  
245  514  
246  514  
247  514  
248  514  
249  514  
250  515  
251  515  
252  515  
253  515  
254  515  
255  515  
256  515  
257  515  
258  515  
259  515  
260  515  
235  521  
236  521  
237  521  
238  521  
239  521  
240  521  
241  521  
242  521  
243  521  
244  521  
245  521  
246  521  
247  521  
248  521  
249  521  
250  521  
251  521  
252  521  
253  521  
254  521  
255  521  
256  521  
257  521  
258  521  
259  521  
260  521  
261  522  
116  522  
117  522  
118  523  
119  523  
120  524  
121  524  
122  525  
123  525  
124  526  
125  526  
126  527  
127  527  
128  528  
129  528  
130  528  
131  529  
132  529  
133  530  
134  530  
135  530  
136  531  
137  531  
138  531  
139  532  
140  532  
141  532  
142  533  
143  533  
144  533  
145  533  
146  534  
147  534  
148  534  
149  535  
150  535  
151  535  
152  535  
153  536  
154  536  
155  536  
156  536  
157  537  
158  537  
159  537  
160  537  
161  537  
162  537  
163  538  
164  538  
165  538  
166  538  
167  538  
168  538  
169  538  
170  538  
171  539  
172  539  
173  539  
174  539  
175  539  
176  539  
177  540  
178  540  
179  540  
180  540  
181  540  
182  540  
183  540  
184  540  
185  540  
186  540  
187  540  
188  540  
189  540  
190  540  
191  540  
192  540  
193  540  
194  540  
195  540  
196  540  
197  540  
198  540  
199  540  
200  540  
201  540  
202  540  
203  541  
204  541  
205  541  
206  541  
207  541  
208  541  
209  541  
210  541  
211  541  
212  541  
213  541  
214  541  
215  541  
216  541  
217  541  
218  542  
219  542  
220  542  
221  542  
222  542  
223  542  
224  542  
225  542  
226  542  
227  542  
228  542  
229  542  
230  542  
231  542  
232  542  
233  542  
234  542  
235  542  
236  542  
237  542  
238  542  
239  542  
240  542  
241  542  
242  543  
243  543  
244  543  
245  543  
246  543  
247  543  
248  543  
249  543  
250  543  
251  543  
252  543  
253  543  
254  543  
255  543  
256  543  
257  543  
258  543  
259  543  
260  543  
261  543  
262  543  
263  543  
264  543  
265  543  
266  543  
267  543  
268  543  
269  543  
270  543  
271  543  
272  543  
273  543  
274  543  
275  543  
276  543  
277  543  
278  543  
279  543  
280  543  
281  543  
282  543  
283  543  
284  543  
285  543  
286  543  
287  543  
288  544  
289  544  
290  544  
291  544  
292  544  
293  544  
294  544  
295  544  
296  544  
297  544  
298  544  
299  544  
300  544  
301  544  
302  544  
303  544  
304  544  
305  544  
306  544  
307  544  
308  544  
309  544  
310  544  
311  544  
312  544  
313  544  
314  544  
315  544  
316  544  
317  544  
318  544  
319  545  
320  545  
321  545  
322  545  
323  545  
324  545  
325  545  
326  545  
327  545  
328  545  
329  545  
330  545  
331  545  
332  545  
333  545  
334  545  
335  545  
336  545  
337  545  
338  545  
339  545  
340  545  
341  545  
342  545  
343  545  
344  545  
345  546  
346  546  
347  546  
348  546  
349  546  
350  546  
351  546  
352  546  
353  546  
354  546  
355  546  
356  546  
357  546  
358  546  
359  546  
360  546  
361  546  
362  546  
363  546  
364  546  
365  546  
366  546  
367  546  
368  546  
369  546  
370  546  
371  546  
372  546  
373  546  
374  546  
375  546  
376  547  
377  547  
378  547  
379  547  
380  547  
381  547  
382  547  
383  547  
384  547  
385  547  
386  547  
387  547  
388  547  
389  547  
390  547  
391  547  
392  547  
393  547  
394  547  
395  547  
396  547  
397  547  
398  547  
399  547  
400  547  
401  547  
402  547  
403  547  
404  547  
405  548  
406  548  
407  548  
408  548  
409  548  
410  548  
411  548  
412  548  
413  548  
414  548  
415  548  
416  548  
417  548  
418  548  
419  548  
420  548  
421  548  
422  548  
423  548  
424  548  
425  548  
426  548  
427  548  
428  548  
429  548  
430  548  
431  548  
432  548  
433  548  
434  548  
435  548  
436  548  
437  548  
438  548  
439  549  
440  549  
441  549  
442  549  
443  549  
444  549  
445  549  
446  549  
447  549  
448  549  
256  525  
257  525  
258  525  
239  526  
240  526  
241  526  
242  526  
243  526  
244  526  
245  526  
246  526  
247  526  
248  526  
249  526  
250  526  
251  526  
252  526  
253  526  
254  526  
255  526  
259  526  
260  526  
261  526  
212  530  
213  530  
214  530  
215  530  
216  530  
217  530  
218  530  
219  530  
220  530  
221  530  
222  530  
223  530  
224  531  
225  531  
226  531  
227  531  
228  531  
229  531  
230  531  
231  531  
232  531  
233  531  
234  531  
235  531  
236  531  
237  531  
238  531  
239  531  
240  531  
241  531  
242  531  
243  531  
244  531  
245  531  
246  531  
247  531  
248  532  
249  532  
250  532  
251  532  
252  532  
253  532  
254  532  
255  532  
256  532  
257  532  
258  532  
259  532  
260  532  
261  532  
262  532  
263  532  
264  532  
265  532  
266  532  
267  532  
268  532  
269  532  
270  532  
271  533  
272  533  
273  533  
274  533  
275  533  
276  533  
277  533  
278  533  
279  533  
280  533  
281  533  
282  533  
283  533  
284  533  
285  533  
286  533  
287  533  
288  533  
289  534  
290  534  
291  534  
292  534  
293  534  
294  534  
295  534  
296  534  
297  534  
298  534  
299  534  
300  534  
301  534  
302  534  
303  534  
304  534  
305  534  
306  534  
307  534  
308  534  
309  534  
310  534  
311  534  
312  534  
313  534  
314  534  
315  534  
316  534  
317  534  
318  534  
319  534  
320  535  
321  535  
322  535  
323  535  
324  535  
325  535  
326  535  
327  535  
328  535  
329  535  
330  535  
331  535  
332  535  
333  535  
334  535  
335  535  
336  535  
337  535  
338  535  
339  535  
358  535  
359  535  
360  535  
361  535  
362  535  
363  535  
364  535  
365  535  
366  535  
367  535  
368  535  
369  535  
370  535  
371  535  
372  535  
373  535  
374  535  
375  535  
376  535  
377  535  
378  535  
379  535  
380  535  
381  535  
388  535  
389  535  
390  535  
391  535  
392  535  
393  535  
394  535  
395  535  
396  535  
397  535  
398  535  
399  535  
400  535  
401  535  
402  535  
403  535  
404  535  
405  535  
406  535  
407  535  
366  539  
367  539  
368  539  
369  539  
370  539  
371  539  
372  539  
373  539  
374  539  
375  539  
376  539  
377  539  
378  539  
379  539  
380  539  
381  539  
382  539  
383  539  
384  539  
385  539  
386  539  
387  539  
388  539  
389  539  
390  539  
391  540  
392  540  
393  540  
394  540  
395  540  
396  540  
397  540  
398  540  
399  540  
400  540  
401  540  
402  540  
403  540  
404  540  
405  540  
406  540  
407  540  
408  540  
409  540  
410  540  
411  540  
412  540  
413  540  
414  540  
415  540  
416  540  
417  540  
418  540  
419  540  
420  540  
421  540  
422  540  
423  540  
424  540  
425  540  
426  540  
427  540  
428  540  
429  540  
430  540  
431  540  
432  540  
433  540  
434  540  
435  540  
436  540  
437  540  
438  540  
439  540  
440  540  
441  540  
442  540  
443  540  
444  540  
445  540  
446  540  
447  540  
448  540  
