15	8	
17	11	
18	15	
19	13	
20	12	
22	17	
24	20	
28	22		
30	25	
31	27	
32	30	
34	31		
38	35	
39	37	
40	41	
41	39	
42	40	
43	43	
44	49	
47	44		
51	56	
53	57		
55	50		
59	35	
60	70	
62	66	
63	63		
68	75		
74	78	
76	81	
77	84		
81	90	
82	92	
84	94	
85	95	
86	98	
87	101	
89	102	
91	97	
92	109	
93	103	
98	111	
99	114	
101	110	
102	112	
104	117	
107	120	
109	124	
110	125	
111	126	
112	127	
113	128	
115	130	
116	131	
119	133	
120	134	
121	135	
122	134	
124	142	
125	141	
128	143	
129	145	
130	146	
131	147	
132	149		
138	154	
143	159	
147	160	
149	163	
150	164	
156	167	
157	168	
161	172	
162	173	
163	173	
164	174		
170	182	
