139  
70  24  50  27  44  88  50  23  88  32  40  46  24  119  118  66  78  61  54  44  38  43  54  32  36  44  21  30  33  56  34  62  57  42  41  50  44  48  56  46  50  45  128  128  46  23  44  39  41  21  40  61  57  34  45  46  22  27  29  40  46  40  21  26  24  84  38  55  33  47  58  58  49  45  48  50  54  48  115  115  47  21  46  47  278  31  43  47  41  53  21  44  42  20  21  50  48  25  50  39  124  39  28  35  120  32  25  46  42  132  133  46  45  134  21  84  42  62  31  90  30  52  43  47  34  56  29  47  37  27  58  111  20  54  48  26  58  90  36  
206  32  
207  32  
204  33  
205  33  
201  34  
202  34  
203  34  
198  35  
199  35  
200  35  
195  36  
196  36  
197  36  
193  37  
194  37  
190  38  
191  38  
192  38  
187  39  
188  39  
189  39  
185  40  
186  40  
183  41  
184  41  
180  42  
181  42  
182  42  
178  43  
179  43  
175  44  
176  44  
177  44  
173  45  
174  45  
171  46  
172  46  
169  47  
170  47  
166  48  
167  48  
168  48  
164  49  
165  49  
161  50  
162  50  
163  50  
159  51  
160  51  
156  52  
157  52  
158  52  
154  53  
155  53  
152  54  
153  54  
150  55  
151  55  
147  56  
148  56  
149  56  
144  57  
145  57  
146  57  
142  58  
143  58  
140  59  
141  59  
138  60  
139  60  
245  32  
246  32  
242  33  
243  33  
244  33  
240  34  
241  34  
237  35  
238  35  
239  35  
235  36  
236  36  
232  37  
233  37  
234  37  
230  38  
231  38  
227  39  
228  39  
229  39  
225  40  
226  40  
223  41  
224  41  
272  32  
273  32  
269  33  
270  33  
271  33  
267  34  
268  34  
264  35  
265  35  
266  35  
261  36  
262  36  
263  36  
259  37  
260  37  
256  38  
257  38  
258  38  
254  39  
255  39  
251  40  
252  40  
253  40  
249  41  
250  41  
246  42  
247  42  
248  42  
244  43  
245  43  
241  44  
242  44  
243  44  
239  45  
240  45  
236  46  
237  46  
238  46  
233  47  
234  47  
235  47  
230  48  
231  48  
232  48  
228  49  
229  49  
225  50  
226  50  
227  50  
224  51  
289  32  
290  33  
290  34  
290  35  
291  36  
291  37  
291  38  
292  39  
292  40  
292  41  
293  42  
293  43  
293  44  
294  45  
294  46  
294  47  
295  48  
295  49  
295  50  
296  51  
296  52  
296  53  
297  54  
297  55  
297  56  
298  57  
298  58  
305  32  
305  33  
305  34  
306  35  
306  36  
306  37  
307  38  
307  39  
307  40  
308  41  
308  42  
309  43  
309  44  
309  45  
310  46  
310  47  
310  48  
311  49  
311  50  
311  51  
312  52  
312  53  
312  54  
313  55  
313  56  
314  57  
314  58  
314  59  
315  60  
315  61  
315  62  
316  63  
316  64  
317  65  
317  66  
317  67  
318  68  
318  69  
318  70  
319  71  
319  72  
319  73  
320  74  
320  75  
310  32  
310  33  
310  34  
311  35  
311  36  
311  37  
312  38  
312  39  
312  40  
313  41  
313  42  
313  43  
314  44  
314  45  
315  46  
315  47  
315  48  
316  49  
316  50  
316  51  
317  52  
317  53  
317  54  
318  55  
318  56  
319  57  
319  58  
319  59  
320  60  
320  61  
321  62  
321  63  
321  64  
322  65  
322  66  
322  67  
323  68  
323  69  
323  70  
324  71  
324  72  
325  73  
325  74  
325  75  
326  76  
326  77  
326  78  
327  79  
327  80  
327  81  
328  82  
328  83  
328  84  
329  85  
329  86  
329  87  
330  88  
330  89  
330  90  
331  91  
331  92  
331  93  
332  94  
332  95  
332  96  
333  97  
333  98  
334  99  
334  100  
334  101  
335  102  
335  103  
335  104  
336  105  
336  106  
336  107  
337  108  
337  109  
337  110  
338  111  
338  112  
339  113  
339  114  
339  115  
340  116  
340  117  
341  118  
341  119  
277  34  
278  34  
279  34  
275  35  
276  35  
272  36  
273  36  
274  36  
270  37  
271  37  
267  38  
268  38  
269  38  
265  39  
266  39  
262  40  
263  40  
264  40  
260  41  
261  41  
257  42  
258  42  
259  42  
255  43  
256  43  
252  44  
253  44  
254  44  
250  45  
251  45  
247  46  
248  46  
249  46  
245  47  
246  47  
243  48  
244  48  
240  49  
241  49  
242  49  
238  50  
239  50  
235  51  
236  51  
237  51  
232  52  
233  52  
234  52  
230  53  
231  53  
288  40  
288  41  
288  42  
289  43  
289  44  
289  45  
290  46  
290  47  
290  48  
291  49  
291  50  
291  51  
292  52  
292  53  
292  54  
293  55  
293  56  
293  57  
294  58  
294  59  
294  60  
295  61  
295  62  
201  42  
202  43  
202  44  
203  45  
203  46  
203  47  
204  48  
204  49  
205  50  
205  51  
205  52  
206  53  
206  54  
207  55  
207  56  
207  57  
208  58  
208  59  
208  60  
209  61  
209  62  
210  63  
210  64  
210  65  
211  66  
211  67  
211  68  
212  69  
212  70  
213  71  
213  72  
213  73  
214  74  
214  75  
214  76  
215  77  
215  78  
215  79  
216  80  
216  81  
216  82  
217  83  
217  84  
218  85  
218  86  
218  87  
219  88  
219  89  
219  90  
220  91  
220  92  
221  93  
221  94  
221  95  
222  96  
222  97  
223  98  
223  99  
223  100  
224  101  
224  102  
224  103  
225  104  
225  105  
226  106  
226  107  
226  108  
227  109  
227  110  
227  111  
228  112  
228  113  
228  114  
229  115  
229  116  
230  117  
230  118  
230  119  
231  120  
231  121  
231  122  
232  123  
232  124  
233  125  
233  126  
233  127  
234  128  
234  129  
378  42  
379  43  
379  44  
379  45  
380  46  
380  47  
381  48  
381  49  
381  50  
382  51  
382  52  
382  53  
383  54  
383  55  
383  56  
384  57  
384  58  
384  59  
385  60  
385  61  
385  62  
386  63  
386  64  
386  65  
387  66  
387  67  
387  68  
387  69  
388  70  
388  71  
388  72  
389  73  
281  50  
279  51  
280  51  
276  52  
277  52  
278  52  
274  53  
275  53  
272  54  
273  54  
269  55  
270  55  
271  55  
267  56  
268  56  
264  57  
265  57  
266  57  
262  58  
263  58  
259  59  
260  59  
261  59  
257  60  
258  60  
254  61  
255  61  
256  61  
252  62  
253  62  
249  63  
250  63  
251  63  
247  64  
248  64  
244  65  
245  65  
246  65  
242  66  
243  66  
289  51  
287  52  
288  52  
284  53  
285  53  
286  53  
281  54  
282  54  
283  54  
279  55  
280  55  
276  56  
277  56  
278  56  
274  57  
275  57  
271  58  
272  58  
273  58  
269  59  
270  59  
266  60  
267  60  
268  60  
264  61  
265  61  
261  62  
262  62  
263  62  
259  63  
260  63  
257  64  
258  64  
254  65  
255  65  
256  65  
252  66  
253  66  
249  67  
250  67  
251  67  
247  68  
248  68  
244  69  
245  69  
246  69  
261  53  
258  54  
259  54  
260  54  
256  55  
257  55  
253  56  
254  56  
255  56  
251  57  
252  57  
248  58  
249  58  
250  58  
246  59  
247  59  
244  60  
245  60  
241  61  
242  61  
243  61  
239  62  
240  62  
238  63  
188  56  
189  56  
186  57  
187  57  
184  58  
185  58  
181  59  
182  59  
183  59  
179  60  
180  60  
176  61  
177  61  
178  61  
174  62  
175  62  
171  63  
172  63  
173  63  
169  64  
170  64  
167  65  
168  65  
165  66  
166  66  
162  67  
163  67  
164  67  
160  68  
161  68  
157  69  
158  69  
159  69  
155  70  
156  70  
152  71  
153  71  
154  71  
150  72  
151  72  
148  73  
149  73  
145  74  
146  74  
147  74  
143  75  
144  75  
141  76  
142  76  
138  77  
139  77  
140  77  
136  78  
137  78  
133  79  
134  79  
135  79  
131  80  
132  80  
129  81  
130  81  
126  82  
127  82  
128  82  
124  83  
125  83  
122  84  
123  84  
119  85  
120  85  
121  85  
117  86  
118  86  
114  87  
115  87  
116  87  
112  88  
113  88  
110  89  
111  89  
107  90  
108  90  
109  90  
105  91  
106  91  
103  92  
104  92  
100  93  
101  93  
102  93  
98  94  
99  94  
96  95  
97  95  
93  96  
94  96  
95  96  
91  97  
92  97  
89  98  
90  98  
86  99  
87  99  
88  99  
84  100  
85  100  
82  101  
83  101  
79  102  
80  102  
81  102  
77  103  
78  103  
75  104  
76  104  
72  105  
73  105  
74  105  
71  106  
187  61  
188  61  
184  62  
185  62  
186  62  
182  63  
183  63  
179  64  
180  64  
181  64  
177  65  
178  65  
175  66  
176  66  
172  67  
173  67  
174  67  
170  68  
171  68  
168  69  
169  69  
165  70  
166  70  
167  70  
163  71  
164  71  
160  72  
161  72  
162  72  
158  73  
159  73  
155  74  
156  74  
157  74  
153  75  
154  75  
151  76  
152  76  
148  77  
149  77  
150  77  
146  78  
147  78  
143  79  
144  79  
145  79  
141  80  
142  80  
139  81  
140  81  
136  82  
137  82  
138  82  
134  83  
135  83  
132  84  
133  84  
129  85  
130  85  
131  85  
127  86  
128  86  
125  87  
126  87  
123  88  
124  88  
120  89  
121  89  
122  89  
118  90  
119  90  
115  91  
116  91  
117  91  
113  92  
114  92  
110  93  
111  93  
112  93  
108  94  
109  94  
106  95  
107  95  
103  96  
104  96  
105  96  
101  97  
102  97  
99  98  
100  98  
97  99  
98  99  
95  100  
96  100  
92  101  
93  101  
94  101  
90  102  
91  102  
87  103  
88  103  
89  103  
85  104  
86  104  
83  105  
84  105  
81  106  
82  106  
78  107  
79  107  
80  107  
76  108  
77  108  
74  109  
75  109  
71  110  
72  110  
73  110  
199  61  
200  62  
200  63  
201  64  
201  65  
201  66  
202  67  
202  68  
203  69  
203  70  
203  71  
204  72  
204  73  
205  74  
205  75  
205  76  
206  77  
206  78  
207  79  
207  80  
207  81  
208  82  
208  83  
208  84  
209  85  
209  86  
210  87  
210  88  
210  89  
211  90  
211  91  
211  92  
212  93  
212  94  
213  95  
213  96  
213  97  
214  98  
214  99  
214  100  
215  101  
215  102  
215  103  
216  104  
216  105  
217  106  
217  107  
217  108  
218  109  
218  110  
218  111  
219  112  
219  113  
220  114  
220  115  
220  116  
221  117  
221  118  
221  119  
222  120  
222  121  
222  122  
223  123  
223  124  
223  125  
224  126  
129  63  
130  63  
127  64  
128  64  
125  65  
126  65  
123  66  
124  66  
120  67  
121  67  
122  67  
117  68  
118  68  
119  68  
114  69  
115  69  
116  69  
112  70  
113  70  
110  71  
111  71  
107  72  
108  72  
109  72  
105  73  
106  73  
103  74  
104  74  
101  75  
102  75  
98  76  
99  76  
100  76  
96  77  
97  77  
93  78  
94  78  
95  78  
91  79  
92  79  
89  80  
90  80  
86  81  
87  81  
88  81  
83  82  
84  82  
85  82  
81  83  
82  83  
79  84  
80  84  
76  85  
77  85  
78  85  
74  86  
75  86  
71  87  
72  87  
73  87  
68  88  
69  88  
70  88  
65  89  
66  89  
67  89  
62  90  
63  90  
64  90  
60  91  
61  91  
59  92  
56  93  
57  93  
58  93  
54  94  
55  94  
53  95  
197  66  
198  67  
198  68  
198  69  
199  70  
199  71  
200  72  
200  73  
200  74  
201  75  
201  76  
202  77  
202  78  
202  79  
203  80  
203  81  
203  82  
204  83  
204  84  
205  85  
205  86  
205  87  
206  88  
206  89  
206  90  
207  91  
207  92  
208  93  
208  94  
208  95  
209  96  
209  97  
209  98  
210  99  
210  100  
210  101  
211  102  
211  103  
212  104  
212  105  
212  106  
213  107  
213  108  
213  109  
214  110  
214  111  
215  112  
215  113  
215  114  
216  115  
216  116  
216  117  
217  118  
217  119  
217  120  
218  121  
218  122  
218  123  
219  124  
219  125  
220  126  
194  67  
191  68  
192  68  
193  68  
189  69  
190  69  
185  70  
186  70  
187  70  
188  70  
183  71  
184  71  
181  72  
182  72  
179  73  
180  73  
177  74  
178  74  
174  75  
175  75  
176  75  
172  76  
173  76  
171  77  
168  78  
169  78  
170  78  
165  79  
166  79  
167  79  
163  80  
164  80  
161  81  
162  81  
159  82  
160  82  
157  83  
158  83  
154  84  
155  84  
156  84  
152  85  
153  85  
149  86  
150  86  
151  86  
147  87  
148  87  
144  88  
145  88  
146  88  
142  89  
143  89  
141  90  
291  67  
292  67  
288  68  
289  68  
290  68  
286  69  
287  69  
283  70  
284  70  
285  70  
281  71  
282  71  
278  72  
279  72  
280  72  
275  73  
276  73  
277  73  
273  74  
274  74  
271  75  
272  75  
268  76  
269  76  
270  76  
266  77  
267  77  
263  78  
264  78  
265  78  
261  79  
262  79  
258  80  
259  80  
260  80  
256  81  
257  81  
253  82  
254  82  
255  82  
251  83  
252  83  
249  84  
250  84  
302  69  
302  70  
303  71  
303  72  
303  73  
304  74  
304  75  
304  76  
305  77  
305  78  
305  79  
306  80  
306  81  
306  82  
307  83  
307  84  
308  85  
308  86  
308  87  
309  88  
309  89  
310  90  
310  91  
310  92  
310  93  
311  94  
311  95  
312  96  
312  97  
312  98  
313  99  
313  100  
313  101  
314  102  
314  103  
314  104  
315  105  
315  106  
291  71  
292  71  
293  71  
288  72  
289  72  
290  72  
286  73  
287  73  
283  74  
284  74  
285  74  
280  75  
281  75  
282  75  
278  76  
279  76  
276  77  
277  77  
273  78  
274  78  
275  78  
271  79  
272  79  
268  80  
269  80  
270  80  
266  81  
267  81  
263  82  
264  82  
265  82  
261  83  
262  83  
258  84  
259  84  
260  84  
256  85  
257  85  
253  86  
254  86  
255  86  
251  87  
252  87  
233  73  
233  74  
233  75  
234  76  
234  77  
234  78  
235  79  
235  80  
236  81  
236  82  
236  83  
237  84  
237  85  
237  86  
238  87  
238  88  
239  89  
239  90  
239  91  
240  92  
240  93  
240  94  
241  95  
241  96  
241  97  
242  98  
242  99  
243  100  
243  101  
243  102  
244  103  
244  104  
244  105  
245  106  
245  107  
245  108  
246  109  
246  110  
247  111  
247  112  
247  113  
248  114  
248  115  
248  116  
249  117  
249  118  
249  119  
250  120  
250  121  
251  122  
251  123  
252  124  
252  125  
253  126  
339  87  
339  88  
340  89  
340  90  
340  91  
340  92  
341  93  
341  94  
341  95  
342  96  
342  97  
342  98  
343  99  
343  100  
343  101  
344  102  
344  103  
345  104  
345  105  
345  106  
346  107  
346  108  
346  109  
347  110  
347  111  
347  112  
348  113  
348  114  
349  115  
349  116  
350  117  
350  118  
290  91  
291  91  
292  91  
288  92  
289  92  
285  93  
286  93  
287  93  
283  94  
284  94  
280  95  
281  95  
282  95  
278  96  
279  96  
276  97  
277  97  
273  98  
274  98  
275  98  
270  99  
271  99  
272  99  
268  100  
269  100  
265  101  
266  101  
267  101  
263  102  
264  102  
260  103  
261  103  
262  103  
258  104  
259  104  
257  105  
304  101  
305  101  
303  102  
300  103  
301  103  
302  103  
298  104  
299  104  
296  105  
297  105  
292  106  
293  106  
294  106  
295  106  
290  107  
291  107  
288  108  
289  108  
285  109  
286  109  
287  109  
283  110  
284  110  
280  111  
281  111  
282  111  
277  112  
278  112  
279  112  
275  113  
276  113  
272  114  
273  114  
274  114  
270  115  
271  115  
267  116  
268  116  
269  116  
265  117  
266  117  
262  118  
263  118  
264  118  
114  108  
115  108  
112  109  
113  109  
109  110  
110  110  
111  110  
107  111  
108  111  
103  112  
104  112  
105  112  
106  112  
101  113  
102  113  
99  114  
100  114  
96  115  
97  115  
98  115  
95  116  
290  111  
287  112  
288  112  
289  112  
285  113  
286  113  
282  114  
283  114  
284  114  
280  115  
281  115  
277  116  
278  116  
279  116  
275  117  
276  117  
272  118  
273  118  
274  118  
269  119  
270  119  
271  119  
267  120  
268  120  
264  121  
265  121  
266  121  
261  122  
262  122  
263  122  
404  114  
404  115  
404  116  
405  117  
405  118  
405  119  
406  120  
406  121  
407  122  
407  123  
408  124  
408  125  
409  126  
409  127  
409  128  
410  129  
410  130  
410  131  
411  132  
411  133  
411  134  
412  135  
412  136  
412  137  
413  138  
413  139  
414  140  
414  141  
414  142  
415  143  
415  144  
415  145  
416  146  
335  117  
335  118  
335  119  
336  120  
337  121  
337  122  
337  123  
338  124  
338  125  
338  126  
339  127  
339  128  
339  129  
340  130  
340  131  
341  132  
341  133  
341  134  
342  135  
342  136  
342  137  
343  138  
343  139  
343  140  
344  141  
344  142  
344  143  
345  144  
345  145  
346  146  
346  147  
346  148  
347  149  
347  150  
347  151  
348  152  
348  153  
348  154  
349  155  
349  156  
350  157  
350  158  
350  159  
351  160  
351  161  
352  162  
352  163  
352  164  
353  165  
353  166  
353  167  
354  168  
354  169  
354  170  
355  171  
355  172  
295  118  
293  119  
294  119  
291  120  
292  120  
289  121  
290  121  
286  122  
287  122  
288  122  
283  123  
284  123  
285  123  
280  124  
281  124  
282  124  
277  125  
278  125  
279  125  
275  126  
276  126  
273  127  
274  127  
270  128  
271  128  
272  128  
268  129  
269  129  
265  130  
266  130  
267  130  
262  131  
263  131  
264  131  
215  123  
216  123  
213  124  
214  124  
211  125  
212  125  
209  126  
210  126  
207  127  
208  127  
204  128  
205  128  
206  128  
202  129  
203  129  
199  130  
200  130  
201  130  
197  131  
198  131  
195  132  
196  132  
193  133  
194  133  
190  134  
191  134  
192  134  
187  135  
188  135  
189  135  
185  136  
186  136  
183  137  
184  137  
180  138  
181  138  
182  138  
178  139  
179  139  
176  140  
177  140  
174  141  
175  141  
171  142  
172  142  
173  142  
169  143  
170  143  
165  144  
166  144  
167  144  
168  144  
163  145  
164  145  
161  146  
162  146  
159  147  
160  147  
157  148  
158  148  
155  149  
156  149  
320  123  
321  124  
321  125  
322  126  
322  127  
323  128  
323  129  
324  130  
324  131  
324  132  
325  133  
325  134  
326  135  
326  136  
326  137  
327  138  
327  139  
327  140  
328  141  
328  142  
328  143  
329  144  
329  145  
330  146  
330  147  
330  148  
331  149  
331  150  
331  151  
332  152  
332  153  
332  154  
333  155  
333  156  
334  157  
334  158  
334  159  
335  160  
335  161  
335  162  
336  163  
336  164  
336  165  
337  166  
337  167  
337  168  
338  169  
338  170  
339  171  
339  172  
339  173  
340  174  
340  175  
340  176  
341  177  
341  178  
342  179  
73  128  
74  129  
74  130  
75  131  
75  132  
75  133  
76  134  
76  135  
76  136  
77  137  
77  138  
78  139  
78  140  
78  141  
79  142  
79  143  
79  144  
80  145  
80  146  
81  147  
81  148  
82  149  
82  150  
82  151  
83  152  
83  153  
83  154  
84  155  
84  156  
85  157  
85  158  
86  159  
86  160  
86  161  
87  162  
87  163  
87  164  
88  165  
88  166  
88  167  
89  168  
89  169  
319  129  
319  130  
320  131  
320  132  
320  133  
321  134  
321  135  
321  136  
322  137  
322  138  
323  139  
323  140  
323  141  
324  142  
324  143  
325  144  
325  145  
325  146  
326  147  
326  148  
326  149  
327  150  
327  151  
327  152  
328  153  
328  154  
328  155  
329  156  
329  157  
330  158  
330  159  
330  160  
331  161  
331  162  
331  163  
332  164  
332  165  
333  166  
333  167  
333  168  
333  169  
345  130  
345  131  
346  132  
346  133  
346  134  
347  135  
347  136  
347  137  
348  138  
348  139  
349  140  
349  141  
349  142  
350  143  
350  144  
350  145  
351  146  
351  147  
351  148  
352  149  
352  150  
353  151  
353  152  
353  153  
354  154  
354  155  
354  156  
355  157  
355  158  
355  159  
356  160  
356  161  
357  162  
357  163  
357  164  
358  165  
358  166  
358  167  
359  168  
359  169  
359  170  
360  171  
360  172  
360  173  
361  174  
361  175  
361  176  
362  177  
362  178  
362  179  
319  140  
316  141  
317  141  
318  141  
313  142  
314  142  
315  142  
311  143  
312  143  
308  144  
309  144  
310  144  
306  145  
307  145  
303  146  
304  146  
305  146  
300  147  
301  147  
302  147  
297  148  
298  148  
299  148  
295  149  
296  149  
293  150  
294  150  
290  151  
291  151  
292  151  
287  152  
288  152  
289  152  
285  153  
286  153  
282  154  
283  154  
284  154  
279  155  
280  155  
281  155  
277  156  
278  156  
276  157  
147  152  
148  152  
145  153  
146  153  
143  154  
144  154  
140  155  
141  155  
142  155  
138  156  
139  156  
135  157  
136  157  
137  157  
133  158  
134  158  
130  159  
131  159  
132  159  
128  160  
129  160  
126  161  
127  161  
123  162  
124  162  
125  162  
121  163  
122  163  
119  164  
120  164  
116  165  
117  165  
118  165  
113  166  
114  166  
115  166  
111  167  
112  167  
108  168  
109  168  
110  168  
106  169  
107  169  
103  170  
104  170  
105  170  
101  171  
102  171  
262  153  
262  154  
263  155  
263  156  
263  157  
264  158  
264  159  
265  160  
265  161  
265  162  
266  163  
266  164  
266  165  
267  166  
267  167  
268  168  
268  169  
268  170  
269  171  
269  172  
269  173  
270  174  
270  175  
271  176  
271  177  
271  178  
271  179  
272  180  
272  181  
273  182  
273  183  
273  184  
274  185  
274  186  
274  187  
275  188  
275  189  
275  190  
276  191  
276  192  
277  193  
277  194  
277  195  
278  196  
278  197  
278  198  
279  199  
279  200  
279  201  
280  202  
280  203  
281  204  
281  205  
281  206  
282  207  
282  208  
324  153  
325  153  
321  154  
322  154  
323  154  
319  155  
320  155  
317  156  
318  156  
314  157  
315  157  
316  157  
311  158  
312  158  
313  158  
309  159  
310  159  
306  160  
307  160  
308  160  
303  161  
304  161  
305  161  
301  162  
302  162  
298  163  
299  163  
300  163  
296  164  
297  164  
293  165  
294  165  
295  165  
290  166  
291  166  
292  166  
288  167  
289  167  
285  168  
286  168  
287  168  
283  169  
284  169  
280  170  
281  170  
282  170  
234  156  
235  156  
232  157  
233  157  
229  158  
230  158  
231  158  
226  159  
227  159  
228  159  
223  160  
224  160  
225  160  
220  161  
221  161  
222  161  
218  162  
219  162  
215  163  
216  163  
217  163  
213  164  
214  164  
210  165  
211  165  
212  165  
207  166  
208  166  
209  166  
205  167  
206  167  
202  168  
203  168  
204  168  
199  169  
200  169  
201  169  
197  170  
198  170  
194  171  
195  171  
196  171  
191  172  
192  172  
193  172  
189  173  
190  173  
186  174  
187  174  
188  174  
324  157  
325  157  
326  157  
322  158  
323  158  
319  159  
320  159  
321  159  
317  160  
318  160  
314  161  
315  161  
316  161  
311  162  
312  162  
313  162  
308  163  
309  163  
310  163  
306  164  
307  164  
303  165  
304  165  
305  165  
301  166  
302  166  
298  167  
299  167  
300  167  
295  168  
296  168  
297  168  
293  169  
294  169  
290  170  
291  170  
292  170  
288  171  
289  171  
285  172  
286  172  
287  172  
283  173  
284  173  
282  174  
245  158  
245  159  
246  160  
246  161  
246  162  
247  163  
247  164  
247  165  
248  166  
248  167  
249  168  
249  169  
249  170  
250  171  
250  172  
250  173  
251  174  
251  175  
251  176  
252  177  
252  178  
253  179  
253  180  
253  181  
254  182  
254  183  
254  184  
255  185  
255  186  
256  187  
256  188  
256  189  
257  190  
257  191  
258  192  
258  193  
258  194  
259  195  
259  196  
259  197  
260  198  
260  199  
260  200  
261  201  
261  202  
261  203  
262  204  
262  205  
263  206  
263  207  
263  208  
264  209  
264  210  
264  211  
265  212  
265  213  
265  214  
266  215  
266  216  
266  217  
267  218  
267  219  
268  220  
268  221  
268  222  
269  223  
269  224  
269  225  
270  226  
270  227  
270  228  
271  229  
271  230  
272  231  
272  232  
272  233  
273  234  
273  235  
273  236  
274  237  
274  238  
274  239  
275  240  
275  241  
276  242  
276  243  
276  244  
277  245  
277  246  
277  247  
278  248  
278  249  
278  250  
279  251  
279  252  
280  253  
280  254  
280  255  
281  256  
281  257  
281  258  
282  259  
282  260  
282  261  
283  262  
283  263  
283  264  
284  265  
284  266  
285  267  
285  268  
285  269  
286  270  
286  271  
286  272  
287  273  
287  274  
288  275  
288  276  
288  277  
289  278  
289  279  
289  280  
290  281  
290  282  
291  283  
291  284  
291  285  
240  159  
240  160  
241  161  
241  162  
241  163  
242  164  
242  165  
243  166  
243  167  
243  168  
244  169  
244  170  
245  171  
245  172  
245  173  
246  174  
246  175  
247  176  
247  177  
247  178  
248  179  
248  180  
248  181  
249  182  
249  183  
250  184  
250  185  
250  186  
251  187  
251  188  
252  189  
252  190  
252  191  
253  192  
253  193  
253  194  
254  195  
254  196  
254  197  
255  198  
255  199  
256  200  
256  201  
256  202  
257  203  
257  204  
257  205  
258  206  
258  207  
258  208  
259  209  
259  210  
259  211  
260  212  
260  213  
261  214  
261  215  
261  216  
262  217  
262  218  
262  219  
263  220  
263  221  
264  222  
264  223  
264  224  
265  225  
265  226  
265  227  
266  228  
266  229  
266  230  
267  231  
267  232  
267  233  
268  234  
268  235  
269  236  
269  237  
269  238  
270  239  
270  240  
270  241  
271  242  
271  243  
272  244  
272  245  
272  246  
273  247  
273  248  
273  249  
274  250  
274  251  
274  252  
275  253  
275  254  
276  255  
276  256  
276  257  
277  258  
277  259  
277  260  
278  261  
278  262  
279  263  
279  264  
279  265  
280  266  
280  267  
280  268  
281  269  
281  270  
282  271  
282  272  
282  273  
283  274  
283  275  
283  276  
284  277  
284  278  
284  279  
285  280  
285  281  
285  282  
286  283  
286  284  
287  285  
287  286  
331  170  
328  171  
329  171  
330  171  
326  172  
327  172  
323  173  
324  173  
325  173  
320  174  
321  174  
322  174  
317  175  
318  175  
319  175  
315  176  
316  176  
312  177  
313  177  
314  177  
309  178  
310  178  
311  178  
307  179  
308  179  
304  180  
305  180  
306  180  
302  181  
303  181  
299  182  
300  182  
301  182  
296  183  
297  183  
298  183  
293  184  
294  184  
295  184  
291  185  
292  185  
288  186  
289  186  
290  186  
286  187  
287  187  
32  171  
32  172  
33  173  
33  174  
33  175  
34  176  
34  177  
35  178  
35  179  
35  180  
36  181  
36  182  
37  183  
37  184  
37  185  
38  186  
38  187  
39  188  
39  189  
39  190  
40  191  
40  192  
41  193  
331  174  
328  175  
329  175  
330  175  
325  176  
326  176  
327  176  
322  177  
323  177  
324  177  
320  178  
321  178  
317  179  
318  179  
319  179  
314  180  
315  180  
316  180  
312  181  
313  181  
309  182  
310  182  
311  182  
307  183  
308  183  
304  184  
305  184  
306  184  
301  185  
302  185  
303  185  
299  186  
300  186  
296  187  
297  187  
298  187  
293  188  
294  188  
295  188  
291  189  
292  189  
288  190  
289  190  
290  190  
363  181  
363  182  
364  183  
364  184  
365  185  
365  186  
365  187  
366  188  
366  189  
366  190  
367  191  
367  192  
367  193  
368  194  
368  195  
369  196  
369  197  
369  198  
370  199  
370  200  
370  201  
371  202  
371  203  
372  204  
372  205  
372  206  
373  207  
373  208  
373  209  
374  210  
374  211  
375  212  
375  213  
375  214  
376  215  
376  216  
376  217  
377  218  
377  219  
333  190  
330  191  
331  191  
332  191  
328  192  
329  192  
325  193  
326  193  
327  193  
322  194  
323  194  
324  194  
319  195  
320  195  
321  195  
317  196  
318  196  
314  197  
315  197  
316  197  
312  198  
313  198  
309  199  
310  199  
311  199  
306  200  
307  200  
308  200  
304  201  
305  201  
301  202  
302  202  
303  202  
299  203  
300  203  
296  204  
297  204  
298  204  
293  205  
294  205  
295  205  
186  193  
186  194  
187  195  
187  196  
188  197  
188  198  
189  199  
189  200  
189  201  
190  202  
190  203  
190  204  
191  205  
191  206  
191  207  
192  208  
192  209  
192  210  
193  211  
193  212  
193  213  
332  195  
333  195  
334  195  
330  196  
331  196  
328  197  
329  197  
325  198  
326  198  
327  198  
322  199  
323  199  
324  199  
320  200  
321  200  
317  201  
318  201  
319  201  
314  202  
315  202  
316  202  
312  203  
313  203  
309  204  
310  204  
311  204  
307  205  
308  205  
304  206  
305  206  
306  206  
302  207  
303  207  
299  208  
300  208  
301  208  
297  209  
298  209  
295  210  
296  210  
348  196  
348  197  
348  198  
349  199  
349  200  
349  201  
350  202  
350  203  
350  204  
351  205  
351  206  
352  207  
352  208  
352  209  
353  210  
353  211  
353  212  
354  213  
354  214  
354  215  
355  216  
355  217  
356  218  
356  219  
356  220  
357  221  
357  222  
357  223  
358  224  
358  225  
358  226  
359  227  
359  228  
359  229  
360  230  
360  231  
360  232  
361  233  
361  234  
362  235  
362  236  
362  237  
363  238  
363  239  
363  240  
364  241  
364  242  
364  243  
365  244  
365  245  
366  246  
366  247  
366  248  
367  249  
367  250  
367  251  
368  252  
368  253  
368  254  
369  255  
369  256  
345  200  
345  201  
346  202  
346  203  
346  204  
347  205  
347  206  
347  207  
348  208  
348  209  
348  210  
349  211  
349  212  
350  213  
350  214  
350  215  
351  216  
351  217  
351  218  
352  219  
352  220  
352  221  
353  222  
353  223  
353  224  
354  225  
354  226  
354  227  
355  228  
355  229  
356  230  
356  231  
356  232  
357  233  
357  234  
357  235  
358  236  
358  237  
359  238  
359  239  
359  240  
360  241  
360  242  
360  243  
361  244  
361  245  
361  246  
362  247  
362  248  
363  249  
363  250  
363  251  
364  252  
364  253  
364  254  
365  255  
365  256  
73  205  
70  206  
71  206  
72  206  
68  207  
69  207  
66  208  
67  208  
64  209  
65  209  
61  210  
62  210  
63  210  
58  211  
59  211  
60  211  
55  212  
56  212  
57  212  
53  213  
54  213  
49  214  
50  214  
51  214  
52  214  
48  215  
45  216  
46  216  
47  216  
43  217  
44  217  
40  218  
41  218  
42  218  
342  208  
343  208  
344  208  
340  209  
341  209  
337  210  
338  210  
339  210  
334  211  
335  211  
336  211  
332  212  
333  212  
329  213  
330  213  
331  213  
326  214  
327  214  
328  214  
324  215  
325  215  
321  216  
322  216  
323  216  
319  217  
320  217  
316  218  
317  218  
318  218  
314  219  
315  219  
311  220  
312  220  
313  220  
308  221  
309  221  
310  221  
306  222  
307  222  
303  223  
304  223  
305  223  
300  224  
301  224  
302  224  
345  211  
346  211  
342  212  
343  212  
344  212  
340  213  
341  213  
337  214  
338  214  
339  214  
335  215  
336  215  
332  216  
333  216  
334  216  
329  217  
330  217  
331  217  
327  218  
328  218  
324  219  
325  219  
326  219  
321  220  
322  220  
323  220  
319  221  
320  221  
316  222  
317  222  
318  222  
313  223  
314  223  
315  223  
311  224  
312  224  
308  225  
309  225  
310  225  
306  226  
307  226  
303  227  
304  227  
305  227  
301  228  
302  228  
87  219  
88  220  
88  221  
89  222  
89  223  
89  224  
90  225  
90  226  
91  227  
91  228  
91  229  
92  230  
92  231  
93  232  
93  233  
93  234  
94  235  
94  236  
95  237  
95  238  
96  239  
96  240  
237  222  
238  222  
239  222  
235  223  
236  223  
233  224  
234  224  
230  225  
231  225  
232  225  
227  226  
228  226  
229  226  
225  227  
226  227  
222  228  
223  228  
224  228  
220  229  
221  229  
218  230  
219  230  
215  231  
216  231  
217  231  
213  232  
214  232  
287  222  
287  223  
288  224  
288  225  
288  226  
289  227  
289  228  
290  229  
290  230  
290  231  
291  232  
291  233  
291  234  
292  235  
292  236  
292  237  
293  238  
293  239  
293  240  
294  241  
294  242  
294  243  
295  244  
295  245  
296  246  
296  247  
296  248  
297  249  
297  250  
379  224  
379  225  
379  226  
380  227  
380  228  
380  229  
381  230  
381  231  
381  232  
382  233  
382  234  
382  235  
383  236  
383  237  
384  238  
384  239  
384  240  
385  241  
385  242  
385  243  
386  244  
386  245  
386  246  
387  247  
387  248  
388  249  
388  250  
388  251  
389  252  
389  253  
389  254  
390  255  
390  256  
390  257  
391  258  
391  259  
391  260  
392  261  
392  262  
392  263  
348  225  
349  225  
350  225  
351  225  
346  226  
347  226  
344  227  
345  227  
341  228  
342  228  
343  228  
338  229  
339  229  
340  229  
336  230  
337  230  
333  231  
334  231  
335  231  
331  232  
332  232  
328  233  
329  233  
330  233  
325  234  
326  234  
327  234  
323  235  
324  235  
320  236  
321  236  
322  236  
318  237  
319  237  
315  238  
316  238  
317  238  
312  239  
313  239  
314  239  
310  240  
311  240  
307  241  
308  241  
309  241  
306  242  
351  228  
352  228  
349  229  
350  229  
346  230  
347  230  
348  230  
343  231  
344  231  
345  231  
341  232  
342  232  
338  233  
339  233  
340  233  
336  234  
337  234  
333  235  
334  235  
335  235  
330  236  
331  236  
332  236  
328  237  
329  237  
325  238  
326  238  
327  238  
323  239  
324  239  
320  240  
321  240  
322  240  
318  241  
319  241  
315  242  
316  242  
317  242  
313  243  
314  243  
32  240  
33  240  
34  240  
35  240  
36  240  
37  241  
38  241  
39  241  
40  241  
41  241  
42  242  
43  242  
44  242  
45  242  
46  242  
47  243  
48  243  
49  243  
50  243  
51  244  
52  244  
356  241  
353  242  
354  242  
355  242  
351  243  
352  243  
349  244  
350  244  
346  245  
347  245  
348  245  
343  246  
344  246  
345  246  
340  247  
341  247  
342  247  
337  248  
338  248  
339  248  
334  249  
335  249  
336  249  
331  250  
332  250  
333  250  
330  243  
331  243  
327  244  
328  244  
329  244  
322  245  
323  245  
324  245  
325  245  
326  245  
317  246  
318  246  
319  246  
320  246  
321  246  
313  247  
314  247  
315  247  
316  247  
310  248  
311  248  
312  248  
308  249  
309  249  
62  247  
62  248  
63  249  
63  250  
64  251  
64  252  
65  253  
65  254  
65  255  
66  256  
66  257  
66  258  
67  259  
67  260  
68  261  
68  262  
68  263  
69  264  
69  265  
70  266  
70  267  
70  268  
71  269  
71  270  
72  271  
72  272  
72  273  
73  274  
73  275  
73  276  
74  277  
74  278  
75  279  
75  280  
75  281  
76  282  
76  283  
77  284  
77  285  
77  286  
78  287  
78  288  
79  289  
79  290  
79  291  
80  292  
80  293  
81  294  
81  295  
81  296  
82  297  
82  298  
82  299  
83  300  
83  301  
84  302  
84  303  
84  304  
85  305  
85  306  
86  307  
86  308  
86  309  
87  310  
87  311  
88  312  
88  313  
88  314  
89  315  
89  316  
90  317  
90  318  
90  319  
91  320  
91  321  
92  322  
92  323  
92  324  
93  325  
93  326  
94  327  
94  328  
95  329  
95  330  
352  262  
353  262  
349  263  
350  263  
351  263  
346  264  
347  264  
348  264  
343  265  
344  265  
345  265  
340  266  
341  266  
342  266  
338  267  
339  267  
336  268  
337  268  
333  269  
334  269  
335  269  
331  270  
332  270  
328  271  
329  271  
330  271  
325  272  
326  272  
327  272  
323  273  
324  273  
320  274  
321  274  
322  274  
317  275  
318  275  
319  275  
316  276  
114  263  
114  264  
115  265  
115  266  
115  267  
116  268  
116  269  
117  270  
117  271  
117  272  
118  273  
118  274  
119  275  
119  276  
119  277  
120  278  
120  279  
120  280  
121  281  
121  282  
122  283  
122  284  
123  285  
123  286  
123  287  
124  288  
124  289  
124  290  
125  291  
125  292  
126  293  
126  294  
127  295  
127  296  
127  297  
128  298  
128  299  
128  300  
129  301  
129  302  
130  303  
130  304  
130  305  
131  306  
131  307  
131  308  
132  309  
132  310  
133  311  
133  312  
133  313  
134  314  
134  315  
135  316  
135  317  
347  268  
348  268  
349  268  
344  269  
345  269  
346  269  
341  270  
342  270  
343  270  
339  271  
340  271  
336  272  
337  272  
338  272  
334  273  
335  273  
331  274  
332  274  
333  274  
328  275  
329  275  
330  275  
326  276  
327  276  
323  277  
324  277  
325  277  
320  278  
321  278  
322  278  
318  279  
319  279  
317  280  
367  275  
368  275  
365  276  
366  276  
362  277  
363  277  
364  277  
359  278  
360  278  
361  278  
357  279  
358  279  
354  280  
355  280  
356  280  
352  281  
353  281  
349  282  
350  282  
351  282  
346  283  
347  283  
348  283  
343  284  
344  284  
345  284  
341  285  
342  285  
338  286  
339  286  
340  286  
335  287  
336  287  
337  287  
333  288  
334  288  
330  289  
331  289  
332  289  
327  290  
328  290  
329  290  
324  291  
325  291  
326  291  
322  292  
323  292  
377  277  
377  278  
378  279  
378  280  
378  281  
379  282  
379  283  
380  284  
380  285  
380  286  
381  287  
381  288  
381  289  
382  290  
382  291  
382  292  
383  293  
383  294  
384  295  
384  296  
384  297  
385  298  
385  299  
385  300  
386  301  
386  302  
387  303  
387  304  
387  305  
388  306  
388  307  
388  308  
389  309  
389  310  
390  311  
390  312  
390  313  
391  314  
391  315  
391  316  
392  317  
392  318  
393  319  
393  320  
393  321  
394  322  
394  323  
394  324  
395  325  
395  326  
396  327  
396  328  
396  329  
397  330  
397  331  
397  332  
398  333  
398  334  
373  278  
373  279  
374  280  
374  281  
375  282  
375  283  
375  284  
376  285  
376  286  
376  287  
377  288  
377  289  
377  290  
378  291  
378  292  
378  293  
379  294  
379  295  
380  296  
380  297  
380  298  
381  299  
381  300  
382  301  
382  302  
382  303  
383  304  
383  305  
383  306  
384  307  
384  308  
384  309  
385  310  
385  311  
386  312  
386  313  
386  314  
387  315  
387  316  
388  317  
388  318  
388  319  
389  320  
389  321  
389  322  
390  323  
390  324  
390  325  
391  326  
391  327  
392  328  
392  329  
392  330  
393  331  
393  332  
394  333  
394  334  
394  335  
369  279  
370  279  
366  280  
367  280  
368  280  
363  281  
364  281  
365  281  
361  282  
362  282  
358  283  
359  283  
360  283  
355  284  
356  284  
357  284  
352  285  
353  285  
354  285  
350  286  
351  286  
347  287  
348  287  
349  287  
344  288  
345  288  
346  288  
341  289  
342  289  
343  289  
339  290  
340  290  
336  291  
337  291  
338  291  
333  292  
334  292  
335  292  
331  293  
332  293  
328  294  
329  294  
330  294  
325  295  
326  295  
327  295  
322  296  
323  296  
324  296  
32  288  
33  289  
33  290  
33  291  
33  292  
34  293  
34  294  
35  295  
35  296  
36  297  
36  298  
36  299  
36  300  
37  301  
37  302  
38  303  
38  304  
39  305  
39  306  
39  307  
40  308  
40  309  
40  310  
41  311  
41  312  
41  313  
42  314  
42  315  
43  316  
43  317  
44  318  
44  319  
44  320  
45  321  
45  322  
46  323  
46  324  
47  325  
47  326  
47  327  
48  328  
48  329  
48  330  
49  331  
49  332  
374  292  
375  292  
371  293  
372  293  
373  293  
369  294  
370  294  
366  295  
367  295  
368  295  
363  296  
364  296  
365  296  
361  297  
362  297  
358  298  
359  298  
360  298  
355  299  
356  299  
357  299  
352  300  
353  300  
354  300  
350  301  
351  301  
347  302  
348  302  
349  302  
344  303  
345  303  
346  303  
342  304  
343  304  
339  305  
340  305  
341  305  
336  306  
337  306  
338  306  
333  307  
334  307  
335  307  
331  308  
332  308  
328  309  
329  309  
330  309  
376  295  
374  296  
375  296  
371  297  
372  297  
373  297  
368  298  
369  298  
370  298  
366  299  
367  299  
363  300  
364  300  
365  300  
360  301  
361  301  
362  301  
358  302  
359  302  
355  303  
356  303  
357  303  
352  304  
353  304  
354  304  
349  305  
350  305  
351  305  
347  306  
348  306  
344  307  
345  307  
346  307  
341  308  
342  308  
343  308  
339  309  
340  309  
336  310  
337  310  
338  310  
333  311  
334  311  
335  311  
331  312  
332  312  
328  313  
329  313  
330  313  
327  314  
317  304  
317  305  
317  306  
318  307  
318  308  
319  309  
319  310  
319  311  
320  312  
320  313  
321  314  
321  315  
321  316  
322  317  
322  318  
322  319  
323  320  
323  321  
324  322  
324  323  
324  324  
325  325  
325  326  
325  327  
326  328  
326  329  
327  330  
327  331  
327  332  
328  333  
328  334  
328  335  
329  336  
329  337  
330  338  
330  339  
330  340  
331  341  
331  342  
332  343  
332  344  
332  345  
333  346  
333  347  
333  348  
334  349  
334  350  
335  351  
335  352  
335  353  
336  354  
336  355  
336  356  
337  357  
380  309  
381  309  
377  310  
378  310  
379  310  
374  311  
375  311  
376  311  
372  312  
373  312  
369  313  
370  313  
371  313  
366  314  
367  314  
368  314  
363  315  
364  315  
365  315  
360  316  
361  316  
362  316  
358  317  
359  317  
355  318  
356  318  
357  318  
352  319  
353  319  
354  319  
349  320  
350  320  
351  320  
347  321  
348  321  
344  322  
345  322  
346  322  
341  323  
342  323  
343  323  
338  324  
339  324  
340  324  
335  325  
336  325  
337  325  
334  326  
296  310  
296  311  
296  312  
297  313  
297  314  
298  315  
298  316  
298  317  
299  318  
299  319  
300  320  
300  321  
300  322  
301  323  
301  324  
301  325  
302  326  
302  327  
302  328  
303  329  
303  330  
304  331  
304  332  
304  333  
305  334  
305  335  
306  336  
306  337  
306  338  
307  339  
307  340  
308  341  
308  342  
308  343  
309  344  
309  345  
309  346  
310  347  
310  348  
310  349  
311  350  
311  351  
312  352  
312  353  
313  354  
313  355  
313  356  
314  357  
314  358  
315  359  
315  360  
315  361  
316  362  
316  363  
316  364  
317  365  
317  366  
317  367  
318  368  
318  369  
319  370  
319  371  
319  372  
320  373  
320  374  
320  375  
321  376  
321  377  
322  378  
322  379  
322  380  
323  381  
323  382  
324  383  
324  384  
324  385  
325  386  
325  387  
325  388  
326  389  
326  390  
327  391  
327  392  
327  393  
328  394  
328  395  
329  396  
329  397  
329  398  
330  399  
330  400  
330  401  
331  402  
331  403  
332  404  
332  405  
332  406  
333  407  
333  408  
333  409  
334  410  
334  411  
335  412  
335  413  
335  414  
336  415  
336  416  
337  417  
337  418  
337  419  
338  420  
338  421  
338  422  
339  423  
339  424  
301  310  
301  311  
301  312  
302  313  
302  314  
302  315  
303  316  
303  317  
304  318  
304  319  
304  320  
305  321  
305  322  
305  323  
306  324  
306  325  
307  326  
307  327  
307  328  
308  329  
308  330  
308  331  
309  332  
309  333  
310  334  
310  335  
310  336  
311  337  
311  338  
312  339  
312  340  
312  341  
313  342  
313  343  
313  344  
314  345  
314  346  
315  347  
315  348  
315  349  
316  350  
316  351  
316  352  
317  353  
317  354  
318  355  
318  356  
318  357  
319  358  
319  359  
320  360  
320  361  
320  362  
321  363  
321  364  
321  365  
322  366  
322  367  
323  368  
323  369  
323  370  
324  371  
324  372  
324  373  
325  374  
325  375  
326  376  
326  377  
326  378  
327  379  
327  380  
327  381  
328  382  
328  383  
329  384  
329  385  
329  386  
330  387  
330  388  
330  389  
331  390  
331  391  
332  392  
332  393  
332  394  
333  395  
333  396  
334  397  
334  398  
334  399  
335  400  
335  401  
335  402  
336  403  
336  404  
337  405  
337  406  
337  407  
338  408  
338  409  
338  410  
339  411  
339  412  
340  413  
340  414  
340  415  
341  416  
341  417  
342  418  
342  419  
342  420  
343  421  
343  422  
343  423  
344  424  
382  312  
379  313  
380  313  
381  313  
377  314  
378  314  
374  315  
375  315  
376  315  
371  316  
372  316  
373  316  
369  317  
370  317  
366  318  
367  318  
368  318  
363  319  
364  319  
365  319  
360  320  
361  320  
362  320  
357  321  
358  321  
359  321  
355  322  
356  322  
352  323  
353  323  
354  323  
349  324  
350  324  
351  324  
346  325  
347  325  
348  325  
343  326  
344  326  
345  326  
341  327  
342  327  
338  328  
339  328  
340  328  
336  329  
337  329  
283  324  
284  324  
285  324  
286  324  
287  324  
280  325  
281  325  
282  325  
277  326  
278  326  
279  326  
274  327  
275  327  
276  327  
271  328  
272  328  
273  328  
269  329  
270  329  
267  330  
268  330  
387  325  
384  326  
385  326  
386  326  
382  327  
383  327  
379  328  
380  328  
381  328  
376  329  
377  329  
378  329  
373  330  
374  330  
375  330  
370  331  
371  331  
372  331  
367  332  
368  332  
369  332  
364  333  
365  333  
366  333  
361  334  
362  334  
363  334  
359  335  
360  335  
356  336  
357  336  
358  336  
353  337  
354  337  
355  337  
350  338  
351  338  
352  338  
347  339  
348  339  
349  339  
344  340  
345  340  
346  340  
342  341  
343  341  
387  329  
388  329  
384  330  
385  330  
386  330  
381  331  
382  331  
383  331  
378  332  
379  332  
380  332  
375  333  
376  333  
377  333  
372  334  
373  334  
374  334  
370  335  
371  335  
367  336  
368  336  
369  336  
364  337  
365  337  
366  337  
361  338  
362  338  
363  338  
358  339  
359  339  
360  339  
355  340  
356  340  
357  340  
353  341  
354  341  
350  342  
351  342  
352  342  
347  343  
348  343  
349  343  
344  344  
345  344  
346  344  
342  345  
343  345  
32  331  
32  332  
33  333  
33  334  
33  335  
34  336  
34  337  
35  338  
35  339  
35  340  
36  341  
36  342  
37  343  
37  344  
37  345  
38  346  
38  347  
38  348  
39  349  
39  350  
39  351  
40  352  
40  353  
41  354  
41  355  
41  356  
42  357  
42  358  
43  359  
43  360  
43  361  
44  362  
44  363  
45  364  
45  365  
45  366  
46  367  
46  368  
47  369  
47  370  
47  371  
48  372  
48  373  
49  374  
49  375  
50  376  
50  377  
50  378  
51  379  
51  380  
51  381  
52  382  
52  383  
53  384  
53  385  
53  386  
54  387  
54  388  
55  389  
55  390  
55  391  
56  392  
56  393  
56  394  
57  395  
57  396  
57  397  
58  398  
58  399  
59  400  
59  401  
59  402  
60  403  
60  404  
61  405  
61  406  
61  407  
62  408  
62  409  
63  410  
63  411  
63  412  
64  413  
64  414  
65  415  
65  416  
65  417  
66  418  
66  419  
67  420  
67  421  
67  422  
68  423  
68  424  
69  425  
69  426  
70  427  
70  428  
70  429  
71  430  
71  431  
72  432  
72  433  
72  434  
73  435  
73  436  
74  437  
74  438  
74  439  
75  440  
75  441  
75  442  
76  443  
76  444  
77  445  
77  446  
77  447  
78  448  
78  449  
78  450  
79  451  
79  452  
79  453  
80  454  
80  455  
80  456  
81  457  
81  458  
82  459  
82  460  
82  461  
83  462  
83  463  
83  464  
84  465  
84  466  
85  467  
85  468  
85  469  
86  470  
86  471  
87  472  
87  473  
87  474  
88  475  
88  476  
89  477  
89  478  
89  479  
90  480  
90  481  
90  482  
91  483  
91  484  
92  485  
92  486  
92  487  
93  488  
93  489  
94  490  
94  491  
94  492  
95  493  
95  494  
95  495  
96  496  
96  497  
97  498  
97  499  
97  500  
98  501  
98  502  
99  503  
99  504  
99  505  
100  506  
100  507  
100  508  
101  509  
101  510  
102  511  
102  512  
102  513  
103  514  
103  515  
103  516  
104  517  
104  518  
104  519  
105  520  
105  521  
106  522  
106  523  
106  524  
107  525  
107  526  
107  527  
108  528  
108  529  
109  530  
109  531  
109  532  
110  533  
110  534  
110  535  
111  536  
111  537  
112  538  
112  539  
112  540  
113  541  
113  542  
114  543  
114  544  
114  545  
115  546  
115  547  
115  548  
116  549  
116  550  
117  551  
117  552  
117  553  
118  554  
118  555  
119  556  
119  557  
119  558  
120  559  
120  560  
120  561  
121  562  
121  563  
122  564  
122  565  
122  566  
123  567  
123  568  
124  569  
124  570  
124  571  
125  572  
125  573  
126  574  
126  575  
126  576  
127  577  
127  578  
128  579  
128  580  
128  581  
129  582  
129  583  
130  584  
130  585  
130  586  
131  587  
131  588  
131  589  
132  590  
132  591  
133  592  
133  593  
133  594  
134  595  
134  596  
135  597  
135  598  
135  599  
136  600  
136  601  
137  602  
137  603  
137  604  
138  605  
138  606  
139  607  
139  608  
52  340  
52  341  
52  342  
53  343  
53  344  
54  345  
54  346  
54  347  
55  348  
55  349  
56  350  
56  351  
56  352  
57  353  
57  354  
57  355  
58  356  
58  357  
59  358  
59  359  
59  360  
60  361  
60  362  
60  363  
61  364  
61  365  
62  366  
62  367  
62  368  
63  369  
63  370  
238  343  
239  343  
235  344  
236  344  
237  344  
232  345  
233  345  
234  345  
230  346  
231  346  
228  347  
229  347  
225  348  
226  348  
227  348  
223  349  
224  349  
220  350  
221  350  
222  350  
217  351  
218  351  
219  351  
215  352  
216  352  
213  353  
214  353  
211  354  
212  354  
208  355  
209  355  
210  355  
206  356  
207  356  
204  357  
205  357  
202  358  
203  358  
200  359  
201  359  
198  360  
199  360  
197  361  
246  344  
247  344  
242  345  
243  345  
244  345  
245  345  
240  346  
241  346  
237  347  
238  347  
239  347  
235  348  
236  348  
232  349  
233  349  
234  349  
230  350  
231  350  
228  351  
229  351  
224  352  
225  352  
226  352  
227  352  
222  353  
223  353  
220  354  
221  354  
217  355  
218  355  
219  355  
215  356  
216  356  
212  357  
213  357  
214  357  
210  358  
211  358  
208  359  
209  359  
205  360  
206  360  
207  360  
203  361  
204  361  
201  362  
202  362  
388  345  
389  345  
385  346  
386  346  
387  346  
383  347  
384  347  
380  348  
381  348  
382  348  
377  349  
378  349  
379  349  
374  350  
375  350  
376  350  
372  351  
373  351  
369  352  
370  352  
371  352  
366  353  
367  353  
368  353  
363  354  
364  354  
365  354  
360  355  
361  355  
362  355  
358  356  
359  356  
355  357  
356  357  
357  357  
352  358  
353  358  
354  358  
349  359  
350  359  
351  359  
422  345  
422  346  
423  347  
423  348  
423  349  
424  350  
424  351  
425  352  
425  353  
425  354  
426  355  
426  356  
426  357  
427  358  
427  359  
428  360  
428  361  
428  362  
429  363  
429  364  
429  365  
430  366  
430  367  
431  368  
431  369  
431  370  
432  371  
432  372  
432  373  
433  374  
433  375  
433  376  
434  377  
434  378  
434  379  
435  380  
435  381  
436  382  
436  383  
436  384  
437  385  
437  386  
438  387  
438  388  
438  389  
439  390  
439  391  
439  392  
440  393  
440  394  
441  395  
441  396  
441  397  
388  350  
389  350  
390  350  
386  351  
387  351  
383  352  
384  352  
385  352  
380  353  
381  353  
382  353  
378  354  
379  354  
375  355  
376  355  
377  355  
372  356  
373  356  
374  356  
370  357  
371  357  
405  352  
405  353  
405  354  
406  355  
406  356  
406  357  
407  358  
407  359  
408  360  
408  361  
408  362  
409  363  
409  364  
409  365  
410  366  
410  367  
411  368  
411  369  
411  370  
412  371  
412  372  
412  373  
413  374  
413  375  
413  376  
414  377  
414  378  
414  379  
415  380  
415  381  
416  382  
416  383  
416  384  
417  385  
417  386  
417  387  
418  388  
418  389  
418  390  
419  391  
419  392  
419  393  
420  394  
420  395  
402  355  
402  356  
402  357  
403  358  
403  359  
403  360  
404  361  
404  362  
404  363  
405  364  
405  365  
406  366  
406  367  
406  368  
407  369  
407  370  
407  371  
408  372  
408  373  
408  374  
409  375  
409  376  
409  377  
410  378  
410  379  
410  380  
411  381  
411  382  
412  383  
412  384  
412  385  
413  386  
413  387  
413  388  
414  389  
414  390  
415  391  
415  392  
415  393  
416  394  
416  395  
416  396  
361  360  
362  360  
358  361  
359  361  
360  361  
355  362  
356  362  
357  362  
352  363  
353  363  
354  363  
349  364  
350  364  
351  364  
346  365  
347  365  
348  365  
343  366  
344  366  
345  366  
437  361  
437  362  
438  363  
438  364  
439  365  
439  366  
439  367  
440  368  
440  369  
441  370  
441  371  
441  372  
442  373  
442  374  
442  375  
443  376  
443  377  
443  378  
444  379  
444  380  
444  381  
399  362  
400  362  
401  362  
396  363  
397  363  
398  363  
393  364  
394  364  
395  364  
390  365  
391  365  
392  365  
388  366  
389  366  
385  367  
386  367  
387  367  
382  368  
383  368  
384  368  
379  369  
380  369  
381  369  
377  370  
378  370  
374  371  
375  371  
376  371  
371  372  
372  372  
373  372  
368  373  
369  373  
370  373  
366  374  
367  374  
363  375  
364  375  
365  375  
360  376  
361  376  
362  376  
357  377  
358  377  
359  377  
354  378  
355  378  
356  378  
353  379  
352  380  
401  365  
402  365  
399  366  
400  366  
396  367  
397  367  
398  367  
393  368  
394  368  
395  368  
390  369  
391  369  
392  369  
387  370  
388  370  
389  370  
385  371  
386  371  
382  372  
383  372  
384  372  
379  373  
380  373  
381  373  
376  374  
377  374  
378  374  
374  375  
375  375  
371  376  
372  376  
373  376  
368  377  
369  377  
370  377  
366  378  
367  378  
363  379  
364  379  
365  379  
360  380  
361  380  
362  380  
357  381  
358  381  
359  381  
355  382  
356  382  
186  366  
184  367  
185  367  
182  368  
183  368  
180  369  
181  369  
178  370  
179  370  
177  371  
175  372  
176  372  
173  373  
174  373  
171  374  
172  374  
169  375  
170  375  
167  376  
168  376  
165  377  
166  377  
163  378  
164  378  
162  379  
344  375  
344  376  
344  377  
345  378  
345  379  
345  380  
346  381  
346  382  
346  383  
347  384  
347  385  
347  386  
348  387  
348  388  
349  389  
349  390  
349  391  
350  392  
350  393  
351  394  
351  395  
352  396  
352  397  
352  398  
353  399  
353  400  
353  401  
354  402  
354  403  
355  404  
355  405  
355  406  
356  407  
356  408  
356  409  
357  410  
357  411  
357  412  
358  413  
358  414  
359  415  
359  416  
359  417  
360  418  
360  419  
361  420  
361  421  
362  422  
362  423  
363  424  
404  379  
405  379  
406  379  
407  379  
402  380  
403  380  
399  381  
400  381  
401  381  
396  382  
397  382  
398  382  
393  383  
394  383  
395  383  
391  384  
392  384  
388  385  
389  385  
390  385  
385  386  
386  386  
387  386  
382  387  
383  387  
384  387  
379  388  
380  388  
381  388  
376  389  
377  389  
378  389  
373  390  
374  390  
375  390  
371  391  
372  391  
369  392  
370  392  
114  380  
114  381  
115  382  
115  383  
116  384  
116  385  
116  386  
117  387  
117  388  
117  389  
118  390  
118  391  
118  392  
119  393  
119  394  
120  395  
120  396  
121  397  
121  398  
121  399  
122  400  
122  401  
122  402  
123  403  
123  404  
124  405  
124  406  
124  407  
125  408  
125  409  
125  410  
126  411  
126  412  
127  413  
127  414  
128  415  
128  416  
128  417  
128  418  
129  419  
129  420  
130  421  
130  422  
131  423  
131  424  
131  425  
132  426  
132  427  
133  428  
133  429  
133  430  
134  431  
134  432  
135  433  
135  434  
135  435  
136  436  
136  437  
137  438  
137  439  
137  440  
138  441  
138  442  
139  443  
139  444  
139  445  
140  446  
140  447  
140  448  
141  449  
141  450  
142  451  
142  452  
142  453  
143  454  
143  455  
144  456  
144  457  
144  458  
145  459  
145  460  
145  461  
146  462  
146  463  
147  464  
147  465  
147  466  
148  467  
148  468  
149  469  
149  470  
149  471  
150  472  
150  473  
151  474  
151  475  
151  476  
152  477  
152  478  
152  479  
153  480  
153  481  
153  482  
154  483  
154  484  
154  485  
155  486  
155  487  
155  488  
156  489  
156  490  
157  491  
157  492  
158  493  
158  494  
158  495  
159  496  
159  497  
159  498  
160  499  
160  500  
160  501  
161  502  
161  503  
407  382  
408  382  
404  383  
405  383  
406  383  
401  384  
402  384  
403  384  
399  385  
400  385  
396  386  
397  386  
398  386  
393  387  
394  387  
395  387  
390  388  
391  388  
392  388  
388  389  
389  389  
385  390  
386  390  
387  390  
382  391  
383  391  
384  391  
379  392  
380  392  
381  392  
377  393  
378  393  
374  394  
375  394  
376  394  
371  395  
372  395  
373  395  
370  396  
339  386  
340  387  
340  388  
341  389  
341  390  
342  391  
342  392  
343  393  
343  394  
344  395  
344  396  
345  397  
345  398  
345  399  
346  400  
346  401  
346  402  
347  403  
347  404  
347  405  
348  406  
348  407  
348  408  
349  409  
349  410  
350  411  
350  412  
350  413  
154  390  
154  391  
155  392  
155  393  
156  394  
156  395  
157  396  
157  397  
157  398  
158  399  
158  400  
158  401  
159  402  
159  403  
159  404  
160  405  
160  406  
160  407  
161  408  
161  409  
161  410  
162  411  
162  412  
163  413  
163  414  
164  415  
164  416  
164  417  
165  418  
165  419  
165  420  
166  421  
166  422  
167  423  
167  424  
72  393  
73  394  
73  395  
73  396  
74  397  
74  398  
74  399  
75  400  
75  401  
76  402  
76  403  
76  404  
77  405  
77  406  
78  407  
78  408  
78  409  
79  410  
79  411  
79  412  
80  413  
80  414  
80  415  
81  416  
81  417  
82  418  
82  419  
82  420  
83  421  
83  422  
84  423  
84  424  
84  425  
85  426  
85  427  
86  428  
86  429  
86  430  
87  431  
87  432  
88  433  
88  434  
88  435  
89  436  
89  437  
90  438  
90  439  
90  440  
91  441  
91  442  
91  443  
92  444  
92  445  
93  446  
93  447  
93  448  
94  449  
94  450  
95  451  
95  452  
95  453  
96  454  
96  455  
96  456  
97  457  
97  458  
98  459  
98  460  
98  461  
99  462  
99  463  
100  464  
100  465  
100  466  
101  467  
101  468  
102  469  
102  470  
102  471  
103  472  
103  473  
104  474  
104  475  
104  476  
105  477  
105  478  
105  479  
106  480  
106  481  
107  482  
107  483  
107  484  
108  485  
108  486  
108  487  
109  488  
109  489  
110  490  
110  491  
110  492  
111  493  
111  494  
112  495  
112  496  
112  497  
113  498  
113  499  
114  500  
114  501  
114  502  
115  503  
115  504  
115  505  
116  506  
116  507  
117  508  
117  509  
117  510  
118  511  
118  512  
412  395  
413  395  
409  396  
410  396  
411  396  
406  397  
407  397  
408  397  
404  398  
405  398  
401  399  
402  399  
403  399  
398  400  
399  400  
400  400  
395  401  
396  401  
397  401  
392  402  
393  402  
394  402  
389  403  
390  403  
391  403  
386  404  
387  404  
388  404  
384  405  
385  405  
382  406  
383  406  
406  401  
407  401  
403  402  
404  402  
405  402  
400  403  
401  403  
402  403  
398  404  
399  404  
395  405  
396  405  
397  405  
392  406  
393  406  
394  406  
390  407  
391  407  
387  408  
388  408  
389  408  
384  409  
385  409  
386  409  
383  410  
429  429  
429  430  
429  431  
430  432  
430  433  
430  434  
431  435  
431  436  
431  437  
432  438  
432  439  
433  440  
433  441  
433  442  
434  443  
434  444  
435  445  
435  446  
435  447  
436  448  
436  449  
437  450  
437  451  
438  452  
438  453  
438  454  
439  455  
439  456  
439  457  
440  458  
440  459  
440  460  
441  461  
441  462  
442  463  
442  464  
442  465  
443  466  
443  467  
444  468  
444  469  
444  470  
445  471  
445  472  
445  473  
446  474  
433  429  
433  430  
434  431  
434  432  
434  433  
435  434  
435  435  
435  436  
436  437  
436  438  
437  439  
437  440  
437  441  
438  442  
438  443  
438  444  
439  445  
439  446  
440  447  
440  448  
440  449  
441  450  
441  451  
441  452  
442  453  
442  454  
443  455  
443  456  
443  457  
444  458  
444  459  
444  460  
445  461  
445  462  
446  463  
446  464  
447  465  
447  466  
447  467  
448  468  
448  469  
448  470  
339  444  
340  444  
336  445  
337  445  
338  445  
333  446  
334  446  
335  446  
330  447  
331  447  
332  447  
328  448  
329  448  
325  449  
326  449  
327  449  
322  450  
323  450  
324  450  
320  451  
321  451  
317  452  
318  452  
319  452  
315  453  
316  453  
312  454  
313  454  
314  454  
310  455  
311  455  
307  456  
308  456  
309  456  
304  457  
305  457  
306  457  
301  458  
302  458  
303  458  
299  459  
300  459  
296  460  
297  460  
298  460  
293  461  
294  461  
295  461  
291  462  
292  462  
288  463  
289  463  
290  463  
285  464  
286  464  
287  464  
282  465  
283  465  
284  465  
279  466  
280  466  
281  466  
277  467  
278  467  
274  468  
275  468  
276  468  
272  469  
273  469  
269  470  
270  470  
271  470  
266  471  
267  471  
268  471  
263  472  
264  472  
265  472  
261  473  
262  473  
258  474  
259  474  
260  474  
255  475  
256  475  
257  475  
253  476  
254  476  
250  477  
251  477  
252  477  
248  478  
249  478  
245  479  
246  479  
247  479  
242  480  
243  480  
244  480  
239  481  
240  481  
241  481  
237  482  
238  482  
234  483  
235  483  
236  483  
231  484  
232  484  
233  484  
228  485  
229  485  
230  485  
225  486  
226  486  
227  486  
223  487  
224  487  
220  488  
221  488  
222  488  
218  489  
219  489  
215  490  
216  490  
217  490  
212  491  
213  491  
214  491  
209  492  
210  492  
211  492  
343  450  
344  450  
345  450  
341  451  
342  451  
338  452  
339  452  
340  452  
335  453  
336  453  
337  453  
332  454  
333  454  
334  454  
330  455  
331  455  
327  456  
328  456  
329  456  
324  457  
325  457  
326  457  
322  458  
323  458  
319  459  
320  459  
321  459  
316  460  
317  460  
318  460  
314  461  
315  461  
311  462  
312  462  
313  462  
308  463  
309  463  
310  463  
305  464  
306  464  
307  464  
303  465  
304  465  
300  466  
301  466  
302  466  
297  467  
298  467  
299  467  
295  468  
296  468  
292  469  
293  469  
294  469  
289  470  
290  470  
291  470  
287  471  
288  471  
284  472  
285  472  
286  472  
281  473  
282  473  
283  473  
278  474  
279  474  
280  474  
276  475  
277  475  
273  476  
274  476  
275  476  
270  477  
271  477  
272  477  
268  478  
269  478  
265  479  
266  479  
267  479  
262  480  
263  480  
264  480  
260  481  
261  481  
257  482  
258  482  
259  482  
254  483  
255  483  
256  483  
252  484  
253  484  
249  485  
250  485  
251  485  
246  486  
247  486  
248  486  
244  487  
245  487  
241  488  
242  488  
243  488  
238  489  
239  489  
240  489  
235  490  
236  490  
237  490  
233  491  
234  491  
230  492  
231  492  
232  492  
227  493  
228  493  
229  493  
224  494  
225  494  
226  494  
222  495  
223  495  
219  496  
220  496  
221  496  
216  497  
217  497  
218  497  
214  498  
215  498  
213  499  
372  450  
372  451  
372  452  
373  453  
373  454  
374  455  
374  456  
374  457  
375  458  
375  459  
375  460  
376  461  
376  462  
377  463  
377  464  
377  465  
378  466  
378  467  
378  468  
379  469  
379  470  
380  471  
380  472  
380  473  
381  474  
381  475  
381  476  
382  477  
382  478  
383  479  
383  480  
383  481  
384  482  
384  483  
385  484  
385  485  
385  486  
386  487  
386  488  
386  489  
387  490  
387  491  
388  492  
388  493  
388  494  
389  495  
376  450  
376  451  
376  452  
377  453  
377  454  
378  455  
378  456  
378  457  
379  458  
379  459  
379  460  
380  461  
380  462  
381  463  
381  464  
381  465  
382  466  
382  467  
382  468  
383  469  
383  470  
383  471  
384  472  
384  473  
385  474  
385  475  
385  476  
386  477  
386  478  
387  479  
387  480  
387  481  
388  482  
388  483  
388  484  
389  485  
389  486  
390  487  
390  488  
390  489  
391  490  
391  491  
392  492  
392  493  
392  494  
345  454  
346  454  
342  455  
343  455  
344  455  
339  456  
340  456  
341  456  
336  457  
337  457  
338  457  
334  458  
335  458  
331  459  
332  459  
333  459  
328  460  
329  460  
330  460  
325  461  
326  461  
327  461  
323  462  
324  462  
320  463  
321  463  
322  463  
317  464  
318  464  
319  464  
315  465  
316  465  
312  466  
313  466  
314  466  
309  467  
310  467  
311  467  
306  468  
307  468  
308  468  
304  469  
305  469  
301  470  
302  470  
303  470  
298  471  
299  471  
300  471  
295  472  
296  472  
297  472  
292  473  
293  473  
294  473  
290  474  
291  474  
287  475  
288  475  
289  475  
284  476  
285  476  
286  476  
282  477  
283  477  
279  478  
280  478  
281  478  
276  479  
277  479  
278  479  
273  480  
274  480  
275  480  
271  481  
272  481  
268  482  
269  482  
270  482  
265  483  
266  483  
267  483  
263  484  
264  484  
260  485  
261  485  
262  485  
257  486  
258  486  
259  486  
254  487  
255  487  
256  487  
252  488  
253  488  
249  489  
250  489  
251  489  
246  490  
247  490  
248  490  
244  491  
245  491  
241  492  
242  492  
243  492  
238  493  
239  493  
240  493  
235  494  
236  494  
237  494  
232  495  
233  495  
234  495  
230  496  
231  496  
227  497  
228  497  
229  497  
224  498  
225  498  
226  498  
222  499  
223  499  
219  500  
220  500  
221  500  
216  501  
217  501  
218  501  
213  502  
214  502  
215  502  
404  458  
405  458  
401  459  
402  459  
403  459  
398  460  
399  460  
400  460  
395  461  
396  461  
397  461  
393  462  
394  462  
390  463  
391  463  
392  463  
387  464  
388  464  
389  464  
385  465  
386  465  
355  459  
356  460  
356  461  
356  462  
357  463  
357  464  
357  465  
358  466  
358  467  
359  468  
359  469  
359  470  
360  471  
360  472  
361  473  
361  474  
361  475  
362  476  
362  477  
362  478  
363  479  
363  480  
364  481  
364  482  
364  483  
365  484  
365  485  
365  486  
366  487  
366  488  
367  489  
367  490  
367  491  
368  492  
368  493  
369  494  
369  495  
369  496  
370  497  
370  498  
371  499  
371  500  
371  501  
372  502  
372  503  
373  504  
373  505  
373  506  
374  507  
374  508  
375  509  
375  510  
375  511  
376  512  
376  513  
377  514  
377  515  
377  516  
378  517  
378  518  
379  519  
379  520  
379  521  
380  522  
380  523  
381  524  
381  525  
381  526  
382  527  
382  528  
382  529  
383  530  
383  531  
384  532  
384  533  
385  534  
385  535  
385  536  
386  537  
386  538  
387  539  
388  540  
388  541  
388  542  
361  460  
361  461  
361  462  
362  463  
362  464  
362  465  
363  466  
363  467  
363  468  
364  469  
364  470  
364  471  
365  472  
365  473  
365  474  
366  475  
366  476  
367  477  
367  478  
367  479  
368  480  
368  481  
369  482  
369  483  
369  484  
370  485  
370  486  
370  487  
371  488  
371  489  
372  490  
372  491  
372  492  
373  493  
373  494  
374  495  
374  496  
374  497  
375  498  
375  499  
376  500  
376  501  
351  470  
352  471  
352  472  
352  473  
353  474  
353  475  
354  476  
354  477  
354  478  
355  479  
355  480  
356  481  
356  482  
356  483  
356  484  
357  485  
357  486  
358  487  
358  488  
358  489  
359  490  
359  491  
360  492  
360  493  
360  494  
361  495  
361  496  
362  497  
362  498  
362  499  
363  500  
363  501  
364  502  
364  503  
364  504  
365  505  
365  506  
365  507  
366  508  
366  509  
367  510  
367  511  
367  512  
368  513  
368  514  
368  515  
369  516  
369  517  
369  518  
370  519  
370  520  
370  521  
371  522  
371  523  
372  524  
372  525  
372  526  
373  527  
373  528  
373  529  
374  530  
374  531  
419  471  
420  471  
417  472  
418  472  
414  473  
415  473  
416  473  
411  474  
412  474  
413  474  
408  475  
409  475  
410  475  
405  476  
406  476  
407  476  
403  477  
404  477  
400  478  
401  478  
402  478  
397  479  
398  479  
399  479  
394  480  
395  480  
396  480  
391  481  
392  481  
393  481  
390  482  
314  475  
315  475  
316  475  
311  476  
312  476  
313  476  
308  477  
309  477  
310  477  
305  478  
306  478  
307  478  
302  479  
303  479  
304  479  
300  480  
301  480  
297  481  
298  481  
299  481  
294  482  
295  482  
296  482  
291  483  
292  483  
293  483  
289  484  
290  484  
285  485  
286  485  
287  485  
288  485  
283  486  
284  486  
280  487  
281  487  
282  487  
278  488  
279  488  
275  489  
276  489  
277  489  
272  490  
273  490  
274  490  
269  491  
270  491  
271  491  
267  492  
268  492  
264  493  
265  493  
266  493  
261  494  
262  494  
263  494  
258  495  
259  495  
260  495  
256  496  
257  496  
253  497  
254  497  
255  497  
250  498  
251  498  
252  498  
247  499  
248  499  
249  499  
244  500  
245  500  
246  500  
242  501  
243  501  
239  502  
240  502  
241  502  
237  503  
238  503  
234  504  
235  504  
236  504  
231  505  
232  505  
233  505  
229  506  
230  506  
227  507  
228  507  
357  496  
358  497  
358  498  
359  499  
359  500  
359  501  
360  502  
360  503  
360  504  
361  505  
361  506  
362  507  
362  508  
362  509  
363  510  
363  511  
363  512  
364  513  
364  514  
364  515  
365  516  
365  517  
366  518  
366  519  
366  520  
367  521  
367  522  
367  523  
368  524  
368  525  
447  496  
448  496  
444  497  
445  497  
446  497  
442  498  
443  498  
439  499  
440  499  
441  499  
436  500  
437  500  
438  500  
433  501  
434  501  
435  501  
430  502  
431  502  
432  502  
428  503  
429  503  
425  504  
426  504  
427  504  
422  505  
423  505  
424  505  
419  506  
420  506  
421  506  
417  507  
418  507  
414  508  
415  508  
416  508  
411  509  
412  509  
413  509  
408  510  
409  510  
410  510  
405  511  
406  511  
407  511  
403  512  
404  512  
400  513  
401  513  
402  513  
397  514  
398  514  
399  514  
182  498  
183  498  
184  498  
180  499  
181  499  
177  500  
178  500  
179  500  
174  501  
175  501  
176  501  
172  502  
173  502  
168  503  
169  503  
170  503  
171  503  
166  504  
167  504  
162  505  
163  505  
164  505  
165  505  
160  506  
161  506  
158  507  
159  507  
155  508  
156  508  
157  508  
153  509  
154  509  
150  510  
151  510  
152  510  
147  511  
148  511  
149  511  
144  512  
145  512  
146  512  
142  513  
143  513  
190  499  
191  499  
188  500  
189  500  
185  501  
186  501  
187  501  
182  502  
183  502  
184  502  
180  503  
181  503  
177  504  
178  504  
179  504  
175  505  
176  505  
172  506  
173  506  
174  506  
169  507  
170  507  
171  507  
166  508  
167  508  
168  508  
164  509  
165  509  
161  510  
162  510  
163  510  
158  511  
159  511  
160  511  
156  512  
157  512  
153  513  
154  513  
155  513  
150  514  
151  514  
152  514  
147  515  
148  515  
149  515  
145  516  
146  516  
446  501  
447  501  
448  501  
443  502  
444  502  
445  502  
440  503  
441  503  
442  503  
437  504  
438  504  
439  504  
434  505  
435  505  
436  505  
432  506  
433  506  
429  507  
430  507  
431  507  
426  508  
427  508  
428  508  
423  509  
424  509  
425  509  
420  510  
421  510  
422  510  
417  511  
418  511  
419  511  
415  512  
416  512  
186  510  
187  510  
183  511  
184  511  
185  511  
180  512  
181  512  
182  512  
177  513  
178  513  
179  513  
175  514  
176  514  
172  515  
173  515  
174  515  
169  516  
170  516  
171  516  
166  517  
167  517  
168  517  
164  518  
165  518  
161  519  
162  519  
163  519  
158  520  
159  520  
160  520  
156  521  
157  521  
153  522  
154  522  
155  522  
150  523  
151  523  
152  523  
147  524  
148  524  
149  524  
145  525  
146  525  
142  526  
143  526  
144  526  
140  527  
141  527  
137  528  
138  528  
139  528  
134  529  
135  529  
136  529  
132  530  
133  530  
448  511  
445  512  
446  512  
447  512  
443  513  
444  513  
440  514  
441  514  
442  514  
437  515  
438  515  
439  515  
434  516  
435  516  
436  516  
431  517  
432  517  
433  517  
428  518  
429  518  
430  518  
426  519  
427  519  
422  520  
423  520  
424  520  
425  520  
420  521  
421  521  
200  515  
200  516  
200  517  
201  518  
201  519  
202  520  
202  521  
202  522  
203  523  
203  524  
203  525  
204  526  
204  527  
205  528  
205  529  
205  530  
206  531  
206  532  
207  533  
207  534  
207  535  
208  536  
208  537  
208  538  
209  539  
209  540  
210  541  
210  542  
210  543  
211  544  
211  545  
211  546  
212  547  
212  548  
213  549  
213  550  
213  551  
214  552  
214  553  
215  554  
215  555  
215  556  
216  557  
216  558  
216  559  
217  560  
217  561  
223  515  
223  516  
224  517  
224  518  
224  519  
225  520  
225  521  
226  522  
226  523  
226  524  
227  525  
227  526  
228  527  
228  528  
229  529  
229  530  
230  531  
230  532  
231  533  
231  534  
231  535  
232  536  
232  537  
232  538  
233  539  
233  540  
233  541  
234  542  
234  543  
234  544  
235  545  
235  546  
235  547  
236  548  
236  549  
237  550  
237  551  
447  516  
448  516  
444  517  
445  517  
446  517  
442  518  
443  518  
439  519  
440  519  
441  519  
436  520  
437  520  
438  520  
433  521  
434  521  
435  521  
430  522  
431  522  
432  522  
427  523  
428  523  
429  523  
424  524  
425  524  
426  524  
422  525  
423  525  
294  528  
295  528  
291  529  
292  529  
293  529  
288  530  
289  530  
290  530  
285  531  
286  531  
287  531  
282  532  
283  532  
284  532  
279  533  
280  533  
281  533  
276  534  
277  534  
278  534  
273  535  
274  535  
275  535  
270  536  
271  536  
272  536  
267  537  
268  537  
269  537  
264  538  
265  538  
266  538  
261  539  
262  539  
263  539  
258  540  
259  540  
260  540  
255  541  
256  541  
257  541  
252  542  
253  542  
254  542  
248  543  
249  543  
250  543  
251  543  
245  544  
246  544  
247  544  
242  545  
243  545  
244  545  
238  546  
239  546  
240  546  
241  546  
362  535  
363  535  
364  535  
360  536  
361  536  
357  537  
358  537  
359  537  
354  538  
355  538  
356  538  
351  539  
352  539  
353  539  
348  540  
349  540  
350  540  
345  541  
346  541  
347  541  
342  542  
343  542  
344  542  
340  543  
341  543  
337  544  
338  544  
339  544  
334  545  
335  545  
336  545  
331  546  
332  546  
333  546  
328  547  
329  547  
330  547  
325  548  
326  548  
327  548  
323  549  
324  549  
320  550  
321  550  
322  550  
317  551  
318  551  
319  551  
314  552  
315  552  
316  552  
311  553  
312  553  
313  553  
308  554  
309  554  
310  554  
305  555  
306  555  
307  555  
302  556  
303  556  
304  556  
300  557  
301  557  
297  558  
298  558  
299  558  
294  559  
295  559  
296  559  
291  560  
292  560  
293  560  
288  561  
289  561  
290  561  
285  562  
286  562  
287  562  
282  563  
283  563  
284  563  
280  564  
281  564  
277  565  
278  565  
279  565  
274  566  
275  566  
276  566  
271  567  
272  567  
273  567  
268  568  
269  568  
270  568  
265  569  
266  569  
267  569  
263  570  
264  570  
260  571  
261  571  
262  571  
257  572  
258  572  
259  572  
254  573  
255  573  
256  573  
307  536  
308  536  
309  536  
304  537  
305  537  
306  537  
301  538  
302  538  
303  538  
298  539  
299  539  
300  539  
295  540  
296  540  
297  540  
292  541  
293  541  
294  541  
290  542  
291  542  
365  538  
362  539  
363  539  
364  539  
360  540  
361  540  
357  541  
358  541  
359  541  
354  542  
355  542  
356  542  
351  543  
352  543  
353  543  
349  544  
350  544  
346  545  
347  545  
348  545  
343  546  
344  546  
345  546  
340  547  
341  547  
342  547  
337  548  
338  548  
339  548  
334  549  
335  549  
336  549  
331  550  
332  550  
333  550  
328  551  
329  551  
330  551  
325  552  
326  552  
327  552  
322  553  
323  553  
324  553  
320  554  
321  554  
317  555  
318  555  
319  555  
314  556  
315  556  
316  556  
312  557  
313  557  
127  539  
127  540  
128  541  
128  542  
128  543  
129  544  
129  545  
129  546  
130  547  
130  548  
130  549  
131  550  
131  551  
132  552  
132  553  
132  554  
133  555  
133  556  
134  557  
134  558  
134  559  
135  560  
135  561  
136  562  
136  563  
136  564  
137  565  
137  566  
137  567  
138  568  
138  569  
139  570  
139  571  
139  572  
140  573  
140  574  
141  575  
141  576  
141  577  
142  578  
142  579  
143  580  
143  581  
143  582  
144  583  
144  584  
144  585  
145  586  
271  548  
272  548  
268  549  
269  549  
270  549  
265  550  
266  550  
267  550  
262  551  
263  551  
264  551  
259  552  
260  552  
261  552  
256  553  
257  553  
258  553  
253  554  
254  554  
255  554  
250  555  
251  555  
252  555  
247  556  
248  556  
249  556  
211  570  
209  571  
210  571  
206  572  
207  572  
208  572  
203  573  
204  573  
205  573  
201  574  
202  574  
198  575  
199  575  
200  575  
195  576  
196  576  
197  576  
192  577  
193  577  
194  577  
189  578  
190  578  
191  578  
186  579  
187  579  
188  579  
183  580  
184  580  
185  580  
181  581  
182  581  
178  582  
179  582  
180  582  
175  583  
176  583  
177  583  
173  584  
174  584  
170  585  
171  585  
172  585  
167  586  
168  586  
169  586  
164  587  
165  587  
166  587  
162  588  
163  588  
159  589  
160  589  
161  589  
157  590  
158  590  
154  591  
155  591  
156  591  
447  577  
448  577  
445  578  
446  578  
442  579  
443  579  
444  579  
439  580  
440  580  
441  580  
436  581  
437  581  
438  581  
433  582  
434  582  
435  582  
430  583  
431  583  
432  583  
427  584  
428  584  
429  584  
424  585  
425  585  
426  585  
421  586  
422  586  
423  586  
418  587  
419  587  
420  587  
416  588  
417  588  
413  589  
414  589  
415  589  
410  590  
411  590  
412  590  
407  591  
408  591  
409  591  
404  592  
405  592  
406  592  
401  593  
402  593  
403  593  
399  594  
400  594  
396  595  
397  595  
398  595  
393  596  
394  596  
395  596  
390  597  
391  597  
392  597  
387  598  
388  598  
389  598  
385  599  
386  599  
382  600  
383  600  
384  600  
380  601  
381  601  
377  602  
378  602  
379  602  
374  603  
375  603  
376  603  
371  604  
372  604  
373  604  
368  605  
369  605  
370  605  
365  606  
366  606  
367  606  
362  607  
363  607  
364  607  
359  608  
360  608  
361  608  
222  596  
223  596  
219  597  
220  597  
221  597  
217  598  
218  598  
214  599  
215  599  
216  599  
211  600  
212  600  
213  600  
208  601  
209  601  
210  601  
205  602  
206  602  
207  602  
202  603  
203  603  
204  603  
200  604  
201  604  
197  605  
198  605  
199  605  
194  606  
195  606  
196  606  
191  607  
192  607  
193  607  
188  608  
189  608  
190  608  
