86  
59  37  48  31  188  33  23  33  47  48  36  33  38  157  46  65  35  43  148  74  73  87  29  44  24  126  35  104  104  131  39  31  38  32  33  76  22  47  33  23  41  80  48  26  43  47  70  29  31  21  61  26  50  52  78  30  86  21  23  48  37  44  50  23  28  43  38  42  49  37  20  32  21  39  89  92  114  104  48  22  29  22  72  37  23  23  
32  32  
33  33  
34  33  
35  34  
36  34  
37  35  
38  36  
39  37  
40  37  
41  38  
42  39  
43  40  
44  41  
45  41  
46  42  
47  43  
48  44  
49  45  
50  45  
51  46  
52  47  
53  48  
54  49  
55  50  
56  50  
57  51  
58  52  
59  53  
60  54  
61  54  
62  55  
63  56  
64  57  
65  58  
66  58  
67  59  
68  60  
69  61  
70  61  
71  62  
72  63  
73  63  
74  64  
75  65  
76  66  
77  67  
78  67  
79  68  
80  69  
81  69  
82  70  
83  71  
84  72  
85  72  
86  73  
87  74  
88  75  
89  76  
90  76  
196  32  
195  33  
194  34  
193  35  
193  36  
192  37  
191  38  
190  39  
189  40  
189  41  
188  42  
187  43  
186  44  
186  45  
185  46  
184  47  
183  48  
183  49  
182  50  
181  51  
180  52  
180  53  
179  54  
178  55  
178  56  
177  57  
176  58  
176  59  
175  60  
174  61  
174  62  
173  63  
172  64  
172  65  
171  66  
170  67  
170  68  
202  32  
201  33  
200  34  
199  35  
198  36  
197  37  
197  38  
196  39  
195  40  
194  41  
194  42  
193  43  
192  44  
191  45  
191  46  
190  47  
189  48  
188  49  
188  50  
187  51  
186  52  
185  53  
185  54  
184  55  
183  56  
183  57  
182  58  
181  59  
181  60  
180  61  
179  62  
178  63  
177  64  
177  65  
176  66  
175  67  
175  68  
174  69  
173  70  
173  71  
172  72  
171  73  
171  74  
170  75  
169  76  
168  77  
166  78  
167  78  
32  40  
33  41  
33  42  
34  43  
34  44  
35  45  
36  46  
37  47  
37  48  
38  49  
39  50  
40  51  
41  52  
42  53  
43  54  
43  55  
44  56  
45  57  
46  58  
47  59  
48  60  
49  61  
50  62  
51  63  
52  64  
53  65  
54  66  
55  67  
56  68  
57  69  
58  70  
448  46  
447  47  
446  48  
446  49  
445  50  
444  51  
443  52  
442  53  
442  54  
441  55  
440  56  
439  57  
438  58  
438  59  
437  60  
436  61  
435  62  
434  63  
434  64  
433  65  
432  66  
431  67  
431  68  
430  69  
429  70  
428  71  
428  72  
427  73  
426  74  
425  75  
424  76  
423  77  
423  78  
422  79  
421  80  
420  81  
419  82  
419  83  
418  84  
417  85  
416  86  
415  87  
415  88  
414  89  
413  90  
412  91  
412  92  
411  93  
410  94  
409  95  
408  96  
408  97  
407  98  
406  99  
406  100  
405  101  
404  102  
403  103  
402  104  
402  105  
401  106  
400  107  
399  108  
398  109  
398  110  
397  111  
396  112  
395  113  
394  114  
394  115  
393  116  
392  117  
391  118  
391  119  
390  120  
389  121  
388  122  
387  123  
386  124  
386  125  
385  126  
384  127  
383  128  
383  129  
382  130  
381  131  
380  132  
380  133  
379  134  
378  135  
377  136  
377  137  
376  138  
375  139  
374  140  
374  141  
373  142  
372  143  
371  144  
370  145  
370  146  
369  147  
368  148  
367  149  
367  150  
366  151  
365  152  
364  153  
363  154  
362  155  
362  156  
361  157  
360  158  
359  159  
359  160  
358  161  
357  162  
356  163  
356  164  
355  165  
354  166  
353  167  
353  168  
352  169  
351  170  
350  171  
349  172  
349  173  
348  174  
347  175  
346  176  
345  177  
345  178  
344  179  
343  180  
342  181  
341  182  
341  183  
340  184  
339  185  
338  186  
338  187  
337  188  
336  189  
335  190  
334  191  
334  192  
333  193  
332  194  
331  195  
330  196  
330  197  
329  198  
328  199  
327  200  
327  201  
326  202  
325  203  
324  204  
323  205  
322  206  
322  207  
321  208  
320  209  
319  210  
319  211  
318  212  
317  213  
316  214  
316  215  
315  216  
314  217  
313  218  
313  219  
312  220  
311  221  
310  222  
310  223  
309  224  
308  225  
307  226  
306  227  
306  228  
305  229  
304  230  
303  231  
302  232  
302  233  
209  48  
208  49  
207  50  
207  51  
206  52  
205  53  
204  54  
203  55  
203  56  
202  57  
201  58  
200  59  
200  60  
199  61  
198  62  
197  63  
197  64  
196  65  
195  66  
194  67  
194  68  
193  69  
192  70  
192  71  
191  72  
190  73  
190  74  
189  75  
188  76  
188  77  
187  78  
186  79  
186  80  
70  54  
71  55  
72  55  
73  56  
74  57  
75  58  
76  58  
77  59  
78  60  
79  61  
80  62  
81  62  
82  63  
83  64  
84  65  
85  65  
86  66  
87  67  
88  68  
89  69  
90  69  
91  70  
92  71  
51  58  
52  59  
53  59  
54  60  
55  61  
56  62  
57  63  
58  64  
59  65  
60  66  
61  67  
62  68  
62  69  
63  70  
64  71  
65  72  
66  73  
67  74  
68  75  
68  76  
69  77  
70  78  
71  79  
72  80  
73  81  
74  82  
74  83  
75  84  
76  85  
77  86  
78  87  
79  88  
80  89  
448  63  
447  64  
446  65  
446  66  
445  67  
444  68  
443  69  
443  70  
442  71  
441  72  
440  73  
440  74  
439  75  
438  76  
437  77  
437  78  
436  79  
435  80  
434  81  
433  82  
433  83  
432  84  
431  85  
430  86  
430  87  
429  88  
428  89  
427  90  
426  91  
425  92  
425  93  
424  94  
423  95  
423  96  
422  97  
421  98  
420  99  
419  100  
419  101  
418  102  
417  103  
416  104  
415  105  
414  106  
413  107  
412  108  
411  109  
249  65  
248  66  
247  67  
247  68  
246  69  
245  70  
244  71  
243  72  
243  73  
242  74  
241  75  
240  76  
240  77  
239  78  
238  79  
237  80  
237  81  
236  82  
235  83  
234  84  
234  85  
233  86  
232  87  
231  88  
231  89  
230  90  
229  91  
228  92  
228  93  
227  94  
226  95  
225  96  
225  97  
224  98  
223  99  
222  100  
222  101  
221  102  
220  103  
219  104  
219  105  
218  106  
217  107  
217  108  
216  109  
215  110  
214  111  
213  112  
242  67  
241  68  
240  69  
239  70  
239  71  
238  72  
237  73  
236  74  
236  75  
235  76  
234  77  
233  78  
233  79  
232  80  
231  81  
230  82  
229  83  
229  84  
228  85  
227  86  
226  87  
226  88  
225  89  
224  90  
224  91  
223  92  
222  93  
221  94  
221  95  
220  96  
219  97  
218  98  
218  99  
217  100  
216  101  
216  102  
255  80  
254  81  
253  82  
252  83  
252  84  
251  85  
250  86  
249  87  
248  88  
248  89  
247  90  
246  91  
245  92  
245  93  
244  94  
243  95  
242  96  
242  97  
241  98  
240  99  
240  100  
239  101  
238  102  
237  103  
237  104  
236  105  
235  106  
235  107  
234  108  
233  109  
232  110  
232  111  
231  112  
95  84  
96  85  
97  86  
98  87  
99  88  
100  88  
101  89  
102  90  
103  91  
104  91  
105  92  
106  93  
107  94  
108  94  
109  95  
110  96  
111  97  
112  97  
113  98  
114  99  
115  100  
116  101  
117  101  
118  102  
119  103  
120  103  
121  104  
122  105  
123  106  
124  107  
125  107  
126  108  
127  109  
128  110  
129  110  
130  111  
131  112  
132  113  
448  97  
447  98  
446  99  
445  100  
445  101  
444  102  
443  103  
442  104  
441  105  
440  106  
440  107  
439  108  
438  109  
437  110  
437  111  
436  112  
435  113  
434  114  
434  115  
433  116  
432  117  
431  118  
430  119  
430  120  
429  121  
428  122  
427  123  
426  124  
426  125  
425  126  
424  127  
423  128  
423  129  
422  130  
421  131  
420  132  
420  133  
419  134  
418  135  
417  136  
416  137  
416  138  
415  139  
414  140  
413  141  
412  142  
412  143  
411  144  
410  145  
409  146  
409  147  
408  148  
407  149  
406  150  
405  151  
405  152  
404  153  
403  154  
402  155  
401  156  
401  157  
400  158  
399  159  
398  160  
397  161  
397  162  
396  163  
395  164  
394  165  
394  166  
393  167  
392  168  
391  169  
390  170  
390  171  
389  172  
388  173  
387  174  
386  175  
386  176  
385  177  
384  178  
383  179  
382  180  
382  181  
381  182  
380  183  
379  184  
378  185  
378  186  
377  187  
376  188  
375  189  
375  190  
374  191  
373  192  
372  193  
371  194  
371  195  
370  196  
369  197  
368  198  
368  199  
367  200  
366  201  
365  202  
364  203  
364  204  
363  205  
362  206  
361  207  
360  208  
360  209  
359  210  
358  211  
357  212  
356  213  
356  214  
355  215  
354  216  
353  217  
352  218  
352  219  
351  220  
350  221  
349  222  
348  223  
348  224  
347  225  
346  226  
345  227  
345  228  
344  229  
343  230  
342  231  
341  232  
341  233  
340  234  
339  235  
338  236  
338  237  
337  238  
336  239  
335  240  
334  241  
334  242  
333  243  
332  244  
331  245  
330  246  
330  247  
329  248  
328  249  
327  250  
326  251  
325  252  
325  253  
294  99  
293  100  
293  101  
292  102  
291  103  
290  104  
289  105  
289  106  
288  107  
287  108  
286  109  
286  110  
285  111  
284  112  
283  113  
283  114  
282  115  
281  116  
280  117  
280  118  
279  119  
278  120  
277  121  
277  122  
276  123  
275  124  
275  125  
274  126  
273  127  
272  128  
271  129  
271  130  
270  131  
269  132  
269  133  
268  134  
267  135  
266  136  
266  137  
265  138  
264  139  
264  140  
263  141  
262  142  
261  143  
261  144  
80  100  
79  101  
79  102  
78  103  
77  104  
76  105  
75  106  
75  107  
74  108  
73  109  
73  110  
72  111  
71  112  
70  113  
69  114  
69  115  
68  116  
67  117  
66  118  
66  119  
65  120  
64  121  
63  122  
63  123  
62  124  
61  125  
60  126  
60  127  
59  128  
58  129  
57  130  
57  131  
56  132  
55  133  
54  134  
54  135  
53  136  
52  137  
52  138  
51  139  
50  140  
49  141  
49  142  
48  143  
47  144  
46  145  
46  146  
45  147  
44  148  
43  149  
43  150  
42  151  
41  152  
40  153  
40  154  
39  155  
38  156  
38  157  
37  158  
36  159  
35  160  
34  161  
34  162  
33  163  
32  164  
287  101  
286  102  
285  103  
285  104  
284  105  
283  106  
282  107  
282  108  
281  109  
280  110  
279  111  
279  112  
278  113  
277  114  
276  115  
275  116  
275  117  
274  118  
273  119  
273  120  
272  121  
271  122  
270  123  
270  124  
269  125  
268  126  
267  127  
267  128  
266  129  
265  130  
265  131  
264  132  
263  133  
262  134  
262  135  
108  109  
109  110  
110  111  
111  112  
112  113  
113  113  
114  114  
115  115  
116  116  
117  117  
118  118  
119  118  
120  119  
121  120  
122  121  
123  121  
124  122  
125  123  
126  124  
127  124  
128  125  
129  126  
130  127  
131  127  
132  128  
133  129  
134  130  
135  130  
136  131  
137  132  
138  133  
139  134  
140  134  
141  135  
142  136  
143  137  
144  138  
145  138  
146  139  
147  140  
148  140  
149  141  
150  142  
448  114  
447  115  
447  116  
446  117  
445  118  
444  119  
444  120  
443  121  
442  122  
441  123  
440  124  
440  125  
439  126  
438  127  
437  128  
437  129  
436  130  
435  131  
434  132  
433  133  
432  134  
432  135  
431  136  
430  137  
429  138  
428  139  
428  140  
427  141  
426  142  
425  143  
424  144  
424  145  
423  146  
422  147  
421  148  
421  149  
420  150  
419  151  
418  152  
417  153  
417  154  
416  155  
415  156  
414  157  
413  158  
413  159  
412  160  
411  161  
410  162  
410  163  
409  164  
408  165  
407  166  
406  167  
405  168  
405  169  
404  170  
403  171  
402  172  
402  173  
401  174  
400  175  
399  176  
398  177  
398  178  
397  179  
396  180  
395  181  
394  182  
394  183  
393  184  
392  185  
391  186  
391  187  
390  188  
389  189  
388  190  
387  191  
387  192  
386  193  
385  194  
384  195  
383  196  
383  197  
382  198  
381  199  
380  200  
380  201  
379  202  
378  203  
377  204  
376  205  
376  206  
375  207  
374  208  
373  209  
372  210  
372  211  
371  212  
370  213  
369  214  
368  215  
368  216  
367  217  
366  218  
365  219  
365  220  
364  221  
363  222  
362  223  
361  224  
361  225  
360  226  
359  227  
358  228  
357  229  
357  230  
356  231  
355  232  
354  233  
353  234  
353  235  
352  236  
351  237  
350  238  
350  239  
349  240  
348  241  
347  242  
346  243  
346  244  
345  245  
344  246  
343  247  
343  248  
342  249  
341  250  
340  251  
339  252  
338  253  
338  254  
337  255  
336  256  
335  257  
335  258  
334  259  
333  260  
332  261  
86  116  
85  117  
85  118  
84  119  
83  120  
82  121  
82  122  
81  123  
80  124  
79  125  
79  126  
78  127  
77  128  
76  129  
76  130  
75  131  
74  132  
73  133  
73  134  
72  135  
71  136  
70  137  
70  138  
69  139  
68  140  
67  141  
67  142  
66  143  
65  144  
65  145  
64  146  
63  147  
62  148  
62  149  
61  150  
60  151  
59  152  
59  153  
58  154  
57  155  
56  156  
56  157  
55  158  
54  159  
53  160  
53  161  
52  162  
51  163  
50  164  
50  165  
49  166  
48  167  
47  168  
47  169  
46  170  
45  171  
44  172  
44  173  
43  174  
42  175  
41  176  
41  177  
40  178  
39  179  
38  180  
38  181  
37  182  
36  183  
36  184  
35  185  
34  186  
33  187  
32  188  
32  189  
404  120  
403  121  
402  122  
402  123  
401  124  
400  125  
399  126  
398  127  
398  128  
397  129  
396  130  
395  131  
395  132  
394  133  
393  134  
392  135  
391  136  
391  137  
390  138  
389  139  
388  140  
387  141  
387  142  
386  143  
385  144  
384  145  
383  146  
383  147  
382  148  
381  149  
380  150  
380  151  
379  152  
378  153  
377  154  
376  155  
376  156  
375  157  
374  158  
373  159  
372  160  
371  161  
370  162  
369  163  
368  164  
368  165  
367  166  
367  167  
366  168  
365  169  
364  170  
364  171  
363  172  
362  173  
361  174  
361  175  
360  176  
359  177  
358  178  
357  179  
356  180  
355  181  
354  182  
354  183  
353  184  
352  185  
352  186  
351  187  
350  188  
350  189  
349  190  
348  191  
347  192  
97  121  
96  122  
96  123  
95  124  
94  125  
94  126  
93  127  
92  128  
92  129  
91  130  
90  131  
89  132  
88  133  
87  134  
87  135  
86  136  
85  137  
84  138  
84  139  
83  140  
82  141  
81  142  
81  143  
80  144  
79  145  
78  146  
78  147  
77  148  
76  149  
75  150  
75  151  
74  152  
73  153  
72  154  
71  155  
71  156  
70  157  
69  158  
68  159  
68  160  
67  161  
66  162  
65  163  
64  164  
64  165  
63  166  
62  167  
61  168  
61  169  
60  170  
59  171  
58  172  
58  173  
57  174  
56  175  
55  176  
55  177  
54  178  
53  179  
52  180  
51  181  
50  182  
50  183  
49  184  
48  185  
47  186  
47  187  
46  188  
45  189  
45  190  
44  191  
43  192  
42  193  
42  194  
41  195  
40  196  
39  197  
38  198  
38  199  
37  200  
36  201  
35  202  
35  203  
34  204  
33  205  
32  206  
32  207  
113  124  
114  125  
115  125  
116  126  
117  127  
118  128  
119  128  
120  129  
121  130  
122  131  
123  131  
124  132  
125  133  
126  134  
127  135  
128  135  
129  136  
130  137  
131  138  
132  139  
133  139  
134  140  
135  141  
136  142  
137  143  
138  143  
139  144  
140  145  
141  146  
167  145  
168  146  
169  147  
170  147  
171  148  
172  149  
173  150  
174  150  
175  151  
176  152  
177  153  
178  153  
179  154  
180  155  
181  155  
182  156  
183  157  
184  158  
185  159  
186  159  
187  160  
188  161  
189  162  
190  162  
191  163  
192  164  
193  165  
194  166  
195  166  
196  167  
197  168  
198  168  
199  169  
200  170  
201  171  
202  171  
203  172  
204  173  
205  174  
206  174  
207  175  
208  176  
209  176  
210  177  
225  145  
226  146  
227  146  
228  147  
229  148  
230  149  
231  149  
232  150  
233  151  
234  151  
235  152  
236  153  
237  154  
238  154  
239  155  
240  156  
241  157  
242  157  
243  158  
244  159  
245  159  
246  160  
247  161  
248  161  
448  147  
448  148  
447  149  
446  150  
445  151  
444  152  
444  153  
443  154  
442  155  
441  156  
440  157  
440  158  
439  159  
438  160  
437  161  
436  162  
435  163  
434  164  
433  165  
433  166  
432  167  
431  168  
430  169  
430  170  
429  171  
428  172  
427  173  
427  174  
426  175  
425  176  
424  177  
424  178  
423  179  
422  180  
421  181  
420  182  
420  183  
419  184  
418  185  
417  186  
416  187  
416  188  
415  189  
414  190  
413  191  
412  192  
412  193  
411  194  
410  195  
409  196  
408  197  
408  198  
407  199  
406  200  
405  201  
405  202  
404  203  
403  204  
402  205  
401  206  
401  207  
400  208  
399  209  
398  210  
397  211  
397  212  
396  213  
395  214  
394  215  
394  216  
393  217  
392  218  
391  219  
390  220  
390  221  
389  222  
388  223  
387  224  
386  225  
386  226  
385  227  
384  228  
383  229  
382  230  
382  231  
381  232  
380  233  
379  234  
379  235  
378  236  
377  237  
376  238  
375  239  
375  240  
374  241  
373  242  
372  243  
371  244  
371  245  
370  246  
369  247  
368  248  
367  249  
367  250  
366  251  
365  252  
364  253  
364  254  
363  255  
362  256  
361  257  
361  258  
360  259  
359  260  
358  261  
357  262  
356  263  
356  264  
355  265  
354  266  
353  267  
352  268  
352  269  
351  270  
350  271  
349  272  
81  157  
82  158  
83  158  
84  159  
85  160  
86  161  
87  161  
88  162  
89  163  
90  164  
91  165  
92  165  
93  166  
94  167  
95  168  
96  168  
97  169  
98  170  
99  171  
100  171  
101  172  
102  173  
103  174  
104  175  
105  175  
106  176  
107  177  
108  178  
109  179  
110  179  
111  180  
112  181  
113  182  
114  183  
115  183  
146  158  
145  159  
145  160  
144  161  
143  162  
142  163  
142  164  
141  165  
140  166  
140  167  
139  168  
138  169  
137  170  
136  171  
136  172  
135  173  
134  174  
133  175  
132  176  
132  177  
131  178  
130  179  
129  180  
129  181  
128  182  
127  183  
126  184  
125  185  
125  186  
124  187  
123  188  
122  189  
121  190  
121  191  
120  192  
119  193  
118  194  
117  195  
117  196  
116  197  
115  198  
115  199  
114  200  
113  201  
112  202  
112  203  
111  204  
110  205  
109  206  
108  207  
108  208  
107  209  
106  210  
105  211  
105  212  
104  213  
103  214  
102  215  
102  216  
101  217  
100  218  
99  219  
98  220  
98  221  
97  222  
96  223  
95  224  
95  225  
94  226  
93  227  
92  228  
91  229  
90  230  
90  231  
89  232  
88  233  
87  234  
87  235  
86  236  
85  237  
85  238  
84  239  
83  240  
82  241  
81  242  
81  243  
80  244  
79  245  
79  246  
78  247  
77  248  
76  249  
75  250  
74  251  
74  252  
73  253  
72  254  
71  255  
71  256  
70  257  
69  258  
68  259  
67  260  
67  261  
448  182  
447  183  
447  184  
446  185  
445  186  
444  187  
444  188  
443  189  
442  190  
441  191  
440  192  
440  193  
439  194  
438  195  
437  196  
437  197  
436  198  
435  199  
434  200  
433  201  
432  202  
432  203  
431  204  
430  205  
429  206  
429  207  
428  208  
427  209  
426  210  
425  211  
424  212  
424  213  
423  214  
422  215  
421  216  
420  217  
420  218  
419  219  
418  220  
417  221  
416  222  
416  223  
415  224  
414  225  
413  226  
412  227  
412  228  
411  229  
410  230  
409  231  
408  232  
408  233  
407  234  
406  235  
405  236  
405  237  
404  238  
403  239  
402  240  
401  241  
400  242  
400  243  
399  244  
398  245  
397  246  
397  247  
396  248  
395  249  
394  250  
393  251  
393  252  
392  253  
391  254  
390  255  
389  256  
389  257  
388  258  
387  259  
386  260  
385  261  
385  262  
384  263  
383  264  
382  265  
381  266  
381  267  
380  268  
379  269  
378  270  
377  271  
377  272  
376  273  
375  274  
374  275  
373  276  
373  277  
372  278  
371  279  
370  280  
369  281  
369  282  
368  283  
367  284  
366  285  
212  189  
211  190  
210  191  
209  192  
209  193  
208  194  
207  195  
206  196  
206  197  
205  198  
204  199  
203  200  
203  201  
202  202  
201  203  
200  204  
200  205  
199  206  
198  207  
197  208  
197  209  
196  210  
195  211  
194  212  
193  213  
193  214  
192  215  
191  216  
190  217  
190  218  
189  219  
188  220  
187  221  
187  222  
186  223  
185  224  
184  225  
184  226  
183  227  
182  228  
181  229  
180  230  
180  231  
179  232  
178  233  
177  234  
177  235  
176  236  
175  237  
174  238  
173  239  
173  240  
172  241  
171  242  
170  243  
170  244  
169  245  
168  246  
167  247  
167  248  
166  249  
165  250  
164  251  
163  252  
163  253  
162  254  
161  255  
160  256  
160  257  
159  258  
158  259  
157  260  
157  261  
156  262  
155  263  
154  264  
153  265  
153  266  
152  267  
151  268  
150  269  
150  270  
149  271  
148  272  
147  273  
146  274  
146  275  
145  276  
144  277  
143  278  
143  279  
142  280  
141  281  
140  282  
140  283  
139  284  
138  285  
137  286  
136  287  
135  288  
135  289  
134  290  
133  291  
132  292  
132  293  
131  294  
130  295  
129  296  
129  297  
128  298  
127  299  
126  300  
125  301  
125  302  
124  303  
123  304  
122  305  
121  306  
121  307  
120  308  
119  309  
118  310  
117  311  
117  312  
116  313  
115  314  
114  315  
113  316  
112  317  
111  318  
111  319  
49  191  
50  192  
51  192  
52  193  
53  194  
54  195  
55  196  
56  197  
57  197  
58  198  
59  199  
60  200  
61  201  
62  201  
63  202  
64  203  
65  204  
66  204  
67  205  
68  206  
69  207  
70  208  
71  209  
72  209  
73  210  
74  211  
75  212  
76  213  
77  213  
78  214  
79  215  
80  216  
81  217  
82  217  
83  218  
84  219  
85  220  
86  221  
87  221  
116  191  
115  192  
114  193  
114  194  
113  195  
112  196  
111  197  
110  198  
110  199  
109  200  
108  201  
107  202  
106  203  
106  204  
105  205  
104  206  
103  207  
103  208  
102  209  
101  210  
100  211  
100  212  
99  213  
98  214  
97  215  
96  216  
96  217  
95  218  
94  219  
93  220  
93  221  
47  194  
48  195  
49  196  
50  196  
51  197  
52  198  
53  199  
54  200  
55  200  
56  201  
57  202  
58  203  
59  204  
60  204  
61  205  
62  206  
63  207  
64  207  
65  208  
66  209  
67  210  
68  211  
69  212  
70  212  
71  213  
72  214  
73  215  
74  215  
75  216  
76  217  
77  218  
78  219  
79  220  
80  220  
81  221  
82  222  
83  223  
84  224  
222  194  
223  195  
224  196  
225  197  
226  198  
227  199  
228  200  
229  200  
230  201  
231  202  
232  202  
233  203  
234  204  
235  205  
236  205  
237  206  
238  207  
239  207  
240  208  
241  209  
242  210  
243  210  
244  211  
245  212  
246  213  
247  214  
248  214  
249  215  
250  216  
251  217  
252  217  
253  218  
334  209  
333  210  
332  211  
332  212  
331  213  
330  214  
329  215  
329  216  
328  217  
327  218  
326  219  
325  220  
325  221  
324  222  
323  223  
322  224  
322  225  
321  226  
320  227  
319  228  
318  229  
318  230  
317  231  
316  232  
315  233  
314  234  
314  235  
313  236  
312  237  
311  238  
310  239  
310  240  
309  241  
235  213  
236  214  
237  215  
238  215  
239  216  
240  217  
241  218  
242  218  
243  219  
244  220  
245  221  
246  221  
247  222  
248  223  
249  224  
250  225  
251  225  
252  226  
253  227  
254  227  
255  228  
256  229  
257  230  
258  231  
259  231  
260  232  
261  233  
262  234  
263  234  
264  235  
265  236  
266  237  
267  237  
268  238  
269  239  
270  240  
271  241  
272  241  
273  242  
274  243  
275  244  
276  244  
277  245  
278  246  
279  247  
280  248  
281  248  
282  249  
283  250  
284  251  
285  251  
286  252  
287  253  
288  253  
289  254  
290  255  
291  256  
292  257  
293  257  
294  258  
295  259  
296  259  
297  260  
298  261  
299  262  
300  262  
301  263  
302  264  
303  265  
304  265  
305  266  
306  267  
307  267  
308  268  
309  269  
310  270  
219  216  
218  217  
217  218  
217  219  
216  220  
215  221  
214  222  
213  223  
212  224  
212  225  
211  226  
210  227  
209  228  
208  229  
208  230  
207  231  
206  232  
205  233  
204  234  
204  235  
203  236  
202  237  
265  225  
266  226  
267  226  
268  227  
269  228  
270  229  
271  229  
272  230  
273  231  
274  232  
275  232  
276  233  
277  234  
278  235  
279  235  
280  236  
281  237  
282  238  
283  238  
284  239  
285  240  
286  240  
287  241  
288  242  
289  243  
290  244  
291  244  
292  245  
293  246  
294  247  
295  248  
296  249  
297  250  
298  251  
299  251  
300  252  
301  253  
302  253  
303  254  
304  255  
305  255  
306  256  
307  257  
308  258  
309  258  
310  259  
310  260  
86  230  
85  231  
84  232  
83  233  
83  234  
82  235  
81  236  
80  237  
79  238  
79  239  
78  240  
77  241  
76  242  
76  243  
75  244  
74  245  
73  246  
73  247  
72  248  
71  249  
70  250  
70  251  
69  252  
68  253  
67  254  
66  255  
66  256  
65  257  
64  258  
63  259  
63  260  
62  261  
61  262  
32  247  
33  248  
34  249  
35  250  
36  251  
37  251  
38  252  
39  253  
40  254  
41  255  
42  255  
43  256  
44  257  
45  258  
46  259  
47  260  
48  260  
49  261  
50  262  
51  263  
52  264  
53  265  
54  265  
199  250  
198  251  
197  252  
196  253  
196  254  
195  255  
194  256  
193  257  
193  258  
192  259  
191  260  
190  261  
190  262  
189  263  
188  264  
187  265  
186  266  
186  267  
185  268  
184  269  
183  270  
183  271  
182  272  
181  273  
180  274  
180  275  
179  276  
178  277  
177  278  
177  279  
176  280  
175  281  
174  282  
173  283  
173  284  
172  285  
171  286  
170  287  
169  288  
169  289  
168  290  
208  257  
209  258  
210  259  
211  260  
212  260  
213  261  
214  262  
215  263  
216  264  
217  264  
218  265  
219  266  
220  267  
221  267  
222  268  
223  269  
224  269  
225  270  
226  271  
227  272  
228  272  
229  273  
230  274  
231  275  
232  276  
233  277  
234  277  
235  278  
236  279  
237  280  
238  281  
239  281  
240  282  
241  283  
242  283  
243  284  
244  285  
245  285  
246  286  
247  287  
248  288  
249  288  
250  289  
251  290  
252  291  
253  292  
254  293  
255  294  
256  295  
257  295  
258  296  
259  297  
260  297  
261  298  
262  299  
263  300  
264  301  
265  301  
266  302  
267  303  
268  304  
269  304  
270  305  
271  306  
272  306  
273  307  
274  308  
275  309  
276  310  
277  310  
278  311  
279  312  
280  313  
281  313  
282  314  
283  315  
284  316  
285  317  
286  318  
287  318  
240  264  
241  265  
242  266  
243  267  
244  268  
245  269  
246  270  
247  270  
248  271  
249  272  
250  273  
251  273  
252  274  
253  274  
254  275  
255  276  
256  277  
257  278  
258  279  
259  280  
260  280  
261  281  
262  282  
263  283  
264  284  
265  284  
266  285  
267  286  
268  287  
269  287  
270  288  
271  289  
272  289  
273  290  
274  291  
275  292  
276  293  
277  294  
278  294  
279  295  
280  296  
281  297  
282  297  
283  298  
284  299  
285  300  
286  300  
287  301  
51  284  
50  285  
50  286  
49  287  
48  288  
47  289  
47  290  
46  291  
45  292  
44  293  
44  294  
43  295  
42  296  
41  297  
41  298  
40  299  
39  300  
38  301  
38  302  
37  303  
36  304  
35  305  
34  306  
34  307  
33  308  
32  309  
58  286  
59  287  
60  287  
61  288  
62  289  
63  290  
64  291  
65  291  
66  292  
67  293  
68  294  
69  295  
70  296  
71  296  
72  297  
73  298  
74  299  
75  300  
76  300  
77  301  
78  302  
79  303  
80  304  
81  305  
82  305  
83  306  
84  307  
85  308  
86  309  
87  309  
88  310  
89  311  
90  312  
91  313  
92  314  
93  314  
94  315  
95  316  
96  317  
97  318  
98  318  
99  319  
100  320  
367  291  
368  291  
369  292  
370  293  
371  294  
372  294  
373  295  
374  296  
375  297  
376  298  
377  298  
378  299  
379  300  
380  300  
381  301  
382  302  
383  303  
384  303  
385  304  
386  305  
387  305  
388  306  
389  307  
390  308  
391  309  
392  309  
393  310  
394  311  
395  311  
396  312  
397  313  
398  314  
399  315  
400  315  
401  316  
402  317  
403  317  
404  318  
405  319  
406  320  
407  321  
408  321  
409  322  
410  323  
411  324  
412  324  
413  325  
171  303  
172  304  
173  305  
174  306  
175  306  
176  307  
177  308  
178  309  
179  310  
180  310  
181  311  
182  312  
183  313  
184  313  
185  314  
186  315  
187  316  
188  317  
189  318  
190  319  
191  319  
192  320  
193  321  
194  322  
195  323  
196  324  
197  324  
198  325  
199  326  
200  327  
201  328  
202  328  
203  329  
204  330  
205  331  
206  331  
207  332  
208  333  
209  334  
210  334  
211  335  
212  336  
213  337  
214  338  
215  338  
216  339  
217  340  
218  341  
219  342  
220  342  
221  343  
222  344  
223  345  
224  346  
225  347  
226  347  
227  348  
228  349  
229  350  
230  351  
231  351  
232  352  
233  353  
234  354  
235  355  
236  356  
237  356  
238  357  
239  358  
240  359  
357  304  
358  305  
359  306  
360  306  
361  307  
362  308  
363  309  
364  310  
365  310  
366  311  
367  312  
368  313  
369  313  
370  314  
371  315  
372  316  
373  317  
374  317  
375  318  
376  319  
377  320  
378  320  
379  321  
380  322  
381  323  
382  323  
383  324  
384  325  
385  326  
353  309  
354  310  
355  310  
356  311  
357  312  
358  313  
359  313  
360  314  
361  315  
362  315  
363  316  
364  317  
365  318  
366  318  
367  319  
368  320  
369  321  
370  321  
371  322  
372  323  
373  324  
374  324  
375  325  
376  326  
377  327  
378  327  
379  328  
380  329  
381  330  
382  330  
383  331  
47  312  
48  312  
49  313  
50  314  
51  315  
52  316  
53  316  
54  317  
55  318  
56  319  
57  320  
58  321  
59  321  
60  322  
61  323  
62  324  
63  325  
64  325  
65  326  
66  327  
67  328  
161  314  
162  314  
163  315  
164  316  
165  317  
166  318  
167  318  
168  319  
169  320  
170  321  
171  322  
172  323  
173  323  
174  324  
175  325  
176  326  
177  327  
178  328  
179  328  
180  329  
181  330  
182  331  
183  331  
184  332  
185  333  
186  334  
187  335  
188  335  
189  336  
190  337  
191  338  
192  339  
193  339  
194  340  
195  341  
196  342  
197  343  
198  343  
199  344  
200  345  
201  346  
202  347  
203  347  
204  348  
205  349  
206  350  
207  351  
208  351  
209  352  
210  353  
211  354  
212  354  
213  355  
214  356  
215  357  
216  358  
217  358  
218  359  
219  360  
220  361  
221  362  
353  315  
354  316  
355  316  
356  317  
357  318  
358  319  
359  319  
360  320  
361  321  
362  321  
363  322  
364  323  
365  324  
366  325  
367  325  
368  326  
369  327  
370  327  
371  328  
372  329  
373  330  
374  331  
375  331  
376  332  
377  333  
378  334  
311  320  
312  321  
313  321  
314  322  
315  323  
316  323  
317  324  
318  325  
319  326  
320  326  
321  327  
322  328  
323  329  
324  329  
325  330  
326  331  
327  332  
328  333  
329  333  
330  334  
331  335  
332  336  
333  336  
334  337  
335  338  
336  339  
337  339  
338  340  
339  341  
340  342  
341  342  
342  343  
343  344  
344  345  
345  346  
346  346  
347  347  
348  348  
349  349  
350  349  
351  350  
352  351  
353  352  
354  352  
355  353  
356  354  
357  355  
358  356  
359  356  
360  357  
301  329  
302  329  
303  330  
304  331  
305  332  
306  332  
307  333  
308  334  
309  335  
310  336  
311  336  
312  337  
313  338  
314  339  
315  339  
316  340  
317  341  
318  341  
319  342  
320  343  
321  344  
322  345  
323  345  
324  346  
325  347  
326  348  
327  348  
328  349  
329  350  
330  351  
331  351  
332  352  
333  353  
334  354  
335  355  
336  355  
337  356  
338  357  
339  358  
340  358  
341  359  
342  360  
343  361  
344  361  
345  362  
346  363  
347  364  
348  365  
349  365  
350  366  
351  367  
352  368  
131  336  
132  337  
133  338  
134  339  
135  339  
136  340  
137  341  
138  342  
139  342  
140  343  
141  344  
142  345  
143  346  
144  347  
145  347  
146  348  
147  349  
148  350  
149  351  
150  352  
151  352  
152  353  
153  354  
154  355  
155  356  
156  357  
157  357  
158  358  
159  359  
160  360  
161  361  
162  362  
163  362  
164  363  
165  364  
166  365  
167  366  
168  367  
169  367  
170  368  
171  369  
172  370  
173  371  
174  372  
175  373  
176  373  
177  374  
178  375  
179  376  
180  377  
181  378  
182  379  
183  379  
184  380  
185  381  
186  382  
187  383  
188  383  
189  384  
190  385  
191  386  
192  387  
193  388  
194  388  
195  389  
196  390  
197  391  
198  392  
199  392  
200  393  
201  394  
202  395  
203  396  
204  397  
205  397  
206  398  
207  399  
208  400  
399  339  
398  340  
397  341  
396  342  
395  343  
394  344  
394  345  
393  346  
393  347  
392  348  
391  349  
390  350  
389  351  
389  352  
388  353  
387  354  
386  355  
385  356  
385  357  
384  358  
383  359  
382  360  
381  361  
380  362  
380  363  
379  364  
378  365  
377  366  
377  367  
376  368  
407  355  
406  356  
406  357  
405  358  
404  359  
403  360  
403  361  
402  362  
401  363  
400  364  
400  365  
399  366  
398  367  
397  368  
397  369  
396  370  
395  371  
394  372  
394  373  
393  374  
392  375  
391  376  
390  377  
390  378  
389  379  
388  380  
387  381  
387  382  
386  383  
385  384  
384  385  
383  386  
382  387  
381  388  
380  389  
379  390  
378  391  
377  392  
376  393  
376  394  
375  395  
374  396  
373  397  
373  398  
372  399  
371  400  
370  401  
370  402  
369  403  
368  404  
367  405  
367  406  
366  407  
365  408  
364  409  
364  410  
363  411  
362  412  
361  413  
361  414  
360  415  
359  416  
358  417  
357  418  
356  419  
355  420  
354  421  
353  422  
353  423  
352  424  
351  425  
350  426  
349  427  
349  428  
348  429  
347  430  
346  431  
345  432  
344  433  
343  434  
342  435  
342  436  
341  437  
340  438  
339  439  
338  440  
124  369  
125  369  
126  370  
127  371  
128  372  
129  373  
130  373  
131  374  
132  375  
133  376  
134  377  
135  378  
136  378  
137  379  
138  380  
139  381  
140  382  
141  383  
142  383  
143  384  
144  385  
237  377  
236  378  
235  379  
234  380  
233  381  
233  382  
232  383  
231  384  
230  385  
229  386  
229  387  
228  388  
227  389  
226  390  
225  391  
225  392  
224  393  
223  394  
222  395  
221  396  
221  397  
220  398  
219  399  
265  379  
266  380  
267  381  
268  382  
269  382  
270  383  
271  384  
272  385  
273  386  
274  386  
275  387  
276  388  
277  389  
278  390  
279  390  
280  391  
281  392  
282  393  
283  394  
284  394  
285  395  
286  396  
287  397  
288  398  
289  398  
290  399  
291  400  
292  401  
293  402  
294  402  
295  403  
296  404  
297  405  
298  406  
299  406  
300  407  
301  408  
302  409  
303  410  
304  410  
305  411  
306  412  
307  413  
308  414  
309  414  
310  415  
311  416  
312  417  
353  379  
352  380  
351  381  
350  382  
350  383  
349  384  
348  385  
347  386  
346  387  
346  388  
345  389  
344  390  
343  391  
342  392  
342  393  
341  394  
340  395  
339  396  
338  397  
337  398  
336  399  
336  400  
335  401  
334  402  
333  403  
332  404  
331  405  
330  406  
330  407  
329  408  
328  409  
327  410  
327  411  
326  412  
325  413  
324  414  
323  415  
366  379  
366  380  
365  381  
364  382  
364  383  
363  384  
362  385  
362  386  
361  387  
360  388  
359  389  
358  390  
357  391  
356  392  
355  393  
355  394  
354  395  
353  396  
352  397  
351  398  
351  399  
350  400  
349  401  
348  402  
347  403  
347  404  
346  405  
345  406  
344  407  
343  408  
343  409  
342  410  
341  411  
340  412  
340  413  
339  414  
338  415  
337  416  
336  417  
336  418  
335  419  
334  420  
333  421  
332  422  
254  388  
255  389  
256  390  
257  391  
258  391  
259  392  
260  393  
261  394  
262  395  
263  396  
264  396  
265  397  
266  398  
267  399  
268  400  
269  400  
270  401  
271  402  
272  403  
273  404  
274  404  
275  405  
276  406  
277  407  
278  408  
279  409  
280  409  
281  410  
282  411  
283  412  
284  413  
285  413  
286  414  
287  415  
288  416  
289  417  
290  418  
291  418  
292  419  
293  420  
294  421  
295  422  
296  422  
297  423  
298  424  
299  425  
300  426  
301  426  
302  427  
303  428  
89  390  
88  391  
87  392  
86  393  
85  394  
85  395  
84  396  
83  397  
82  398  
82  399  
81  400  
80  401  
79  402  
79  403  
78  404  
77  405  
76  406  
75  407  
75  408  
74  409  
73  410  
72  411  
71  412  
166  400  
167  401  
168  402  
169  403  
170  403  
171  404  
172  405  
173  406  
174  407  
175  408  
176  408  
177  409  
178  410  
179  411  
180  412  
181  412  
182  413  
183  414  
184  415  
185  415  
186  416  
187  417  
188  418  
189  419  
190  420  
191  420  
192  421  
193  422  
142  401  
141  402  
140  403  
139  404  
139  405  
138  406  
137  407  
136  408  
135  409  
135  410  
134  411  
133  412  
132  413  
131  414  
131  415  
130  416  
129  417  
128  418  
128  419  
127  420  
126  421  
125  422  
124  423  
124  424  
123  425  
122  426  
121  427  
120  428  
120  429  
119  430  
118  431  
117  432  
116  433  
116  434  
115  435  
114  436  
113  437  
112  438  
111  439  
111  440  
110  441  
109  442  
108  443  
158  403  
159  404  
160  405  
161  406  
162  406  
163  407  
164  408  
165  409  
166  409  
167  410  
168  411  
169  412  
170  413  
171  414  
172  415  
173  415  
174  416  
175  417  
176  418  
177  419  
178  420  
179  420  
180  421  
181  422  
182  423  
183  424  
184  425  
185  425  
186  426  
187  427  
188  428  
189  429  
190  429  
191  430  
192  431  
193  431  
194  432  
195  433  
144  406  
144  407  
143  408  
142  409  
141  410  
140  411  
140  412  
139  413  
138  414  
137  415  
136  416  
136  417  
135  418  
134  419  
133  420  
133  421  
132  422  
131  423  
130  424  
130  425  
129  426  
128  427  
127  428  
127  429  
126  430  
125  431  
124  432  
124  433  
123  434  
122  435  
121  436  
120  437  
119  438  
118  439  
117  440  
116  441  
116  442  
115  443  
114  444  
113  445  
112  446  
112  447  
231  419  
232  420  
233  421  
234  422  
235  423  
236  423  
237  424  
238  425  
239  426  
240  427  
241  428  
242  428  
243  429  
244  430  
245  431  
246  432  
247  433  
248  433  
249  434  
250  435  
251  436  
252  436  
253  437  
254  438  
255  439  
256  439  
257  440  
258  441  
259  442  
260  443  
261  444  
262  445  
263  446  
264  447  
265  447  
266  448  
267  449  
268  450  
269  451  
270  452  
271  453  
272  453  
273  454  
274  455  
275  456  
276  457  
277  457  
278  458  
279  459  
255  423  
256  423  
257  424  
258  424  
259  425  
260  426  
261  427  
262  428  
263  429  
264  430  
265  430  
266  431  
267  432  
268  433  
269  434  
270  435  
271  436  
272  436  
273  437  
274  438  
275  439  
276  440  
277  441  
278  441  
279  442  
280  443  
281  444  
282  445  
283  446  
284  446  
285  447  
286  448  
287  449  
288  450  
289  450  
290  451  
291  452  
78  428  
79  429  
80  430  
81  431  
82  431  
83  432  
84  433  
85  434  
86  435  
87  436  
88  437  
89  437  
90  438  
91  439  
92  440  
93  441  
94  442  
95  443  
96  443  
97  444  
255  428  
256  429  
257  429  
258  430  
259  431  
260  432  
261  433  
262  434  
263  435  
264  436  
265  436  
266  437  
267  438  
268  439  
269  440  
270  441  
271  441  
272  442  
273  443  
274  444  
275  445  
276  445  
277  446  
278  447  
279  448  
280  449  
281  449  
282  450  
283  451  
284  452  
285  453  
286  454  
74  431  
75  432  
76  433  
77  434  
78  434  
79  435  
80  436  
81  437  
82  438  
83  439  
84  440  
85  441  
86  441  
87  442  
88  443  
89  444  
90  445  
91  446  
92  447  
93  447  
94  448  
333  448  
332  449  
331  450  
330  451  
329  452  
328  453  
327  454  
327  455  
326  456  
325  457  
324  458  
323  459  
323  460  
322  461  
321  462  
320  463  
319  464  
318  465  
318  466  
317  467  
316  468  
316  469  
315  470  
314  471  
313  472  
312  473  
312  474  
311  475  
310  476  
309  477  
308  478  
307  479  
307  480  
306  481  
306  482  
305  483  
304  484  
303  485  
303  486  
113  458  
114  459  
115  459  
116  460  
117  461  
118  462  
119  463  
120  463  
121  464  
122  465  
123  466  
124  467  
125  468  
126  469  
127  470  
128  471  
129  472  
130  472  
131  473  
132  474  
133  475  
134  476  
135  477  
136  478  
137  478  
138  479  
139  480  
140  481  
141  482  
142  483  
143  484  
144  484  
145  485  
146  486  
147  487  
148  488  
149  489  
150  490  
151  490  
152  491  
153  492  
154  493  
155  494  
156  495  
157  496  
158  496  
159  497  
160  498  
161  499  
162  500  
163  501  
164  501  
165  502  
166  503  
167  504  
168  505  
169  506  
170  506  
171  507  
172  508  
173  509  
174  510  
175  510  
176  511  
177  512  
178  513  
179  514  
180  515  
181  516  
182  516  
183  517  
184  518  
185  519  
186  520  
187  521  
188  521  
189  522  
190  523  
191  524  
192  525  
193  526  
194  527  
195  528  
196  529  
197  530  
198  531  
199  532  
200  533  
201  533  
110  462  
111  463  
112  464  
113  465  
114  465  
115  466  
116  467  
117  468  
118  469  
119  470  
120  471  
121  472  
122  472  
123  473  
124  474  
125  475  
126  476  
127  477  
128  478  
129  478  
130  479  
131  480  
132  481  
133  482  
134  483  
135  484  
136  484  
137  485  
138  486  
139  487  
140  487  
141  488  
142  489  
143  490  
144  491  
145  492  
146  493  
147  494  
148  495  
149  495  
150  496  
151  497  
152  498  
153  499  
154  500  
155  501  
156  502  
157  503  
158  503  
159  504  
160  505  
161  506  
162  507  
163  508  
164  509  
165  510  
166  510  
167  511  
168  512  
169  513  
170  514  
171  515  
172  516  
173  517  
174  518  
175  519  
176  520  
177  521  
178  522  
179  523  
180  524  
181  524  
182  525  
183  526  
184  527  
185  528  
186  529  
187  530  
188  531  
189  532  
190  533  
191  534  
192  535  
193  536  
194  537  
195  538  
196  539  
197  539  
198  540  
199  541  
200  542  
201  542  
32  473  
33  474  
34  475  
35  476  
36  476  
37  477  
38  478  
39  479  
40  480  
41  481  
42  482  
43  483  
44  483  
45  484  
46  485  
47  486  
48  487  
49  488  
50  489  
51  490  
52  490  
53  491  
54  492  
55  493  
56  494  
57  495  
58  496  
59  496  
60  497  
61  498  
62  499  
63  500  
64  501  
65  502  
66  502  
67  503  
68  504  
69  505  
70  506  
71  507  
72  508  
73  509  
74  510  
75  511  
76  511  
77  512  
78  513  
79  514  
80  515  
81  516  
82  517  
83  518  
84  519  
85  519  
86  520  
87  521  
88  522  
89  523  
90  524  
91  525  
92  525  
93  526  
94  527  
95  528  
96  529  
97  530  
98  531  
99  532  
100  533  
101  534  
102  535  
103  535  
104  536  
105  537  
106  538  
107  539  
108  540  
109  541  
110  542  
111  543  
112  543  
113  544  
114  545  
115  546  
116  547  
117  548  
118  549  
119  550  
120  551  
121  551  
122  552  
123  553  
124  554  
125  555  
126  556  
127  557  
128  558  
129  559  
130  559  
131  560  
132  561  
133  562  
134  563  
135  564  
136  565  
137  566  
138  567  
139  568  
140  569  
141  570  
142  570  
143  571  
144  572  
145  573  
32  491  
33  492  
34  493  
35  494  
36  495  
37  496  
38  497  
39  498  
40  498  
41  499  
42  500  
43  501  
44  502  
45  503  
46  504  
47  505  
48  505  
49  506  
50  507  
51  508  
52  509  
53  510  
54  511  
55  512  
56  512  
57  513  
58  514  
59  515  
60  516  
61  517  
62  518  
63  519  
64  520  
65  521  
66  521  
67  522  
68  523  
69  524  
70  525  
71  526  
72  527  
73  528  
74  528  
75  529  
76  530  
77  531  
78  532  
79  533  
80  534  
81  535  
82  536  
83  537  
84  538  
85  539  
86  540  
87  540  
88  541  
89  542  
90  543  
91  544  
92  545  
93  546  
94  546  
95  547  
96  548  
97  549  
98  550  
99  551  
100  552  
101  553  
102  554  
103  555  
104  555  
105  556  
106  557  
107  558  
108  559  
109  559  
110  560  
111  561  
112  562  
113  563  
114  564  
115  565  
116  566  
117  567  
118  568  
119  569  
120  570  
121  571  
122  572  
123  573  
124  573  
125  574  
126  575  
127  576  
128  577  
129  578  
130  579  
131  580  
132  581  
133  581  
134  582  
135  583  
144  497  
145  498  
146  499  
147  500  
148  501  
149  502  
150  503  
151  504  
152  505  
153  506  
154  507  
155  508  
156  509  
157  510  
158  511  
159  512  
160  513  
161  513  
162  514  
163  515  
164  516  
165  517  
166  518  
167  519  
168  520  
169  521  
170  522  
171  523  
172  524  
173  525  
174  525  
175  526  
176  527  
177  528  
178  529  
179  530  
180  531  
181  532  
182  533  
183  534  
184  534  
185  535  
186  536  
187  537  
188  538  
189  539  
190  540  
191  540  
228  511  
227  512  
226  513  
225  514  
224  515  
224  516  
223  517  
223  518  
222  519  
221  520  
220  521  
219  522  
219  523  
218  524  
217  525  
216  526  
215  527  
214  528  
214  529  
213  530  
212  531  
211  532  
138  514  
139  515  
140  516  
141  517  
142  518  
143  519  
144  520  
145  521  
146  521  
147  522  
148  523  
149  524  
150  525  
151  526  
152  527  
153  528  
154  528  
155  529  
156  530  
157  531  
158  532  
159  533  
160  534  
161  535  
162  536  
163  536  
164  537  
165  538  
166  539  
225  523  
224  524  
223  525  
223  526  
222  527  
221  528  
220  529  
219  530  
219  531  
218  532  
217  533  
216  534  
215  535  
215  536  
214  537  
213  538  
212  539  
212  540  
211  541  
210  542  
209  543  
208  544  
48  533  
49  534  
50  535  
51  536  
52  537  
53  538  
54  539  
55  540  
56  540  
57  541  
58  542  
59  543  
60  544  
61  545  
62  546  
63  547  
64  548  
65  548  
66  549  
67  550  
68  551  
69  552  
70  553  
71  554  
72  555  
73  555  
74  556  
75  557  
76  558  
77  559  
78  560  
79  561  
80  562  
81  563  
82  564  
83  565  
84  566  
85  567  
86  567  
87  568  
88  569  
89  570  
90  571  
91  572  
92  573  
93  574  
94  575  
95  576  
96  576  
97  577  
98  578  
99  579  
100  580  
101  581  
102  582  
103  583  
104  584  
105  585  
106  586  
107  587  
108  587  
109  588  
110  589  
111  590  
112  591  
113  592  
114  593  
115  594  
116  595  
117  595  
118  596  
119  597  
148  576  
149  577  
150  577  
151  578  
152  579  
153  580  
154  581  
155  582  
156  583  
157  583  
158  584  
159  585  
160  586  
161  587  
162  588  
163  589  
164  590  
165  591  
166  591  
167  592  
168  593  
169  594  
170  595  
171  596  
172  597  
173  598  
174  599  
175  600  
176  601  
177  601  
178  602  
179  603  
180  604  
181  605  
182  606  
183  607  
184  608  
32  585  
33  586  
34  587  
35  588  
36  589  
37  590  
38  591  
39  592  
40  593  
41  594  
42  595  
43  596  
44  597  
45  598  
46  599  
47  600  
48  601  
49  601  
50  602  
51  603  
52  604  
52  605  
53  606  
141  589  
142  590  
143  591  
144  591  
145  592  
146  593  
147  594  
148  595  
149  596  
150  597  
151  598  
152  599  
153  600  
154  600  
155  601  
156  602  
157  603  
158  604  
159  605  
160  606  
161  607  
162  608  
163  608  
