289  32  
288  33  
288  34  
287  35  
286  36  
286  37  
285  38  
285  39  
284  40  
284  41  
283  42  
283  43  
282  44  
281  45  
281  46  
280  47  
280  48  
279  49  
279  50  
278  51  
277  52  
277  53  
276  54  
276  55  
275  56  
275  57  
274  58  
274  59  
273  60  
272  61  
272  62  
271  63  
271  64  
270  65  
270  66  
269  67  
268  68  
268  69  
267  70  
267  71  
266  72  
266  73  
265  74  
265  75  
264  76  
263  77  
263  78  
262  79  
262  80  
261  81  
261  82  
260  83  
259  84  
259  85  
258  86  
258  87  
257  88  
257  89  
256  90  
255  91  
255  92  
254  93  
254  94  
253  95  
253  96  
252  97  
251  98  
251  99  
250  100  
250  101  
249  102  
249  103  
248  104  
247  105  
247  106  
246  107  
246  108  
245  109  
245  110  
244  111  
243  112  
243  113  
242  114  
242  115  
241  116  
241  117  
240  118  
239  119  
239  120  
238  121  
238  122  
237  123  
237  124  
236  125  
235  126  
235  127  
234  128  
234  129  
233  130  
233  131  
232  132  
231  133  
231  134  
230  135  
230  136  
229  137  
229  138  
228  139  
227  140  
227  141  
226  142  
226  143  
225  144  
225  145  
224  146  
224  147  
223  148  
222  149  
222  150  
221  151  
221  152  
220  153  
220  154  
219  155  
218  156  
218  157  
217  158  
217  159  
216  160  
216  161  
215  162  
214  163  
214  164  
213  165  
213  166  
212  167  
212  168  
211  169  
210  170  
210  171  
209  172  
209  173  
208  174  
208  175  
207  176  
206  177  
206  178  
205  179  
205  180  
204  181  
204  182  
203  183  
203  184  
202  185  
201  186  
201  187  
200  188  
200  189  
199  190  
199  191  
198  192  
197  193  
197  194  
196  195  
196  196  
195  197  
195  198  
194  199  
193  200  
193  201  
192  202  
192  203  
191  204  
191  205  
190  206  
190  207  
189  208  
188  209  
188  210  
187  211  
187  212  
186  213  
186  214  
185  215  
184  216  
184  217  
183  218  
183  219  
182  220  
182  221  
181  222  
181  223  
180  224  
179  225  
179  226  
178  227  
178  228  
177  229  
177  230  
176  231  
175  232  
175  233  
174  234  
174  235  
173  236  
173  237  
172  238  
171  239  
171  240  
170  241  
170  242  
169  243  
169  244  
168  245  
168  246  
351  32  
352  33  
353  33  
354  34  
355  34  
356  35  
357  35  
358  36  
359  36  
360  37  
361  37  
362  38  
363  38  
364  39  
365  40  
366  40  
367  41  
368  41  
369  42  
370  42  
371  43  
372  43  
373  44  
374  45  
375  45  
376  46  
377  46  
378  47  
379  47  
380  48  
381  48  
382  49  
383  49  
384  50  
385  50  
386  51  
387  52  
388  52  
389  53  
390  53  
391  54  
392  55  
393  55  
394  56  
395  56  
396  57  
397  57  
398  58  
399  58  
400  59  
401  59  
402  60  
403  60  
404  61  
405  62  
406  62  
407  63  
408  63  
409  64  
410  64  
411  65  
412  66  
413  66  
414  67  
415  67  
416  68  
417  68  
418  69  
419  70  
420  70  
421  71  
422  71  
423  72  
424  72  
425  73  
426  73  
427  74  
428  75  
429  75  
430  76  
431  76  
432  77  
433  77  
434  78  
435  78  
436  79  
437  79  
438  80  
439  81  
440  81  
441  82  
442  82  
443  83  
444  83  
445  84  
446  84  
447  85  
448  86  
336  54  
337  55  
338  55  
339  56  
340  56  
341  57  
342  57  
343  58  
344  58  
345  59  
346  60  
347  60  
348  61  
349  61  
350  62  
351  62  
352  63  
353  63  
354  64  
355  65  
356  65  
357  66  
358  66  
359  67  
360  67  
361  68  
362  68  
363  69  
364  69  
365  70  
366  71  
367  71  
368  72  
369  72  
370  73  
371  73  
372  74  
373  75  
374  75  
375  76  
376  76  
377  77  
378  77  
379  78  
380  78  
381  79  
382  79  
383  80  
384  80  
385  81  
386  82  
387  82  
388  83  
389  83  
390  84  
391  84  
392  85  
393  85  
394  86  
395  86  
396  87  
397  88  
398  88  
399  89  
400  89  
401  90  
402  90  
403  91  
404  91  
405  92  
406  93  
407  93  
408  94  
409  94  
410  95  
411  95  
412  96  
413  96  
414  97  
415  97  
311  74  
310  75  
310  76  
309  77  
308  78  
308  79  
307  80  
307  81  
306  82  
306  83  
305  84  
305  85  
304  86  
303  87  
303  88  
302  89  
302  90  
301  91  
301  92  
300  93  
300  94  
299  95  
298  96  
298  97  
297  98  
297  99  
296  100  
296  101  
295  102  
294  103  
294  104  
293  105  
293  106  
292  107  
292  108  
291  109  
291  110  
290  111  
289  112  
289  113  
288  114  
288  115  
287  116  
287  117  
286  118  
285  119  
285  120  
284  121  
284  122  
283  123  
283  124  
282  125  
280  78  
280  79  
279  80  
278  81  
278  82  
277  83  
277  84  
276  85  
275  86  
275  87  
274  88  
274  89  
273  90  
272  91  
272  92  
271  93  
271  94  
270  95  
270  96  
269  97  
268  98  
268  99  
267  100  
267  101  
266  102  
266  103  
265  104  
264  105  
264  106  
263  107  
263  108  
262  109  
262  110  
261  111  
260  112  
260  113  
259  114  
259  115  
258  116  
257  117  
257  118  
256  119  
256  120  
255  121  
255  122  
254  123  
254  124  
253  125  
252  126  
252  127  
251  128  
251  129  
250  130  
250  131  
249  132  
248  133  
248  134  
247  135  
247  136  
246  137  
246  138  
245  139  
245  140  
244  141  
243  142  
243  143  
242  144  
242  145  
241  146  
241  147  
240  148  
239  149  
239  150  
238  151  
238  152  
237  153  
237  154  
236  155  
236  156  
235  157  
235  158  
234  159  
233  160  
233  161  
232  162  
232  163  
231  164  
231  165  
230  166  
230  167  
229  168  
228  169  
228  170  
227  171  
227  172  
226  173  
226  174  
225  175  
224  176  
224  177  
223  178  
223  179  
222  180  
222  181  
221  182  
221  183  
220  184  
219  185  
219  186  
218  187  
218  188  
217  189  
217  190  
216  191  
216  192  
215  193  
215  194  
214  195  
213  196  
213  197  
212  198  
212  199  
211  200  
211  201  
210  202  
210  203  
209  204  
209  205  
208  206  
207  207  
207  208  
206  209  
206  210  
205  211  
205  212  
204  213  
203  214  
203  215  
202  216  
202  217  
201  218  
201  219  
200  220  
200  221  
199  222  
199  223  
198  224  
197  225  
197  226  
196  227  
196  228  
195  229  
194  230  
194  231  
193  232  
193  233  
192  234  
191  235  
191  236  
190  237  
190  238  
189  239  
188  240  
188  241  
187  242  
187  243  
186  244  
186  245  
185  246  
184  247  
184  248  
183  249  
183  250  
182  251  
181  252  
181  253  
180  254  
180  255  
313  79  
312  80  
312  81  
311  82  
311  83  
310  84  
309  85  
309  86  
308  87  
308  88  
307  89  
307  90  
306  91  
305  92  
305  93  
304  94  
304  95  
303  96  
303  97  
302  98  
301  99  
301  100  
300  101  
300  102  
299  103  
299  104  
298  105  
297  106  
297  107  
296  108  
296  109  
295  110  
295  111  
294  112  
294  113  
293  114  
293  115  
292  116  
292  117  
291  118  
290  119  
290  120  
289  121  
289  122  
288  123  
288  124  
287  125  
287  126  
286  127  
323  82  
323  83  
322  84  
322  85  
321  86  
321  87  
320  88  
319  89  
319  90  
318  91  
318  92  
317  93  
317  94  
316  95  
316  96  
315  97  
315  98  
314  99  
314  100  
313  101  
312  102  
312  103  
311  104  
311  105  
310  106  
310  107  
309  108  
308  109  
308  110  
307  111  
307  112  
306  113  
306  114  
305  115  
305  116  
304  117  
303  118  
303  119  
302  120  
302  121  
301  122  
301  123  
300  124  
299  125  
299  126  
298  127  
298  128  
297  129  
297  130  
296  131  
387  99  
386  100  
385  101  
384  102  
384  103  
384  104  
383  105  
382  106  
382  107  
381  108  
381  109  
380  110  
380  111  
379  112  
379  113  
378  114  
378  115  
377  116  
376  117  
376  118  
375  119  
375  120  
362  106  
362  107  
361  108  
361  109  
360  110  
359  111  
359  112  
358  113  
358  114  
357  115  
357  116  
356  117  
356  118  
355  119  
354  120  
354  121  
353  122  
353  123  
352  124  
352  125  
351  126  
351  127  
350  128  
350  129  
349  130  
349  131  
348  132  
347  133  
347  134  
346  135  
346  136  
345  137  
345  138  
344  139  
344  140  
343  141  
342  142  
342  143  
341  144  
341  145  
340  146  
340  147  
339  148  
339  149  
338  150  
338  151  
337  152  
337  153  
336  154  
336  155  
313  110  
312  111  
312  112  
311  113  
310  114  
310  115  
309  116  
309  117  
308  118  
308  119  
307  120  
307  121  
306  122  
306  123  
305  124  
305  125  
304  126  
303  127  
303  128  
302  129  
302  130  
301  131  
301  132  
300  133  
300  134  
299  135  
299  136  
298  137  
297  138  
297  139  
296  140  
296  141  
373  110  
373  111  
372  112  
371  113  
371  114  
370  115  
370  116  
369  117  
369  118  
368  119  
368  120  
367  121  
367  122  
366  123  
366  124  
365  125  
364  126  
364  127  
363  128  
363  129  
362  130  
361  131  
361  132  
360  133  
360  134  
359  135  
359  136  
358  137  
358  138  
357  139  
357  140  
356  141  
355  142  
355  143  
354  144  
354  145  
353  146  
353  147  
352  148  
352  149  
351  150  
351  151  
350  152  
350  153  
349  154  
349  155  
348  156  
348  157  
347  158  
346  159  
344  124  
343  125  
343  126  
342  127  
342  128  
341  129  
341  130  
340  131  
340  132  
339  133  
338  134  
338  135  
337  136  
337  137  
336  138  
336  139  
335  140  
335  141  
334  142  
334  143  
333  144  
333  145  
332  146  
331  147  
331  148  
330  149  
330  150  
329  151  
329  152  
328  153  
328  154  
327  155  
326  156  
330  125  
329  126  
329  127  
328  128  
328  129  
327  130  
326  131  
326  132  
325  133  
324  134  
324  135  
323  136  
322  137  
322  138  
321  139  
321  140  
320  141  
320  142  
319  143  
319  144  
318  145  
317  146  
317  147  
316  148  
334  125  
334  126  
333  127  
332  128  
332  129  
331  130  
331  131  
330  132  
329  133  
329  134  
328  135  
327  136  
327  137  
326  138  
325  139  
325  140  
324  141  
323  142  
323  143  
322  144  
437  127  
436  128  
436  129  
435  130  
435  131  
434  132  
434  133  
433  134  
432  135  
432  136  
431  137  
431  138  
430  139  
430  140  
429  141  
429  142  
428  143  
428  144  
427  145  
427  146  
426  147  
426  148  
425  149  
425  150  
424  151  
424  152  
423  153  
422  154  
422  155  
421  156  
421  157  
420  158  
420  159  
419  160  
419  161  
418  162  
418  163  
417  164  
416  165  
416  166  
415  167  
415  168  
414  169  
414  170  
413  171  
413  172  
412  173  
412  174  
411  175  
411  176  
410  177  
410  178  
409  179  
409  180  
408  181  
408  182  
407  183  
407  184  
406  185  
406  186  
280  129  
280  130  
279  131  
279  132  
278  133  
278  134  
277  135  
277  136  
276  137  
276  138  
275  139  
275  140  
274  141  
274  142  
273  143  
273  144  
272  145  
272  146  
271  147  
271  148  
270  149  
269  150  
269  151  
268  152  
268  153  
267  154  
267  155  
266  156  
265  157  
265  158  
264  159  
264  160  
263  161  
262  162  
261  163  
261  164  
260  165  
260  166  
259  167  
258  168  
258  169  
257  170  
257  171  
256  172  
256  173  
255  174  
255  175  
254  176  
253  177  
253  178  
252  179  
252  180  
251  181  
251  182  
250  183  
250  184  
249  185  
249  186  
248  187  
248  188  
247  189  
246  190  
246  191  
245  192  
245  193  
244  194  
244  195  
243  196  
243  197  
242  198  
242  199  
241  200  
240  201  
240  202  
239  203  
239  204  
238  205  
238  206  
237  207  
237  208  
236  209  
235  210  
235  211  
234  212  
234  213  
233  214  
233  215  
232  216  
232  217  
231  218  
230  219  
230  220  
229  221  
229  222  
413  130  
413  131  
413  132  
412  133  
412  134  
412  135  
412  136  
411  137  
411  138  
411  139  
411  140  
411  141  
411  142  
410  143  
410  144  
410  145  
410  146  
410  147  
410  148  
409  149  
409  150  
387  144  
386  145  
386  146  
385  147  
385  148  
384  149  
384  150  
383  151  
383  152  
383  153  
382  154  
382  155  
381  156  
381  157  
380  158  
380  159  
379  160  
379  161  
378  162  
378  163  
377  164  
377  165  
376  166  
376  167  
375  168  
374  169  
374  170  
373  171  
373  172  
372  173  
371  174  
371  175  
370  176  
370  177  
369  178  
369  179  
368  180  
368  181  
367  182  
366  183  
366  184  
393  153  
393  154  
392  155  
391  156  
391  157  
390  158  
390  159  
389  160  
389  161  
388  162  
388  163  
387  164  
387  165  
386  166  
386  167  
385  168  
385  169  
384  170  
384  171  
383  172  
382  173  
382  174  
381  175  
381  176  
380  177  
380  178  
379  179  
379  180  
378  181  
378  182  
377  183  
408  153  
408  154  
407  155  
407  156  
406  157  
406  158  
405  159  
405  160  
404  161  
404  162  
403  163  
403  164  
402  165  
401  166  
401  167  
400  168  
400  169  
399  170  
398  171  
398  172  
397  173  
397  174  
396  175  
396  176  
395  177  
395  178  
394  179  
394  180  
393  181  
260  174  
260  175  
259  176  
258  177  
258  178  
257  179  
257  180  
256  181  
256  182  
255  183  
255  184  
254  185  
253  186  
253  187  
252  188  
252  189  
251  190  
251  191  
250  192  
250  193  
249  194  
248  195  
248  196  
247  197  
247  198  
246  199  
246  200  
245  201  
245  202  
244  203  
244  204  
243  205  
242  206  
242  207  
241  208  
241  209  
240  210  
240  211  
239  212  
239  213  
238  214  
238  215  
237  216  
237  217  
236  218  
235  219  
235  220  
234  221  
234  222  
233  223  
233  224  
232  225  
232  226  
271  177  
271  178  
270  179  
270  180  
269  181  
269  182  
268  183  
267  184  
267  185  
266  186  
266  187  
265  188  
265  189  
264  190  
264  191  
263  192  
263  193  
262  194  
261  195  
261  196  
260  197  
260  198  
259  199  
259  200  
258  201  
257  202  
257  203  
256  204  
256  205  
255  206  
255  207  
254  208  
254  209  
253  210  
253  211  
252  212  
251  213  
251  214  
250  215  
250  216  
249  217  
249  218  
248  219  
248  220  
247  221  
246  222  
246  223  
245  224  
245  225  
244  226  
244  227  
243  228  
405  188  
404  189  
403  190  
403  191  
402  192  
402  193  
401  194  
400  195  
400  196  
399  197  
399  198  
398  199  
398  200  
397  201  
397  202  
396  203  
396  204  
395  205  
395  206  
394  207  
394  208  
393  209  
392  210  
392  211  
391  212  
391  213  
390  214  
390  215  
389  216  
389  217  
388  218  
388  219  
387  220  
387  221  
386  222  
386  223  
385  224  
385  225  
384  226  
383  227  
383  228  
382  229  
382  230  
381  231  
381  232  
380  233  
380  234  
379  235  
379  236  
378  237  
378  238  
377  239  
376  240  
376  241  
375  242  
375  243  
374  244  
374  245  
373  246  
373  247  
372  248  
372  249  
371  250  
371  251  
370  252  
369  253  
369  254  
368  255  
368  256  
367  257  
367  258  
366  259  
366  260  
365  261  
365  262  
364  263  
364  264  
363  265  
362  266  
362  267  
361  268  
361  269  
360  270  
360  271  
359  272  
359  273  
358  274  
358  275  
357  276  
357  277  
356  278  
355  279  
355  280  
354  281  
354  282  
353  283  
353  284  
352  285  
352  286  
351  287  
351  288  
350  289  
350  290  
349  291  
348  292  
348  293  
347  294  
347  295  
346  296  
346  297  
345  298  
345  299  
344  300  
344  301  
343  302  
343  303  
342  304  
341  305  
341  306  
340  307  
340  308  
339  309  
339  310  
338  311  
338  312  
337  313  
337  314  
336  315  
336  316  
335  317  
334  318  
334  319  
333  320  
333  321  
332  322  
332  323  
331  324  
331  325  
330  326  
330  327  
329  328  
329  329  
328  330  
317  204  
316  205  
316  206  
315  207  
315  208  
314  209  
314  210  
313  211  
313  212  
312  213  
312  214  
311  215  
311  216  
310  217  
309  218  
309  219  
308  220  
308  221  
307  222  
306  223  
306  224  
305  225  
305  226  
304  227  
304  228  
303  229  
303  230  
302  231  
302  232  
301  233  
300  234  
300  235  
299  236  
299  237  
298  238  
298  239  
297  240  
297  241  
296  242  
295  243  
295  244  
294  245  
294  246  
293  247  
293  248  
292  249  
291  250  
291  251  
290  252  
290  253  
289  254  
374  209  
373  210  
372  211  
371  212  
370  213  
370  214  
369  215  
368  216  
367  217  
367  218  
366  219  
365  220  
364  221  
363  222  
363  223  
362  224  
361  225  
360  226  
359  227  
359  228  
358  229  
376  213  
375  214  
375  215  
374  216  
373  217  
372  218  
372  219  
371  220  
370  221  
369  222  
368  223  
368  224  
367  225  
366  226  
365  227  
364  228  
364  229  
363  230  
362  231  
362  232  
361  233  
360  234  
360  235  
359  236  
358  237  
358  238  
357  239  
357  240  
356  241  
356  242  
355  243  
355  244  
354  245  
354  246  
283  220  
282  221  
282  222  
281  223  
281  224  
280  225  
280  226  
279  227  
279  228  
278  229  
278  230  
277  231  
277  232  
276  233  
276  234  
275  235  
275  236  
274  237  
274  238  
273  239  
272  240  
272  241  
271  242  
271  243  
270  244  
270  245  
269  246  
268  247  
268  248  
267  249  
267  250  
266  251  
266  252  
265  253  
265  254  
291  220  
291  221  
290  222  
290  223  
289  224  
288  225  
288  226  
287  227  
287  228  
286  229  
286  230  
285  231  
285  232  
284  233  
283  234  
283  235  
282  236  
282  237  
281  238  
281  239  
280  240  
280  241  
279  242  
279  243  
278  244  
278  245  
277  246  
276  247  
276  248  
275  249  
275  250  
274  251  
274  252  
295  221  
294  222  
294  223  
293  224  
293  225  
292  226  
292  227  
291  228  
291  229  
290  230  
290  231  
289  232  
289  233  
288  234  
288  235  
287  236  
286  237  
286  238  
285  239  
285  240  
284  241  
284  242  
283  243  
283  244  
282  245  
282  246  
281  247  
280  248  
280  249  
223  234  
223  235  
222  236  
221  237  
221  238  
220  239  
220  240  
219  241  
219  242  
218  243  
218  244  
217  245  
217  246  
216  247  
215  248  
215  249  
214  250  
214  251  
213  252  
213  253  
212  254  
212  255  
211  256  
210  257  
210  258  
304  236  
303  237  
303  238  
302  239  
302  240  
301  241  
300  242  
300  243  
299  244  
299  245  
298  246  
298  247  
297  248  
297  249  
296  250  
295  251  
295  252  
294  253  
294  254  
293  255  
293  256  
292  257  
292  258  
291  259  
291  260  
290  261  
289  262  
289  263  
337  246  
337  247  
336  248  
336  249  
335  250  
334  251  
334  252  
333  253  
333  254  
332  255  
332  256  
331  257  
330  258  
330  259  
329  260  
329  261  
328  262  
328  263  
327  264  
327  265  
326  266  
326  267  
325  268  
325  269  
324  270  
323  271  
323  272  
322  273  
322  274  
321  275  
321  276  
320  277  
342  265  
342  266  
342  267  
341  268  
341  269  
340  270  
340  271  
339  272  
339  273  
338  274  
338  275  
337  276  
337  277  
337  278  
336  279  
336  280  
336  281  
335  282  
335  283  
335  284  
334  285  
334  286  
155  268  
154  269  
154  270  
153  271  
153  272  
152  273  
152  274  
151  275  
150  276  
150  277  
149  278  
149  279  
148  280  
148  281  
147  282  
146  283  
146  284  
145  285  
145  286  
144  287  
144  288  
143  289  
142  290  
142  291  
141  292  
141  293  
140  294  
140  295  
139  296  
138  297  
138  298  
137  299  
137  300  
136  301  
136  302  
135  303  
134  304  
134  305  
133  306  
133  307  
132  308  
132  309  
131  310  
130  311  
130  312  
129  313  
129  314  
128  315  
127  316  
127  317  
126  318  
126  319  
125  320  
125  321  
124  322  
123  323  
123  324  
122  325  
122  326  
121  327  
121  328  
120  329  
119  330  
119  331  
118  332  
118  333  
117  334  
117  335  
116  336  
115  337  
115  338  
114  339  
114  340  
113  341  
113  342  
112  343  
111  344  
111  345  
110  346  
110  347  
109  348  
108  349  
108  350  
107  351  
107  352  
106  353  
106  354  
105  355  
104  356  
104  357  
103  358  
103  359  
102  360  
102  361  
101  362  
100  363  
100  364  
99  365  
99  366  
98  367  
97  368  
97  369  
96  370  
96  371  
95  372  
95  373  
94  374  
94  375  
93  376  
92  377  
92  378  
91  379  
91  380  
90  381  
89  382  
89  383  
88  384  
88  385  
87  386  
87  387  
86  388  
85  389  
85  390  
84  391  
84  392  
83  393  
82  394  
82  395  
81  396  
81  397  
80  398  
80  399  
79  400  
79  401  
78  402  
77  403  
77  404  
76  405  
76  406  
75  407  
75  408  
74  409  
73  410  
73  411  
72  412  
72  413  
71  414  
70  415  
70  416  
69  417  
69  418  
68  419  
68  420  
67  421  
67  422  
66  423  
65  424  
65  425  
64  426  
64  427  
63  428  
63  429  
62  430  
61  431  
61  432  
60  433  
60  434  
59  435  
59  436  
58  437  
57  438  
57  439  
56  440  
56  441  
55  442  
55  443  
54  444  
53  445  
53  446  
52  447  
52  448  
51  449  
51  450  
50  451  
49  452  
49  453  
48  454  
48  455  
47  456  
46  457  
46  458  
45  459  
45  460  
44  461  
44  462  
43  463  
43  464  
42  465  
41  466  
41  467  
40  468  
40  469  
39  470  
38  471  
38  472  
37  473  
37  474  
36  475  
36  476  
35  477  
34  478  
34  479  
33  480  
33  481  
32  482  
32  483  
346  269  
346  270  
345  271  
344  272  
344  273  
343  274  
343  275  
342  276  
342  277  
341  278  
341  279  
340  280  
340  281  
339  282  
339  283  
338  284  
338  285  
337  286  
337  287  
336  288  
176  272  
177  272  
178  273  
179  273  
180  274  
181  274  
182  275  
183  276  
184  276  
185  277  
186  277  
187  278  
188  278  
189  279  
190  280  
191  280  
192  281  
193  281  
194  282  
195  282  
196  283  
197  283  
198  284  
214  273  
215  273  
216  274  
217  274  
218  275  
219  276  
220  276  
221  277  
222  277  
223  278  
224  278  
225  279  
226  279  
227  280  
228  280  
229  281  
230  282  
231  282  
232  283  
233  283  
234  284  
235  284  
236  285  
237  285  
238  286  
239  286  
240  287  
241  287  
242  288  
243  289  
244  289  
245  290  
246  290  
247  291  
248  291  
249  292  
250  292  
251  293  
252  293  
253  294  
254  294  
255  294  
256  294  
169  274  
169  275  
168  276  
168  277  
167  278  
167  279  
166  280  
166  281  
165  282  
164  283  
164  284  
163  285  
163  286  
162  287  
162  288  
161  289  
160  290  
160  291  
159  292  
159  293  
158  294  
158  295  
157  296  
157  297  
156  298  
156  299  
155  300  
154  301  
154  302  
154  303  
197  298  
198  299  
199  299  
200  300  
201  300  
202  301  
203  301  
204  302  
205  302  
206  303  
207  304  
208  304  
209  305  
210  305  
211  306  
212  306  
213  307  
214  307  
215  308  
216  308  
217  309  
218  310  
219  310  
220  311  
221  311  
222  312  
223  312  
224  313  
225  314  
226  314  
227  315  
228  315  
229  316  
230  316  
231  317  
232  317  
233  318  
234  318  
235  319  
236  320  
237  320  
238  321  
239  321  
240  322  
241  322  
242  323  
243  323  
244  324  
245  325  
246  325  
247  326  
248  326  
249  327  
250  327  
251  328  
252  328  
253  329  
254  329  
255  330  
256  330  
257  331  
258  332  
259  332  
260  333  
261  333  
262  334  
263  334  
264  335  
265  335  
266  336  
267  337  
268  337  
269  338  
270  338  
271  339  
272  339  
273  340  
274  340  
275  341  
276  341  
277  342  
278  343  
279  343  
280  344  
281  344  
141  304  
140  305  
140  306  
139  307  
139  308  
138  309  
137  310  
137  311  
136  312  
136  313  
135  314  
135  315  
134  316  
133  317  
133  318  
132  319  
132  320  
131  321  
130  322  
130  323  
129  324  
129  325  
128  326  
128  327  
127  328  
126  329  
126  330  
125  331  
125  332  
124  333  
124  334  
123  335  
122  336  
122  337  
121  338  
121  339  
120  340  
119  341  
119  342  
119  343  
118  344  
117  345  
117  346  
116  347  
116  348  
115  349  
114  350  
114  351  
113  352  
113  353  
112  354  
111  355  
111  356  
110  357  
110  358  
109  359  
109  360  
108  361  
107  362  
107  363  
106  364  
106  365  
105  366  
104  367  
104  368  
103  369  
103  370  
102  371  
102  372  
101  373  
100  374  
100  375  
99  376  
99  377  
98  378  
98  379  
97  380  
96  381  
96  382  
95  383  
95  384  
94  385  
94  386  
93  387  
92  388  
92  389  
91  390  
91  391  
90  392  
90  393  
89  394  
89  395  
88  396  
88  397  
87  398  
86  399  
86  400  
85  401  
85  402  
84  403  
83  404  
83  405  
82  406  
82  407  
81  408  
81  409  
80  410  
80  411  
79  412  
78  413  
78  414  
77  415  
76  416  
76  417  
75  418  
75  419  
74  420  
74  421  
73  422  
73  423  
72  424  
71  425  
71  426  
70  427  
70  428  
69  429  
69  430  
68  431  
68  432  
67  433  
66  434  
66  435  
65  436  
65  437  
64  438  
63  439  
63  440  
62  441  
62  442  
61  443  
61  444  
60  445  
60  446  
59  447  
58  448  
58  449  
57  450  
57  451  
56  452  
55  453  
55  454  
54  455  
54  456  
53  457  
52  458  
52  459  
51  460  
51  461  
50  462  
50  463  
49  464  
49  465  
48  466  
47  467  
47  468  
46  469  
46  470  
45  471  
44  472  
44  473  
43  474  
43  475  
42  476  
41  477  
41  478  
40  479  
40  480  
39  481  
39  482  
38  483  
38  484  
37  485  
36  486  
36  487  
35  488  
35  489  
34  490  
33  491  
33  492  
32  493  
32  494  
148  312  
147  313  
147  314  
146  315  
145  316  
145  317  
144  318  
144  319  
143  320  
143  321  
142  322  
142  323  
141  324  
140  325  
140  326  
139  327  
139  328  
138  329  
137  330  
137  331  
136  332  
136  333  
135  334  
135  335  
134  336  
133  337  
133  338  
132  339  
132  340  
131  341  
130  342  
130  343  
129  344  
129  345  
128  346  
128  347  
127  348  
126  349  
126  350  
125  351  
125  352  
124  353  
124  354  
123  355  
122  356  
122  357  
121  358  
121  359  
120  360  
119  361  
119  362  
118  363  
118  364  
117  365  
116  366  
116  367  
115  368  
115  369  
114  370  
114  371  
113  372  
112  373  
112  374  
111  375  
111  376  
110  377  
110  378  
109  379  
108  380  
108  381  
107  382  
107  383  
106  384  
106  385  
105  386  
104  387  
104  388  
103  389  
103  390  
102  391  
102  392  
101  393  
100  394  
100  395  
99  396  
99  397  
98  398  
98  399  
97  400  
96  401  
96  402  
95  403  
95  404  
94  405  
94  406  
93  407  
92  408  
92  409  
91  410  
91  411  
90  412  
89  413  
89  414  
88  415  
88  416  
87  417  
86  418  
86  419  
85  420  
85  421  
84  422  
84  423  
83  424  
82  425  
82  426  
81  427  
81  428  
80  429  
80  430  
79  431  
78  432  
78  433  
77  434  
77  435  
76  436  
76  437  
75  438  
74  439  
74  440  
73  441  
73  442  
72  443  
72  444  
71  445  
71  446  
70  447  
69  448  
69  449  
68  450  
68  451  
67  452  
67  453  
66  454  
66  455  
65  456  
64  457  
64  458  
63  459  
63  460  
62  461  
61  462  
61  463  
60  464  
60  465  
59  466  
59  467  
58  468  
58  469  
57  470  
56  471  
56  472  
55  473  
55  474  
54  475  
54  476  
53  477  
53  478  
52  479  
52  480  
51  481  
50  482  
50  483  
49  484  
49  485  
48  486  
48  487  
47  488  
47  489  
46  490  
46  491  
45  492  
45  493  
44  494  
43  495  
43  496  
42  497  
42  498  
41  499  
40  500  
40  501  
39  502  
39  503  
38  504  
38  505  
37  506  
36  507  
36  508  
35  509  
35  510  
34  511  
34  512  
33  513  
32  514  
32  515  
174  321  
173  322  
173  323  
172  324  
172  325  
171  326  
170  327  
170  328  
169  329  
169  330  
168  331  
168  332  
167  333  
166  334  
166  335  
165  336  
165  337  
164  338  
163  339  
163  340  
162  341  
162  342  
161  343  
161  344  
160  345  
160  346  
159  347  
158  348  
158  349  
157  350  
157  351  
156  352  
156  353  
155  354  
154  355  
154  356  
153  357  
153  358  
152  359  
151  360  
151  361  
150  362  
150  363  
149  364  
149  365  
148  366  
147  367  
147  368  
146  369  
146  370  
145  371  
145  372  
144  373  
143  374  
143  375  
142  376  
142  377  
141  378  
141  379  
140  380  
140  381  
139  382  
139  383  
138  384  
138  385  
137  386  
137  387  
136  388  
136  389  
135  390  
135  391  
134  392  
134  393  
133  394  
132  395  
132  396  
131  397  
131  398  
130  399  
130  400  
129  401  
128  402  
128  403  
127  404  
127  405  
126  406  
126  407  
125  408  
124  409  
124  410  
123  411  
123  412  
122  413  
121  414  
120  415  
120  416  
119  417  
119  418  
118  419  
118  420  
117  421  
116  422  
116  423  
115  424  
115  425  
114  426  
113  427  
113  428  
112  429  
112  430  
111  431  
111  432  
110  433  
110  434  
109  435  
108  436  
108  437  
107  438  
107  439  
106  440  
106  441  
105  442  
105  443  
104  444  
104  445  
103  446  
102  447  
102  448  
101  449  
101  450  
100  451  
100  452  
99  453  
98  454  
98  455  
97  456  
97  457  
96  458  
96  459  
95  460  
94  461  
94  462  
93  463  
93  464  
92  465  
92  466  
91  467  
90  468  
90  469  
89  470  
89  471  
88  472  
88  473  
87  474  
87  475  
86  476  
86  477  
85  478  
176  326  
175  327  
175  328  
174  329  
174  330  
173  331  
173  332  
172  333  
171  334  
171  335  
170  336  
170  337  
169  338  
168  339  
168  340  
167  341  
167  342  
166  343  
166  344  
165  345  
164  346  
164  347  
163  348  
163  349  
162  350  
162  351  
161  352  
160  353  
160  354  
159  355  
159  356  
158  357  
157  358  
157  359  
156  360  
156  361  
155  362  
155  363  
154  364  
154  365  
153  366  
153  367  
152  368  
151  369  
151  370  
150  371  
150  372  
149  373  
149  374  
148  375  
147  376  
147  377  
146  378  
146  379  
187  329  
187  330  
186  331  
185  332  
185  333  
184  334  
184  335  
183  336  
183  337  
182  338  
181  339  
181  340  
180  341  
180  342  
179  343  
179  344  
178  345  
178  346  
177  347  
176  348  
176  349  
175  350  
175  351  
174  352  
174  353  
173  354  
172  355  
172  356  
171  357  
171  358  
170  359  
170  360  
169  361  
169  362  
168  363  
167  364  
167  365  
166  366  
166  367  
165  368  
164  369  
164  370  
163  371  
163  372  
162  373  
161  374  
161  375  
160  376  
160  377  
159  378  
159  379  
158  380  
158  381  
157  382  
156  383  
227  354  
226  355  
225  356  
225  357  
224  358  
224  359  
223  360  
223  361  
222  362  
222  363  
221  364  
221  365  
220  366  
219  367  
219  368  
218  369  
218  370  
217  371  
217  372  
216  373  
216  374  
215  375  
214  376  
214  377  
213  378  
213  379  
212  380  
212  381  
211  382  
211  383  
210  384  
209  385  
209  386  
208  387  
208  388  
207  389  
207  390  
206  391  
206  392  
205  393  
204  394  
204  395  
203  396  
203  397  
202  398  
202  399  
201  400  
201  401  
200  402  
200  403  
199  404  
199  405  
198  406  
198  407  
197  408  
299  354  
299  355  
298  356  
298  357  
297  358  
297  359  
296  360  
296  361  
295  362  
294  363  
294  364  
293  365  
293  366  
292  367  
292  368  
291  369  
291  370  
290  371  
290  372  
289  373  
288  374  
288  375  
287  376  
287  377  
286  378  
286  379  
285  380  
285  381  
284  382  
284  383  
283  384  
283  385  
282  386  
282  387  
281  388  
175  359  
175  360  
174  361  
173  362  
173  363  
172  364  
172  365  
171  366  
171  367  
170  368  
169  369  
169  370  
168  371  
168  372  
167  373  
167  374  
166  375  
165  376  
165  377  
164  378  
164  379  
163  380  
163  381  
162  382  
161  383  
161  384  
160  385  
160  386  
159  387  
159  388  
158  389  
158  390  
157  391  
156  392  
156  393  
237  359  
237  360  
236  361  
235  362  
235  363  
234  364  
234  365  
233  366  
233  367  
232  368  
232  369  
231  370  
231  371  
230  372  
229  373  
229  374  
228  375  
228  376  
227  377  
227  378  
226  379  
226  380  
225  381  
225  382  
224  383  
224  384  
223  385  
223  386  
222  387  
221  388  
221  389  
220  390  
220  391  
219  392  
219  393  
218  394  
218  395  
217  396  
217  397  
216  398  
215  399  
215  400  
214  401  
214  402  
213  403  
213  404  
212  405  
211  406  
211  407  
210  408  
210  409  
209  410  
209  411  
208  412  
311  362  
310  363  
310  364  
309  365  
309  366  
308  367  
308  368  
307  369  
306  370  
306  371  
305  372  
305  373  
304  374  
304  375  
303  376  
303  377  
302  378  
302  379  
301  380  
301  381  
300  382  
300  383  
299  384  
299  385  
298  386  
297  387  
297  388  
296  389  
296  390  
295  391  
295  392  
294  393  
294  394  
293  395  
293  396  
292  397  
292  398  
291  399  
291  400  
290  401  
290  402  
289  403  
289  404  
288  405  
287  406  
287  407  
286  408  
286  409  
285  410  
285  411  
284  412  
284  413  
283  414  
283  415  
282  416  
282  417  
281  418  
281  419  
280  420  
280  421  
279  422  
279  423  
278  424  
277  425  
277  426  
276  427  
276  428  
275  429  
275  430  
274  431  
274  432  
273  433  
273  434  
272  435  
272  436  
271  437  
271  438  
270  439  
270  440  
269  441  
268  442  
268  443  
267  444  
267  445  
266  446  
266  447  
265  448  
265  449  
264  450  
264  451  
263  452  
263  453  
262  454  
262  455  
261  456  
261  457  
260  458  
260  459  
259  460  
259  461  
258  462  
257  463  
257  464  
256  465  
256  466  
255  467  
255  468  
254  469  
254  470  
253  471  
253  472  
252  473  
252  474  
251  475  
251  476  
250  477  
249  478  
249  479  
248  480  
248  481  
247  482  
247  483  
246  484  
246  485  
245  486  
245  487  
244  488  
244  489  
243  490  
243  491  
242  492  
242  493  
241  494  
241  495  
240  496  
240  497  
239  498  
239  499  
238  500  
237  501  
237  502  
236  503  
236  504  
235  505  
235  506  
234  507  
234  508  
233  509  
233  510  
232  511  
231  512  
231  513  
230  514  
230  515  
229  516  
229  517  
228  518  
228  519  
227  520  
227  521  
226  522  
226  523  
225  524  
225  525  
224  526  
223  527  
223  528  
222  529  
222  530  
221  531  
221  532  
220  533  
220  534  
219  535  
219  536  
218  537  
218  538  
217  539  
216  540  
216  541  
215  542  
215  543  
214  544  
214  545  
213  546  
213  547  
212  548  
212  549  
211  550  
210  551  
210  552  
209  553  
209  554  
208  555  
208  556  
207  557  
207  558  
206  559  
206  560  
205  561  
205  562  
204  563  
204  564  
203  565  
202  566  
202  567  
201  568  
201  569  
200  570  
200  571  
199  572  
199  573  
198  574  
198  575  
197  576  
197  577  
196  578  
195  579  
195  580  
194  581  
194  582  
193  583  
193  584  
192  585  
192  586  
191  587  
191  588  
439  372  
438  373  
438  374  
437  375  
437  376  
436  377  
435  378  
435  379  
434  380  
434  381  
433  382  
433  383  
432  384  
432  385  
431  386  
431  387  
430  388  
430  389  
429  390  
429  391  
428  392  
428  393  
427  394  
427  395  
426  396  
426  397  
425  398  
424  399  
424  400  
423  401  
423  402  
422  403  
422  404  
421  405  
421  406  
420  407  
420  408  
419  409  
419  410  
418  411  
418  412  
417  413  
417  414  
416  415  
416  416  
416  417  
415  418  
415  419  
414  420  
414  421  
413  422  
413  423  
412  424  
412  425  
411  426  
411  427  
410  428  
410  429  
409  430  
408  431  
408  432  
407  433  
407  434  
406  435  
406  436  
405  437  
405  438  
404  439  
404  440  
403  441  
403  442  
402  443  
402  444  
401  445  
401  446  
400  447  
400  448  
399  449  
399  450  
398  451  
398  452  
397  453  
396  454  
396  455  
395  456  
395  457  
394  458  
394  459  
393  460  
393  461  
392  462  
392  463  
391  464  
391  465  
390  466  
390  467  
389  468  
389  469  
388  470  
388  471  
387  472  
387  473  
386  474  
386  475  
385  476  
385  477  
384  478  
384  479  
383  480  
383  481  
382  482  
382  483  
381  484  
381  485  
380  486  
380  487  
379  488  
379  489  
378  490  
378  491  
377  492  
377  493  
376  494  
376  495  
375  496  
375  497  
374  498  
374  499  
373  500  
373  501  
372  502  
372  503  
371  504  
371  505  
370  506  
370  507  
369  508  
369  509  
368  510  
367  511  
367  512  
366  513  
366  514  
365  515  
365  516  
364  517  
364  518  
363  519  
363  520  
362  521  
361  522  
361  523  
360  524  
360  525  
359  526  
359  527  
358  528  
358  529  
357  530  
357  531  
356  532  
356  533  
355  534  
355  535  
354  536  
353  537  
353  538  
352  539  
352  540  
351  541  
351  542  
350  543  
350  544  
349  545  
349  546  
348  547  
348  548  
347  549  
347  550  
346  551  
346  552  
345  553  
345  554  
344  555  
344  556  
343  557  
343  558  
342  559  
342  560  
341  561  
341  562  
340  563  
340  564  
339  565  
339  566  
338  567  
338  568  
337  569  
337  570  
336  571  
336  572  
335  573  
335  574  
334  575  
334  576  
333  577  
333  578  
332  579  
332  580  
331  581  
331  582  
330  583  
330  584  
329  585  
329  586  
329  587  
328  588  
328  589  
327  590  
327  591  
326  592  
326  593  
325  594  
325  595  
324  596  
324  597  
323  598  
323  599  
322  600  
322  601  
321  602  
321  603  
320  604  
320  605  
319  606  
319  607  
318  608  
206  375  
206  376  
205  377  
205  378  
204  379  
203  380  
203  381  
202  382  
202  383  
201  384  
200  385  
200  386  
199  387  
199  388  
198  389  
197  390  
197  391  
196  392  
196  393  
195  394  
195  395  
194  396  
194  397  
193  398  
193  399  
192  400  
192  401  
191  402  
191  403  
190  404  
189  405  
189  406  
188  407  
188  408  
187  409  
218  377  
218  378  
217  379  
217  380  
216  381  
216  382  
215  383  
215  384  
214  385  
213  386  
213  387  
212  388  
212  389  
211  390  
211  391  
210  392  
210  393  
209  394  
209  395  
208  396  
207  397  
207  398  
222  377  
222  378  
221  379  
221  380  
220  381  
220  382  
219  383  
219  384  
218  385  
218  386  
217  387  
217  388  
216  389  
215  390  
215  391  
215  392  
214  393  
213  394  
213  395  
212  396  
211  397  
211  398  
210  399  
273  403  
273  404  
272  405  
272  406  
271  407  
271  408  
270  409  
270  410  
269  411  
269  412  
268  413  
268  414  
267  415  
267  416  
266  417  
265  418  
265  419  
264  420  
264  421  
263  422  
262  423  
262  424  
261  425  
261  426  
260  427  
260  428  
259  429  
259  430  
258  431  
258  432  
257  433  
257  434  
256  435  
256  436  
255  437  
255  438  
254  439  
253  440  
253  441  
252  442  
252  443  
251  444  
251  445  
250  446  
250  447  
249  448  
249  449  
248  450  
248  451  
247  452  
247  453  
246  454  
246  455  
245  456  
245  457  
244  458  
244  459  
243  460  
243  461  
242  462  
242  463  
241  464  
241  465  
240  466  
239  467  
239  468  
238  469  
237  470  
237  471  
236  472  
235  473  
235  474  
234  475  
233  476  
232  477  
232  478  
231  479  
230  480  
230  481  
229  482  
228  483  
227  484  
226  485  
225  486  
225  487  
224  488  
223  489  
213  417  
214  418  
215  419  
216  419  
217  420  
218  421  
219  421  
220  422  
221  422  
222  423  
223  423  
224  424  
225  425  
226  425  
227  426  
228  426  
229  427  
230  427  
231  428  
232  429  
233  429  
234  430  
235  430  
120  425  
119  426  
119  427  
118  428  
118  429  
117  430  
116  431  
116  432  
115  433  
115  434  
114  435  
114  436  
113  437  
112  438  
112  439  
111  440  
111  441  
110  442  
110  443  
109  444  
108  445  
108  446  
107  447  
107  448  
106  449  
106  450  
105  451  
104  452  
104  453  
103  454  
103  455  
102  456  
102  457  
101  458  
101  459  
100  460  
100  461  
99  462  
98  463  
98  464  
97  465  
97  466  
96  467  
96  468  
95  469  
95  470  
94  471  
93  472  
93  473  
92  474  
92  475  
91  476  
91  477  
90  478  
90  479  
89  480  
131  428  
131  429  
130  430  
130  431  
129  432  
129  433  
128  434  
127  435  
127  436  
126  437  
126  438  
125  439  
125  440  
124  441  
124  442  
123  443  
123  444  
122  445  
121  446  
121  447  
120  448  
120  449  
119  450  
119  451  
118  452  
118  453  
117  454  
116  455  
116  456  
115  457  
115  458  
114  459  
114  460  
113  461  
113  462  
112  463  
111  464  
111  465  
110  466  
110  467  
109  468  
108  469  
108  470  
107  471  
107  472  
106  473  
106  474  
105  475  
105  476  
104  477  
103  478  
103  479  
102  480  
102  481  
101  482  
101  483  
100  484  
99  485  
134  432  
133  433  
133  434  
132  435  
131  436  
131  437  
130  438  
130  439  
129  440  
129  441  
128  442  
128  443  
127  444  
127  445  
126  446  
125  447  
125  448  
124  449  
124  450  
125  451  
245  446  
244  447  
243  448  
242  449  
241  450  
241  451  
240  452  
239  453  
238  454  
237  455  
237  456  
236  457  
235  458  
234  459  
233  460  
232  461  
231  462  
231  463  
230  464  
229  465  
228  466  
227  467  
227  468  
226  469  
225  470  
224  471  
224  472  
223  473  
222  474  
221  475  
221  476  
220  477  
219  478  
218  479  
218  480  
217  481  
216  482  
216  483  
215  484  
214  485  
168  451  
168  452  
167  453  
166  454  
166  455  
165  456  
165  457  
164  458  
164  459  
163  460  
162  461  
162  462  
161  463  
161  464  
160  465  
160  466  
159  467  
158  468  
158  469  
157  470  
157  471  
156  472  
156  473  
155  474  
155  475  
154  476  
154  477  
153  478  
152  479  
152  480  
151  481  
151  482  
150  483  
150  484  
149  485  
149  486  
148  487  
148  488  
147  489  
147  490  
146  491  
146  492  
145  493  
145  494  
144  495  
144  496  
143  497  
142  498  
142  499  
141  500  
141  501  
140  502  
140  503  
139  504  
139  505  
138  506  
186  452  
185  453  
185  454  
184  455  
184  456  
183  457  
182  458  
182  459  
181  460  
181  461  
180  462  
180  463  
179  464  
179  465  
178  466  
178  467  
177  468  
177  469  
176  470  
176  471  
175  472  
175  473  
174  474  
174  475  
173  476  
172  477  
172  478  
171  479  
171  480  
170  481  
170  482  
169  483  
169  484  
180  454  
179  455  
179  456  
178  457  
178  458  
177  459  
177  460  
176  461  
176  462  
175  463  
175  464  
174  465  
173  466  
173  467  
172  468  
172  469  
171  470  
171  471  
170  472  
170  473  
169  474  
169  475  
168  476  
168  477  
167  478  
166  479  
166  480  
165  481  
165  482  
164  483  
164  484  
163  485  
163  486  
162  487  
161  488  
161  489  
160  490  
160  491  
159  492  
159  493  
158  494  
157  495  
157  496  
156  497  
156  498  
155  499  
155  500  
154  501  
153  502  
153  503  
152  504  
152  505  
151  506  
151  507  
150  508  
149  509  
149  510  
148  511  
213  487  
212  488  
212  489  
211  490  
210  491  
210  492  
209  493  
209  494  
208  495  
208  496  
207  497  
207  498  
206  499  
206  500  
205  501  
205  502  
205  503  
204  504  
204  505  
204  506  
203  507  
203  508  
203  509  
202  510  
202  511  
202  512  
202  513  
201  514  
201  515  
201  516  
200  517  
200  518  
200  519  
80  488  
79  489  
79  490  
78  491  
78  492  
77  493  
77  494  
76  495  
76  496  
75  497  
74  498  
74  499  
73  500  
73  501  
72  502  
71  503  
71  504  
70  505  
70  506  
69  507  
69  508  
68  509  
68  510  
67  511  
67  512  
66  513  
65  514  
65  515  
64  516  
64  517  
63  518  
63  519  
62  520  
62  521  
61  522  
198  524  
198  525  
197  526  
197  527  
196  528  
196  529  
195  530  
195  531  
194  532  
194  533  
193  534  
193  535  
192  536  
192  537  
191  538  
191  539  
190  540  
189  541  
189  542  
188  543  
188  544  
187  545  
186  546  
186  547  
185  548  
185  549  
184  550  
184  551  
32  527  
33  528  
34  529  
35  529  
36  530  
37  531  
38  531  
39  532  
40  533  
41  533  
42  534  
43  534  
44  535  
45  536  
46  536  
47  537  
48  537  
49  538  
50  538  
51  539  
52  540  
53  540  
54  541  
55  541  
56  542  
57  542  
58  543  
59  543  
60  544  
61  544  
62  545  
63  545  
64  546  
65  547  
66  547  
67  548  
68  548  
69  549  
70  549  
71  550  
72  551  
73  551  
74  552  
75  552  
76  553  
77  553  
78  554  
79  554  
80  555  
81  555  
82  556  
83  557  
84  557  
85  558  
86  558  
87  559  
88  559  
89  560  
90  560  
91  561  
92  562  
93  562  
94  563  
95  563  
206  529  
206  530  
205  531  
204  532  
204  533  
203  534  
203  535  
202  536  
202  537  
201  538  
201  539  
200  540  
200  541  
199  542  
199  543  
198  544  
198  545  
197  546  
197  547  
196  548  
196  549  
195  550  
66  536  
67  537  
68  537  
69  538  
70  538  
71  539  
72  539  
73  540  
74  540  
75  541  
76  541  
77  542  
78  542  
79  543  
80  544  
81  544  
82  545  
83  545  
84  546  
85  546  
86  547  
87  547  
88  548  
89  548  
90  549  
91  549  
92  550  
93  551  
94  551  
95  552  
96  552  
97  553  
98  553  
99  554  
100  554  
101  555  
102  555  
103  556  
32  550  
33  551  
34  551  
35  552  
36  552  
37  553  
38  554  
39  554  
40  555  
41  555  
42  556  
43  556  
44  557  
45  557  
46  558  
47  558  
48  559  
49  560  
50  560  
51  561  
52  561  
53  562  
54  562  
55  563  
56  563  
57  564  
58  564  
59  565  
60  566  
61  566  
62  567  
63  567  
64  568  
65  568  
66  569  
67  569  
68  570  
69  570  
70  571  
71  572  
72  572  
73  573  
74  573  
75  574  
76  574  
77  575  
78  575  
79  576  
80  577  
81  577  
82  578  
83  578  
84  579  
85  579  
86  580  
87  580  
88  581  
89  581  
90  582  
91  583  
92  583  
93  584  
94  584  
95  585  
96  585  
97  586  
98  586  
99  587  
100  588  
101  588  
102  589  
103  589  
104  590  
105  590  
106  591  
107  591  
108  592  
109  592  
110  593  
111  594  
112  594  
113  595  
114  595  
115  596  
116  596  
117  597  
118  597  
119  598  
120  599  
121  599  
122  600  
123  600  
124  601  
125  601  
126  602  
127  602  
128  603  
129  604  
130  604  
131  605  
132  605  
133  606  
134  606  
135  607  
136  607  
137  608  
44  552  
45  552  
46  553  
47  553  
48  554  
49  555  
50  555  
51  556  
52  556  
53  557  
54  557  
55  558  
56  558  
57  559  
58  559  
59  560  
60  560  
61  561  
62  562  
63  562  
64  563  
65  563  
66  564  
67  564  
68  565  
69  565  
70  566  
71  567  
72  567  
73  568  
74  568  
75  569  
76  569  
77  570  
78  570  
79  571  
80  571  
81  572  
82  573  
83  573  
84  574  
85  574  
86  575  
190  558  
189  559  
189  560  
188  561  
188  562  
187  563  
187  564  
186  565  
186  566  
185  567  
185  568  
184  569  
184  570  
183  571  
183  572  
182  573  
182  574  
181  575  
181  576  
180  577  
179  578  
179  579  
178  580  
106  569  
107  570  
108  570  
109  571  
110  572  
111  572  
112  573  
113  573  
114  574  
115  574  
116  575  
117  575  
118  576  
119  576  
120  577  
121  577  
122  578  
123  579  
124  579  
125  579  
126  580  
127  581  
128  582  
129  582  
130  583  
131  583  
132  584  
133  584  
134  585  
135  585  
136  586  
137  586  
138  587  
139  587  
140  588  
141  589  
142  589  
143  590  
144  590  
145  591  
146  591  
147  592  
148  592  
149  593  
150  593  
151  594  
184  586  
183  587  
183  588  
182  589  
182  590  
181  591  
181  592  
180  593  
180  594  
179  595  
179  596  
178  597  
178  598  
177  599  
177  600  
176  601  
176  602  
175  603  
175  604  
174  605  
174  606  
171  607  
173  607  
172  608  
