76  
35  91  27  23  23  53  34  26  51  106  21  44  47  35  21  70  56  165  46  38  36  39  39  52  37  25  38  38  41  32  37  76  36  39  268  83  39  43  76  42  88  101  39  39  35  30  32  20  32  55  49  22  47  44  133  94  58  37  95  36  22  55  36  36  37  40  29  154  37  38  39  21  37  39  39  38  
51  32  
51  33  
50  34  
49  35  
49  36  
48  37  
48  38  
47  39  
47  40  
46  41  
46  42  
45  43  
44  44  
44  45  
43  46  
43  47  
42  48  
41  49  
41  50  
40  51  
40  52  
39  53  
39  54  
38  55  
38  56  
37  57  
37  58  
36  59  
35  60  
35  61  
34  62  
34  63  
33  64  
33  65  
32  66  
245  32  
246  32  
247  33  
248  33  
249  34  
250  34  
251  35  
252  35  
253  36  
254  36  
255  37  
256  37  
257  38  
258  38  
259  39  
260  39  
261  40  
262  40  
263  41  
264  41  
265  42  
266  42  
267  43  
268  43  
269  44  
270  44  
271  45  
272  45  
273  46  
274  46  
275  47  
276  47  
277  48  
278  48  
279  49  
280  49  
281  50  
282  50  
283  51  
284  51  
285  52  
286  52  
287  53  
288  53  
289  54  
290  54  
291  54  
292  55  
293  55  
294  56  
295  56  
296  57  
297  57  
298  58  
299  58  
300  59  
301  59  
302  60  
303  60  
304  61  
305  61  
306  62  
307  62  
308  63  
309  63  
310  64  
311  64  
312  65  
313  65  
314  66  
315  66  
316  67  
317  67  
318  68  
319  68  
320  69  
321  69  
322  70  
323  70  
324  71  
325  71  
326  72  
327  72  
328  73  
329  73  
330  74  
331  74  
332  75  
333  75  
334  75  
335  76  
125  37  
126  38  
127  38  
128  39  
129  39  
130  40  
131  40  
132  41  
133  41  
134  42  
135  42  
136  43  
137  43  
138  44  
139  44  
140  45  
141  45  
142  46  
143  46  
144  47  
145  47  
146  48  
147  48  
148  49  
149  49  
150  50  
151  50  
313  41  
314  41  
315  42  
316  42  
317  43  
318  43  
319  44  
320  44  
321  45  
322  45  
323  46  
324  46  
325  47  
326  47  
327  48  
328  48  
329  49  
330  49  
331  50  
332  50  
333  51  
334  51  
335  52  
306  57  
307  57  
308  57  
309  58  
310  58  
311  59  
312  59  
313  60  
314  60  
315  61  
316  61  
317  62  
318  62  
319  63  
320  63  
321  64  
322  64  
323  65  
324  65  
325  66  
326  66  
327  67  
328  67  
336  58  
337  59  
338  59  
339  60  
340  60  
341  61  
342  61  
343  62  
344  62  
345  63  
346  63  
347  64  
348  65  
349  65  
350  66  
351  66  
352  67  
353  67  
354  68  
355  68  
356  69  
357  69  
358  70  
359  70  
360  71  
361  71  
362  72  
363  73  
364  73  
365  74  
366  74  
367  75  
368  75  
369  76  
370  76  
371  77  
372  77  
373  78  
374  78  
375  79  
376  79  
377  80  
378  80  
379  81  
380  81  
381  82  
382  82  
383  83  
384  83  
385  84  
386  84  
387  85  
388  85  
448  58  
447  59  
447  60  
446  61  
446  62  
445  63  
444  64  
444  65  
443  66  
442  67  
442  68  
441  69  
441  70  
440  71  
439  72  
439  73  
438  74  
437  75  
437  76  
436  77  
436  78  
435  79  
435  80  
434  81  
434  82  
433  83  
432  84  
432  85  
431  86  
430  87  
430  88  
429  89  
429  90  
428  91  
180  65  
181  66  
182  66  
183  67  
184  67  
185  68  
186  68  
187  69  
188  69  
189  70  
190  70  
191  71  
192  71  
193  72  
194  72  
195  73  
196  73  
197  74  
198  74  
199  75  
200  75  
201  76  
202  76  
203  77  
204  78  
205  78  
368  69  
369  70  
370  70  
371  71  
372  71  
373  72  
374  72  
375  73  
376  73  
377  74  
378  74  
379  75  
380  75  
381  76  
382  76  
383  77  
384  77  
385  78  
386  78  
387  79  
388  79  
389  80  
390  80  
391  81  
392  81  
393  82  
394  82  
395  83  
396  83  
397  84  
398  84  
399  85  
400  85  
401  86  
402  87  
403  87  
404  88  
405  88  
406  89  
407  89  
408  90  
409  90  
410  91  
411  91  
412  92  
413  92  
414  93  
415  93  
416  94  
417  94  
418  95  
343  80  
344  80  
345  81  
346  81  
347  82  
348  82  
349  83  
350  83  
351  84  
352  84  
353  85  
354  85  
355  86  
356  86  
357  87  
358  87  
359  88  
360  88  
361  89  
362  89  
363  90  
364  90  
365  91  
366  91  
367  92  
368  92  
369  93  
370  93  
371  94  
372  94  
373  95  
374  95  
375  96  
376  96  
377  97  
378  97  
379  97  
380  98  
381  98  
382  99  
383  99  
384  100  
385  100  
386  101  
387  101  
388  102  
389  102  
390  103  
391  103  
392  104  
393  104  
394  105  
395  105  
396  106  
397  106  
398  107  
399  107  
400  108  
401  108  
402  109  
403  109  
404  110  
405  110  
406  111  
407  111  
408  112  
409  112  
410  112  
411  113  
412  113  
413  114  
414  114  
415  115  
416  115  
417  116  
418  116  
419  117  
420  117  
421  118  
422  118  
423  119  
424  119  
425  120  
426  120  
427  121  
428  121  
429  122  
430  122  
431  123  
432  123  
433  124  
434  124  
435  125  
436  125  
437  126  
438  126  
439  127  
440  127  
441  128  
442  128  
443  129  
444  129  
445  130  
446  130  
447  130  
448  131  
448  80  
448  81  
447  82  
447  83  
446  84  
445  85  
445  86  
444  87  
444  88  
443  89  
442  90  
442  91  
441  92  
441  93  
440  94  
439  95  
439  96  
438  97  
437  98  
437  99  
436  100  
215  83  
216  84  
217  84  
218  85  
219  85  
220  86  
221  86  
222  87  
223  87  
224  88  
225  88  
226  89  
227  89  
228  90  
229  90  
230  91  
231  91  
232  92  
233  92  
234  93  
235  93  
236  94  
237  94  
238  95  
239  95  
240  96  
241  96  
242  97  
243  97  
244  98  
245  98  
246  99  
247  99  
248  100  
249  100  
250  101  
251  101  
252  102  
253  102  
254  103  
255  103  
256  104  
257  104  
258  105  
339  83  
338  84  
338  85  
337  86  
337  87  
336  88  
336  89  
335  90  
335  91  
334  92  
333  93  
333  94  
332  95  
332  96  
331  97  
331  98  
330  99  
330  100  
329  101  
329  102  
328  103  
327  104  
327  105  
326  106  
326  107  
325  108  
324  109  
324  110  
323  111  
323  112  
322  113  
322  114  
321  115  
320  116  
320  117  
319  118  
319  119  
318  120  
318  121  
317  122  
317  123  
316  124  
316  125  
315  126  
314  127  
314  128  
313  129  
390  86  
391  86  
392  87  
393  88  
394  88  
395  89  
396  89  
397  89  
398  90  
399  91  
400  91  
401  92  
402  92  
403  93  
404  93  
405  94  
406  94  
407  95  
408  95  
409  96  
410  96  
411  97  
412  98  
413  98  
414  99  
415  99  
416  100  
417  100  
418  101  
419  101  
420  102  
421  102  
422  103  
423  103  
424  104  
292  122  
293  122  
294  123  
295  123  
296  124  
297  124  
298  125  
299  125  
300  126  
301  126  
302  127  
303  127  
304  128  
305  128  
306  129  
307  129  
308  130  
309  130  
310  131  
311  131  
312  132  
322  137  
323  138  
324  138  
325  139  
326  139  
327  140  
328  140  
329  141  
330  141  
331  142  
332  142  
333  143  
334  143  
335  144  
336  144  
337  145  
338  145  
339  146  
340  146  
341  147  
342  147  
343  148  
344  148  
345  149  
346  149  
347  150  
348  150  
349  151  
350  152  
351  152  
352  153  
353  153  
354  154  
355  154  
356  155  
357  155  
358  156  
359  156  
360  157  
361  157  
362  158  
363  158  
364  159  
365  159  
366  160  
367  160  
368  161  
369  161  
370  162  
371  162  
372  163  
373  163  
374  164  
375  164  
376  165  
377  165  
378  166  
379  166  
380  167  
381  167  
382  168  
383  168  
384  169  
385  169  
386  170  
387  170  
388  171  
389  171  
390  172  
391  172  
393  173  
394  174  
395  174  
396  175  
397  175  
398  176  
399  176  
400  177  
401  177  
402  178  
403  178  
404  179  
405  179  
406  180  
407  180  
408  181  
409  181  
410  182  
411  182  
412  183  
413  183  
414  184  
415  184  
416  185  
417  185  
418  186  
419  186  
420  187  
421  187  
422  188  
423  188  
424  189  
425  189  
426  190  
427  190  
428  191  
429  191  
430  192  
431  192  
432  193  
433  193  
434  194  
435  194  
436  195  
437  195  
438  196  
439  196  
440  197  
441  197  
442  198  
443  198  
444  199  
445  199  
446  199  
447  200  
448  200  
178  176  
179  176  
180  177  
181  177  
182  178  
183  178  
184  179  
185  179  
186  180  
187  180  
188  181  
189  181  
190  182  
191  183  
192  183  
193  184  
194  184  
195  185  
196  185  
197  186  
198  186  
199  187  
200  187  
201  188  
202  188  
203  189  
204  189  
205  190  
206  191  
207  191  
208  192  
209  192  
210  193  
211  193  
212  194  
213  194  
214  195  
215  195  
216  196  
217  197  
218  197  
219  198  
220  198  
221  199  
222  199  
223  200  
224  200  
225  201  
226  201  
227  202  
228  203  
229  203  
230  204  
231  204  
232  205  
233  205  
234  206  
235  206  
236  207  
237  207  
238  208  
239  208  
240  209  
241  210  
242  210  
243  211  
244  211  
245  212  
246  212  
247  213  
248  213  
249  214  
250  214  
251  215  
252  215  
253  216  
254  217  
255  217  
256  218  
257  218  
258  219  
259  219  
260  220  
261  220  
262  221  
263  221  
264  222  
265  222  
266  223  
267  223  
268  224  
269  224  
270  225  
271  226  
272  226  
273  227  
274  227  
275  228  
276  228  
277  229  
278  229  
279  230  
280  230  
281  231  
282  231  
283  232  
284  232  
285  233  
286  234  
287  234  
288  235  
289  235  
290  236  
291  236  
292  237  
293  237  
294  238  
295  238  
296  239  
297  239  
298  240  
299  240  
300  241  
301  241  
302  242  
303  243  
304  243  
305  244  
306  244  
307  245  
308  245  
309  246  
310  246  
311  247  
312  247  
313  248  
314  248  
315  249  
316  249  
317  250  
318  250  
319  251  
320  251  
321  252  
322  252  
323  253  
324  253  
325  254  
326  254  
327  255  
328  255  
329  256  
330  256  
331  257  
332  257  
333  258  
334  259  
335  259  
336  260  
337  260  
338  261  
339  261  
340  262  
341  262  
342  263  
168  181  
167  182  
167  183  
166  184  
166  185  
165  186  
165  187  
164  188  
163  189  
163  190  
162  191  
162  192  
161  193  
161  194  
160  195  
160  196  
159  197  
158  198  
158  199  
157  200  
157  201  
156  202  
156  203  
155  204  
155  205  
154  206  
153  207  
153  208  
152  209  
152  210  
151  211  
151  212  
150  213  
150  214  
149  215  
148  216  
148  217  
147  218  
147  219  
146  220  
146  221  
145  222  
145  223  
144  224  
143  225  
143  226  
181  184  
182  184  
183  185  
184  185  
185  186  
186  186  
187  187  
188  187  
189  188  
190  188  
191  189  
192  190  
193  190  
194  191  
195  191  
196  192  
197  192  
198  193  
199  193  
200  194  
201  194  
202  195  
203  195  
204  196  
205  197  
206  197  
207  198  
208  198  
209  199  
210  199  
211  200  
212  200  
213  201  
214  201  
215  202  
216  203  
217  203  
218  204  
170  208  
171  209  
172  209  
173  210  
174  210  
175  211  
176  211  
177  212  
178  212  
179  213  
180  213  
181  214  
182  214  
183  215  
184  216  
185  216  
186  217  
187  217  
188  218  
189  218  
190  219  
191  219  
192  220  
193  221  
194  221  
195  222  
196  222  
197  223  
198  223  
199  224  
200  224  
201  225  
202  225  
203  226  
204  227  
205  227  
165  212  
166  212  
167  213  
168  213  
169  214  
170  214  
171  215  
172  215  
173  216  
174  217  
175  217  
176  218  
177  218  
178  219  
179  219  
180  220  
181  220  
182  221  
183  221  
184  222  
185  223  
186  223  
187  224  
188  224  
189  225  
190  225  
191  226  
192  226  
193  227  
194  227  
195  228  
196  229  
197  229  
198  230  
199  230  
200  231  
201  231  
202  232  
203  233  
237  214  
238  214  
239  215  
240  216  
241  216  
242  217  
243  217  
244  218  
245  218  
246  219  
247  219  
248  220  
249  220  
250  221  
251  222  
252  222  
253  223  
254  223  
255  224  
256  224  
257  225  
258  225  
259  226  
260  226  
261  227  
262  227  
263  228  
264  229  
265  229  
266  230  
267  230  
268  231  
269  231  
270  232  
271  232  
272  233  
273  233  
274  234  
275  234  
90  224  
91  224  
92  224  
93  224  
94  224  
95  224  
96  224  
97  224  
98  224  
99  224  
100  224  
101  224  
102  224  
103  224  
104  224  
105  224  
106  224  
107  224  
108  224  
109  224  
84  225  
85  225  
86  225  
87  225  
88  225  
89  225  
110  225  
111  225  
112  225  
113  225  
114  225  
115  225  
80  226  
81  226  
82  226  
83  226  
116  226  
117  226  
118  226  
119  226  
77  227  
78  227  
79  227  
120  227  
121  227  
122  227  
123  227  
74  228  
75  228  
76  228  
124  228  
125  228  
155  236  
156  237  
157  237  
158  238  
159  239  
160  239  
161  240  
162  240  
163  241  
164  241  
165  242  
166  242  
167  243  
168  243  
169  244  
170  245  
171  245  
172  246  
173  246  
174  247  
175  247  
176  248  
177  248  
178  249  
179  250  
180  250  
181  251  
182  251  
183  252  
184  252  
185  253  
186  254  
187  254  
188  255  
189  255  
190  256  
191  256  
54  238  
52  239  
53  239  
51  240  
50  241  
48  242  
49  242  
47  243  
46  244  
45  245  
44  246  
43  247  
42  248  
41  249  
40  250  
39  251  
38  252  
37  253  
36  254  
35  255  
35  256  
34  257  
33  258  
32  259  
32  260  
225  238  
226  239  
227  239  
228  240  
229  240  
230  241  
231  241  
232  242  
233  242  
234  243  
235  244  
236  244  
237  245  
238  245  
239  246  
240  246  
241  247  
242  247  
243  248  
244  248  
245  249  
246  250  
247  250  
248  251  
249  251  
250  252  
251  252  
252  253  
253  253  
254  254  
255  255  
256  255  
257  256  
258  256  
259  257  
260  257  
261  258  
262  258  
222  243  
223  243  
224  244  
225  245  
226  245  
227  246  
228  246  
229  247  
230  247  
231  248  
232  249  
233  249  
234  250  
235  250  
236  251  
237  251  
238  252  
239  252  
240  253  
241  254  
242  254  
243  255  
244  255  
245  256  
246  256  
247  257  
248  257  
249  258  
250  259  
251  259  
252  260  
253  260  
254  261  
255  261  
256  262  
257  262  
258  263  
259  263  
293  244  
294  245  
295  245  
296  246  
297  246  
298  247  
299  247  
300  248  
301  248  
302  249  
303  249  
304  250  
305  250  
306  251  
307  251  
308  252  
309  252  
310  253  
311  253  
312  254  
313  254  
314  255  
315  256  
316  256  
317  257  
318  257  
319  258  
320  258  
321  259  
322  259  
323  260  
324  260  
325  261  
326  261  
327  262  
328  262  
329  263  
330  263  
331  264  
332  264  
333  265  
79  252  
80  252  
81  253  
82  253  
83  254  
84  255  
85  255  
86  256  
87  256  
88  257  
89  257  
90  258  
91  259  
92  259  
93  260  
94  260  
95  261  
96  261  
97  262  
98  262  
99  263  
100  264  
101  264  
102  265  
103  265  
104  266  
105  266  
106  267  
107  268  
108  268  
109  269  
110  269  
70  253  
71  253  
72  254  
73  255  
74  255  
75  256  
76  256  
77  257  
78  257  
79  258  
80  259  
81  259  
82  260  
83  260  
84  261  
85  261  
86  262  
87  263  
88  263  
89  264  
90  264  
91  265  
92  265  
93  266  
94  267  
95  267  
96  268  
97  268  
98  269  
99  269  
100  270  
101  270  
102  271  
103  272  
104  272  
105  273  
106  273  
164  264  
165  265  
166  265  
167  266  
168  266  
169  267  
170  267  
171  268  
172  268  
173  269  
174  269  
175  270  
176  270  
177  271  
178  272  
179  272  
180  273  
181  273  
182  274  
183  274  
184  275  
185  276  
186  276  
187  277  
188  277  
189  278  
190  278  
191  279  
192  279  
193  280  
194  281  
195  281  
196  282  
197  282  
198  283  
199  284  
200  284  
201  285  
202  285  
203  286  
204  286  
205  287  
206  287  
207  288  
208  288  
209  289  
210  289  
211  290  
212  291  
213  291  
214  292  
215  292  
216  293  
217  293  
218  294  
219  295  
220  295  
221  296  
222  296  
223  297  
224  298  
225  298  
226  299  
227  299  
228  300  
229  300  
230  301  
231  301  
232  302  
233  302  
234  303  
235  303  
236  304  
237  305  
238  305  
239  306  
210  267  
211  267  
212  268  
213  268  
214  269  
215  270  
216  270  
217  271  
218  271  
219  272  
220  272  
221  273  
222  273  
223  274  
224  274  
225  275  
226  275  
227  276  
228  276  
229  277  
230  278  
231  278  
232  279  
233  279  
234  280  
235  281  
236  281  
237  282  
238  282  
239  283  
240  283  
241  284  
242  284  
243  285  
244  286  
245  286  
282  269  
283  270  
284  270  
285  271  
286  271  
287  272  
288  272  
289  273  
290  273  
291  274  
292  274  
293  275  
294  276  
295  276  
296  277  
297  277  
298  278  
299  278  
300  279  
301  279  
302  280  
303  280  
304  281  
305  281  
306  282  
307  282  
308  283  
309  284  
310  284  
311  285  
312  285  
313  286  
314  286  
315  287  
316  287  
317  288  
318  288  
319  289  
320  289  
345  272  
345  273  
344  274  
344  275  
343  276  
342  277  
342  278  
341  279  
341  280  
340  281  
340  282  
339  283  
338  284  
338  285  
337  286  
337  287  
336  288  
336  289  
335  290  
334  291  
334  292  
333  293  
333  294  
332  295  
332  296  
331  297  
330  298  
330  299  
329  300  
329  301  
328  302  
327  303  
327  304  
326  305  
326  306  
325  307  
325  308  
324  309  
323  310  
323  311  
322  312  
322  313  
321  314  
320  315  
320  316  
319  317  
319  318  
318  319  
318  320  
317  321  
316  322  
316  323  
315  324  
315  325  
314  326  
314  327  
313  328  
313  329  
312  330  
312  331  
311  332  
310  333  
310  334  
309  335  
309  336  
308  337  
308  338  
307  339  
306  340  
306  341  
305  342  
305  343  
304  344  
304  345  
303  346  
302  347  
302  348  
301  349  
301  350  
300  351  
300  352  
299  353  
299  354  
298  355  
297  356  
297  357  
296  358  
296  359  
295  360  
295  361  
294  362  
293  363  
293  364  
292  365  
292  366  
291  367  
291  368  
290  369  
290  370  
289  371  
288  372  
288  373  
287  374  
287  375  
286  376  
286  377  
285  378  
285  379  
284  380  
283  381  
283  382  
282  383  
282  384  
281  385  
281  386  
280  387  
280  388  
279  389  
278  390  
278  391  
277  392  
277  393  
276  394  
276  395  
275  396  
275  397  
274  398  
273  399  
273  400  
272  401  
272  402  
271  403  
271  404  
270  405  
270  406  
269  407  
268  408  
268  409  
267  410  
267  411  
266  412  
266  413  
265  414  
265  415  
264  416  
263  417  
263  418  
262  419  
262  420  
261  421  
261  422  
260  423  
260  424  
259  425  
259  426  
258  427  
257  428  
257  429  
256  430  
256  431  
255  432  
255  433  
254  434  
254  435  
253  436  
252  437  
252  438  
251  439  
251  440  
250  441  
250  442  
249  443  
249  444  
248  445  
248  446  
247  447  
246  448  
246  449  
245  450  
245  451  
244  452  
244  453  
243  454  
243  455  
242  456  
241  457  
241  458  
240  459  
240  460  
239  461  
239  462  
238  463  
238  464  
237  465  
236  466  
236  467  
235  468  
235  469  
234  470  
234  471  
233  472  
233  473  
232  474  
231  475  
231  476  
230  477  
230  478  
229  479  
229  480  
228  481  
227  482  
227  483  
226  484  
226  485  
225  486  
225  487  
224  488  
223  489  
223  490  
222  491  
222  492  
221  493  
221  494  
220  495  
219  496  
219  497  
218  498  
218  499  
217  500  
217  501  
216  502  
216  503  
215  504  
214  505  
214  506  
213  507  
213  508  
212  509  
212  510  
211  511  
211  512  
210  513  
209  514  
209  515  
208  516  
208  517  
207  518  
207  519  
206  520  
206  521  
205  522  
204  523  
204  524  
203  525  
203  526  
202  527  
202  528  
201  529  
201  530  
200  531  
199  532  
199  533  
198  534  
198  535  
197  536  
197  537  
196  538  
196  539  
130  273  
129  274  
129  275  
128  276  
128  277  
127  278  
127  279  
126  280  
126  281  
125  282  
124  283  
124  284  
123  285  
123  286  
122  287  
122  288  
121  289  
121  290  
120  291  
119  292  
119  293  
118  294  
118  295  
117  296  
117  297  
116  298  
116  299  
115  300  
114  301  
114  302  
113  303  
113  304  
112  305  
112  306  
111  307  
111  308  
110  309  
109  310  
109  311  
108  312  
108  313  
107  314  
107  315  
106  316  
105  317  
105  318  
104  319  
104  320  
103  321  
103  322  
102  323  
102  324  
101  325  
101  326  
100  327  
99  328  
99  329  
98  330  
98  331  
97  332  
97  333  
96  334  
95  335  
95  336  
94  337  
94  338  
93  339  
93  340  
92  341  
92  342  
91  343  
90  344  
90  345  
89  346  
89  347  
88  348  
88  349  
87  350  
86  351  
86  352  
85  353  
85  354  
84  355  
279  274  
280  275  
281  275  
282  276  
283  276  
284  277  
285  277  
286  278  
287  278  
288  279  
289  279  
290  280  
291  280  
292  281  
293  282  
294  282  
295  283  
296  283  
297  284  
298  284  
299  285  
300  285  
301  286  
302  286  
303  287  
304  287  
305  288  
306  288  
307  289  
308  289  
309  290  
310  291  
311  291  
312  292  
313  292  
314  293  
315  293  
316  294  
317  294  
50  276  
51  277  
52  277  
53  278  
54  278  
55  279  
56  280  
57  280  
58  281  
59  281  
60  282  
61  283  
62  283  
63  284  
64  284  
65  285  
66  285  
67  286  
68  287  
69  287  
70  288  
71  288  
72  289  
73  289  
74  290  
75  290  
76  291  
77  292  
78  292  
79  293  
80  293  
81  294  
82  295  
83  295  
84  296  
85  296  
86  297  
87  297  
88  298  
89  299  
90  299  
91  300  
92  300  
132  279  
132  280  
131  281  
130  282  
130  283  
129  284  
129  285  
128  286  
127  287  
127  288  
126  289  
126  290  
125  291  
125  292  
124  293  
124  294  
123  295  
123  296  
122  297  
121  298  
121  299  
120  300  
120  301  
119  302  
118  303  
118  304  
117  305  
117  306  
116  307  
115  308  
115  309  
114  310  
114  311  
113  312  
113  313  
112  314  
112  315  
111  316  
110  317  
110  318  
109  319  
109  320  
108  321  
107  322  
107  323  
106  324  
106  325  
105  326  
105  327  
104  328  
104  329  
103  330  
103  331  
102  332  
102  333  
101  334  
101  335  
100  336  
99  337  
99  338  
98  339  
98  340  
97  341  
97  342  
96  343  
95  344  
95  345  
94  346  
94  347  
93  348  
93  349  
92  350  
92  351  
91  352  
91  353  
90  354  
47  281  
48  282  
49  282  
50  283  
51  283  
52  284  
53  284  
54  285  
55  286  
56  286  
57  287  
58  287  
59  288  
60  288  
61  289  
62  290  
63  290  
64  291  
65  291  
66  292  
67  293  
68  293  
69  294  
70  294  
71  295  
72  295  
73  296  
74  297  
75  297  
76  298  
77  298  
78  299  
79  299  
80  300  
81  300  
82  301  
83  302  
84  302  
85  303  
86  303  
87  304  
88  304  
158  281  
157  282  
157  283  
156  284  
156  285  
155  286  
155  287  
154  288  
153  289  
153  290  
152  291  
152  292  
151  293  
151  294  
150  295  
149  296  
149  297  
148  298  
148  299  
147  300  
147  301  
146  302  
146  303  
145  304  
144  305  
144  306  
143  307  
143  308  
142  309  
142  310  
141  311  
140  312  
140  313  
139  314  
139  315  
138  316  
138  317  
137  318  
136  319  
136  320  
135  321  
135  322  
134  323  
134  324  
133  325  
132  326  
132  327  
131  328  
131  329  
130  330  
130  331  
129  332  
128  333  
128  334  
127  335  
127  336  
126  337  
126  338  
125  339  
125  340  
124  341  
123  342  
123  343  
122  344  
122  345  
121  346  
121  347  
120  348  
119  349  
119  350  
118  351  
118  352  
117  353  
117  354  
116  355  
116  356  
115  357  
114  358  
114  359  
113  360  
113  361  
112  362  
112  363  
111  364  
110  365  
110  366  
109  367  
109  368  
165  281  
166  282  
167  282  
168  283  
169  283  
170  284  
171  285  
172  285  
173  286  
174  286  
175  287  
176  287  
177  288  
178  289  
179  289  
180  290  
181  290  
182  291  
183  291  
184  292  
185  293  
186  293  
187  294  
188  294  
189  295  
190  295  
191  296  
192  296  
193  297  
194  297  
195  298  
196  298  
197  299  
198  300  
199  300  
200  301  
201  301  
202  302  
203  302  
204  303  
205  303  
206  304  
207  304  
208  305  
209  305  
210  306  
211  307  
212  307  
213  308  
214  308  
215  309  
216  309  
217  310  
218  310  
219  311  
220  311  
221  312  
222  312  
223  313  
224  314  
225  314  
226  315  
227  315  
228  316  
229  316  
230  317  
231  317  
232  318  
233  319  
234  319  
235  320  
236  321  
237  321  
238  322  
239  322  
240  323  
241  323  
242  324  
243  324  
244  325  
245  325  
246  326  
247  326  
248  327  
249  328  
250  328  
251  329  
252  329  
253  330  
254  331  
255  331  
256  332  
257  332  
258  333  
259  333  
260  334  
261  334  
262  335  
263  335  
264  336  
265  336  
266  298  
267  298  
268  299  
269  299  
270  300  
271  300  
272  301  
273  302  
274  302  
275  303  
276  303  
277  304  
278  304  
279  305  
280  305  
281  306  
282  306  
283  307  
284  308  
285  308  
286  309  
287  309  
288  310  
289  310  
290  311  
291  311  
292  312  
293  312  
294  313  
295  313  
296  314  
297  315  
298  315  
299  316  
300  316  
301  317  
302  317  
303  318  
304  318  
247  310  
248  311  
249  311  
250  312  
251  313  
252  313  
253  314  
254  314  
255  315  
256  315  
257  316  
258  316  
259  317  
260  317  
261  318  
262  319  
263  319  
264  320  
265  320  
266  321  
267  321  
268  322  
269  322  
270  323  
271  324  
272  324  
273  325  
274  325  
275  326  
276  326  
277  327  
278  327  
279  328  
280  328  
281  329  
282  330  
283  330  
284  331  
285  331  
39  311  
40  312  
41  312  
42  313  
43  314  
44  314  
45  315  
46  315  
47  316  
48  317  
49  317  
50  318  
51  318  
52  319  
53  319  
54  320  
55  321  
56  321  
57  322  
58  322  
59  323  
60  324  
61  324  
62  325  
63  325  
64  326  
65  326  
66  327  
67  328  
68  328  
69  329  
70  329  
71  330  
72  331  
73  331  
186  316  
185  317  
185  318  
184  319  
183  320  
183  321  
182  322  
182  323  
181  324  
181  325  
180  326  
180  327  
179  328  
179  329  
178  330  
178  331  
177  332  
177  333  
176  334  
175  335  
175  336  
174  337  
174  338  
173  339  
172  340  
172  341  
171  342  
171  343  
170  344  
170  345  
39  318  
40  318  
41  319  
42  320  
43  320  
44  321  
45  321  
46  322  
47  323  
48  323  
49  324  
50  324  
51  325  
52  325  
53  326  
54  327  
55  327  
56  328  
57  328  
58  329  
59  330  
60  330  
61  331  
62  331  
63  332  
64  332  
65  333  
66  334  
67  334  
68  335  
69  335  
70  336  
132  320  
131  321  
131  322  
130  323  
129  324  
129  325  
128  326  
128  327  
127  328  
127  329  
126  330  
126  331  
125  332  
125  333  
124  334  
123  335  
123  336  
122  337  
122  338  
121  339  
218  331  
218  332  
217  333  
216  334  
216  335  
215  336  
215  337  
214  338  
214  339  
213  340  
212  341  
212  342  
211  343  
211  344  
210  345  
210  346  
209  347  
209  348  
208  349  
207  350  
207  351  
206  352  
206  353  
205  354  
204  355  
204  356  
203  357  
203  358  
202  359  
202  360  
201  361  
201  362  
316  331  
316  332  
315  333  
315  334  
314  335  
314  336  
313  337  
312  338  
312  339  
311  340  
311  341  
310  342  
310  343  
309  344  
309  345  
308  346  
307  347  
307  348  
306  349  
306  350  
305  351  
304  352  
304  353  
303  354  
303  355  
302  356  
302  357  
301  358  
301  359  
300  360  
300  361  
299  362  
298  363  
298  364  
297  365  
297  366  
296  367  
296  368  
295  369  
295  370  
294  371  
294  372  
293  373  
292  374  
292  375  
291  376  
291  377  
290  378  
290  379  
289  380  
288  381  
288  382  
287  383  
287  384  
286  385  
288  337  
287  338  
286  339  
286  340  
285  341  
285  342  
284  343  
283  344  
283  345  
282  346  
282  347  
281  348  
281  349  
280  350  
280  351  
279  352  
279  353  
278  354  
277  355  
277  356  
276  357  
276  358  
275  359  
275  360  
274  361  
274  362  
273  363  
273  364  
272  365  
271  366  
271  367  
270  368  
270  369  
269  370  
269  371  
268  372  
268  373  
267  374  
266  375  
266  376  
265  377  
265  378  
264  379  
264  380  
263  381  
263  382  
262  383  
262  384  
261  385  
39  341  
39  342  
40  343  
41  344  
41  345  
42  346  
43  347  
43  348  
44  349  
45  350  
45  351  
46  352  
47  353  
48  354  
49  355  
50  356  
51  357  
52  358  
53  359  
54  360  
55  361  
56  362  
288  343  
288  344  
287  345  
287  346  
286  347  
285  348  
285  349  
284  350  
284  351  
283  352  
283  353  
282  354  
282  355  
281  356  
280  357  
280  358  
279  359  
279  360  
278  361  
278  362  
277  363  
277  364  
276  365  
275  366  
275  367  
274  368  
274  369  
273  370  
273  371  
272  372  
272  373  
271  374  
270  375  
270  376  
269  377  
269  378  
268  379  
268  380  
267  381  
266  382  
266  383  
265  384  
265  385  
264  386  
264  387  
263  388  
262  389  
145  353  
146  353  
147  354  
148  354  
149  355  
150  355  
151  356  
152  357  
153  357  
154  358  
155  358  
156  359  
157  360  
158  360  
159  361  
160  361  
161  362  
162  363  
163  363  
164  364  
165  365  
166  365  
167  366  
168  366  
169  367  
170  368  
171  368  
172  369  
173  369  
174  370  
175  371  
176  371  
177  372  
178  372  
179  373  
180  374  
181  374  
182  375  
183  375  
184  376  
185  377  
186  377  
187  378  
188  379  
83  379  
84  380  
85  381  
86  381  
87  382  
88  382  
89  383  
90  384  
91  385  
92  385  
93  386  
94  386  
95  387  
96  388  
97  388  
98  389  
99  389  
100  390  
101  391  
102  391  
103  392  
104  392  
105  393  
106  394  
107  394  
108  395  
109  395  
110  396  
111  397  
112  397  
113  398  
114  398  
115  399  
116  399  
117  400  
118  401  
119  401  
120  402  
121  402  
122  403  
123  404  
124  404  
125  405  
126  405  
127  406  
128  407  
129  407  
130  408  
131  408  
132  409  
133  409  
134  410  
135  411  
136  411  
137  412  
138  412  
139  413  
140  414  
141  414  
142  415  
143  415  
144  416  
145  417  
146  417  
147  418  
148  418  
149  419  
150  419  
151  420  
152  421  
153  421  
154  422  
155  422  
156  423  
157  424  
158  424  
159  425  
160  425  
161  426  
162  427  
163  427  
164  428  
165  428  
166  429  
167  430  
168  430  
169  431  
170  431  
171  432  
172  433  
173  433  
174  434  
175  434  
176  435  
177  436  
178  436  
179  437  
180  437  
181  438  
182  439  
183  439  
184  440  
185  440  
186  441  
187  441  
188  442  
189  443  
190  443  
191  444  
192  444  
193  445  
194  446  
195  446  
196  447  
197  447  
198  448  
199  449  
200  449  
201  450  
202  450  
203  451  
204  452  
205  452  
206  453  
207  453  
208  454  
209  455  
210  455  
211  456  
212  456  
213  457  
214  458  
215  458  
113  380  
114  380  
115  381  
116  381  
117  382  
118  383  
119  383  
120  384  
121  384  
122  385  
123  386  
124  386  
125  387  
126  387  
127  388  
128  389  
129  389  
130  390  
131  390  
132  391  
133  391  
134  392  
135  393  
136  393  
137  394  
138  394  
139  395  
140  395  
141  396  
142  397  
143  397  
144  398  
145  398  
146  399  
147  399  
148  400  
149  401  
150  401  
151  402  
152  402  
153  403  
154  404  
155  404  
156  405  
157  405  
158  406  
159  406  
160  407  
161  408  
162  408  
163  409  
164  409  
165  410  
166  411  
167  411  
168  412  
169  412  
170  413  
171  413  
172  414  
173  415  
174  415  
175  416  
176  416  
177  417  
178  418  
179  418  
180  419  
181  419  
182  420  
183  420  
184  421  
185  422  
186  422  
187  423  
188  423  
189  424  
190  425  
191  425  
192  426  
193  426  
194  427  
195  428  
196  428  
197  429  
198  429  
199  430  
200  430  
201  431  
202  432  
203  432  
204  433  
205  434  
206  434  
141  384  
142  385  
143  385  
144  386  
145  387  
146  387  
147  388  
148  389  
149  389  
150  390  
151  390  
152  391  
153  391  
154  392  
155  392  
156  393  
157  394  
158  394  
159  395  
160  395  
161  396  
162  397  
163  397  
164  398  
165  399  
166  399  
167  400  
168  400  
169  401  
170  401  
171  402  
172  403  
173  403  
174  404  
175  404  
176  405  
177  405  
178  406  
179  407  
180  407  
181  408  
182  408  
183  409  
184  410  
185  410  
186  411  
187  411  
188  412  
189  413  
190  413  
191  414  
192  414  
193  415  
194  416  
195  416  
196  417  
197  417  
198  418  
52  386  
52  387  
51  388  
51  389  
50  390  
50  391  
49  392  
48  393  
48  394  
47  395  
47  396  
46  397  
46  398  
45  399  
44  400  
44  401  
43  402  
43  403  
42  404  
42  405  
41  406  
40  407  
40  408  
39  409  
39  410  
38  411  
38  412  
37  413  
37  414  
36  415  
35  416  
35  417  
34  418  
34  419  
33  420  
33  421  
32  422  
283  391  
282  392  
282  393  
281  394  
281  395  
280  396  
279  397  
279  398  
278  399  
278  400  
277  401  
277  402  
276  403  
275  404  
275  405  
274  406  
274  407  
273  408  
273  409  
272  410  
272  411  
271  412  
271  413  
270  414  
270  415  
269  416  
268  417  
268  418  
267  419  
267  420  
266  421  
266  422  
265  423  
265  424  
264  425  
264  426  
263  427  
263  428  
262  429  
261  430  
261  431  
260  432  
259  433  
259  434  
258  435  
258  436  
257  437  
257  438  
256  439  
256  440  
255  441  
255  442  
254  443  
254  444  
253  445  
252  446  
252  447  
251  448  
251  449  
250  450  
250  451  
249  452  
248  453  
248  454  
247  455  
247  456  
246  457  
246  458  
245  459  
244  460  
244  461  
243  462  
243  463  
242  464  
242  465  
241  466  
241  467  
240  468  
240  469  
239  470  
239  471  
238  472  
238  473  
237  474  
236  475  
236  476  
235  477  
235  478  
234  479  
234  480  
233  481  
232  482  
232  483  
231  484  
231  485  
64  392  
65  392  
66  393  
67  394  
68  394  
69  395  
70  395  
71  396  
72  397  
73  397  
74  398  
75  398  
76  399  
77  400  
78  400  
79  401  
80  401  
81  402  
82  403  
83  403  
84  404  
85  404  
86  405  
87  406  
88  406  
89  407  
90  407  
91  408  
92  408  
93  409  
94  410  
95  410  
96  411  
97  412  
98  412  
99  413  
222  401  
221  402  
220  403  
220  404  
219  405  
219  406  
218  407  
218  408  
217  409  
217  410  
216  411  
215  412  
215  413  
214  414  
214  415  
213  416  
213  417  
212  418  
212  419  
211  420  
211  421  
210  422  
256  401  
255  402  
255  403  
254  404  
254  405  
253  406  
253  407  
252  408  
252  409  
251  410  
250  411  
250  412  
249  413  
248  414  
248  415  
247  416  
247  417  
246  418  
246  419  
245  420  
245  421  
244  422  
244  423  
243  424  
242  425  
242  426  
241  427  
241  428  
240  429  
240  430  
239  431  
239  432  
238  433  
237  434  
237  435  
236  436  
236  437  
235  438  
234  439  
234  440  
233  441  
233  442  
232  443  
231  444  
231  445  
230  446  
230  447  
229  448  
229  449  
228  450  
228  451  
227  452  
226  453  
226  454  
225  455  
53  416  
54  417  
55  417  
56  418  
57  419  
58  419  
59  420  
60  420  
61  421  
62  422  
63  422  
64  423  
65  423  
66  424  
67  425  
68  425  
69  426  
70  426  
71  427  
72  428  
73  428  
74  429  
75  429  
76  430  
77  431  
78  431  
79  432  
80  432  
81  433  
82  434  
83  434  
84  435  
85  435  
86  436  
87  437  
88  437  
49  421  
50  421  
51  422  
52  422  
53  423  
54  424  
55  424  
56  425  
57  425  
58  426  
59  427  
60  427  
61  428  
62  428  
63  429  
64  430  
65  430  
66  431  
67  431  
68  432  
69  433  
70  433  
71  434  
72  434  
73  435  
74  436  
75  436  
76  437  
77  437  
78  438  
79  439  
80  439  
81  440  
82  440  
83  441  
84  442  
119  425  
120  425  
121  426  
122  426  
123  427  
124  428  
125  428  
126  429  
127  429  
128  430  
129  431  
130  431  
131  432  
132  432  
133  433  
134  434  
135  434  
136  435  
137  435  
138  436  
139  437  
140  437  
141  438  
142  439  
143  439  
144  440  
145  440  
146  441  
147  441  
148  442  
149  443  
150  443  
151  444  
152  444  
153  445  
154  446  
155  446  
32  441  
33  442  
34  443  
35  443  
36  444  
37  444  
38  445  
39  446  
40  446  
41  447  
42  447  
43  448  
44  449  
45  449  
46  450  
47  451  
48  451  
49  452  
50  452  
51  453  
52  454  
53  454  
54  455  
55  455  
56  456  
57  457  
58  457  
59  458  
60  459  
61  459  
62  460  
63  460  
64  461  
65  462  
66  462  
67  463  
68  463  
69  464  
70  465  
71  465  
193  441  
194  441  
195  442  
196  442  
197  443  
198  443  
199  444  
200  445  
201  445  
202  446  
203  446  
204  447  
205  447  
206  448  
207  449  
208  449  
209  450  
210  451  
211  451  
212  452  
213  452  
214  453  
215  454  
216  454  
217  455  
218  456  
219  456  
220  457  
221  457  
32  448  
33  449  
34  450  
35  450  
36  451  
37  451  
38  452  
39  453  
40  453  
41  454  
42  454  
43  455  
44  456  
45  456  
46  457  
47  457  
48  458  
49  459  
50  459  
51  460  
52  460  
53  461  
54  462  
55  462  
56  463  
57  464  
58  464  
59  465  
60  465  
61  466  
62  467  
63  467  
64  468  
65  469  
66  469  
67  470  
68  470  
69  471  
70  472  
71  472  
72  473  
73  473  
74  474  
75  475  
76  475  
77  476  
78  476  
79  477  
80  478  
81  478  
82  479  
83  480  
84  480  
85  481  
86  481  
87  482  
88  483  
89  483  
90  484  
91  485  
92  485  
93  486  
94  486  
95  487  
96  488  
97  488  
98  489  
99  489  
100  490  
101  491  
102  491  
103  492  
104  493  
105  493  
106  494  
107  494  
108  495  
109  496  
110  496  
111  497  
112  497  
113  498  
114  499  
115  499  
116  500  
117  501  
118  501  
119  502  
120  503  
121  503  
122  504  
123  504  
124  505  
125  506  
126  506  
127  507  
128  507  
129  508  
130  509  
131  509  
132  510  
133  511  
134  511  
135  512  
136  512  
137  513  
138  514  
139  514  
140  515  
141  516  
142  516  
143  517  
144  517  
145  518  
146  519  
147  519  
148  520  
149  521  
150  521  
151  522  
152  522  
153  523  
154  524  
155  524  
156  525  
157  525  
158  526  
159  527  
160  527  
161  528  
162  529  
163  529  
164  530  
165  530  
166  531  
167  532  
168  532  
169  533  
170  534  
171  534  
172  535  
173  535  
174  536  
175  537  
176  537  
177  538  
178  539  
179  539  
180  540  
181  540  
182  541  
183  542  
184  542  
185  543  
106  448  
107  449  
108  449  
109  450  
110  451  
111  451  
112  452  
113  452  
114  453  
115  454  
116  454  
117  455  
118  455  
119  456  
120  457  
121  457  
122  458  
123  458  
124  459  
125  460  
126  460  
127  461  
128  461  
129  462  
130  463  
131  463  
132  464  
133  465  
134  465  
135  466  
136  466  
137  467  
138  468  
139  468  
140  469  
141  469  
142  470  
102  453  
103  453  
104  454  
105  454  
106  455  
107  456  
108  456  
109  457  
110  457  
111  458  
112  459  
113  459  
114  460  
115  461  
116  461  
117  462  
118  462  
119  463  
120  464  
121  464  
122  465  
123  465  
124  466  
125  467  
126  467  
127  468  
128  468  
129  469  
130  470  
131  470  
132  471  
133  472  
134  472  
135  473  
136  473  
137  474  
138  475  
139  475  
174  458  
175  458  
176  459  
177  460  
178  460  
179  461  
180  461  
181  462  
182  463  
183  463  
184  464  
185  464  
186  465  
187  466  
188  466  
189  467  
190  467  
191  468  
192  469  
193  469  
194  470  
195  470  
196  471  
197  472  
198  472  
199  473  
200  473  
201  474  
202  475  
203  475  
204  476  
205  476  
206  477  
207  478  
208  478  
209  479  
210  479  
211  480  
212  481  
397  474  
397  475  
396  476  
396  477  
395  478  
394  479  
394  480  
394  481  
393  482  
392  483  
392  484  
391  485  
390  486  
390  487  
390  488  
389  489  
388  490  
388  491  
387  492  
387  493  
388  494  
90  477  
91  477  
92  478  
93  479  
94  479  
95  480  
96  481  
97  481  
98  482  
99  482  
100  483  
101  484  
102  484  
103  485  
104  485  
105  486  
106  487  
107  487  
108  488  
109  488  
110  489  
111  490  
112  490  
113  491  
114  492  
115  492  
116  493  
117  493  
118  494  
119  495  
120  495  
121  496  
122  497  
123  497  
124  498  
125  498  
126  499  
162  482  
163  483  
164  483  
165  484  
166  485  
167  485  
168  486  
169  486  
170  487  
171  488  
172  488  
173  489  
174  489  
175  490  
176  491  
177  491  
178  492  
179  492  
180  493  
181  494  
182  494  
183  495  
184  495  
185  496  
186  497  
187  497  
188  498  
189  499  
190  499  
191  500  
192  500  
193  501  
194  502  
195  502  
196  503  
197  503  
198  504  
199  505  
200  505  
158  487  
159  487  
160  488  
161  489  
162  489  
163  490  
164  490  
165  491  
166  492  
167  492  
168  493  
169  493  
170  494  
171  495  
172  495  
173  496  
174  496  
175  497  
176  498  
177  498  
178  499  
179  500  
180  500  
181  501  
182  501  
183  502  
184  503  
185  503  
186  504  
187  504  
188  505  
189  506  
190  506  
191  507  
192  507  
193  508  
194  509  
195  509  
196  510  
146  511  
147  512  
148  512  
149  513  
150  514  
151  514  
152  515  
153  516  
154  516  
155  517  
156  517  
157  518  
158  519  
159  519  
160  520  
161  521  
162  521  
163  522  
164  522  
165  523  
166  524  
167  524  
168  525  
169  526  
170  526  
171  527  
172  527  
173  528  
174  529  
175  529  
176  530  
177  531  
178  531  
179  532  
180  532  
181  533  
182  534  
183  534  
