83  32  
83  33  
83  34  
83  35  
83  36  
84  37  
84  38  
84  39  
84  40  
84  41  
84  42  
85  43  
85  44  
85  45  
85  46  
85  47  
85  48  
86  49  
86  50  
86  51  
86  52  
86  53  
86  54  
87  55  
87  56  
87  57  
87  58  
87  59  
87  60  
87  61  
88  62  
88  63  
88  64  
88  65  
88  66  
88  67  
89  68  
89  69  
89  70  
89  71  
89  72  
89  73  
89  74  
90  75  
90  76  
90  77  
90  78  
90  79  
90  80  
91  81  
91  82  
91  83  
91  84  
91  85  
91  86  
92  87  
92  88  
92  89  
92  90  
92  91  
93  92  
93  93  
93  94  
93  95  
93  96  
93  97  
94  98  
94  99  
94  100  
94  101  
94  102  
94  103  
95  104  
95  105  
95  106  
95  107  
95  108  
95  109  
96  110  
96  111  
96  112  
96  113  
96  114  
96  115  
97  116  
97  117  
97  118  
97  119  
97  120  
97  121  
98  122  
98  123  
98  124  
98  125  
98  126  
98  127  
99  128  
99  129  
99  130  
99  131  
99  132  
99  133  
100  134  
100  135  
100  136  
100  137  
100  138  
101  139  
101  140  
101  141  
101  142  
101  143  
102  144  
102  145  
102  146  
102  147  
102  148  
102  149  
103  150  
103  151  
103  152  
103  153  
103  154  
103  155  
104  156  
104  157  
104  158  
104  159  
104  160  
105  161  
105  162  
105  163  
105  164  
105  165  
105  166  
106  167  
106  168  
106  169  
106  170  
106  171  
106  172  
106  173  
107  174  
107  175  
107  176  
107  177  
107  178  
107  179  
108  180  
108  181  
108  182  
108  183  
108  184  
108  185  
109  186  
109  187  
109  188  
109  189  
109  190  
109  191  
110  192  
110  193  
110  194  
110  195  
110  196  
110  197  
110  198  
111  199  
111  200  
111  201  
111  202  
111  203  
111  204  
111  205  
274  32  
275  32  
276  32  
277  32  
267  33  
268  33  
269  33  
270  33  
271  33  
272  33  
273  33  
261  34  
262  34  
263  34  
264  34  
265  34  
266  34  
255  35  
256  35  
257  35  
258  35  
259  35  
260  35  
249  36  
250  36  
251  36  
252  36  
253  36  
254  36  
315  32  
316  32  
317  32  
318  32  
319  32  
320  32  
310  33  
311  33  
312  33  
313  33  
314  33  
304  34  
305  34  
306  34  
307  34  
308  34  
309  34  
300  35  
301  35  
302  35  
303  35  
299  36  
299  37  
337  32  
338  32  
339  32  
340  32  
341  32  
342  32  
343  32  
331  33  
332  33  
333  33  
334  33  
335  33  
336  33  
325  34  
326  34  
327  34  
328  34  
329  34  
330  34  
319  35  
320  35  
321  35  
322  35  
323  35  
324  35  
313  36  
314  36  
315  36  
316  36  
317  36  
318  36  
312  37  
448  32  
448  33  
448  34  
448  35  
448  36  
448  37  
447  38  
447  39  
447  40  
447  41  
447  42  
447  43  
446  44  
446  45  
446  46  
446  47  
445  48  
445  49  
445  50  
445  51  
213  33  
214  33  
215  33  
216  33  
217  33  
218  33  
204  34  
205  34  
206  34  
207  34  
208  34  
209  34  
210  34  
211  34  
212  34  
197  35  
198  35  
199  35  
200  35  
201  35  
202  35  
203  35  
191  36  
192  36  
193  36  
194  36  
195  36  
196  36  
183  37  
184  37  
185  37  
186  37  
187  37  
188  37  
189  37  
190  37  
181  38  
182  38  
243  37  
244  37  
245  37  
246  37  
247  37  
237  38  
238  38  
239  38  
240  38  
241  38  
242  38  
232  39  
233  39  
234  39  
235  39  
236  39  
227  40  
228  40  
229  40  
230  40  
231  40  
221  41  
222  41  
223  41  
224  41  
225  41  
226  41  
216  42  
217  42  
218  42  
219  42  
220  42  
210  43  
211  43  
212  43  
213  43  
214  43  
215  43  
204  44  
205  44  
206  44  
207  44  
208  44  
209  44  
199  45  
200  45  
201  45  
202  45  
203  45  
193  46  
194  46  
195  46  
196  46  
197  46  
198  46  
187  47  
188  47  
189  47  
190  47  
191  47  
192  47  
182  48  
183  48  
184  48  
185  48  
186  48  
178  49  
179  49  
180  49  
181  49  
173  50  
174  50  
175  50  
176  50  
177  50  
167  51  
168  51  
169  51  
170  51  
171  51  
172  51  
162  52  
163  52  
164  52  
165  52  
166  52  
274  37  
275  37  
276  37  
268  38  
269  38  
270  38  
271  38  
272  38  
273  38  
262  39  
263  39  
264  39  
265  39  
266  39  
267  39  
254  40  
255  40  
256  40  
257  40  
258  40  
259  40  
260  40  
261  40  
248  41  
249  41  
250  41  
251  41  
252  41  
253  41  
243  42  
244  42  
245  42  
246  42  
247  42  
212  39  
213  39  
214  39  
215  39  
216  39  
206  40  
207  40  
208  40  
209  40  
210  40  
211  40  
200  41  
201  41  
202  41  
203  41  
204  41  
205  41  
194  42  
195  42  
196  42  
197  42  
198  42  
199  42  
188  43  
189  43  
190  43  
191  43  
192  43  
193  43  
182  44  
183  44  
184  44  
185  44  
186  44  
187  44  
424  39  
425  40  
425  41  
426  42  
427  43  
428  44  
428  45  
429  46  
430  47  
431  48  
431  49  
432  50  
433  51  
434  52  
435  53  
435  54  
436  55  
437  56  
437  57  
438  58  
439  59  
440  60  
440  61  
441  62  
442  63  
169  42  
170  42  
171  42  
172  42  
162  43  
163  43  
164  43  
165  43  
166  43  
167  43  
168  43  
155  44  
156  44  
157  44  
158  44  
159  44  
160  44  
161  44  
149  45  
150  45  
151  45  
152  45  
153  45  
154  45  
145  46  
146  46  
147  46  
148  46  
144  47  
229  44  
230  44  
231  44  
232  44  
224  45  
225  45  
226  45  
227  45  
228  45  
218  46  
219  46  
220  46  
221  46  
222  46  
223  46  
213  47  
214  47  
215  47  
216  47  
217  47  
207  48  
208  48  
209  48  
210  48  
211  48  
212  48  
202  49  
203  49  
204  49  
205  49  
206  49  
196  50  
197  50  
198  50  
199  50  
200  50  
201  50  
192  51  
193  51  
194  51  
195  51  
187  52  
188  52  
189  52  
190  52  
191  52  
182  53  
183  53  
184  53  
185  53  
186  53  
178  54  
179  54  
180  54  
181  54  
173  55  
174  55  
175  55  
176  55  
177  55  
300  47  
300  48  
300  49  
300  50  
300  51  
300  52  
300  53  
300  54  
301  55  
301  56  
301  57  
301  58  
301  59  
301  60  
301  61  
301  62  
302  63  
302  64  
302  65  
302  66  
302  67  
302  68  
302  69  
302  70  
302  71  
303  72  
303  73  
303  74  
303  75  
303  76  
303  77  
303  78  
303  79  
304  80  
304  81  
304  82  
304  83  
304  84  
304  85  
304  86  
305  87  
305  88  
305  89  
305  90  
305  91  
305  92  
305  93  
290  48  
290  49  
290  50  
290  51  
290  52  
290  53  
290  54  
290  55  
290  56  
290  57  
291  58  
291  59  
291  60  
291  61  
291  62  
291  63  
291  64  
291  65  
291  66  
292  67  
292  68  
292  69  
292  70  
292  71  
292  72  
292  73  
292  74  
292  75  
293  76  
293  77  
293  78  
293  79  
293  80  
293  81  
293  82  
293  83  
293  84  
294  85  
294  86  
294  87  
294  88  
294  89  
294  90  
294  91  
295  92  
295  93  
295  94  
295  95  
295  96  
295  97  
295  98  
295  99  
295  100  
296  101  
296  102  
296  103  
296  104  
296  105  
296  106  
297  107  
297  108  
297  109  
297  110  
297  111  
297  112  
298  113  
298  114  
298  115  
298  116  
298  117  
298  118  
298  119  
298  120  
299  121  
299  122  
299  123  
299  124  
299  125  
299  126  
299  127  
299  128  
300  129  
300  130  
300  131  
300  132  
300  133  
300  134  
300  135  
300  136  
300  137  
300  138  
301  139  
301  140  
301  141  
301  142  
301  143  
301  144  
301  145  
301  146  
301  147  
302  148  
302  149  
302  150  
302  151  
302  152  
302  153  
303  154  
303  155  
303  156  
303  157  
303  158  
303  159  
303  160  
303  161  
303  162  
304  163  
304  164  
304  165  
304  166  
304  167  
304  168  
304  169  
304  170  
304  171  
304  172  
304  173  
304  174  
304  175  
281  51  
282  52  
282  53  
282  54  
282  55  
282  56  
282  57  
282  58  
283  59  
283  60  
283  61  
283  62  
283  63  
283  64  
283  65  
284  66  
284  67  
284  68  
284  69  
284  70  
284  71  
284  72  
285  73  
285  74  
285  75  
285  76  
285  77  
285  78  
285  79  
285  80  
285  81  
285  82  
286  83  
286  84  
286  85  
286  86  
286  87  
286  88  
286  89  
286  90  
287  91  
287  92  
287  93  
287  94  
287  95  
287  96  
287  97  
287  98  
287  99  
287  100  
287  101  
287  102  
287  103  
287  104  
312  53  
312  54  
312  55  
312  56  
312  57  
312  58  
312  59  
312  60  
312  61  
312  62  
312  63  
312  64  
312  65  
312  66  
312  67  
312  68  
312  69  
312  70  
312  71  
312  72  
312  73  
312  74  
312  75  
312  76  
312  77  
312  78  
313  79  
313  80  
313  81  
313  82  
313  83  
313  84  
313  85  
313  86  
304  54  
304  55  
304  56  
305  57  
305  58  
305  59  
305  60  
305  61  
305  62  
306  63  
306  64  
306  65  
306  66  
306  67  
306  68  
306  69  
306  70  
306  71  
306  72  
306  73  
306  74  
307  75  
307  76  
307  77  
307  78  
307  79  
307  80  
308  81  
308  82  
308  83  
308  84  
308  85  
308  86  
309  87  
309  88  
309  89  
309  90  
309  91  
309  92  
310  93  
310  94  
310  95  
257  55  
258  55  
259  55  
260  55  
261  55  
253  56  
254  56  
255  56  
256  56  
247  57  
248  57  
249  57  
250  57  
251  57  
252  57  
242  58  
243  58  
244  58  
245  58  
246  58  
236  59  
237  59  
238  59  
239  59  
240  59  
241  59  
230  60  
231  60  
232  60  
233  60  
234  60  
235  60  
81  57  
81  58  
81  59  
81  60  
81  61  
81  62  
82  63  
82  64  
82  65  
82  66  
82  67  
82  68  
82  69  
83  70  
83  71  
83  72  
83  73  
83  74  
83  75  
84  76  
84  77  
84  78  
84  79  
84  80  
84  81  
85  82  
85  83  
85  84  
85  85  
85  86  
85  87  
86  88  
86  89  
86  90  
86  91  
86  92  
86  93  
87  94  
87  95  
87  96  
87  97  
87  98  
88  99  
88  100  
88  101  
88  102  
88  103  
88  104  
89  105  
89  106  
89  107  
89  108  
89  109  
89  110  
90  111  
90  112  
90  113  
90  114  
90  115  
91  116  
91  117  
91  118  
91  119  
91  120  
91  121  
92  122  
92  123  
92  124  
92  125  
92  126  
92  127  
93  128  
93  129  
93  130  
93  131  
93  132  
93  133  
94  134  
94  135  
94  136  
94  137  
94  138  
95  139  
95  140  
95  141  
95  142  
95  143  
95  144  
96  145  
96  146  
96  147  
96  148  
96  149  
96  150  
97  151  
97  152  
97  153  
97  154  
97  155  
97  156  
98  157  
98  158  
98  159  
98  160  
98  161  
99  162  
99  163  
99  164  
99  165  
99  166  
99  167  
100  168  
100  169  
100  170  
100  171  
100  172  
100  173  
101  174  
101  175  
101  176  
101  177  
101  178  
101  179  
102  180  
102  181  
102  182  
102  183  
102  184  
102  185  
103  186  
103  187  
103  188  
103  189  
103  190  
103  191  
104  192  
104  193  
104  194  
104  195  
104  196  
104  197  
105  198  
105  199  
105  200  
105  201  
105  202  
106  203  
106  204  
106  205  
106  206  
106  207  
106  208  
107  209  
107  210  
107  211  
107  212  
107  213  
107  214  
108  215  
108  216  
108  217  
108  218  
108  219  
109  220  
109  221  
109  222  
109  223  
109  224  
109  225  
110  226  
110  227  
110  228  
110  229  
110  230  
110  231  
271  59  
272  59  
273  59  
267  60  
268  60  
269  60  
270  60  
261  61  
262  61  
263  61  
264  61  
265  61  
266  61  
257  62  
258  62  
259  62  
260  62  
252  63  
253  63  
254  63  
255  63  
256  63  
246  64  
247  64  
248  64  
249  64  
250  64  
251  64  
240  65  
241  65  
242  65  
243  65  
244  65  
245  65  
213  63  
214  63  
215  63  
216  63  
217  63  
218  63  
207  64  
208  64  
209  64  
210  64  
211  64  
212  64  
201  65  
202  65  
203  65  
204  65  
205  65  
206  65  
194  66  
195  66  
196  66  
197  66  
198  66  
199  66  
200  66  
186  67  
187  67  
188  67  
189  67  
190  67  
191  67  
192  67  
193  67  
179  68  
180  68  
181  68  
182  68  
183  68  
184  68  
185  68  
174  69  
175  69  
176  69  
177  69  
178  69  
280  65  
280  66  
280  67  
281  68  
281  69  
281  70  
281  71  
281  72  
281  73  
281  74  
281  75  
282  76  
282  77  
282  78  
282  79  
282  80  
282  81  
282  82  
282  83  
283  84  
283  85  
283  86  
283  87  
283  88  
76  68  
77  68  
78  68  
79  68  
70  69  
71  69  
72  69  
73  69  
74  69  
75  69  
65  70  
66  70  
67  70  
68  70  
69  70  
59  71  
60  71  
61  71  
62  71  
63  71  
64  71  
53  72  
54  72  
55  72  
56  72  
57  72  
58  72  
47  73  
48  73  
49  73  
50  73  
51  73  
52  73  
42  74  
43  74  
44  74  
45  74  
46  74  
36  75  
37  75  
38  75  
39  75  
40  75  
41  75  
32  76  
33  76  
34  76  
35  76  
163  72  
163  73  
163  74  
163  75  
163  76  
163  77  
163  78  
163  79  
164  80  
164  81  
164  82  
164  83  
164  84  
164  85  
164  86  
164  87  
165  88  
165  89  
165  90  
165  91  
165  92  
165  93  
165  94  
166  95  
166  96  
166  97  
166  98  
166  99  
166  100  
166  101  
166  102  
166  103  
166  104  
167  105  
167  106  
167  107  
167  108  
167  109  
167  110  
167  111  
167  112  
167  113  
168  114  
168  115  
168  116  
168  117  
168  118  
168  119  
234  73  
234  74  
234  75  
234  76  
234  77  
235  78  
235  79  
235  80  
235  81  
235  82  
235  83  
235  84  
235  85  
235  86  
236  87  
236  88  
236  89  
236  90  
236  91  
236  92  
236  93  
237  94  
237  95  
237  96  
220  74  
220  75  
220  76  
220  77  
220  78  
220  79  
220  80  
220  81  
220  82  
220  83  
220  84  
220  85  
220  86  
220  87  
221  88  
221  89  
221  90  
221  91  
221  92  
221  93  
230  75  
230  76  
230  77  
230  78  
230  79  
230  80  
230  81  
230  82  
230  83  
230  84  
230  85  
231  86  
231  87  
231  88  
231  89  
231  90  
231  91  
232  92  
232  93  
232  94  
232  95  
232  96  
232  97  
168  77  
169  78  
169  79  
169  80  
169  81  
169  82  
169  83  
169  84  
169  85  
170  86  
170  87  
170  88  
170  89  
170  90  
170  91  
170  92  
170  93  
171  94  
171  95  
171  96  
171  97  
171  98  
171  99  
171  100  
172  101  
172  102  
172  103  
172  104  
172  105  
172  106  
172  107  
173  108  
173  109  
173  110  
173  111  
173  112  
173  113  
174  114  
174  115  
174  116  
174  117  
174  118  
174  119  
174  120  
174  121  
175  122  
175  123  
175  124  
175  125  
175  126  
175  127  
176  128  
176  129  
176  130  
176  131  
176  132  
176  133  
176  134  
177  135  
177  136  
177  137  
177  138  
177  139  
177  140  
177  141  
178  142  
178  143  
178  144  
178  145  
69  78  
69  79  
69  80  
69  81  
69  82  
69  83  
70  84  
70  85  
70  86  
70  87  
70  88  
70  89  
70  90  
71  91  
71  92  
71  93  
71  94  
71  95  
71  96  
72  97  
72  98  
72  99  
72  100  
72  101  
72  102  
73  103  
73  104  
73  105  
73  106  
73  107  
73  108  
74  109  
74  110  
74  111  
74  112  
74  113  
74  114  
75  115  
75  116  
75  117  
75  118  
75  119  
75  120  
183  80  
183  81  
183  82  
183  83  
183  84  
184  85  
184  86  
184  87  
184  88  
184  89  
184  90  
184  91  
184  92  
185  93  
185  94  
185  95  
185  96  
185  97  
185  98  
186  99  
186  100  
186  101  
186  102  
186  103  
187  104  
187  105  
189  84  
189  85  
189  86  
189  87  
189  88  
190  89  
190  90  
190  91  
190  92  
190  93  
190  94  
190  95  
190  96  
191  97  
191  98  
191  99  
191  100  
191  101  
191  102  
192  103  
192  104  
192  105  
192  106  
192  107  
193  108  
37  88  
37  89  
37  90  
38  91  
38  92  
38  93  
38  94  
38  95  
38  96  
39  97  
39  98  
39  99  
39  100  
39  101  
39  102  
40  103  
40  104  
40  105  
40  106  
40  107  
40  108  
41  109  
41  110  
41  111  
41  112  
41  113  
41  114  
42  115  
42  116  
42  117  
42  118  
42  119  
43  120  
43  121  
43  122  
43  123  
43  124  
43  125  
44  126  
44  127  
44  128  
44  129  
44  130  
44  131  
45  132  
45  133  
45  134  
45  135  
45  136  
46  137  
46  138  
46  139  
46  140  
46  141  
46  142  
47  143  
47  144  
47  145  
47  146  
47  147  
48  148  
48  149  
48  150  
48  151  
48  152  
48  153  
49  154  
49  155  
49  156  
49  157  
49  158  
50  159  
50  160  
50  161  
50  162  
50  163  
50  164  
51  165  
51  166  
51  167  
51  168  
51  169  
51  170  
52  171  
52  172  
52  173  
52  174  
52  175  
42  88  
42  89  
42  90  
42  91  
42  92  
43  93  
43  94  
43  95  
43  96  
43  97  
43  98  
44  99  
44  100  
44  101  
44  102  
44  103  
44  104  
45  105  
45  106  
45  107  
45  108  
45  109  
45  110  
46  111  
46  112  
46  113  
46  114  
46  115  
46  116  
47  117  
47  118  
47  119  
47  120  
47  121  
47  122  
48  123  
48  124  
48  125  
48  126  
48  127  
48  128  
49  129  
49  130  
49  131  
49  132  
49  133  
50  134  
50  135  
50  136  
50  137  
50  138  
50  139  
51  140  
51  141  
51  142  
51  143  
51  144  
52  145  
52  146  
52  147  
52  148  
52  149  
53  150  
53  151  
53  152  
53  153  
53  154  
53  155  
54  156  
54  157  
54  158  
54  159  
54  160  
54  161  
55  162  
55  163  
55  164  
55  165  
55  166  
55  167  
56  168  
56  169  
56  170  
56  171  
56  172  
32  89  
32  90  
32  91  
32  92  
32  93  
32  94  
33  95  
33  96  
33  97  
33  98  
33  99  
34  100  
34  101  
34  102  
34  103  
34  104  
34  105  
35  106  
35  107  
35  108  
35  109  
35  110  
36  111  
36  112  
36  113  
36  114  
36  115  
36  116  
37  117  
37  118  
37  119  
37  120  
37  121  
37  122  
38  123  
38  124  
38  125  
38  126  
39  127  
39  128  
39  129  
39  130  
39  131  
178  89  
178  90  
178  91  
178  92  
178  93  
178  94  
178  95  
178  96  
178  97  
178  98  
179  99  
179  100  
179  101  
179  102  
179  103  
179  104  
180  105  
180  106  
180  107  
180  108  
180  109  
180  110  
181  111  
181  112  
181  113  
269  97  
270  97  
271  97  
272  97  
273  97  
263  98  
264  98  
265  98  
266  98  
267  98  
268  98  
257  99  
258  99  
259  99  
260  99  
261  99  
262  99  
251  100  
252  100  
253  100  
254  100  
255  100  
256  100  
246  101  
247  101  
248  101  
249  101  
250  101  
143  98  
144  99  
144  100  
144  101  
144  102  
144  103  
144  104  
144  105  
145  106  
145  107  
145  108  
145  109  
145  110  
145  111  
145  112  
146  113  
146  114  
146  115  
146  116  
146  117  
146  118  
146  119  
146  120  
147  121  
147  122  
147  123  
147  124  
147  125  
147  126  
148  127  
148  128  
148  129  
148  130  
148  131  
149  132  
149  133  
149  134  
149  135  
149  136  
150  137  
148  98  
148  99  
148  100  
148  101  
148  102  
149  103  
149  104  
149  105  
149  106  
149  107  
149  108  
150  109  
150  110  
150  111  
150  112  
150  113  
150  114  
150  115  
151  116  
151  117  
151  118  
151  119  
151  120  
151  121  
152  122  
152  123  
152  124  
152  125  
152  126  
152  127  
152  128  
153  129  
153  130  
153  131  
153  132  
153  133  
153  134  
319  104  
319  105  
319  106  
319  107  
319  108  
319  109  
319  110  
319  111  
319  112  
320  113  
320  114  
320  115  
320  116  
320  117  
320  118  
320  119  
320  120  
320  121  
321  122  
321  123  
321  124  
321  125  
321  126  
321  127  
321  128  
321  129  
321  130  
321  131  
321  132  
322  133  
322  134  
322  135  
322  136  
322  137  
322  138  
322  139  
323  140  
323  141  
323  142  
323  143  
323  144  
323  145  
323  146  
323  147  
323  148  
324  149  
324  150  
324  151  
324  152  
324  153  
324  154  
219  106  
220  106  
221  106  
222  106  
213  107  
214  107  
215  107  
216  107  
217  107  
218  107  
207  108  
208  108  
209  108  
210  108  
211  108  
212  108  
201  109  
202  109  
203  109  
204  109  
205  109  
206  109  
197  110  
198  110  
199  110  
200  110  
194  111  
195  111  
196  111  
307  111  
308  112  
308  113  
308  114  
308  115  
308  116  
308  117  
308  118  
308  119  
308  120  
308  121  
309  122  
309  123  
309  124  
309  125  
309  126  
309  127  
309  128  
309  129  
309  130  
310  131  
310  132  
310  133  
310  134  
310  135  
310  136  
310  137  
310  138  
310  139  
310  140  
310  141  
311  142  
311  143  
311  144  
311  145  
311  146  
311  147  
311  148  
311  149  
312  150  
312  151  
312  152  
312  153  
312  154  
312  155  
261  115  
261  116  
261  117  
261  118  
261  119  
262  120  
262  121  
262  122  
262  123  
262  124  
262  125  
262  126  
262  127  
263  128  
263  129  
263  130  
263  131  
263  132  
263  133  
263  134  
264  135  
264  136  
264  137  
264  138  
264  139  
133  118  
133  119  
133  120  
133  121  
133  122  
134  123  
134  124  
134  125  
135  126  
135  127  
135  128  
135  129  
135  130  
136  131  
136  132  
136  133  
136  134  
136  135  
137  136  
137  137  
137  138  
137  139  
137  140  
138  141  
138  142  
138  143  
295  119  
295  120  
295  121  
295  122  
295  123  
295  124  
295  125  
296  126  
296  127  
296  128  
296  129  
296  130  
296  131  
296  132  
296  133  
297  134  
297  135  
297  136  
297  137  
297  138  
297  139  
297  140  
297  141  
297  142  
297  143  
76  122  
76  123  
76  124  
76  125  
76  126  
77  127  
77  128  
77  129  
77  130  
77  131  
77  132  
78  133  
78  134  
78  135  
78  136  
78  137  
78  138  
79  139  
79  140  
79  141  
79  142  
79  143  
79  144  
80  145  
80  146  
80  147  
80  148  
80  149  
80  150  
81  151  
81  152  
81  153  
81  154  
81  155  
81  156  
82  157  
82  158  
82  159  
82  160  
82  161  
82  162  
83  163  
83  164  
83  165  
83  166  
83  167  
214  122  
215  123  
215  124  
215  125  
215  126  
215  127  
215  128  
216  129  
216  130  
216  131  
216  132  
216  133  
216  134  
216  135  
217  136  
217  137  
217  138  
217  139  
217  140  
217  141  
218  142  
218  143  
218  144  
218  145  
219  146  
220  146  
313  125  
313  126  
313  127  
313  128  
313  129  
313  130  
314  131  
314  132  
314  133  
314  134  
314  135  
314  136  
314  137  
314  138  
314  139  
314  140  
314  141  
314  142  
315  143  
315  144  
315  145  
315  146  
315  147  
315  148  
315  149  
315  150  
315  151  
316  152  
316  153  
316  154  
316  155  
316  156  
142  128  
142  129  
142  130  
142  131  
143  132  
143  133  
143  134  
143  135  
143  136  
143  137  
143  138  
143  139  
144  140  
144  141  
144  142  
144  143  
144  144  
144  145  
144  146  
144  147  
145  148  
145  149  
145  150  
145  151  
145  152  
145  153  
40  133  
40  134  
40  135  
40  136  
40  137  
40  138  
41  139  
41  140  
41  141  
41  142  
41  143  
41  144  
42  145  
42  146  
42  147  
42  148  
42  149  
42  150  
43  151  
43  152  
43  153  
43  154  
43  155  
43  156  
44  157  
44  158  
45  159  
45  160  
45  161  
45  162  
45  163  
46  164  
46  165  
46  166  
46  167  
47  168  
47  169  
47  170  
47  171  
47  172  
47  173  
160  134  
160  135  
160  136  
160  137  
160  138  
161  139  
161  140  
161  141  
161  142  
161  143  
161  144  
161  145  
162  146  
162  147  
162  148  
162  149  
162  150  
162  151  
163  152  
163  153  
163  154  
163  155  
163  156  
163  157  
164  158  
164  159  
164  160  
164  161  
164  162  
164  163  
165  164  
165  165  
165  166  
165  167  
165  168  
165  169  
165  170  
165  171  
166  172  
166  173  
166  174  
166  175  
166  176  
166  177  
166  178  
166  179  
167  180  
167  181  
167  182  
167  183  
167  184  
167  185  
168  186  
168  187  
168  188  
168  189  
169  190  
169  191  
169  192  
169  193  
169  194  
169  195  
170  196  
170  197  
170  198  
170  199  
170  200  
170  201  
265  145  
266  145  
267  145  
268  145  
269  145  
259  146  
260  146  
261  146  
262  146  
263  146  
264  146  
255  147  
256  147  
257  147  
258  147  
250  148  
251  148  
252  148  
253  148  
254  148  
244  149  
245  149  
246  149  
247  149  
248  149  
249  149  
237  150  
238  150  
239  150  
240  150  
241  150  
242  150  
243  150  
228  151  
229  151  
230  151  
231  151  
232  151  
233  151  
234  151  
235  151  
236  151  
224  152  
225  152  
226  152  
227  152  
290  150  
291  150  
292  150  
293  150  
294  150  
295  150  
296  150  
283  151  
284  151  
285  151  
286  151  
287  151  
288  151  
289  151  
275  152  
276  152  
277  152  
278  152  
279  152  
280  152  
281  152  
282  152  
204  154  
205  154  
206  154  
207  154  
197  155  
198  155  
199  155  
200  155  
201  155  
202  155  
203  155  
191  156  
192  156  
193  156  
194  156  
195  156  
196  156  
185  157  
186  157  
187  157  
188  157  
189  157  
190  157  
180  158  
181  158  
182  158  
183  158  
184  158  
214  156  
215  156  
216  156  
217  156  
218  156  
208  157  
209  157  
210  157  
211  157  
212  157  
213  157  
219  157  
202  158  
203  158  
204  158  
205  158  
206  158  
207  158  
196  159  
197  159  
198  159  
199  159  
200  159  
201  159  
190  160  
191  160  
192  160  
193  160  
194  160  
195  160  
183  161  
184  161  
185  161  
186  161  
187  161  
188  161  
189  161  
181  162  
182  162  
238  157  
239  157  
240  157  
241  157  
242  157  
243  157  
232  158  
233  158  
234  158  
235  158  
236  158  
237  158  
224  159  
225  159  
226  159  
227  159  
228  159  
229  159  
230  159  
231  159  
219  160  
220  160  
221  160  
222  160  
223  160  
284  157  
285  157  
286  157  
287  157  
288  157  
277  158  
278  158  
279  158  
280  158  
281  158  
282  158  
283  158  
270  159  
271  159  
272  159  
273  159  
274  159  
275  159  
276  159  
264  160  
265  160  
266  160  
267  160  
268  160  
269  160  
257  161  
258  161  
259  161  
260  161  
261  161  
262  161  
263  161  
249  162  
250  162  
251  162  
252  162  
253  162  
254  162  
255  162  
256  162  
242  163  
243  163  
244  163  
245  163  
246  163  
247  163  
248  163  
236  164  
237  164  
238  164  
239  164  
240  164  
241  164  
229  165  
230  165  
231  165  
232  165  
233  165  
234  165  
235  165  
222  166  
223  166  
224  166  
225  166  
226  166  
227  166  
228  166  
216  167  
217  167  
218  167  
219  167  
220  167  
221  167  
211  168  
212  168  
213  168  
214  168  
215  168  
205  169  
206  169  
207  169  
208  169  
209  169  
210  169  
197  170  
198  170  
199  170  
200  170  
201  170  
202  170  
203  170  
204  170  
190  171  
191  171  
192  171  
193  171  
194  171  
195  171  
196  171  
186  172  
187  172  
188  172  
189  172  
185  173  
201  163  
202  163  
203  163  
204  163  
205  163  
206  163  
207  163  
208  163  
194  164  
195  164  
196  164  
197  164  
198  164  
199  164  
200  164  
186  165  
187  165  
188  165  
189  165  
190  165  
191  165  
192  165  
193  165  
181  166  
182  166  
183  166  
184  166  
185  166  
295  163  
296  164  
296  165  
296  166  
296  167  
296  168  
296  169  
296  170  
296  171  
296  172  
296  173  
296  174  
297  175  
297  176  
297  177  
297  178  
297  179  
297  180  
298  181  
298  182  
298  183  
298  184  
298  185  
298  186  
298  187  
299  188  
299  189  
299  190  
299  191  
299  192  
299  193  
299  194  
300  195  
300  196  
300  197  
300  198  
300  199  
300  200  
300  201  
300  202  
300  203  
301  204  
301  205  
301  206  
301  207  
301  208  
301  209  
301  210  
301  211  
302  212  
302  213  
302  214  
302  215  
302  216  
302  217  
302  218  
302  219  
303  220  
303  221  
303  222  
303  223  
303  224  
303  225  
303  226  
303  227  
304  228  
304  229  
304  230  
150  165  
150  166  
150  167  
151  168  
151  169  
151  170  
151  171  
151  172  
151  173  
151  174  
151  175  
151  176  
152  177  
152  178  
152  179  
152  180  
152  181  
152  182  
153  183  
153  184  
153  185  
153  186  
153  187  
153  188  
154  189  
154  190  
154  191  
154  192  
154  193  
154  194  
154  195  
84  169  
84  170  
84  171  
84  172  
84  173  
84  174  
85  175  
85  176  
85  177  
85  178  
85  179  
85  180  
86  181  
86  182  
86  183  
86  184  
86  185  
86  186  
87  187  
87  188  
87  189  
87  190  
87  191  
87  192  
88  193  
88  194  
88  195  
88  196  
88  197  
88  198  
88  199  
89  200  
89  201  
89  202  
89  203  
89  204  
89  205  
90  206  
90  207  
90  208  
90  209  
90  210  
90  211  
91  212  
292  169  
292  170  
292  171  
292  172  
293  173  
293  174  
293  175  
293  176  
293  177  
293  178  
293  179  
293  180  
293  181  
293  182  
294  183  
294  184  
294  185  
294  186  
294  187  
294  188  
294  189  
246  175  
246  176  
247  177  
247  178  
247  179  
247  180  
247  181  
247  182  
247  183  
247  184  
248  185  
248  186  
248  187  
248  188  
248  189  
248  190  
248  191  
248  192  
249  193  
249  194  
249  195  
249  196  
249  197  
177  177  
177  178  
177  179  
178  180  
178  181  
178  182  
178  183  
178  184  
178  185  
179  186  
179  187  
179  188  
179  189  
179  190  
179  191  
179  192  
180  193  
180  194  
180  195  
180  196  
180  197  
180  198  
181  199  
181  200  
181  201  
181  202  
181  203  
181  204  
182  205  
182  206  
182  207  
182  208  
182  209  
183  210  
183  211  
183  212  
183  213  
183  214  
184  215  
184  216  
184  217  
184  218  
184  219  
184  220  
185  221  
185  222  
185  223  
185  224  
185  225  
185  226  
186  227  
186  228  
186  229  
186  230  
186  231  
186  232  
187  233  
187  234  
187  235  
187  236  
187  237  
187  238  
188  239  
188  240  
188  241  
188  242  
188  243  
188  244  
189  245  
189  246  
189  247  
189  248  
189  249  
190  250  
190  251  
190  252  
183  181  
183  182  
183  183  
183  184  
183  185  
184  186  
184  187  
184  188  
184  189  
184  190  
184  191  
185  192  
185  193  
185  194  
185  195  
185  196  
185  197  
186  198  
186  199  
186  200  
186  201  
186  202  
186  203  
187  204  
187  205  
187  206  
187  207  
187  208  
187  209  
188  210  
188  211  
188  212  
188  213  
188  214  
188  215  
189  216  
189  217  
189  218  
189  219  
189  220  
189  221  
190  222  
190  223  
190  224  
190  225  
190  226  
190  227  
190  228  
191  229  
191  230  
191  231  
191  232  
191  233  
191  234  
192  235  
192  236  
192  237  
192  238  
192  239  
192  240  
193  241  
193  242  
193  243  
193  244  
193  245  
193  246  
198  183  
198  184  
198  185  
198  186  
198  187  
198  188  
198  189  
199  190  
199  191  
199  192  
199  193  
199  194  
199  195  
199  196  
199  197  
200  198  
200  199  
200  200  
200  201  
200  202  
200  203  
201  204  
306  183  
306  184  
306  185  
306  186  
306  187  
306  188  
307  189  
307  190  
307  191  
307  192  
307  193  
307  194  
307  195  
308  196  
308  197  
308  198  
308  199  
308  200  
308  201  
308  202  
308  203  
308  204  
308  205  
309  206  
309  207  
309  208  
309  209  
309  210  
309  211  
309  212  
309  213  
310  214  
310  215  
310  216  
310  217  
310  218  
310  219  
310  220  
310  221  
310  222  
311  223  
311  224  
311  225  
311  226  
311  227  
311  228  
311  229  
311  230  
311  231  
312  232  
312  233  
312  234  
312  235  
312  236  
312  237  
312  238  
312  239  
312  240  
312  241  
312  242  
313  243  
313  244  
313  245  
313  246  
313  247  
313  248  
314  249  
314  250  
314  251  
314  252  
314  253  
314  254  
314  255  
314  256  
314  257  
315  258  
315  259  
315  260  
315  261  
315  262  
315  263  
316  264  
316  265  
316  266  
316  267  
316  268  
316  269  
316  270  
316  271  
317  272  
317  273  
317  274  
317  275  
317  276  
317  277  
317  278  
317  279  
318  280  
318  281  
318  282  
318  283  
318  284  
318  285  
318  286  
318  287  
318  288  
318  289  
319  290  
319  291  
319  292  
319  293  
319  294  
319  295  
319  296  
319  297  
320  298  
320  299  
320  300  
320  301  
320  302  
320  303  
320  304  
320  305  
320  306  
321  307  
321  308  
321  309  
321  310  
321  311  
321  312  
321  313  
322  314  
322  315  
322  316  
322  317  
322  318  
322  319  
322  320  
322  321  
322  322  
322  323  
323  324  
323  325  
323  326  
323  327  
323  328  
323  329  
323  330  
323  331  
324  332  
324  333  
324  334  
324  335  
50  195  
50  196  
50  197  
50  198  
50  199  
50  200  
51  201  
51  202  
51  203  
51  204  
51  205  
51  206  
52  207  
52  208  
52  209  
52  210  
52  211  
53  212  
53  213  
53  214  
53  215  
317  196  
318  197  
318  198  
318  199  
318  200  
318  201  
318  202  
318  203  
318  204  
319  205  
319  206  
319  207  
319  208  
319  209  
319  210  
319  211  
319  212  
320  213  
320  214  
320  215  
320  216  
320  217  
320  218  
320  219  
320  220  
396  196  
396  197  
396  198  
396  199  
396  200  
396  201  
396  202  
396  203  
396  204  
396  205  
396  206  
396  207  
396  208  
396  209  
396  210  
396  211  
396  212  
396  213  
396  214  
396  215  
396  216  
396  217  
396  218  
284  198  
285  198  
286  198  
287  198  
288  198  
278  199  
279  199  
280  199  
281  199  
282  199  
283  199  
270  200  
271  200  
272  200  
273  200  
274  200  
275  200  
276  200  
277  200  
264  201  
265  201  
266  201  
267  201  
268  201  
269  201  
259  202  
260  202  
261  202  
262  202  
263  202  
257  203  
258  203  
55  200  
55  201  
55  202  
55  203  
56  204  
56  205  
56  206  
56  207  
57  208  
57  209  
57  210  
57  211  
57  212  
57  213  
58  214  
58  215  
58  216  
58  217  
58  218  
58  219  
59  220  
59  221  
59  222  
59  223  
59  224  
178  205  
178  206  
178  207  
178  208  
178  209  
179  210  
179  211  
179  212  
179  213  
179  214  
180  215  
180  216  
180  217  
180  218  
180  219  
181  220  
181  221  
181  222  
181  223  
181  224  
182  225  
182  226  
182  227  
182  228  
182  229  
182  230  
183  231  
183  232  
183  233  
183  234  
183  235  
183  236  
184  237  
184  238  
184  239  
184  240  
184  241  
185  242  
185  243  
185  244  
185  245  
185  246  
185  247  
186  248  
186  249  
186  250  
186  251  
186  252  
238  205  
239  205  
232  206  
233  206  
234  206  
235  206  
236  206  
237  206  
225  207  
226  207  
227  207  
228  207  
229  207  
230  207  
231  207  
218  208  
219  208  
220  208  
221  208  
222  208  
223  208  
224  208  
212  209  
213  209  
214  209  
215  209  
216  209  
217  209  
112  207  
112  208  
112  209  
112  210  
112  211  
113  212  
113  213  
113  214  
113  215  
113  216  
114  217  
114  218  
114  219  
114  220  
114  221  
114  222  
115  223  
115  224  
115  225  
115  226  
115  227  
116  228  
116  229  
116  230  
116  231  
116  232  
116  233  
117  234  
117  235  
117  236  
117  237  
117  238  
117  239  
118  240  
118  241  
118  242  
118  243  
118  244  
118  245  
119  246  
119  247  
119  248  
119  249  
119  250  
119  251  
172  209  
172  210  
172  211  
172  212  
172  213  
173  214  
173  215  
173  216  
173  217  
173  218  
173  219  
173  220  
174  221  
174  222  
174  223  
174  224  
174  225  
174  226  
175  227  
175  228  
175  229  
175  230  
175  231  
175  232  
175  233  
175  234  
175  235  
176  236  
176  237  
176  238  
176  239  
176  240  
176  241  
177  242  
177  243  
177  244  
177  245  
177  246  
177  247  
178  248  
178  249  
178  250  
178  251  
178  252  
178  253  
179  254  
274  216  
274  217  
274  218  
274  219  
274  220  
274  221  
274  222  
275  223  
275  224  
275  225  
275  226  
275  227  
275  228  
275  229  
275  230  
275  231  
276  232  
276  233  
276  234  
276  235  
86  217  
87  217  
88  217  
78  218  
79  218  
80  218  
81  218  
82  218  
83  218  
84  218  
85  218  
66  219  
67  219  
68  219  
69  219  
70  219  
71  219  
72  219  
73  219  
74  219  
75  219  
76  219  
77  219  
321  228  
321  229  
321  230  
321  231  
321  232  
321  233  
322  234  
322  235  
322  236  
322  237  
322  238  
322  239  
322  240  
322  241  
322  242  
323  243  
323  244  
323  245  
323  246  
323  247  
323  248  
324  249  
324  250  
325  251  
326  251  
195  229  
196  230  
197  231  
197  232  
197  233  
197  234  
197  235  
197  236  
197  237  
198  238  
198  239  
198  240  
198  241  
198  242  
198  243  
198  244  
198  245  
198  246  
199  247  
199  248  
199  249  
199  250  
262  243  
263  243  
264  243  
265  243  
251  244  
252  244  
253  244  
254  244  
255  244  
256  244  
257  244  
258  244  
259  244  
260  244  
261  244  
245  245  
246  245  
247  245  
248  245  
249  245  
250  245  
368  251  
368  252  
368  253  
369  254  
369  255  
369  256  
369  257  
369  258  
369  259  
369  260  
369  261  
369  262  
370  263  
370  264  
370  265  
370  266  
370  267  
370  268  
370  269  
370  270  
370  271  
370  272  
120  253  
120  254  
120  255  
120  256  
120  257  
121  258  
121  259  
121  260  
121  261  
121  262  
121  263  
122  264  
122  265  
122  266  
122  267  
122  268  
122  269  
123  270  
123  271  
123  272  
123  273  
123  274  
123  275  
124  276  
124  277  
124  278  
124  279  
124  280  
124  281  
125  282  
125  283  
125  284  
125  285  
125  286  
126  287  
126  288  
126  289  
126  290  
126  291  
126  292  
127  293  
127  294  
127  295  
127  296  
127  297  
127  298  
128  299  
128  300  
128  301  
128  302  
128  303  
128  304  
129  305  
129  306  
129  307  
129  308  
129  309  
129  310  
130  311  
130  312  
130  313  
130  314  
130  315  
130  316  
131  317  
131  318  
131  319  
131  320  
131  321  
131  322  
132  323  
132  324  
132  325  
132  326  
132  327  
132  328  
133  329  
133  330  
133  331  
133  332  
133  333  
133  334  
134  335  
134  336  
134  337  
134  338  
134  339  
134  340  
134  341  
135  342  
135  343  
135  344  
135  345  
135  346  
135  347  
135  348  
136  349  
136  350  
136  351  
136  352  
136  353  
136  354  
136  355  
137  356  
137  357  
137  358  
137  359  
137  360  
137  361  
138  362  
138  363  
138  364  
60  254  
60  255  
60  256  
60  257  
60  258  
60  259  
61  260  
61  261  
61  262  
61  263  
62  264  
62  265  
62  266  
62  267  
62  268  
62  269  
63  270  
63  271  
63  272  
63  273  
63  274  
64  275  
64  276  
64  277  
64  278  
64  279  
64  280  
65  281  
65  282  
65  283  
65  284  
65  285  
66  286  
66  287  
66  288  
66  289  
66  290  
67  291  
67  292  
67  293  
67  294  
67  295  
67  296  
68  297  
68  298  
68  299  
68  300  
68  301  
68  302  
69  303  
69  304  
69  305  
69  306  
69  307  
69  308  
70  309  
70  310  
70  311  
70  312  
70  313  
70  314  
71  315  
71  316  
71  317  
71  318  
71  319  
71  320  
72  321  
72  322  
72  323  
72  324  
72  325  
72  326  
73  327  
73  328  
73  329  
73  330  
73  331  
73  332  
74  333  
74  334  
74  335  
74  336  
74  337  
74  338  
75  339  
75  340  
75  341  
75  342  
75  343  
75  344  
76  345  
76  346  
76  347  
76  348  
76  349  
76  350  
77  351  
77  352  
77  353  
77  354  
77  355  
77  356  
78  357  
78  358  
78  359  
78  360  
78  361  
78  362  
78  363  
79  364  
79  365  
79  366  
79  367  
79  368  
79  369  
80  370  
80  371  
80  372  
80  373  
80  374  
80  375  
80  376  
81  377  
81  378  
83  378  
82  379  
115  257  
115  258  
115  259  
115  260  
115  261  
115  262  
116  263  
116  264  
116  265  
116  266  
116  267  
116  268  
117  269  
117  270  
117  271  
117  272  
117  273  
117  274  
118  275  
118  276  
118  277  
118  278  
118  279  
119  280  
119  281  
119  282  
119  283  
119  284  
119  285  
120  286  
120  287  
120  288  
120  289  
120  290  
120  291  
179  257  
179  258  
179  259  
179  260  
179  261  
180  262  
180  263  
180  264  
180  265  
180  266  
180  267  
181  268  
181  269  
181  270  
181  271  
181  272  
181  273  
181  274  
181  275  
182  276  
182  277  
182  278  
182  279  
182  280  
182  281  
183  282  
183  283  
183  284  
183  285  
183  286  
184  287  
184  288  
184  289  
184  290  
184  291  
184  292  
185  293  
185  294  
185  295  
185  296  
185  297  
185  298  
349  260  
349  261  
349  262  
349  263  
349  264  
349  265  
349  266  
349  267  
349  268  
349  269  
349  270  
350  271  
350  272  
350  273  
350  274  
350  275  
350  276  
351  277  
351  278  
351  279  
351  280  
351  281  
351  282  
325  261  
325  262  
325  263  
325  264  
325  265  
325  266  
325  267  
325  268  
326  269  
326  270  
326  271  
326  272  
326  273  
326  274  
326  275  
327  276  
327  277  
327  278  
327  279  
327  280  
327  281  
327  282  
327  283  
327  284  
327  285  
72  262  
72  263  
72  264  
72  265  
72  266  
73  267  
73  268  
73  269  
73  270  
73  271  
73  272  
74  273  
74  274  
74  275  
74  276  
74  277  
75  278  
75  279  
75  280  
75  281  
75  282  
75  283  
76  284  
76  285  
76  286  
76  287  
76  288  
76  289  
77  290  
77  291  
77  292  
77  293  
77  294  
77  295  
78  296  
78  297  
78  298  
78  299  
78  300  
385  262  
385  263  
385  264  
385  265  
385  266  
385  267  
385  268  
385  269  
385  270  
385  271  
385  272  
384  273  
384  274  
384  275  
384  276  
384  277  
384  278  
383  279  
383  280  
383  281  
383  282  
383  283  
383  284  
382  285  
382  286  
382  287  
382  288  
382  289  
382  290  
382  291  
382  292  
381  293  
303  264  
303  265  
304  266  
304  267  
304  268  
304  269  
304  270  
304  271  
304  272  
304  273  
304  274  
305  275  
305  276  
305  277  
305  278  
305  279  
305  280  
306  281  
306  282  
306  283  
306  284  
308  265  
308  266  
308  267  
308  268  
308  269  
308  270  
309  271  
309  272  
309  273  
309  274  
309  275  
309  276  
309  277  
310  278  
310  279  
310  280  
310  281  
310  282  
310  283  
310  284  
310  285  
310  286  
311  287  
311  288  
311  289  
311  290  
311  291  
311  292  
311  293  
311  294  
311  295  
311  296  
312  297  
312  298  
312  299  
312  300  
312  301  
312  302  
312  303  
313  304  
313  305  
313  306  
313  307  
313  308  
313  309  
313  310  
314  311  
314  312  
314  313  
314  314  
314  315  
314  316  
314  317  
314  318  
315  319  
315  320  
315  321  
315  322  
315  323  
315  324  
316  325  
316  326  
316  327  
68  266  
68  267  
68  268  
68  269  
68  270  
69  271  
69  272  
69  273  
69  274  
69  275  
69  276  
70  277  
70  278  
70  279  
70  280  
70  281  
71  282  
71  283  
71  284  
71  285  
71  286  
71  287  
72  288  
72  289  
72  290  
72  291  
72  292  
72  293  
73  294  
73  295  
73  296  
73  297  
73  298  
73  299  
74  300  
74  301  
74  302  
74  303  
74  304  
258  267  
258  268  
259  269  
259  270  
259  271  
259  272  
259  273  
259  274  
259  275  
259  276  
260  277  
260  278  
260  279  
260  280  
260  281  
260  282  
260  283  
260  284  
261  285  
261  286  
261  287  
261  288  
261  289  
261  290  
190  272  
190  273  
190  274  
190  275  
190  276  
190  277  
190  278  
190  279  
190  280  
190  281  
191  282  
191  283  
191  284  
191  285  
191  286  
191  287  
191  288  
191  289  
192  290  
192  291  
192  292  
192  293  
192  294  
192  295  
192  296  
193  297  
193  298  
193  299  
193  300  
193  301  
193  302  
194  303  
194  304  
194  305  
194  306  
194  307  
194  308  
194  309  
194  310  
195  311  
195  312  
195  313  
195  314  
195  315  
195  316  
195  317  
264  274  
264  275  
264  276  
265  277  
265  278  
265  279  
265  280  
265  281  
265  282  
265  283  
265  284  
266  285  
266  286  
266  287  
266  288  
266  289  
266  290  
267  291  
267  292  
268  293  
268  294  
391  275  
391  276  
391  277  
392  278  
392  279  
393  280  
393  281  
393  282  
394  283  
394  284  
395  285  
396  286  
396  287  
396  288  
397  289  
397  290  
397  291  
398  292  
398  293  
398  294  
399  295  
399  296  
399  297  
399  298  
193  278  
194  279  
194  280  
194  281  
194  282  
194  283  
194  284  
194  285  
195  286  
195  287  
195  288  
195  289  
195  290  
195  291  
195  292  
196  293  
196  294  
196  295  
196  296  
196  297  
196  298  
197  299  
197  300  
197  301  
197  302  
197  303  
197  304  
197  305  
198  306  
198  307  
198  308  
198  309  
198  310  
198  311  
198  312  
199  313  
199  314  
199  315  
199  316  
199  317  
199  318  
199  319  
200  320  
200  321  
200  322  
200  323  
200  324  
200  325  
201  326  
201  327  
201  328  
201  329  
201  330  
202  331  
202  332  
202  333  
202  334  
202  335  
202  336  
203  337  
203  338  
203  339  
203  340  
203  341  
203  342  
204  343  
204  344  
204  345  
198  279  
198  280  
198  281  
199  282  
199  283  
199  284  
199  285  
199  286  
199  287  
200  288  
200  289  
200  290  
200  291  
200  292  
200  293  
200  294  
201  295  
201  296  
201  297  
201  298  
201  299  
201  300  
202  301  
202  302  
202  303  
202  304  
202  305  
202  306  
202  307  
203  308  
203  309  
203  310  
203  311  
203  312  
203  313  
204  314  
204  315  
204  316  
204  317  
204  318  
204  319  
205  320  
205  321  
205  322  
205  323  
205  324  
205  325  
205  326  
206  327  
206  328  
206  329  
206  330  
206  331  
206  332  
207  333  
207  334  
207  335  
207  336  
207  337  
207  338  
49  284  
50  285  
50  286  
50  287  
50  288  
50  289  
50  290  
51  291  
51  292  
51  293  
51  294  
51  295  
51  296  
52  297  
52  298  
52  299  
52  300  
52  301  
53  302  
53  303  
53  304  
53  305  
53  306  
53  307  
54  308  
54  309  
54  310  
54  311  
54  312  
54  313  
55  314  
55  315  
55  316  
55  317  
55  318  
54  284  
54  285  
54  286  
54  287  
54  288  
55  289  
55  290  
55  291  
55  292  
55  293  
55  294  
56  295  
56  296  
56  297  
56  298  
56  299  
57  300  
57  301  
57  302  
57  303  
57  304  
57  305  
58  306  
58  307  
58  308  
58  309  
58  310  
58  311  
59  312  
59  313  
59  314  
59  315  
59  316  
59  317  
59  318  
372  285  
372  286  
372  287  
373  288  
373  289  
373  290  
373  291  
373  292  
373  293  
374  294  
374  295  
374  296  
374  297  
374  298  
374  299  
374  300  
374  301  
374  302  
374  303  
375  304  
375  305  
375  306  
375  307  
295  292  
296  292  
297  292  
298  292  
299  292  
289  293  
290  293  
291  293  
292  293  
293  293  
294  293  
279  294  
280  294  
281  294  
282  294  
283  294  
284  294  
285  294  
286  294  
287  294  
288  294  
273  295  
274  295  
275  295  
276  295  
277  295  
278  295  
269  296  
270  296  
271  296  
272  296  
329  294  
329  295  
329  296  
329  297  
329  298  
329  299  
330  300  
330  301  
330  302  
330  303  
330  304  
330  305  
330  306  
330  307  
330  308  
330  309  
330  310  
330  311  
330  312  
331  313  
331  314  
331  315  
207  298  
207  299  
208  300  
208  301  
208  302  
208  303  
208  304  
208  305  
208  306  
209  307  
209  308  
209  309  
209  310  
209  311  
209  312  
209  313  
209  314  
209  315  
210  316  
210  317  
210  318  
210  319  
210  320  
210  321  
211  322  
211  323  
251  298  
243  299  
244  299  
245  299  
246  299  
247  299  
248  299  
249  299  
250  299  
235  300  
236  300  
237  300  
238  300  
239  300  
240  300  
241  300  
242  300  
228  301  
229  301  
230  301  
231  301  
232  301  
233  301  
234  301  
222  302  
223  302  
224  302  
225  302  
226  302  
227  302  
79  302  
79  303  
79  304  
79  305  
79  306  
79  307  
80  308  
80  309  
80  310  
80  311  
80  312  
80  313  
81  314  
81  315  
81  316  
81  317  
81  318  
81  319  
82  320  
82  321  
82  322  
82  323  
82  324  
82  325  
83  326  
83  327  
83  328  
83  329  
83  330  
83  331  
383  303  
383  304  
383  305  
384  306  
384  307  
385  308  
385  309  
385  310  
386  311  
386  312  
386  313  
387  314  
387  315  
387  316  
388  317  
388  318  
388  319  
389  320  
389  321  
389  322  
390  323  
390  324  
390  325  
391  326  
391  327  
391  328  
392  329  
392  330  
392  331  
392  332  
264  304  
265  304  
266  304  
267  304  
268  304  
258  305  
259  305  
260  305  
261  305  
262  305  
263  305  
251  306  
252  306  
253  306  
254  306  
255  306  
256  306  
257  306  
246  307  
247  307  
248  307  
249  307  
250  307  
77  318  
77  319  
77  320  
77  321  
77  322  
77  323  
78  324  
78  325  
78  326  
78  327  
78  328  
78  329  
79  330  
79  331  
79  332  
79  333  
79  334  
79  335  
80  336  
80  337  
80  338  
80  339  
80  340  
80  341  
81  342  
81  343  
81  344  
81  345  
81  346  
81  347  
196  319  
196  320  
196  321  
196  322  
196  323  
197  324  
197  325  
197  326  
197  327  
197  328  
197  329  
198  330  
198  331  
198  332  
198  333  
198  334  
199  335  
199  336  
199  337  
199  338  
199  339  
199  340  
200  341  
200  342  
200  343  
200  344  
201  345  
201  346  
201  347  
201  348  
201  349  
60  320  
60  321  
60  322  
61  323  
61  324  
61  325  
61  326  
61  327  
61  328  
62  329  
62  330  
62  331  
62  332  
62  333  
62  334  
63  335  
63  336  
63  337  
63  338  
63  339  
63  340  
64  341  
64  342  
64  343  
64  344  
64  345  
64  346  
65  347  
65  348  
65  349  
65  350  
65  351  
52  322  
44  323  
45  323  
46  323  
47  323  
48  323  
49  323  
50  323  
51  323  
36  324  
37  324  
38  324  
39  324  
40  324  
41  324  
42  324  
43  324  
32  325  
33  325  
34  325  
35  325  
113  322  
113  323  
113  324  
113  325  
113  326  
114  327  
114  328  
114  329  
114  330  
114  331  
114  332  
115  333  
115  334  
115  335  
115  336  
116  337  
116  338  
115  339  
119  339  
115  340  
119  340  
116  341  
118  341  
117  342  
189  322  
189  323  
189  324  
189  325  
190  326  
190  327  
190  328  
190  329  
190  330  
190  331  
190  332  
190  333  
190  334  
191  335  
191  336  
191  337  
191  338  
191  339  
191  340  
191  341  
57  325  
57  326  
58  327  
58  328  
58  329  
58  330  
58  331  
58  332  
59  333  
59  334  
59  335  
59  336  
59  337  
59  338  
59  339  
60  340  
60  341  
60  342  
60  343  
60  344  
60  345  
61  346  
61  347  
61  348  
61  349  
61  350  
61  351  
62  352  
62  353  
62  354  
62  355  
62  356  
127  330  
127  331  
127  332  
127  333  
128  334  
128  335  
128  336  
128  337  
128  338  
128  339  
129  340  
129  341  
129  342  
129  343  
129  344  
130  345  
130  346  
130  347  
130  348  
130  349  
130  350  
131  351  
131  352  
131  353  
131  354  
131  355  
131  356  
132  357  
132  358  
132  359  
132  360  
132  361  
132  362  
133  363  
133  364  
133  365  
274  335  
275  335  
276  335  
277  335  
278  335  
279  335  
280  335  
261  336  
262  336  
263  336  
264  336  
265  336  
266  336  
267  336  
268  336  
269  336  
270  336  
271  336  
272  336  
273  336  
255  337  
256  337  
257  337  
258  337  
259  337  
260  337  
251  338  
252  338  
253  338  
254  338  
294  336  
295  336  
296  336  
297  336  
298  336  
288  337  
289  337  
290  337  
291  337  
292  337  
293  337  
282  338  
283  338  
284  338  
285  338  
286  338  
287  338  
274  339  
275  339  
276  339  
277  339  
278  339  
279  339  
280  339  
281  339  
263  340  
264  340  
265  340  
266  340  
267  340  
268  340  
269  340  
270  340  
271  340  
272  340  
273  340  
410  340  
411  340  
412  340  
413  340  
414  340  
415  340  
400  341  
401  341  
402  341  
403  341  
404  341  
405  341  
406  341  
407  341  
408  341  
409  341  
390  342  
391  342  
392  342  
393  342  
394  342  
395  342  
396  342  
397  342  
398  342  
399  342  
383  343  
384  343  
385  343  
386  343  
387  343  
388  343  
389  343  
374  344  
375  344  
376  344  
377  344  
378  344  
379  344  
380  344  
381  344  
382  344  
368  345  
369  345  
370  345  
371  345  
372  345  
373  345  
359  346  
360  346  
361  346  
362  346  
363  346  
364  346  
365  346  
366  346  
367  346  
352  347  
353  347  
354  347  
355  347  
356  347  
357  347  
358  347  
344  348  
345  348  
346  348  
347  348  
348  348  
349  348  
350  348  
351  348  
336  349  
337  349  
338  349  
339  349  
340  349  
341  349  
342  349  
343  349  
330  350  
331  350  
332  350  
333  350  
334  350  
335  350  
247  342  
248  342  
238  343  
239  343  
240  343  
241  343  
242  343  
243  343  
244  343  
245  343  
246  343  
231  344  
232  344  
233  344  
234  344  
235  344  
236  344  
237  344  
221  345  
222  345  
223  345  
224  345  
225  345  
226  345  
227  345  
228  345  
229  345  
230  345  
216  346  
217  346  
218  346  
219  346  
220  346  
414  345  
415  345  
408  346  
409  346  
410  346  
411  346  
412  346  
413  346  
402  347  
403  347  
404  347  
405  347  
406  347  
407  347  
396  348  
397  348  
398  348  
399  348  
400  348  
401  348  
387  349  
388  349  
389  349  
390  349  
391  349  
392  349  
393  349  
394  349  
395  349  
379  350  
380  350  
381  350  
382  350  
383  350  
384  350  
385  350  
386  350  
368  351  
369  351  
370  351  
371  351  
372  351  
373  351  
374  351  
375  351  
376  351  
377  351  
378  351  
360  352  
361  352  
362  352  
363  352  
364  352  
365  352  
366  352  
367  352  
353  353  
354  353  
355  353  
356  353  
357  353  
358  353  
359  353  
303  349  
304  349  
305  349  
306  349  
307  349  
308  349  
295  350  
296  350  
297  350  
298  350  
299  350  
300  350  
301  350  
302  350  
286  351  
287  351  
288  351  
289  351  
290  351  
291  351  
292  351  
293  351  
294  351  
279  352  
280  352  
281  352  
282  352  
283  352  
284  352  
285  352  
271  353  
272  353  
273  353  
274  353  
275  353  
276  353  
277  353  
278  353  
264  354  
265  354  
266  354  
267  354  
268  354  
269  354  
270  354  
256  355  
257  355  
258  355  
259  355  
260  355  
261  355  
262  355  
263  355  
247  356  
248  356  
249  356  
250  356  
251  356  
252  356  
253  356  
254  356  
255  356  
240  357  
241  357  
242  357  
243  357  
244  357  
245  357  
246  357  
231  358  
232  358  
233  358  
234  358  
235  358  
236  358  
237  358  
238  358  
239  358  
223  359  
224  359  
225  359  
226  359  
227  359  
228  359  
229  359  
230  359  
213  360  
214  360  
215  360  
216  360  
217  360  
218  360  
219  360  
220  360  
221  360  
222  360  
206  361  
207  361  
208  361  
209  361  
210  361  
211  361  
212  361  
191  362  
192  362  
193  362  
194  362  
195  362  
196  362  
197  362  
198  362  
199  362  
200  362  
201  362  
202  362  
203  362  
204  362  
205  362  
305  353  
306  353  
307  353  
308  353  
309  353  
310  353  
311  353  
296  354  
297  354  
298  354  
299  354  
300  354  
301  354  
302  354  
303  354  
304  354  
288  355  
289  355  
290  355  
291  355  
292  355  
293  355  
294  355  
295  355  
280  356  
281  356  
282  356  
283  356  
284  356  
285  356  
286  356  
287  356  
273  357  
274  357  
275  357  
276  357  
277  357  
278  357  
279  357  
264  358  
265  358  
266  358  
267  358  
268  358  
269  358  
270  358  
271  358  
272  358  
255  359  
256  359  
257  359  
258  359  
259  359  
260  359  
261  359  
262  359  
263  359  
247  360  
248  360  
249  360  
250  360  
251  360  
252  360  
253  360  
254  360  
239  361  
240  361  
241  361  
242  361  
243  361  
244  361  
245  361  
246  361  
231  362  
232  362  
233  362  
234  362  
235  362  
236  362  
237  362  
238  362  
222  363  
223  363  
224  363  
225  363  
226  363  
227  363  
228  363  
229  363  
230  363  
214  364  
215  364  
216  364  
217  364  
218  364  
219  364  
220  364  
221  364  
207  365  
208  365  
209  365  
210  365  
211  365  
212  365  
213  365  
201  366  
202  366  
203  366  
204  366  
205  366  
206  366  
188  367  
189  367  
190  367  
191  367  
192  367  
193  367  
194  367  
195  367  
196  367  
197  367  
198  367  
199  367  
200  367  
187  368  
83  355  
83  356  
83  357  
83  358  
83  359  
83  360  
84  361  
84  362  
84  363  
84  364  
84  365  
84  366  
85  367  
85  368  
85  369  
85  370  
85  371  
85  372  
86  373  
86  374  
86  375  
86  376  
86  377  
86  378  
86  379  
87  380  
365  355  
366  355  
367  355  
368  355  
357  356  
358  356  
359  356  
360  356  
361  356  
362  356  
363  356  
364  356  
349  357  
350  357  
351  357  
352  357  
353  357  
354  357  
355  357  
356  357  
88  356  
88  357  
88  358  
88  359  
88  360  
88  361  
88  362  
88  363  
89  364  
89  365  
89  366  
89  367  
89  368  
89  369  
90  370  
90  371  
90  372  
90  373  
90  374  
90  375  
305  358  
306  358  
307  358  
308  358  
309  358  
310  358  
311  358  
312  358  
313  358  
314  358  
296  359  
297  359  
298  359  
299  359  
300  359  
301  359  
302  359  
303  359  
304  359  
290  360  
291  360  
292  360  
293  360  
294  360  
295  360  
281  361  
282  361  
283  361  
284  361  
285  361  
286  361  
287  361  
288  361  
289  361  
273  362  
274  362  
275  362  
276  362  
277  362  
278  362  
279  362  
280  362  
262  363  
263  363  
264  363  
265  363  
266  363  
267  363  
268  363  
269  363  
270  363  
271  363  
272  363  
254  364  
255  364  
256  364  
257  364  
258  364  
259  364  
260  364  
261  364  
244  365  
245  365  
246  365  
247  365  
248  365  
249  365  
250  365  
251  365  
252  365  
253  365  
234  366  
235  366  
236  366  
237  366  
238  366  
239  366  
240  366  
241  366  
242  366  
243  366  
224  367  
225  367  
226  367  
227  367  
228  367  
229  367  
230  367  
231  367  
232  367  
233  367  
214  368  
215  368  
216  368  
217  368  
218  368  
219  368  
220  368  
221  368  
222  368  
223  368  
206  369  
207  369  
208  369  
209  369  
210  369  
211  369  
212  369  
213  369  
200  370  
201  370  
202  370  
203  370  
204  370  
205  370  
194  371  
195  371  
196  371  
197  371  
198  371  
199  371  
139  366  
139  367  
139  368  
139  369  
139  370  
139  371  
140  372  
140  373  
140  374  
140  375  
140  376  
140  377  
140  378  
141  379  
141  380  
141  381  
141  382  
141  383  
141  384  
141  385  
142  386  
142  387  
142  388  
142  389  
142  390  
142  391  
142  392  
143  393  
143  394  
143  395  
143  396  
143  397  
143  398  
143  399  
144  400  
144  401  
144  402  
144  403  
144  404  
144  405  
145  406  
145  407  
145  408  
145  409  
145  410  
145  411  
145  412  
146  413  
146  414  
146  415  
146  416  
146  417  
146  418  
147  419  
147  420  
147  421  
147  422  
147  423  
147  424  
148  425  
148  426  
148  427  
148  428  
148  429  
148  430  
148  431  
148  432  
149  433  
149  434  
149  435  
149  436  
149  437  
149  438  
150  439  
150  440  
150  441  
150  442  
150  443  
150  444  
150  445  
151  446  
151  447  
151  448  
151  449  
151  450  
151  451  
151  452  
152  453  
152  454  
152  455  
152  456  
152  457  
152  458  
153  459  
153  460  
153  461  
153  462  
153  463  
153  464  
153  465  
154  466  
154  467  
154  468  
154  469  
154  470  
154  471  
154  472  
155  473  
155  474  
155  475  
155  476  
155  477  
155  478  
156  479  
156  480  
156  481  
156  482  
156  483  
156  484  
156  485  
157  486  
157  487  
157  488  
157  489  
157  490  
157  491  
157  492  
158  493  
158  494  
158  495  
158  496  
158  497  
158  498  
325  368  
325  369  
325  370  
325  371  
325  372  
326  373  
326  374  
326  375  
326  376  
326  377  
326  378  
326  379  
326  380  
326  381  
327  382  
327  383  
327  384  
327  385  
327  386  
327  387  
327  388  
327  389  
328  390  
328  391  
328  392  
328  393  
328  394  
328  395  
328  396  
329  397  
329  398  
329  399  
329  400  
329  401  
329  402  
329  403  
330  404  
330  405  
330  406  
330  407  
330  408  
330  409  
330  410  
330  411  
331  412  
331  413  
331  414  
331  415  
331  416  
331  417  
331  418  
332  419  
332  420  
332  421  
332  422  
332  423  
332  424  
332  425  
332  426  
332  427  
333  428  
333  429  
333  430  
333  431  
333  432  
333  433  
333  434  
333  435  
334  436  
334  437  
334  438  
334  439  
334  440  
334  441  
334  442  
335  443  
335  444  
335  445  
335  446  
335  447  
335  448  
335  449  
335  450  
336  451  
336  452  
336  453  
336  454  
336  455  
336  456  
336  457  
336  458  
336  459  
336  460  
336  461  
336  462  
336  463  
337  464  
337  465  
337  466  
337  467  
337  468  
337  469  
338  470  
338  471  
338  472  
338  473  
338  474  
338  475  
339  476  
339  477  
339  478  
339  479  
339  480  
339  481  
339  482  
339  483  
340  484  
340  485  
340  486  
340  487  
340  488  
340  489  
340  490  
340  491  
341  492  
341  493  
341  494  
341  495  
341  496  
341  497  
341  498  
341  499  
342  500  
342  501  
342  502  
342  503  
342  504  
342  505  
342  506  
342  507  
343  508  
343  509  
343  510  
343  511  
343  512  
343  513  
343  514  
343  515  
344  516  
344  517  
344  518  
344  519  
344  520  
344  521  
344  522  
344  523  
345  524  
345  525  
345  526  
345  527  
345  528  
345  529  
345  530  
345  531  
346  532  
346  533  
346  534  
346  535  
346  536  
346  537  
346  538  
347  539  
347  540  
347  541  
347  542  
347  543  
347  544  
347  545  
347  546  
347  547  
347  548  
347  549  
329  370  
329  371  
329  372  
329  373  
329  374  
330  375  
330  376  
330  377  
330  378  
330  379  
330  380  
330  381  
330  382  
330  383  
330  384  
331  385  
331  386  
331  387  
331  388  
331  389  
331  390  
331  391  
332  392  
332  393  
332  394  
332  395  
332  396  
332  397  
333  398  
333  399  
333  400  
333  401  
333  402  
333  403  
333  404  
333  405  
334  406  
334  407  
334  408  
334  409  
334  410  
334  411  
334  412  
334  413  
335  414  
335  415  
335  416  
335  417  
335  418  
335  419  
335  420  
335  421  
336  422  
336  423  
336  424  
336  425  
336  426  
336  427  
336  428  
336  429  
337  430  
337  431  
337  432  
337  433  
337  434  
337  435  
337  436  
337  437  
338  438  
338  439  
338  440  
338  441  
338  442  
338  443  
338  444  
338  445  
339  446  
339  447  
339  448  
339  449  
339  450  
339  451  
339  452  
340  453  
340  454  
340  455  
340  456  
340  457  
340  458  
340  459  
340  460  
340  461  
340  462  
340  463  
340  464  
340  465  
341  466  
341  467  
341  468  
341  469  
341  470  
341  471  
342  472  
342  473  
342  474  
342  475  
342  476  
342  477  
342  478  
342  479  
343  480  
343  481  
343  482  
343  483  
343  484  
343  485  
343  486  
344  487  
344  488  
344  489  
344  490  
344  491  
344  492  
344  493  
344  494  
345  495  
345  496  
345  497  
345  498  
345  499  
345  500  
345  501  
345  502  
346  503  
346  504  
346  505  
346  506  
346  507  
346  508  
346  509  
346  510  
347  511  
347  512  
347  513  
347  514  
347  515  
347  516  
347  517  
347  518  
347  519  
347  520  
348  521  
348  522  
348  523  
348  524  
348  525  
348  526  
348  527  
349  528  
349  529  
349  530  
349  531  
349  532  
349  533  
349  534  
349  535  
350  536  
350  537  
350  538  
350  539  
350  540  
350  541  
350  542  
350  543  
351  544  
351  545  
351  546  
351  547  
351  548  
351  549  
351  550  
351  551  
301  380  
302  380  
303  380  
304  380  
305  380  
299  381  
300  381  
293  382  
294  382  
295  382  
296  382  
297  382  
298  382  
286  383  
287  383  
288  383  
289  383  
290  383  
291  383  
292  383  
351  381  
351  382  
351  383  
351  384  
352  385  
352  386  
352  387  
352  388  
352  389  
352  390  
352  391  
352  392  
352  393  
352  394  
352  395  
352  396  
352  397  
352  398  
352  399  
352  400  
353  401  
136  382  
136  383  
136  384  
136  385  
136  386  
136  387  
136  388  
136  389  
137  390  
137  391  
137  392  
137  393  
137  394  
137  395  
138  396  
138  397  
138  398  
138  399  
138  400  
138  401  
138  402  
138  403  
139  404  
139  405  
139  406  
138  407  
138  408  
138  409  
139  410  
139  411  
139  412  
139  413  
139  414  
139  415  
323  385  
323  386  
323  387  
323  388  
323  389  
324  390  
324  391  
324  392  
324  393  
324  394  
324  395  
324  396  
324  397  
325  398  
325  399  
325  400  
325  401  
325  402  
325  403  
325  404  
326  405  
326  406  
326  407  
326  408  
326  409  
326  410  
326  411  
326  412  
326  413  
327  414  
327  415  
327  416  
327  417  
327  418  
327  419  
327  420  
327  421  
328  422  
328  423  
328  424  
328  425  
328  426  
328  427  
328  428  
329  429  
329  430  
329  431  
329  432  
329  433  
329  434  
329  435  
329  436  
330  437  
330  438  
330  439  
330  440  
330  441  
330  442  
330  443  
330  444  
331  445  
331  446  
188  386  
188  387  
188  388  
188  389  
188  390  
189  391  
189  392  
189  393  
189  394  
189  395  
189  396  
190  397  
190  398  
190  399  
190  400  
190  401  
190  402  
190  403  
190  404  
190  405  
190  406  
191  407  
191  408  
191  409  
191  410  
191  411  
191  412  
192  413  
198  387  
198  388  
198  389  
198  390  
198  391  
198  392  
198  393  
198  394  
199  395  
199  396  
199  397  
199  398  
199  399  
199  400  
199  401  
200  402  
200  403  
200  404  
200  405  
200  406  
200  407  
200  408  
275  389  
275  390  
275  391  
275  392  
275  393  
275  394  
276  395  
276  396  
276  397  
276  398  
276  399  
276  400  
276  401  
276  402  
277  403  
277  404  
277  405  
277  406  
277  407  
277  408  
210  396  
210  397  
210  398  
210  399  
211  400  
211  401  
211  402  
211  403  
211  404  
211  405  
212  406  
212  407  
212  408  
212  409  
212  410  
212  411  
212  412  
213  413  
213  414  
213  415  
213  416  
213  417  
213  418  
213  419  
213  420  
214  421  
214  422  
214  423  
214  424  
214  425  
214  426  
214  427  
214  428  
215  429  
215  430  
215  431  
215  432  
215  433  
215  434  
215  435  
216  436  
216  437  
216  438  
216  439  
216  440  
216  441  
217  442  
217  443  
217  444  
217  445  
217  446  
217  447  
217  448  
217  449  
218  450  
218  451  
218  452  
218  453  
218  454  
218  455  
218  456  
219  457  
219  458  
219  459  
219  460  
219  461  
219  462  
219  463  
215  398  
216  399  
216  400  
216  401  
216  402  
216  403  
216  404  
216  405  
217  406  
217  407  
217  408  
217  409  
217  410  
217  411  
217  412  
217  413  
218  414  
218  415  
218  416  
218  417  
218  418  
218  419  
218  420  
219  421  
219  422  
219  423  
219  424  
219  425  
219  426  
219  427  
219  428  
220  429  
220  430  
220  431  
220  432  
220  433  
220  434  
220  435  
221  436  
221  437  
221  438  
221  439  
221  440  
221  441  
221  442  
221  443  
222  444  
222  445  
222  446  
222  447  
222  448  
222  449  
222  450  
223  451  
223  452  
223  453  
223  454  
223  455  
223  456  
223  457  
224  458  
224  459  
224  460  
118  408  
119  408  
120  408  
121  408  
122  408  
123  408  
111  409  
112  409  
113  409  
114  409  
115  409  
116  409  
117  409  
102  410  
103  410  
104  410  
105  410  
106  410  
107  410  
108  410  
109  410  
110  410  
99  411  
100  411  
101  411  
314  410  
306  411  
307  411  
308  411  
309  411  
310  411  
311  411  
312  411  
313  411  
297  412  
298  412  
299  412  
300  412  
301  412  
302  412  
303  412  
304  412  
305  412  
290  413  
291  413  
292  413  
293  413  
294  413  
295  413  
296  413  
127  412  
127  413  
127  414  
127  415  
128  416  
128  417  
128  418  
128  419  
128  420  
128  421  
129  422  
129  423  
129  424  
129  425  
129  426  
129  427  
130  428  
130  429  
130  430  
130  431  
130  432  
130  433  
131  434  
131  435  
131  436  
131  437  
131  438  
131  439  
132  440  
132  441  
132  442  
132  443  
132  444  
132  445  
133  446  
133  447  
133  448  
133  449  
133  450  
133  451  
133  452  
134  453  
134  454  
134  455  
134  456  
134  457  
134  458  
135  459  
135  460  
135  461  
135  462  
135  463  
344  412  
344  413  
344  414  
344  415  
344  416  
344  417  
345  418  
345  419  
345  420  
345  421  
345  422  
345  423  
345  424  
345  425  
346  426  
346  427  
346  428  
346  429  
346  430  
346  431  
346  432  
346  433  
347  434  
347  435  
347  436  
347  437  
347  438  
347  439  
347  440  
347  441  
347  442  
348  443  
348  444  
348  445  
348  446  
348  447  
348  448  
349  449  
349  450  
349  451  
349  452  
349  453  
349  454  
349  455  
349  456  
349  457  
349  458  
349  459  
350  460  
350  461  
350  462  
350  463  
350  464  
350  465  
350  466  
351  467  
351  468  
351  469  
93  416  
93  417  
93  418  
93  419  
93  420  
93  421  
93  422  
94  423  
94  424  
94  425  
94  426  
94  427  
94  428  
95  429  
95  430  
95  431  
95  432  
95  433  
95  434  
96  435  
96  436  
96  437  
96  438  
96  439  
96  440  
97  441  
97  442  
97  443  
97  444  
97  445  
97  446  
98  447  
98  448  
98  449  
98  450  
98  451  
98  452  
98  453  
99  454  
99  455  
99  456  
99  457  
99  458  
99  459  
100  460  
100  461  
100  462  
100  463  
100  464  
100  465  
101  466  
101  467  
101  468  
101  469  
101  470  
101  471  
102  472  
102  473  
102  474  
102  475  
102  476  
102  477  
103  478  
103  479  
103  480  
103  481  
103  482  
103  483  
104  484  
104  485  
104  486  
104  487  
104  488  
104  489  
105  490  
105  491  
105  492  
105  493  
105  494  
105  495  
105  496  
106  497  
106  498  
106  499  
106  500  
106  501  
106  502  
107  503  
107  504  
107  505  
107  506  
107  507  
107  508  
108  509  
108  510  
108  511  
108  512  
108  513  
108  514  
109  515  
109  516  
109  517  
109  518  
109  519  
109  520  
109  521  
110  522  
110  523  
110  524  
110  525  
110  526  
110  527  
267  416  
258  417  
259  417  
260  417  
261  417  
262  417  
263  417  
264  417  
265  417  
266  417  
247  418  
248  418  
249  418  
250  418  
251  418  
252  418  
253  418  
254  418  
255  418  
256  418  
257  418  
241  419  
242  419  
243  419  
244  419  
245  419  
246  419  
193  420  
193  421  
193  422  
193  423  
193  424  
194  425  
194  426  
194  427  
194  428  
194  429  
194  430  
195  431  
195  432  
195  433  
195  434  
195  435  
195  436  
195  437  
195  438  
196  439  
196  440  
196  441  
196  442  
196  443  
196  444  
197  445  
197  446  
197  447  
197  448  
197  449  
197  450  
197  451  
197  452  
198  453  
198  454  
198  455  
91  438  
91  439  
91  440  
91  441  
91  442  
92  443  
92  444  
92  445  
92  446  
92  447  
92  448  
93  449  
93  450  
93  451  
93  452  
93  453  
93  454  
94  455  
94  456  
94  457  
94  458  
94  459  
94  460  
94  461  
95  462  
95  463  
95  464  
95  465  
95  466  
95  467  
96  468  
96  469  
96  470  
96  471  
96  472  
96  473  
97  474  
97  475  
97  476  
97  477  
97  478  
97  479  
97  480  
98  481  
98  482  
98  483  
98  484  
98  485  
98  486  
99  487  
99  488  
99  489  
99  490  
99  491  
99  492  
100  493  
100  494  
100  495  
100  496  
100  497  
100  498  
101  499  
101  500  
101  501  
101  502  
101  503  
101  504  
102  505  
102  506  
102  507  
102  508  
102  509  
102  510  
102  511  
103  512  
103  513  
103  514  
103  515  
103  516  
103  517  
104  518  
104  519  
104  520  
104  521  
104  522  
104  523  
105  524  
105  525  
105  526  
105  527  
101  438  
101  439  
101  440  
101  441  
101  442  
102  443  
102  444  
102  445  
102  446  
102  447  
102  448  
103  449  
103  450  
103  451  
103  452  
103  453  
103  454  
103  455  
104  456  
104  457  
104  458  
104  459  
104  460  
104  461  
105  462  
105  463  
105  464  
105  465  
105  466  
105  467  
106  468  
106  469  
106  470  
106  471  
106  472  
106  473  
107  474  
107  475  
107  476  
107  477  
107  478  
107  479  
108  480  
108  481  
108  482  
108  483  
108  484  
108  485  
109  486  
109  487  
109  488  
109  489  
109  490  
109  491  
110  492  
110  493  
110  494  
110  495  
110  496  
110  497  
144  440  
144  441  
144  442  
144  443  
145  444  
145  445  
145  446  
145  447  
145  448  
145  449  
146  450  
146  451  
146  452  
146  453  
146  454  
146  455  
147  456  
147  457  
147  458  
147  459  
147  460  
147  461  
148  462  
148  463  
148  464  
148  465  
148  466  
148  467  
148  468  
149  469  
149  470  
149  471  
149  472  
149  473  
149  474  
150  475  
150  476  
150  477  
150  478  
150  479  
150  480  
151  481  
151  482  
151  483  
151  484  
151  485  
151  486  
151  487  
152  488  
152  489  
152  490  
152  491  
152  492  
152  493  
152  494  
153  495  
153  496  
153  497  
153  498  
153  499  
153  500  
154  501  
154  502  
154  503  
154  504  
154  505  
154  506  
155  507  
155  508  
155  509  
155  510  
155  511  
155  512  
156  513  
156  514  
156  515  
156  516  
156  517  
157  518  
157  519  
157  520  
157  521  
157  522  
157  523  
158  524  
158  525  
158  526  
158  527  
158  528  
158  529  
158  530  
158  531  
158  532  
159  533  
159  534  
159  535  
159  536  
159  537  
159  538  
70  450  
62  451  
63  451  
64  451  
65  451  
66  451  
67  451  
68  451  
69  451  
54  452  
55  452  
56  452  
57  452  
58  452  
59  452  
60  452  
61  452  
46  453  
47  453  
48  453  
49  453  
50  453  
51  453  
52  453  
53  453  
37  454  
38  454  
39  454  
40  454  
41  454  
42  454  
43  454  
44  454  
45  454  
32  455  
33  455  
34  455  
35  455  
36  455  
82  452  
82  453  
82  454  
82  455  
83  456  
83  457  
83  458  
83  459  
83  460  
84  461  
84  462  
84  463  
84  464  
84  465  
84  466  
85  467  
85  468  
85  469  
85  470  
85  471  
85  472  
294  452  
295  452  
296  452  
297  452  
283  453  
284  453  
285  453  
286  453  
287  453  
288  453  
289  453  
290  453  
291  453  
292  453  
293  453  
275  454  
276  454  
277  454  
278  454  
279  454  
280  454  
281  454  
282  454  
319  454  
320  454  
321  454  
322  454  
323  454  
324  454  
311  455  
312  455  
313  455  
314  455  
315  455  
316  455  
317  455  
318  455  
298  456  
299  456  
300  456  
301  456  
302  456  
303  456  
304  456  
305  456  
306  456  
307  456  
308  456  
309  456  
310  456  
291  457  
292  457  
293  457  
294  457  
295  457  
296  457  
297  457  
282  458  
283  458  
284  458  
285  458  
286  458  
287  458  
288  458  
289  458  
290  458  
273  459  
274  459  
275  459  
276  459  
277  459  
278  459  
279  459  
280  459  
281  459  
267  460  
268  460  
269  460  
270  460  
271  460  
272  460  
258  461  
259  461  
260  461  
261  461  
262  461  
263  461  
264  461  
265  461  
266  461  
247  462  
248  462  
249  462  
250  462  
251  462  
252  462  
253  462  
254  462  
255  462  
256  462  
257  462  
238  463  
239  463  
240  463  
241  463  
242  463  
243  463  
244  463  
245  463  
246  463  
230  464  
231  464  
232  464  
233  464  
234  464  
235  464  
236  464  
237  464  
228  465  
229  465  
71  455  
64  456  
65  456  
66  456  
67  456  
68  456  
69  456  
70  456  
55  457  
56  457  
57  457  
58  457  
59  457  
60  457  
61  457  
62  457  
63  457  
46  458  
47  458  
48  458  
49  458  
50  458  
51  458  
52  458  
53  458  
54  458  
35  459  
36  459  
37  459  
38  459  
39  459  
40  459  
41  459  
42  459  
43  459  
44  459  
45  459  
34  460  
79  462  
80  463  
80  464  
80  465  
80  466  
80  467  
80  468  
81  469  
81  470  
81  471  
81  472  
81  473  
81  474  
82  475  
82  476  
82  477  
82  478  
82  479  
82  480  
83  481  
83  482  
83  483  
83  484  
83  485  
84  486  
84  487  
84  488  
84  489  
84  490  
84  491  
85  492  
85  493  
85  494  
85  495  
85  496  
85  497  
86  498  
86  499  
86  500  
86  501  
86  502  
276  465  
277  465  
278  465  
267  466  
268  466  
269  466  
270  466  
271  466  
272  466  
273  466  
274  466  
275  466  
257  467  
258  467  
259  467  
260  467  
261  467  
262  467  
263  467  
264  467  
265  467  
266  467  
324  466  
316  467  
317  467  
318  467  
319  467  
320  467  
321  467  
322  467  
323  467  
308  468  
309  468  
310  468  
311  468  
312  468  
313  468  
314  468  
315  468  
301  469  
302  469  
303  469  
304  469  
305  469  
306  469  
307  469  
294  470  
295  470  
296  470  
297  470  
298  470  
299  470  
300  470  
275  471  
276  471  
277  471  
278  471  
279  471  
280  471  
281  471  
282  471  
283  471  
284  471  
285  471  
286  471  
287  471  
288  471  
289  471  
290  471  
291  471  
292  471  
293  471  
32  471  
32  472  
32  473  
32  474  
32  475  
32  476  
33  477  
33  478  
33  479  
33  480  
33  481  
34  482  
34  483  
34  484  
34  485  
34  486  
34  487  
35  488  
35  489  
35  490  
35  491  
35  492  
35  493  
36  494  
36  495  
36  496  
36  497  
36  498  
86  474  
86  475  
86  476  
86  477  
86  478  
87  479  
87  480  
87  481  
87  482  
87  483  
87  484  
88  485  
88  486  
88  487  
88  488  
88  489  
88  490  
89  491  
89  492  
89  493  
89  494  
89  495  
89  496  
89  497  
90  498  
90  499  
90  500  
90  501  
90  502  
138  477  
138  478  
138  479  
138  480  
138  481  
138  482  
138  483  
139  484  
139  485  
139  486  
139  487  
139  488  
139  489  
140  490  
140  491  
140  492  
140  493  
140  494  
140  495  
141  496  
141  497  
141  498  
141  499  
141  500  
141  501  
142  502  
142  503  
142  504  
142  505  
142  506  
142  507  
142  508  
143  509  
143  510  
143  511  
143  512  
143  513  
143  514  
144  515  
144  516  
144  517  
144  518  
329  478  
329  479  
329  480  
329  481  
329  482  
329  483  
330  484  
330  485  
330  486  
330  487  
330  488  
330  489  
330  490  
330  491  
331  492  
331  493  
331  494  
331  495  
331  496  
331  497  
331  498  
331  499  
331  500  
335  478  
335  479  
335  480  
336  481  
336  482  
336  483  
336  484  
336  485  
336  486  
336  487  
336  488  
337  489  
337  490  
337  491  
337  492  
337  493  
337  494  
337  495  
337  496  
337  497  
338  498  
338  499  
338  500  
338  501  
338  502  
338  503  
338  504  
339  505  
339  506  
339  507  
339  508  
339  509  
339  510  
339  511  
339  512  
340  513  
340  514  
340  515  
340  516  
340  517  
340  518  
340  519  
340  520  
341  521  
341  522  
341  523  
341  524  
341  525  
341  526  
341  527  
341  528  
342  529  
342  530  
342  531  
342  532  
342  533  
342  534  
342  535  
342  536  
343  537  
343  538  
343  539  
343  540  
343  541  
343  542  
343  543  
343  544  
343  545  
343  546  
343  547  
343  548  
351  478  
351  479  
351  480  
351  481  
351  482  
352  483  
352  484  
352  485  
352  486  
352  487  
352  488  
352  489  
353  490  
353  491  
353  492  
353  493  
353  494  
353  495  
354  496  
354  497  
354  498  
354  499  
354  500  
302  482  
302  483  
302  484  
302  485  
302  486  
302  487  
302  488  
303  489  
303  490  
303  491  
303  492  
303  493  
303  494  
303  495  
304  496  
304  497  
304  498  
304  499  
304  500  
304  501  
305  502  
305  503  
305  504  
305  505  
305  506  
305  507  
305  508  
306  509  
306  510  
306  511  
306  512  
306  513  
306  514  
306  515  
306  516  
306  517  
306  518  
307  519  
307  520  
307  521  
307  522  
307  523  
307  524  
307  525  
307  526  
308  527  
308  528  
308  529  
308  530  
308  531  
308  532  
298  484  
298  485  
298  486  
298  487  
298  488  
298  489  
299  490  
299  491  
299  492  
299  493  
299  494  
299  495  
300  496  
300  497  
300  498  
300  499  
300  500  
300  501  
300  502  
300  503  
300  504  
300  505  
301  506  
301  507  
301  508  
301  509  
301  510  
301  511  
302  512  
302  513  
302  514  
302  515  
302  516  
302  517  
302  518  
302  519  
303  520  
303  521  
303  522  
303  523  
303  524  
303  525  
303  526  
304  527  
304  528  
304  529  
304  530  
304  531  
304  532  
304  533  
267  487  
267  488  
267  489  
267  490  
267  491  
268  492  
268  493  
268  494  
268  495  
268  496  
268  497  
269  498  
269  499  
269  500  
269  501  
269  502  
269  503  
269  504  
269  505  
269  506  
269  507  
269  508  
269  509  
270  510  
270  511  
270  512  
270  513  
270  514  
270  515  
271  516  
271  517  
271  518  
271  519  
271  520  
271  521  
272  522  
272  523  
272  524  
272  525  
272  526  
272  527  
272  528  
273  529  
273  530  
273  531  
273  532  
273  533  
273  534  
273  535  
223  492  
223  493  
223  494  
224  495  
224  496  
224  497  
224  498  
224  499  
224  500  
225  501  
225  502  
225  503  
225  504  
225  505  
225  506  
226  507  
226  508  
226  509  
226  510  
226  511  
226  512  
227  513  
227  514  
227  515  
227  516  
227  517  
227  518  
228  519  
228  520  
228  521  
228  522  
228  523  
228  524  
228  525  
229  526  
229  527  
229  528  
229  529  
229  530  
229  531  
230  532  
230  533  
230  534  
230  535  
230  536  
230  537  
231  538  
231  539  
231  540  
231  541  
231  542  
231  543  
232  544  
232  545  
232  546  
232  547  
232  548  
232  549  
233  550  
233  551  
233  552  
234  553  
234  554  
234  555  
235  556  
228  492  
229  493  
229  494  
229  495  
229  496  
229  497  
229  498  
230  499  
230  500  
230  501  
230  502  
230  503  
230  504  
230  505  
231  506  
231  507  
231  508  
231  509  
231  510  
231  511  
232  512  
232  513  
232  514  
232  515  
232  516  
232  517  
232  518  
233  519  
233  520  
233  521  
233  522  
233  523  
233  524  
233  525  
234  526  
234  527  
234  528  
234  529  
234  530  
234  531  
235  532  
235  533  
235  534  
235  535  
235  536  
235  537  
235  538  
236  539  
236  540  
236  541  
236  542  
236  543  
236  544  
83  496  
76  497  
77  497  
78  497  
79  497  
80  497  
81  497  
82  497  
68  498  
69  498  
70  498  
71  498  
72  498  
73  498  
74  498  
75  498  
60  499  
61  499  
62  499  
63  499  
64  499  
65  499  
66  499  
67  499  
50  500  
51  500  
52  500  
53  500  
54  500  
55  500  
56  500  
57  500  
58  500  
59  500  
42  501  
43  501  
44  501  
45  501  
46  501  
47  501  
48  501  
49  501  
111  499  
111  500  
111  501  
111  502  
111  503  
112  504  
112  505  
112  506  
112  507  
112  508  
112  509  
113  510  
113  511  
113  512  
113  513  
113  514  
113  515  
114  516  
114  517  
114  518  
114  519  
114  520  
114  521  
115  522  
115  523  
115  524  
115  525  
115  526  
159  500  
159  501  
159  502  
159  503  
159  504  
160  505  
160  506  
160  507  
160  508  
160  509  
160  510  
161  511  
161  512  
161  513  
161  514  
161  515  
161  516  
162  517  
162  518  
162  519  
162  520  
162  521  
162  522  
162  523  
163  524  
163  525  
163  526  
163  527  
163  528  
163  529  
163  530  
164  531  
164  532  
164  533  
164  534  
164  535  
164  536  
165  537  
165  538  
165  539  
165  540  
165  541  
165  542  
165  543  
166  544  
166  545  
166  546  
166  547  
166  548  
166  549  
167  550  
167  551  
167  552  
167  553  
167  554  
167  555  
168  556  
168  557  
168  558  
168  559  
168  560  
168  561  
168  562  
169  563  
169  564  
169  565  
169  566  
169  567  
169  568  
169  569  
355  502  
355  503  
355  504  
355  505  
355  506  
355  507  
355  508  
355  509  
356  510  
356  511  
356  512  
356  513  
356  514  
356  515  
356  516  
356  517  
356  518  
356  519  
357  520  
357  521  
357  522  
357  523  
357  524  
357  525  
366  502  
366  503  
366  504  
366  505  
366  506  
366  507  
366  508  
366  509  
366  510  
367  511  
367  512  
367  513  
367  514  
367  515  
367  516  
367  517  
367  518  
368  519  
368  520  
368  521  
368  522  
368  523  
368  524  
214  505  
215  506  
215  507  
215  508  
215  509  
215  510  
215  511  
216  512  
216  513  
216  514  
216  515  
216  516  
216  517  
216  518  
216  519  
216  520  
216  521  
217  522  
217  523  
217  524  
217  525  
333  508  
333  509  
333  510  
333  511  
333  512  
333  513  
333  514  
334  515  
334  516  
334  517  
334  518  
334  519  
334  520  
334  521  
334  522  
334  523  
335  524  
335  525  
335  526  
335  527  
335  528  
335  529  
335  530  
74  511  
75  511  
76  511  
77  511  
78  511  
79  511  
80  511  
63  512  
64  512  
65  512  
66  512  
67  512  
68  512  
69  512  
70  512  
71  512  
72  512  
73  512  
54  513  
55  513  
56  513  
57  513  
58  513  
59  513  
60  513  
61  513  
62  513  
43  514  
44  514  
45  514  
46  514  
47  514  
48  514  
49  514  
50  514  
51  514  
52  514  
53  514  
275  511  
275  512  
275  513  
275  514  
275  515  
275  516  
275  517  
276  518  
276  519  
276  520  
276  521  
276  522  
276  523  
276  524  
276  525  
276  526  
276  527  
277  528  
277  529  
277  530  
277  531  
277  532  
277  533  
277  534  
244  512  
244  513  
244  514  
244  515  
244  516  
244  517  
244  518  
245  519  
245  520  
245  521  
245  522  
245  523  
245  524  
245  525  
245  526  
245  527  
245  528  
246  529  
246  530  
246  531  
246  532  
246  533  
246  534  
246  535  
246  536  
247  537  
247  538  
247  539  
64  518  
65  518  
66  518  
67  518  
68  518  
69  518  
70  518  
71  518  
72  518  
56  519  
57  519  
58  519  
59  519  
60  519  
61  519  
62  519  
63  519  
46  520  
47  520  
48  520  
49  520  
50  520  
51  520  
52  520  
53  520  
54  520  
55  520  
44  521  
45  521  
118  538  
111  539  
112  539  
113  539  
114  539  
115  539  
116  539  
117  539  
99  540  
100  540  
101  540  
102  540  
103  540  
104  540  
105  540  
106  540  
107  540  
108  540  
109  540  
110  540  
90  541  
91  541  
92  541  
93  541  
94  541  
95  541  
96  541  
97  541  
98  541  
311  544  
312  544  
313  544  
314  544  
315  544  
316  544  
317  544  
318  544  
319  544  
304  545  
305  545  
306  545  
307  545  
308  545  
309  545  
310  545  
295  546  
296  546  
297  546  
298  546  
299  546  
300  546  
301  546  
302  546  
303  546  
281  547  
282  547  
283  547  
284  547  
285  547  
286  547  
287  547  
288  547  
289  547  
290  547  
291  547  
292  547  
293  547  
294  547  
272  548  
273  548  
274  548  
275  548  
276  548  
277  548  
278  548  
279  548  
280  548  
262  549  
263  549  
264  549  
265  549  
266  549  
267  549  
268  549  
269  549  
270  549  
271  549  
255  550  
256  550  
257  550  
258  550  
259  550  
260  550  
261  550  
245  551  
246  551  
247  551  
248  551  
249  551  
250  551  
251  551  
252  551  
253  551  
254  551  
370  545  
371  546  
371  547  
371  548  
371  549  
371  550  
371  551  
372  552  
372  553  
372  554  
372  555  
372  556  
373  557  
373  558  
373  559  
373  560  
373  561  
374  562  
374  563  
374  564  
374  565  
374  566  
382  545  
382  546  
382  547  
382  548  
382  549  
382  550  
383  551  
383  552  
383  553  
383  554  
383  555  
383  556  
384  557  
384  558  
384  559  
384  560  
384  561  
384  562  
384  563  
384  564  
385  565  
385  566  
385  567  
385  568  
385  569  
385  570  
386  571  
386  572  
386  573  
386  574  
386  575  
386  576  
386  577  
387  578  
387  579  
387  580  
387  581  
387  582  
387  583  
387  584  
387  585  
387  586  
388  587  
388  588  
388  589  
388  590  
388  591  
388  592  
388  593  
388  594  
389  595  
389  596  
389  597  
389  598  
389  599  
389  600  
389  601  
361  550  
361  551  
361  552  
361  553  
361  554  
361  555  
361  556  
361  557  
361  558  
362  559  
362  560  
362  561  
362  562  
362  563  
362  564  
363  565  
363  566  
363  567  
363  568  
363  569  
363  570  
363  571  
363  572  
364  573  
364  574  
364  575  
364  576  
364  577  
364  578  
364  579  
364  580  
364  581  
364  582  
365  583  
365  584  
365  585  
365  586  
365  587  
365  588  
365  589  
365  590  
366  591  
366  592  
366  593  
366  594  
366  595  
366  596  
367  597  
367  598  
367  599  
367  600  
349  557  
349  558  
349  559  
349  560  
349  561  
349  562  
350  563  
350  564  
350  565  
350  566  
350  567  
350  568  
350  569  
350  570  
351  571  
351  572  
351  573  
351  574  
351  575  
351  576  
351  577  
352  578  
352  579  
352  580  
352  581  
352  582  
352  583  
352  584  
352  585  
353  586  
353  587  
353  588  
353  589  
353  590  
353  591  
353  592  
353  593  
354  594  
354  595  
354  596  
354  597  
354  598  
354  599  
354  600  
354  601  
355  602  
355  603  
355  604  
355  605  
355  606  
355  607  
355  608  
353  559  
353  560  
353  561  
353  562  
353  563  
353  564  
354  565  
354  566  
354  567  
354  568  
354  569  
354  570  
354  571  
354  572  
355  573  
355  574  
355  575  
355  576  
355  577  
355  578  
355  579  
355  580  
356  581  
356  582  
356  583  
356  584  
356  585  
356  586  
356  587  
356  588  
357  589  
357  590  
357  591  
357  592  
357  593  
357  594  
357  595  
357  596  
358  597  
358  598  
358  599  
358  600  
358  601  
358  602  
358  603  
358  604  
359  605  
359  606  
359  607  
359  608  
346  567  
346  568  
346  569  
346  570  
347  571  
347  572  
347  573  
347  574  
347  575  
347  576  
347  577  
348  578  
348  579  
348  580  
348  581  
348  582  
348  583  
348  584  
348  585  
348  586  
349  587  
349  588  
349  589  
349  590  
349  591  
349  592  
349  593  
349  594  
350  595  
350  596  
350  597  
350  598  
350  599  
350  600  
350  601  
350  602  
351  603  
351  604  
351  605  
351  606  
351  607  
351  608  
340  569  
340  570  
341  571  
341  572  
341  573  
341  574  
341  575  
341  576  
341  577  
341  578  
341  579  
341  580  
342  581  
342  582  
342  583  
342  584  
342  585  
342  586  
342  587  
342  588  
342  589  
342  590  
343  591  
343  592  
343  593  
343  594  
343  595  
343  596  
343  597  
344  598  
344  599  
344  600  
344  601  
344  602  
344  603  
344  604  
344  605  
344  606  
344  607  
345  608  
124  572  
124  573  
124  574  
124  575  
124  576  
124  577  
124  578  
125  579  
125  580  
125  581  
125  582  
125  583  
125  584  
126  585  
126  586  
126  587  
126  588  
126  589  
126  590  
127  591  
127  592  
127  593  
127  594  
128  595  
128  596  
309  572  
309  573  
309  574  
310  575  
310  576  
310  577  
310  578  
310  579  
310  580  
310  581  
310  582  
311  583  
311  584  
311  585  
311  586  
311  587  
311  588  
311  589  
311  590  
311  591  
312  592  
312  593  
312  594  
312  595  
312  596  
312  597  
313  598  
313  599  
313  600  
313  601  
313  602  
313  603  
313  604  
313  605  
313  606  
314  607  
314  608  
236  576  
237  577  
237  578  
237  579  
237  580  
237  581  
237  582  
237  583  
237  584  
238  585  
238  586  
238  587  
238  588  
238  589  
238  590  
238  591  
238  592  
238  593  
239  594  
239  595  
239  596  
239  597  
239  598  
239  599  
239  600  
240  601  
240  602  
240  603  
240  604  
240  605  
240  606  
240  607  
241  608  
171  577  
171  578  
171  579  
171  580  
171  581  
171  582  
172  583  
172  584  
172  585  
172  586  
172  587  
172  588  
172  589  
173  590  
173  591  
173  592  
173  593  
173  594  
173  595  
173  596  
173  597  
174  598  
174  599  
174  600  
174  601  
174  602  
174  603  
175  604  
175  605  
175  606  
175  607  
175  608  
241  579  
241  580  
242  581  
242  582  
242  583  
242  584  
242  585  
242  586  
242  587  
243  588  
243  589  
243  590  
243  591  
243  592  
243  593  
243  594  
244  595  
244  596  
244  597  
244  598  
244  599  
244  600  
244  601  
245  602  
245  603  
245  604  
245  605  
245  606  
245  607  
245  608  
166  580  
166  581  
166  582  
166  583  
166  584  
167  585  
167  586  
167  587  
167  588  
167  589  
167  590  
167  591  
167  592  
168  593  
168  594  
168  595  
168  596  
168  597  
168  598  
169  599  
169  600  
169  601  
169  602  
169  603  
169  604  
169  605  
170  606  
170  607  
170  608  
316  589  
316  590  
316  591  
316  592  
316  593  
316  594  
316  595  
316  596  
316  597  
317  598  
317  599  
317  600  
317  601  
317  602  
317  603  
317  604  
317  605  
317  606  
318  607  
318  608  
