220  32  
218  33  
219  33  
217  34  
215  35  
216  35  
214  36  
213  37  
211  38  
212  38  
210  39  
208  40  
209  40  
207  41  
206  42  
204  43  
205  43  
203  44  
201  45  
202  45  
200  46  
198  47  
199  47  
197  48  
195  49  
196  49  
194  50  
193  51  
191  52  
192  52  
190  53  
188  54  
189  54  
187  55  
185  56  
186  56  
184  57  
182  58  
183  58  
181  59  
180  60  
178  61  
179  61  
177  62  
175  63  
176  63  
174  64  
172  65  
173  65  
171  66  
169  67  
170  67  
168  68  
167  69  
165  70  
166  70  
164  71  
162  72  
163  72  
161  73  
159  74  
160  74  
158  75  
157  76  
155  77  
156  77  
154  78  
152  79  
153  79  
151  80  
149  81  
150  81  
148  82  
146  83  
147  83  
145  84  
144  85  
142  86  
143  86  
141  87  
139  88  
140  88  
138  89  
137  90  
135  91  
136  91  
134  92  
132  93  
133  93  
131  94  
129  95  
130  95  
128  96  
127  97  
125  98  
126  98  
124  99  
122  100  
123  100  
121  101  
120  102  
118  103  
119  103  
117  104  
115  105  
116  105  
114  106  
112  107  
113  107  
111  108  
110  109  
108  110  
109  110  
107  111  
105  112  
106  112  
104  113  
102  114  
103  114  
101  115  
99  116  
100  116  
98  117  
96  118  
97  118  
95  119  
93  120  
94  120  
92  121  
91  122  
89  123  
90  123  
88  124  
86  125  
87  125  
85  126  
83  127  
84  127  
82  128  
80  129  
81  129  
79  130  
77  131  
78  131  
76  132  
74  133  
75  133  
73  134  
72  135  
70  136  
71  136  
69  137  
67  138  
68  138  
66  139  
64  140  
65  140  
63  141  
62  142  
60  143  
61  143  
59  144  
57  145  
58  145  
56  146  
54  147  
55  147  
53  148  
51  149  
52  149  
50  150  
49  151  
47  152  
48  152  
247  32  
245  33  
246  33  
244  34  
242  35  
243  35  
241  36  
239  37  
240  37  
238  38  
236  39  
237  39  
235  40  
234  41  
233  42  
231  43  
232  43  
230  44  
228  45  
229  45  
227  46  
225  47  
226  47  
224  48  
223  49  
221  50  
222  50  
220  51  
218  52  
219  52  
217  53  
215  54  
216  54  
214  55  
212  56  
213  56  
211  57  
210  58  
208  59  
209  59  
207  60  
205  61  
206  61  
204  62  
202  63  
203  63  
201  64  
200  65  
198  66  
199  66  
197  67  
195  68  
196  68  
194  69  
192  70  
193  70  
191  71  
189  72  
190  72  
188  73  
187  74  
186  75  
396  32  
397  33  
397  34  
398  35  
399  36  
399  37  
400  38  
401  39  
401  40  
402  41  
403  42  
403  43  
404  44  
405  45  
405  46  
406  47  
407  48  
407  49  
408  50  
409  51  
409  52  
410  53  
411  54  
411  55  
412  56  
413  57  
413  58  
446  32  
446  33  
445  34  
444  35  
444  36  
443  37  
442  38  
441  39  
441  40  
440  41  
440  42  
439  43  
438  44  
437  45  
437  46  
436  47  
435  48  
435  49  
434  50  
433  51  
432  52  
432  53  
431  54  
430  55  
232  53  
230  54  
231  54  
229  55  
228  56  
226  57  
227  57  
225  58  
223  59  
224  59  
222  60  
220  61  
221  61  
219  62  
217  63  
218  63  
216  64  
215  65  
213  66  
214  66  
212  67  
210  68  
211  68  
209  69  
207  70  
208  70  
206  71  
205  72  
203  73  
204  73  
202  74  
201  75  
199  76  
200  76  
198  77  
196  78  
197  78  
195  79  
193  80  
194  80  
192  81  
191  82  
189  83  
190  83  
188  84  
187  85  
355  55  
355  56  
356  57  
356  58  
357  59  
358  60  
358  61  
359  62  
360  63  
360  64  
361  65  
362  66  
362  67  
363  68  
364  69  
364  70  
365  71  
366  72  
366  73  
367  74  
368  75  
368  76  
369  77  
370  78  
370  79  
371  80  
371  81  
372  82  
373  83  
373  84  
374  85  
375  86  
375  87  
376  88  
377  89  
377  90  
378  91  
379  92  
379  93  
380  94  
381  95  
381  96  
382  97  
383  98  
383  99  
384  100  
328  57  
326  58  
327  58  
325  59  
324  60  
322  61  
323  61  
321  62  
319  63  
320  63  
318  64  
316  65  
317  65  
315  66  
313  67  
314  67  
312  68  
310  69  
311  69  
309  70  
307  71  
308  71  
306  72  
305  73  
303  74  
304  74  
302  75  
300  76  
301  76  
299  77  
297  78  
298  78  
296  79  
294  80  
295  80  
293  81  
291  82  
292  82  
290  83  
289  84  
287  85  
288  85  
286  86  
284  87  
285  87  
283  88  
281  89  
282  89  
280  90  
278  91  
279  91  
277  92  
275  93  
276  93  
274  94  
272  95  
273  95  
271  96  
270  97  
268  98  
269  98  
267  99  
265  100  
266  100  
264  101  
262  102  
263  102  
261  103  
259  104  
260  104  
258  105  
256  106  
257  106  
255  107  
253  108  
254  108  
252  109  
250  110  
251  110  
249  111  
247  112  
248  112  
246  113  
244  114  
245  114  
243  115  
241  116  
242  116  
240  117  
238  118  
239  118  
237  119  
235  120  
236  120  
234  121  
233  122  
231  123  
232  123  
230  124  
228  125  
229  125  
227  126  
225  127  
226  127  
224  128  
222  129  
223  129  
221  130  
334  64  
335  64  
333  65  
331  66  
332  66  
330  67  
328  68  
329  68  
327  69  
325  70  
326  70  
324  71  
322  72  
323  72  
321  73  
319  74  
320  74  
318  75  
317  76  
315  77  
316  77  
314  78  
312  79  
313  79  
311  80  
309  81  
310  81  
308  82  
306  83  
307  83  
305  84  
303  85  
304  85  
302  86  
300  87  
301  87  
299  88  
298  89  
296  90  
297  90  
295  91  
293  92  
294  92  
292  93  
290  94  
291  94  
289  95  
287  96  
288  96  
286  97  
284  98  
285  98  
283  99  
282  100  
280  101  
281  101  
279  102  
277  103  
278  103  
276  104  
274  105  
275  105  
273  106  
271  107  
272  107  
270  108  
269  109  
267  110  
268  110  
266  111  
264  112  
265  112  
263  113  
261  114  
262  114  
260  115  
258  116  
259  116  
257  117  
255  118  
256  118  
254  119  
252  120  
253  120  
251  121  
249  122  
250  122  
248  123  
246  124  
247  124  
245  125  
244  126  
242  127  
243  127  
241  128  
239  129  
240  129  
238  130  
236  131  
237  131  
235  132  
233  133  
234  133  
232  134  
230  135  
231  135  
229  136  
227  137  
228  137  
230  65  
229  66  
227  67  
228  67  
226  68  
224  69  
225  69  
223  70  
222  71  
221  72  
219  73  
220  73  
217  74  
218  74  
216  75  
215  76  
213  77  
214  77  
212  78  
211  79  
347  68  
347  69  
348  70  
349  71  
349  72  
350  73  
351  74  
351  75  
352  76  
352  77  
353  78  
354  79  
354  80  
355  81  
356  82  
356  83  
357  84  
358  85  
358  86  
359  87  
360  88  
360  89  
361  90  
361  91  
362  92  
363  93  
363  94  
364  95  
365  96  
365  97  
366  98  
367  99  
367  100  
368  101  
369  102  
369  103  
370  104  
371  105  
371  106  
372  107  
372  108  
373  109  
374  110  
374  111  
375  112  
376  113  
413  70  
413  71  
412  72  
412  73  
411  74  
410  75  
410  76  
409  77  
409  78  
408  79  
407  80  
407  81  
406  82  
405  83  
405  84  
404  85  
404  86  
403  87  
402  88  
402  89  
401  90  
400  91  
400  92  
399  93  
399  94  
398  95  
397  96  
397  97  
396  98  
395  99  
395  100  
423  76  
422  77  
422  78  
421  79  
420  80  
420  81  
419  82  
418  83  
418  84  
417  85  
416  86  
415  87  
415  88  
414  89  
413  90  
413  91  
412  92  
411  93  
411  94  
410  95  
409  96  
409  97  
408  98  
407  99  
407  100  
406  101  
405  102  
405  103  
404  104  
403  105  
403  106  
402  107  
401  108  
401  109  
400  110  
399  111  
183  85  
183  86  
184  87  
185  88  
185  89  
186  90  
186  91  
187  92  
187  93  
188  94  
189  95  
189  96  
190  97  
191  98  
191  99  
192  100  
193  101  
193  102  
194  103  
195  104  
195  105  
196  106  
197  107  
197  108  
198  109  
199  110  
199  111  
200  112  
200  113  
201  114  
202  115  
202  116  
203  117  
204  118  
204  119  
205  120  
206  121  
206  122  
207  123  
208  124  
208  125  
209  126  
210  127  
165  89  
166  89  
164  90  
162  91  
163  91  
161  92  
159  93  
160  93  
158  94  
156  95  
157  95  
155  96  
154  97  
152  98  
153  98  
151  99  
149  100  
150  100  
148  101  
146  102  
147  102  
145  103  
143  104  
144  104  
142  105  
140  106  
141  106  
139  107  
138  108  
136  109  
137  109  
135  110  
133  111  
134  111  
132  112  
130  113  
131  113  
129  114  
127  115  
128  115  
126  116  
125  117  
123  118  
124  118  
122  119  
120  120  
121  120  
119  121  
117  122  
118  122  
116  123  
114  124  
115  124  
113  125  
112  126  
110  127  
111  127  
109  128  
107  129  
108  129  
106  130  
104  131  
105  131  
103  132  
102  133  
100  134  
101  134  
99  135  
97  136  
98  136  
96  137  
94  138  
95  138  
93  139  
92  140  
90  141  
91  141  
89  142  
173  94  
174  94  
172  95  
170  96  
171  96  
169  97  
167  98  
168  98  
166  99  
164  100  
165  100  
163  101  
161  102  
162  102  
160  103  
158  104  
159  104  
157  105  
156  106  
154  107  
155  107  
153  108  
151  109  
152  109  
150  110  
148  111  
149  111  
147  112  
146  113  
144  114  
145  114  
142  115  
143  115  
141  116  
140  117  
138  118  
139  118  
137  119  
135  120  
136  120  
134  121  
133  122  
131  123  
132  123  
130  124  
128  125  
129  125  
127  126  
125  127  
126  127  
124  128  
122  129  
123  129  
121  130  
119  131  
120  131  
118  132  
116  133  
117  133  
115  134  
113  135  
114  135  
180  97  
181  98  
181  99  
182  100  
183  101  
183  102  
184  103  
185  104  
185  105  
186  106  
186  107  
187  108  
188  109  
188  110  
189  111  
190  112  
190  113  
191  114  
191  115  
192  116  
193  117  
193  118  
194  119  
195  120  
195  121  
196  122  
197  123  
197  124  
198  125  
199  126  
199  127  
200  128  
201  129  
201  130  
202  131  
202  132  
203  133  
178  101  
177  102  
175  103  
176  103  
174  104  
173  105  
171  106  
172  106  
170  107  
168  108  
169  108  
167  109  
165  110  
166  110  
164  111  
163  112  
161  113  
162  113  
160  114  
158  115  
159  115  
157  116  
155  117  
156  117  
154  118  
152  119  
153  119  
151  120  
150  121  
148  122  
149  122  
147  123  
145  124  
146  124  
144  125  
142  126  
143  126  
141  127  
139  128  
140  128  
138  129  
136  130  
137  130  
135  131  
133  132  
134  132  
132  133  
130  134  
131  134  
129  135  
182  109  
183  109  
181  110  
179  111  
180  111  
178  112  
176  113  
177  113  
175  114  
173  115  
174  115  
172  116  
171  117  
169  118  
170  118  
168  119  
166  120  
167  120  
165  121  
164  122  
162  123  
163  123  
161  124  
159  125  
160  125  
158  126  
156  127  
157  127  
271  113  
272  114  
273  115  
274  116  
274  117  
275  118  
276  119  
276  120  
277  121  
278  122  
278  123  
279  124  
280  125  
280  126  
281  127  
282  128  
282  129  
283  130  
284  131  
284  132  
285  133  
285  134  
286  135  
287  136  
287  137  
288  138  
289  139  
289  140  
290  141  
291  142  
291  143  
292  144  
293  145  
293  146  
294  147  
295  148  
295  149  
296  150  
297  151  
371  125  
372  125  
370  126  
368  127  
369  127  
367  128  
365  129  
366  129  
364  130  
362  131  
363  131  
361  132  
359  133  
360  133  
358  134  
356  135  
357  135  
355  136  
353  137  
354  137  
352  138  
350  139  
351  139  
349  140  
347  141  
348  141  
346  142  
344  143  
345  143  
343  144  
341  145  
342  145  
340  146  
338  147  
339  147  
337  148  
335  149  
336  149  
334  150  
332  151  
333  151  
331  152  
329  153  
330  153  
328  154  
326  155  
327  155  
325  156  
323  157  
324  157  
322  158  
320  159  
321  159  
319  160  
317  161  
318  161  
316  162  
314  163  
315  163  
313  164  
311  165  
312  165  
310  166  
308  167  
309  167  
307  168  
306  169  
378  131  
376  132  
377  132  
375  133  
374  134  
372  135  
373  135  
371  136  
369  137  
370  137  
368  138  
366  139  
367  139  
365  140  
363  141  
364  141  
362  142  
360  143  
361  143  
359  144  
357  145  
358  145  
356  146  
354  147  
355  147  
353  148  
351  149  
352  149  
350  150  
348  151  
349  151  
347  152  
345  153  
346  153  
344  154  
342  155  
343  155  
341  156  
339  157  
340  157  
338  158  
336  159  
337  159  
335  160  
333  161  
334  161  
332  162  
330  163  
331  163  
329  164  
327  165  
328  165  
326  166  
324  167  
325  167  
323  168  
321  169  
322  169  
320  170  
318  171  
319  171  
317  172  
315  173  
316  173  
314  174  
312  175  
313  175  
311  176  
309  177  
310  177  
307  178  
308  178  
306  179  
304  180  
305  180  
303  181  
301  182  
302  182  
300  183  
298  184  
299  184  
297  185  
295  186  
296  186  
294  187  
292  188  
293  188  
291  189  
289  190  
290  190  
288  191  
286  192  
287  192  
285  193  
283  194  
284  194  
282  195  
280  196  
281  196  
279  197  
277  198  
278  198  
276  199  
275  200  
408  136  
408  137  
409  138  
409  139  
410  140  
411  141  
412  142  
412  143  
413  144  
413  145  
414  146  
415  147  
416  148  
416  149  
417  150  
417  151  
418  152  
419  153  
419  154  
420  155  
420  156  
421  157  
422  158  
422  159  
423  160  
424  161  
424  162  
425  163  
425  164  
426  165  
198  145  
199  145  
197  146  
196  147  
194  148  
195  148  
193  149  
191  150  
192  150  
190  151  
188  152  
189  152  
187  153  
185  154  
186  154  
184  155  
182  156  
183  156  
181  157  
179  158  
180  158  
178  159  
176  160  
177  160  
175  161  
173  162  
174  162  
172  163  
171  164  
169  165  
170  165  
168  166  
166  167  
167  167  
165  168  
163  169  
164  169  
162  170  
160  171  
161  171  
159  172  
157  173  
158  173  
156  174  
154  175  
155  175  
153  176  
151  177  
152  177  
150  178  
148  179  
149  179  
147  180  
145  181  
146  181  
144  182  
142  183  
143  183  
141  184  
140  185  
138  186  
139  186  
137  187  
135  188  
136  188  
134  189  
132  190  
133  190  
131  191  
129  192  
130  192  
128  193  
126  194  
127  194  
125  195  
123  196  
124  196  
122  197  
120  198  
121  198  
119  199  
117  200  
118  200  
116  201  
114  202  
115  202  
113  203  
111  204  
112  204  
110  205  
108  206  
109  206  
107  207  
105  208  
106  208  
104  209  
103  210  
101  211  
102  211  
100  212  
98  213  
99  213  
97  214  
82  147  
80  148  
81  148  
79  149  
77  150  
78  150  
76  151  
74  152  
75  152  
73  153  
71  154  
72  154  
70  155  
68  156  
69  156  
67  157  
65  158  
66  158  
64  159  
63  160  
224  149  
224  150  
225  151  
226  152  
226  153  
227  154  
228  155  
228  156  
229  157  
230  158  
230  159  
231  160  
231  161  
232  162  
233  163  
233  164  
234  165  
235  166  
235  167  
236  168  
237  169  
237  170  
238  171  
239  172  
239  173  
240  174  
241  175  
241  176  
242  177  
242  178  
243  179  
244  180  
244  181  
245  182  
246  183  
246  184  
247  185  
248  186  
248  187  
249  188  
250  189  
250  190  
251  191  
252  192  
252  193  
253  194  
218  156  
219  157  
219  158  
220  159  
221  160  
221  161  
222  162  
223  163  
223  164  
224  165  
224  166  
225  167  
226  168  
226  169  
227  170  
228  171  
228  172  
229  173  
230  174  
230  175  
231  176  
232  177  
232  178  
233  179  
109  157  
110  158  
110  159  
111  160  
112  161  
112  162  
113  163  
114  164  
114  165  
115  166  
116  167  
116  168  
117  169  
118  170  
118  171  
119  172  
120  173  
120  174  
121  175  
121  176  
122  177  
123  178  
123  179  
124  180  
125  181  
125  182  
126  183  
126  184  
127  185  
128  186  
128  187  
129  188  
95  158  
96  159  
97  160  
98  161  
98  162  
99  163  
100  164  
101  165  
101  166  
102  167  
103  168  
104  169  
105  170  
105  171  
106  172  
107  173  
107  174  
108  175  
109  176  
109  177  
110  178  
111  179  
111  180  
112  181  
113  182  
114  183  
115  184  
116  185  
117  186  
118  187  
119  188  
120  189  
121  190  
122  191  
123  192  
209  159  
209  160  
210  161  
211  162  
211  163  
212  164  
213  165  
213  166  
214  167  
215  168  
215  169  
216  170  
217  171  
217  172  
218  173  
219  174  
219  175  
220  176  
221  177  
221  178  
222  179  
223  180  
223  181  
224  182  
225  183  
225  184  
226  185  
227  186  
192  160  
190  161  
191  161  
189  162  
187  163  
188  163  
186  164  
185  165  
183  166  
184  166  
182  167  
180  168  
181  168  
179  169  
177  170  
178  170  
176  171  
174  172  
175  172  
173  173  
171  174  
172  174  
170  175  
168  176  
169  176  
167  177  
165  178  
166  178  
164  179  
162  180  
163  180  
161  181  
160  182  
158  183  
159  183  
157  184  
155  185  
156  185  
154  186  
152  187  
153  187  
151  188  
149  189  
150  189  
148  190  
146  191  
147  191  
145  192  
144  193  
142  194  
143  194  
141  195  
139  196  
140  196  
138  197  
136  198  
137  198  
135  199  
133  200  
134  200  
132  201  
130  202  
131  202  
129  203  
128  204  
126  205  
127  205  
125  206  
123  207  
124  207  
122  208  
120  209  
121  209  
119  210  
117  211  
118  211  
116  212  
114  213  
115  213  
113  214  
111  215  
112  215  
110  216  
108  217  
109  217  
107  218  
105  219  
106  219  
104  220  
103  221  
102  222  
355  160  
353  161  
354  161  
352  162  
351  163  
349  164  
350  164  
348  165  
346  166  
347  166  
345  167  
343  168  
344  168  
342  169  
340  170  
341  170  
339  171  
337  172  
338  172  
336  173  
334  174  
335  174  
333  175  
331  176  
332  176  
330  177  
328  178  
329  178  
327  179  
325  180  
326  180  
324  181  
322  182  
323  182  
321  183  
320  184  
44  162  
44  163  
45  164  
46  165  
46  166  
47  167  
47  168  
48  169  
49  170  
49  171  
50  172  
51  173  
51  174  
52  175  
52  176  
53  177  
54  178  
54  179  
55  180  
55  181  
56  182  
57  183  
57  184  
58  185  
59  186  
59  187  
60  188  
61  189  
61  190  
62  191  
63  192  
63  193  
64  194  
65  195  
65  196  
66  197  
66  198  
67  199  
68  200  
68  201  
69  202  
70  203  
70  204  
71  205  
72  206  
72  207  
73  208  
74  209  
74  210  
75  211  
76  212  
76  213  
77  214  
78  215  
78  216  
292  163  
293  163  
291  164  
289  165  
290  165  
288  166  
286  167  
287  167  
285  168  
283  169  
284  169  
282  170  
280  171  
281  171  
279  172  
277  173  
278  173  
276  174  
274  175  
275  175  
273  176  
272  177  
270  178  
271  178  
269  179  
267  180  
268  180  
266  181  
264  182  
265  182  
263  183  
261  184  
262  184  
260  185  
258  186  
259  186  
257  187  
255  188  
256  188  
254  189  
193  164  
192  165  
190  166  
191  166  
189  167  
187  168  
188  168  
186  169  
184  170  
185  170  
183  171  
181  172  
182  172  
180  173  
178  174  
179  174  
177  175  
175  176  
176  176  
174  177  
172  178  
173  178  
171  179  
169  180  
170  180  
168  181  
166  182  
167  182  
165  183  
164  184  
162  185  
163  185  
161  186  
159  187  
160  187  
158  188  
157  189  
155  190  
156  190  
154  191  
152  192  
153  192  
151  193  
149  194  
150  194  
148  195  
147  196  
145  197  
146  197  
144  198  
142  199  
143  199  
141  200  
139  201  
140  201  
138  202  
137  203  
135  204  
136  204  
134  205  
132  206  
133  206  
131  207  
129  208  
130  208  
128  209  
126  210  
127  210  
125  211  
123  212  
124  212  
122  213  
120  214  
121  214  
119  215  
117  216  
118  216  
116  217  
114  218  
115  218  
113  219  
112  220  
110  221  
111  221  
109  222  
108  223  
106  224  
107  224  
105  225  
354  165  
353  166  
351  167  
352  167  
350  168  
348  169  
349  169  
347  170  
345  171  
346  171  
344  172  
342  173  
343  173  
341  174  
339  175  
340  175  
338  176  
336  177  
337  177  
335  178  
333  179  
334  179  
332  180  
330  181  
331  181  
329  182  
328  183  
326  184  
327  184  
325  185  
323  186  
324  186  
322  187  
321  188  
295  167  
294  168  
292  169  
293  169  
291  170  
289  171  
290  171  
288  172  
286  173  
287  173  
285  174  
283  175  
284  175  
282  176  
280  177  
281  177  
279  178  
277  179  
278  179  
276  180  
274  181  
275  181  
273  182  
271  183  
272  183  
270  184  
268  185  
269  185  
267  186  
265  187  
266  187  
264  188  
262  189  
263  189  
261  190  
259  191  
260  191  
258  192  
257  193  
304  170  
302  171  
303  171  
301  172  
299  173  
300  173  
298  174  
296  175  
297  175  
295  176  
293  177  
294  177  
292  178  
290  179  
291  179  
289  180  
287  181  
288  181  
286  182  
284  183  
285  183  
283  184  
281  185  
282  185  
280  186  
278  187  
279  187  
277  188  
275  189  
276  189  
274  190  
272  191  
273  191  
271  192  
269  193  
270  193  
268  194  
266  195  
267  195  
265  196  
263  197  
264  197  
354  173  
355  173  
353  174  
352  175  
350  176  
351  176  
349  177  
347  178  
348  178  
346  179  
344  180  
345  180  
343  181  
341  182  
342  182  
340  183  
338  184  
339  184  
337  185  
335  186  
336  186  
334  187  
332  188  
333  188  
331  189  
329  190  
330  190  
328  191  
326  192  
327  192  
325  193  
93  180  
94  180  
95  181  
96  181  
97  182  
98  183  
99  184  
100  184  
101  185  
102  186  
103  187  
104  188  
105  189  
106  190  
107  191  
108  192  
109  193  
109  194  
110  195  
111  196  
112  197  
113  198  
113  199  
170  188  
168  189  
169  189  
167  190  
166  191  
164  192  
165  192  
163  193  
161  194  
162  194  
160  195  
159  196  
157  197  
158  197  
156  198  
154  199  
155  199  
153  200  
151  201  
152  201  
150  202  
148  203  
149  203  
147  204  
146  205  
319  189  
317  190  
318  190  
316  191  
314  192  
315  192  
313  193  
311  194  
312  194  
310  195  
308  196  
309  196  
307  197  
305  198  
306  198  
304  199  
302  200  
303  200  
301  201  
300  202  
298  203  
299  203  
297  204  
295  205  
296  205  
294  206  
292  207  
293  207  
309  191  
308  192  
306  193  
307  193  
305  194  
303  195  
304  195  
302  196  
300  197  
301  197  
299  198  
297  199  
298  199  
296  200  
295  201  
293  202  
294  202  
292  203  
290  204  
291  204  
289  205  
375  193  
374  194  
372  195  
373  195  
371  196  
369  197  
370  197  
368  198  
366  199  
367  199  
365  200  
363  201  
364  201  
362  202  
360  203  
361  203  
359  204  
357  205  
358  205  
356  206  
355  207  
394  193  
394  194  
395  195  
395  196  
396  197  
397  198  
398  199  
398  200  
399  201  
400  202  
400  203  
401  204  
402  205  
403  206  
404  207  
404  208  
405  209  
406  210  
406  211  
407  212  
408  213  
408  214  
409  215  
410  216  
410  217  
411  218  
412  219  
413  220  
320  196  
319  197  
317  198  
318  198  
316  199  
314  200  
315  200  
313  201  
311  202  
312  202  
310  203  
309  204  
307  205  
308  205  
306  206  
304  207  
305  207  
303  208  
301  209  
302  209  
300  210  
299  211  
297  212  
298  212  
296  213  
295  214  
229  203  
230  204  
231  205  
231  206  
232  207  
233  208  
234  209  
234  210  
235  211  
236  212  
236  213  
237  214  
238  215  
238  216  
239  217  
240  218  
240  219  
241  220  
241  221  
242  222  
243  223  
243  224  
244  225  
245  226  
245  227  
246  228  
247  229  
247  230  
248  231  
249  232  
249  233  
250  234  
251  235  
251  236  
252  237  
253  238  
253  239  
254  240  
254  241  
255  242  
256  243  
256  244  
257  245  
258  246  
258  247  
259  248  
259  249  
260  250  
261  251  
261  252  
262  253  
262  254  
263  255  
264  256  
264  257  
265  258  
266  259  
266  260  
267  261  
267  262  
268  263  
344  214  
343  215  
341  216  
342  216  
340  217  
338  218  
339  218  
337  219  
335  220  
336  220  
334  221  
333  222  
331  223  
332  223  
330  224  
328  225  
329  225  
327  226  
325  227  
326  227  
324  228  
322  229  
323  229  
321  230  
320  231  
319  232  
317  233  
318  233  
266  215  
267  216  
267  217  
268  218  
269  219  
269  220  
270  221  
271  222  
271  223  
272  224  
273  225  
273  226  
274  227  
274  228  
275  229  
276  230  
276  231  
277  232  
278  233  
278  234  
279  235  
280  236  
280  237  
281  238  
282  239  
282  240  
283  241  
288  224  
288  225  
289  226  
289  227  
290  228  
291  229  
291  230  
292  231  
292  232  
293  233  
294  234  
294  235  
295  236  
296  237  
296  238  
297  239  
298  240  
298  241  
299  242  
300  243  
300  244  
301  245  
302  246  
302  247  
303  248  
304  249  
304  250  
305  251  
306  252  
306  253  
307  254  
308  255  
308  256  
309  257  
310  258  
310  259  
311  260  
312  261  
312  262  
313  263  
314  264  
314  265  
315  266  
316  267  
316  268  
317  269  
318  270  
318  271  
319  272  
320  273  
320  274  
321  275  
322  276  
322  277  
323  278  
324  279  
324  280  
325  281  
326  282  
326  283  
327  284  
328  285  
328  286  
329  287  
330  288  
330  289  
292  224  
293  225  
294  226  
294  227  
295  228  
296  229  
296  230  
297  231  
298  232  
298  233  
299  234  
300  235  
301  236  
301  237  
302  238  
302  239  
303  240  
304  241  
305  242  
305  243  
306  244  
307  245  
307  246  
308  247  
309  248  
309  249  
310  250  
311  251  
311  252  
312  253  
313  254  
313  255  
314  256  
315  257  
316  258  
316  259  
317  260  
318  261  
318  262  
319  263  
320  264  
320  265  
321  266  
322  267  
322  268  
323  269  
324  270  
325  271  
325  272  
326  273  
327  274  
327  275  
328  276  
329  277  
329  278  
330  279  
331  280  
331  281  
332  282  
333  283  
334  284  
334  285  
335  286  
114  227  
112  228  
113  228  
111  229  
109  230  
110  230  
108  231  
106  232  
107  232  
105  233  
103  234  
104  234  
102  235  
100  236  
101  236  
99  237  
97  238  
98  238  
96  239  
95  240  
94  241  
93  242  
265  229  
266  230  
266  231  
267  232  
268  233  
268  234  
269  235  
269  236  
270  237  
271  238  
271  239  
272  240  
272  241  
273  242  
274  243  
274  244  
275  245  
276  246  
276  247  
277  248  
278  249  
278  250  
279  251  
280  252  
280  253  
281  254  
281  255  
282  256  
283  257  
283  258  
284  259  
285  260  
285  261  
286  262  
287  263  
287  264  
288  265  
289  266  
289  267  
290  268  
290  269  
291  270  
291  271  
292  272  
293  273  
294  274  
294  275  
295  276  
295  277  
296  278  
297  279  
298  280  
298  281  
299  282  
300  283  
300  284  
301  285  
301  286  
77  231  
78  232  
79  233  
79  234  
80  235  
81  236  
82  237  
82  238  
83  239  
84  240  
84  241  
85  242  
86  243  
86  244  
87  245  
88  246  
88  247  
89  248  
90  249  
90  250  
91  251  
92  252  
92  253  
93  254  
94  255  
94  256  
95  257  
96  258  
97  259  
97  260  
98  261  
99  262  
99  263  
100  264  
101  265  
101  266  
102  267  
103  268  
103  269  
104  270  
105  271  
105  272  
106  273  
107  274  
107  275  
108  276  
109  277  
109  278  
110  279  
111  280  
111  281  
112  282  
113  283  
114  284  
114  285  
115  286  
116  287  
116  288  
117  289  
118  290  
118  291  
119  292  
120  293  
120  294  
121  295  
122  296  
122  297  
123  298  
124  299  
124  300  
125  301  
126  302  
127  303  
127  304  
128  305  
129  306  
129  307  
130  308  
131  309  
131  310  
132  311  
133  312  
133  313  
134  314  
135  315  
136  316  
136  317  
137  318  
138  319  
138  320  
139  321  
140  322  
140  323  
141  324  
142  325  
142  326  
143  327  
144  328  
144  329  
145  330  
146  331  
147  332  
147  333  
148  334  
149  335  
149  336  
150  337  
151  338  
151  339  
152  340  
153  341  
154  342  
154  343  
155  344  
156  345  
156  346  
157  347  
158  348  
158  349  
159  350  
160  351  
160  352  
161  353  
162  354  
162  355  
163  356  
164  357  
164  358  
165  359  
166  360  
167  361  
167  362  
168  363  
169  364  
169  365  
170  366  
171  367  
171  368  
172  369  
173  370  
173  371  
174  372  
175  373  
176  374  
176  375  
177  376  
178  377  
178  378  
179  379  
180  380  
180  381  
181  382  
182  383  
182  384  
183  385  
184  386  
184  387  
185  388  
186  389  
186  390  
187  391  
188  392  
188  393  
189  394  
190  395  
190  396  
191  397  
192  398  
192  399  
193  400  
194  401  
194  402  
195  403  
196  404  
196  405  
197  406  
198  407  
198  408  
199  409  
200  410  
200  411  
201  412  
202  413  
202  414  
203  415  
204  416  
204  417  
205  418  
206  419  
206  420  
207  421  
208  422  
208  423  
209  424  
210  425  
210  426  
211  427  
212  428  
212  429  
213  430  
214  431  
214  432  
215  433  
216  434  
216  435  
217  436  
218  437  
218  438  
219  439  
220  440  
220  441  
221  442  
222  443  
222  444  
223  445  
224  446  
224  447  
225  448  
226  449  
226  450  
227  451  
228  452  
228  453  
229  454  
230  455  
230  456  
231  457  
232  458  
232  459  
233  460  
234  461  
278  243  
279  244  
280  245  
280  246  
281  247  
281  248  
282  249  
283  250  
283  251  
284  252  
285  253  
285  254  
286  255  
287  256  
287  257  
288  258  
289  259  
289  260  
290  261  
291  262  
291  263  
292  264  
292  265  
293  266  
294  267  
294  268  
295  269  
295  270  
296  271  
297  272  
297  273  
298  274  
299  275  
299  276  
300  277  
301  278  
301  279  
302  280  
303  281  
303  282  
304  283  
305  284  
305  285  
306  286  
265  245  
266  246  
267  247  
267  248  
268  249  
268  250  
269  251  
270  252  
270  253  
271  254  
271  255  
272  256  
273  257  
273  258  
274  259  
275  260  
275  261  
276  262  
277  263  
277  264  
278  265  
278  266  
279  267  
280  268  
281  269  
281  270  
282  271  
282  272  
283  273  
284  274  
284  275  
285  276  
286  277  
286  278  
287  279  
288  280  
288  281  
289  282  
289  283  
290  284  
291  285  
291  286  
292  287  
293  288  
293  289  
294  290  
295  291  
295  292  
296  293  
297  294  
297  295  
298  296  
298  247  
299  248  
299  249  
300  250  
301  251  
301  252  
302  253  
302  254  
303  255  
304  256  
304  257  
305  258  
306  259  
306  260  
307  261  
308  262  
308  263  
309  264  
310  265  
310  266  
311  267  
312  268  
312  269  
313  270  
314  271  
314  272  
315  273  
316  274  
316  275  
317  276  
318  277  
318  278  
319  279  
320  280  
320  281  
321  282  
322  283  
322  284  
323  285  
324  286  
324  287  
325  288  
326  289  
326  290  
327  291  
328  292  
289  250  
289  251  
290  252  
291  253  
291  254  
292  255  
293  256  
293  257  
294  258  
294  259  
295  260  
296  261  
296  262  
297  263  
298  264  
298  265  
299  266  
300  267  
300  268  
301  269  
302  270  
302  271  
303  272  
304  273  
304  274  
305  275  
306  276  
306  277  
307  278  
308  279  
308  280  
309  281  
309  282  
310  283  
311  284  
311  285  
312  286  
313  287  
313  288  
314  289  
315  290  
315  291  
316  292  
317  293  
317  294  
318  295  
319  296  
263  279  
264  280  
264  281  
265  282  
265  283  
266  284  
266  285  
267  286  
267  287  
268  288  
268  289  
269  290  
270  291  
270  292  
271  293  
272  294  
272  295  
272  296  
273  297  
274  298  
275  299  
275  300  
276  301  
249  281  
247  282  
248  282  
245  283  
246  283  
243  284  
244  284  
242  285  
240  286  
241  286  
238  287  
239  287  
237  288  
236  289  
234  290  
235  290  
232  291  
233  291  
231  292  
229  293  
230  293  
228  294  
226  295  
227  295  
225  296  
223  297  
224  297  
222  298  
221  299  
219  300  
220  300  
218  301  
216  302  
217  302  
285  289  
286  290  
287  291  
287  292  
288  293  
289  294  
289  295  
290  296  
291  297  
291  298  
292  299  
293  300  
294  301  
295  302  
295  303  
296  304  
297  305  
297  306  
298  307  
299  308  
299  309  
300  310  
301  311  
301  312  
302  313  
302  314  
303  315  
303  316  
304  317  
305  318  
306  319  
306  320  
307  321  
307  322  
308  323  
309  324  
310  325  
310  326  
311  327  
277  332  
277  333  
276  334  
276  335  
276  336  
276  337  
275  338  
275  339  
275  340  
275  341  
274  342  
274  343  
274  344  
274  345  
274  346  
273  347  
273  348  
273  349  
273  350  
273  351  
272  352  
336  332  
337  333  
338  334  
338  335  
339  336  
340  337  
341  338  
341  339  
342  340  
343  341  
343  342  
344  343  
345  344  
345  345  
346  346  
347  347  
347  348  
348  349  
349  350  
349  351  
350  352  
316  335  
317  336  
318  337  
318  338  
319  339  
320  340  
321  341  
321  342  
322  343  
323  344  
323  345  
324  346  
325  347  
325  348  
326  349  
327  350  
327  351  
328  352  
329  353  
329  354  
330  355  
331  356  
331  357  
332  358  
333  359  
333  360  
334  361  
335  362  
335  363  
336  364  
337  365  
337  366  
338  367  
339  368  
339  369  
340  370  
179  352  
180  353  
181  354  
181  355  
182  356  
183  357  
183  358  
184  359  
184  360  
185  361  
185  362  
186  363  
186  364  
187  365  
188  366  
188  367  
189  368  
189  369  
190  370  
191  371  
191  372  
192  373  
192  374  
193  375  
194  376  
312  353  
313  354  
313  355  
314  356  
314  357  
315  358  
316  359  
316  360  
317  361  
318  362  
318  363  
319  364  
320  365  
320  366  
321  367  
322  368  
322  369  
323  370  
324  371  
324  372  
325  373  
326  374  
326  375  
327  376  
327  377  
328  378  
329  379  
329  380  
330  381  
330  382  
331  383  
332  384  
332  385  
333  386  
308  357  
309  358  
310  359  
310  360  
311  361  
312  362  
312  363  
313  364  
314  365  
314  366  
315  367  
316  368  
316  369  
317  370  
318  371  
318  372  
319  373  
320  374  
320  375  
321  376  
321  377  
322  378  
323  379  
375  360  
376  361  
377  362  
377  363  
378  364  
379  365  
379  366  
380  367  
381  368  
381  369  
382  370  
383  371  
384  372  
384  373  
385  374  
386  375  
386  376  
387  377  
388  378  
389  379  
389  380  
390  381  
391  382  
392  383  
392  384  
393  385  
394  386  
394  387  
395  388  
396  389  
396  390  
397  391  
398  392  
398  393  
399  394  
400  395  
401  396  
401  397  
402  398  
118  363  
119  363  
116  364  
117  364  
115  365  
113  366  
114  366  
112  367  
110  368  
111  368  
108  369  
109  369  
107  370  
105  371  
106  371  
103  372  
104  372  
102  373  
100  374  
101  374  
99  375  
97  376  
98  376  
96  377  
206  371  
206  372  
207  373  
207  374  
208  375  
208  376  
209  377  
209  378  
210  379  
211  380  
211  381  
212  382  
213  383  
213  384  
214  385  
214  386  
215  387  
215  388  
216  389  
217  390  
53  374  
54  375  
54  376  
55  377  
56  378  
56  379  
57  380  
58  381  
58  382  
59  383  
60  384  
60  385  
61  386  
62  387  
62  388  
63  389  
64  390  
64  391  
65  392  
66  393  
66  394  
324  381  
325  382  
325  383  
326  384  
327  385  
328  386  
328  387  
329  388  
330  389  
330  390  
331  391  
332  392  
332  393  
333  394  
334  395  
334  396  
335  397  
336  398  
336  399  
337  400  
338  401  
338  402  
339  403  
340  404  
340  405  
341  406  
342  407  
342  408  
343  409  
343  410  
344  411  
345  412  
345  413  
346  414  
347  415  
347  416  
348  417  
349  418  
370  383  
371  384  
372  385  
372  386  
373  387  
374  388  
374  389  
375  390  
376  391  
376  392  
377  393  
378  394  
378  395  
379  396  
380  397  
380  398  
381  399  
382  400  
383  401  
383  402  
384  403  
385  404  
385  405  
386  406  
387  407  
387  408  
388  409  
389  410  
389  411  
390  412  
391  413  
391  414  
391  415  
392  416  
394  416  
393  417  
205  386  
206  387  
206  388  
207  389  
208  390  
208  391  
209  392  
210  393  
210  394  
211  395  
212  396  
212  397  
213  398  
214  399  
214  400  
215  401  
215  402  
216  403  
216  404  
217  405  
217  406  
218  407  
201  387  
202  388  
203  389  
203  390  
204  391  
204  392  
205  393  
205  394  
206  395  
207  396  
207  397  
208  398  
208  399  
209  400  
210  401  
210  402  
211  403  
212  404  
212  405  
213  406  
214  407  
448  388  
446  389  
447  389  
445  390  
443  391  
444  391  
442  392  
440  393  
441  393  
439  394  
437  395  
438  395  
436  396  
434  397  
435  397  
432  398  
433  398  
431  399  
429  400  
430  400  
428  401  
426  402  
427  402  
425  403  
423  404  
424  404  
422  405  
133  393  
131  394  
132  394  
129  395  
130  395  
128  396  
126  397  
127  397  
125  398  
123  399  
124  399  
122  400  
120  401  
121  401  
118  402  
119  402  
117  403  
115  404  
116  404  
114  405  
112  406  
113  406  
110  407  
111  407  
199  396  
200  397  
200  398  
201  399  
202  400  
202  401  
203  402  
204  403  
204  404  
205  405  
206  406  
206  407  
207  408  
208  409  
208  410  
209  411  
210  412  
210  413  
211  414  
212  415  
212  416  
213  417  
214  418  
214  419  
215  420  
216  421  
216  422  
217  423  
218  424  
218  425  
219  426  
220  427  
221  428  
221  429  
222  430  
223  431  
224  432  
224  433  
225  434  
226  435  
226  436  
227  437  
228  438  
228  439  
229  440  
230  441  
230  442  
231  443  
232  444  
232  445  
226  396  
227  397  
228  397  
229  397  
230  397  
231  398  
232  398  
233  398  
234  398  
235  399  
236  399  
237  399  
238  399  
239  399  
240  400  
241  400  
242  400  
243  400  
244  401  
245  401  
246  401  
247  401  
248  401  
249  402  
250  402  
251  402  
252  402  
253  402  
254  402  
255  403  
256  403  
448  397  
447  398  
445  399  
446  399  
443  400  
444  400  
441  401  
442  401  
439  402  
440  402  
437  403  
438  403  
435  404  
436  404  
434  405  
432  406  
433  406  
430  407  
431  407  
429  408  
139  400  
140  400  
138  401  
136  402  
137  402  
134  403  
135  403  
133  404  
131  405  
132  405  
130  406  
128  407  
129  407  
127  408  
125  409  
126  409  
124  410  
122  411  
123  411  
120  412  
121  412  
119  413  
117  414  
118  414  
115  415  
116  415  
114  416  
147  403  
146  404  
144  405  
145  405  
143  406  
141  407  
142  407  
140  408  
138  409  
139  409  
136  410  
137  410  
135  411  
133  412  
134  412  
132  413  
130  414  
131  414  
129  415  
127  416  
128  416  
126  417  
125  418  
149  407  
148  408  
146  409  
147  409  
145  410  
143  411  
144  411  
141  412  
142  412  
139  413  
140  413  
138  414  
137  415  
135  416  
136  416  
133  417  
134  417  
132  418  
130  419  
131  419  
129  420  
127  421  
128  421  
448  411  
446  412  
447  412  
445  413  
443  414  
444  414  
442  415  
440  416  
441  416  
439  417  
437  418  
438  418  
436  419  
434  420  
435  420  
432  421  
433  421  
430  422  
431  422  
428  423  
429  423  
426  424  
427  424  
91  415  
91  416  
92  417  
92  418  
92  419  
93  420  
93  421  
94  422  
94  423  
95  424  
95  425  
96  426  
96  427  
96  428  
97  429  
97  430  
98  431  
98  432  
99  433  
99  434  
99  435  
100  436  
100  437  
101  438  
101  439  
102  440  
102  441  
102  442  
103  443  
103  444  
104  445  
104  446  
105  447  
105  448  
105  449  
106  450  
106  451  
107  452  
107  453  
108  454  
108  455  
108  456  
109  457  
109  458  
110  459  
110  460  
111  461  
111  462  
112  463  
112  464  
112  465  
113  466  
113  467  
114  468  
114  469  
114  470  
115  471  
115  472  
116  473  
116  474  
117  475  
117  476  
117  477  
118  478  
118  479  
119  480  
119  481  
120  482  
120  483  
120  484  
121  485  
121  486  
122  487  
122  488  
123  489  
123  490  
123  491  
124  492  
124  493  
125  494  
253  417  
253  418  
253  419  
253  420  
253  421  
253  422  
253  423  
253  424  
253  425  
253  426  
253  427  
253  428  
252  429  
252  430  
252  431  
252  432  
252  433  
252  434  
252  435  
252  436  
88  420  
88  421  
89  422  
89  423  
89  424  
90  425  
90  426  
91  427  
91  428  
92  429  
92  430  
92  431  
93  432  
93  433  
94  434  
94  435  
95  436  
95  437  
95  438  
96  439  
96  440  
97  441  
97  442  
98  443  
98  444  
98  445  
99  446  
99  447  
100  448  
100  449  
101  450  
101  451  
101  452  
102  453  
102  454  
103  455  
103  456  
104  457  
104  458  
104  459  
105  460  
105  461  
106  462  
106  463  
115  422  
116  423  
116  424  
117  425  
118  426  
118  427  
119  428  
120  429  
120  430  
121  431  
122  432  
122  433  
123  434  
123  435  
124  436  
125  437  
125  438  
126  439  
127  440  
127  441  
128  442  
128  443  
129  444  
130  445  
130  446  
131  447  
132  448  
132  449  
133  450  
134  451  
134  452  
135  453  
136  454  
344  429  
345  429  
343  430  
341  431  
342  431  
339  432  
340  432  
338  433  
336  434  
337  434  
335  435  
333  436  
334  436  
331  437  
332  437  
330  438  
328  439  
329  439  
327  440  
325  441  
326  441  
323  442  
324  442  
322  443  
320  444  
321  444  
319  445  
317  446  
318  446  
316  447  
314  448  
315  448  
313  449  
311  450  
312  450  
310  451  
308  452  
309  452  
306  453  
307  453  
304  454  
305  454  
303  455  
301  456  
302  456  
300  457  
298  458  
299  458  
350  435  
351  435  
348  436  
349  436  
347  437  
345  438  
346  438  
344  439  
342  440  
343  440  
340  441  
341  441  
338  442  
339  442  
337  443  
335  444  
336  444  
333  445  
334  445  
332  446  
330  447  
331  447  
328  448  
329  448  
327  449  
325  450  
326  450  
324  451  
322  452  
323  452  
320  453  
321  453  
319  454  
317  455  
318  455  
315  456  
316  456  
314  457  
312  458  
313  458  
310  459  
311  459  
309  460  
307  461  
308  461  
306  462  
304  463  
305  463  
302  464  
303  464  
301  465  
299  466  
300  466  
297  467  
298  467  
296  468  
294  469  
295  469  
292  470  
293  470  
291  471  
289  472  
290  472  
287  473  
288  473  
286  474  
284  475  
285  475  
282  476  
283  476  
281  477  
345  444  
343  445  
344  445  
341  446  
342  446  
339  447  
340  447  
338  448  
336  449  
337  449  
335  450  
333  451  
334  451  
332  452  
330  453  
331  453  
328  454  
329  454  
327  455  
325  456  
326  456  
324  457  
322  458  
323  458  
320  459  
321  459  
319  460  
317  461  
318  461  
315  462  
316  462  
314  463  
312  464  
313  464  
311  465  
309  466  
310  466  
308  467  
306  468  
307  468  
304  469  
305  469  
302  470  
303  470  
301  471  
299  472  
300  472  
298  473  
296  474  
297  474  
295  475  
293  476  
294  476  
291  477  
292  477  
290  478  
288  479  
289  479  
286  480  
287  480  
285  481  
283  482  
284  482  
358  450  
359  450  
357  451  
355  452  
356  452  
354  453  
352  454  
353  454  
350  455  
351  455  
349  456  
347  457  
348  457  
345  458  
346  458  
344  459  
342  460  
343  460  
340  461  
341  461  
339  462  
337  463  
338  463  
336  464  
334  465  
335  465  
332  466  
333  466  
331  467  
329  468  
330  468  
327  469  
328  469  
326  470  
324  471  
325  471  
322  472  
323  472  
321  473  
319  474  
320  474  
318  475  
316  476  
317  476  
314  477  
315  477  
313  478  
311  479  
312  479  
310  480  
308  481  
309  481  
306  482  
307  482  
305  483  
303  484  
304  484  
301  485  
302  485  
300  486  
298  487  
299  487  
297  488  
295  489  
296  489  
293  490  
294  490  
292  491  
291  492  
396  453  
397  454  
397  455  
398  456  
398  457  
399  458  
399  459  
400  460  
400  461  
401  462  
402  463  
402  464  
403  465  
403  466  
404  467  
405  468  
406  469  
406  470  
407  471  
407  472  
408  473  
409  474  
410  475  
410  476  
411  477  
137  456  
138  457  
138  458  
139  459  
139  460  
140  461  
141  462  
141  463  
142  464  
143  465  
143  466  
144  467  
145  468  
145  469  
146  470  
147  471  
147  472  
148  473  
149  474  
149  475  
150  476  
151  477  
151  478  
152  479  
153  480  
153  481  
154  482  
154  483  
155  484  
156  485  
156  486  
157  487  
158  488  
158  489  
159  490  
160  491  
160  492  
161  493  
162  494  
162  495  
163  496  
164  497  
164  498  
165  499  
166  500  
166  501  
167  502  
168  503  
168  504  
169  505  
169  506  
170  507  
171  508  
171  509  
172  510  
173  511  
173  512  
174  513  
175  514  
175  515  
176  516  
177  517  
177  518  
178  519  
179  520  
179  521  
180  522  
181  523  
181  524  
182  525  
183  526  
183  527  
184  528  
184  529  
185  530  
186  531  
186  532  
187  533  
188  534  
188  535  
189  536  
190  537  
190  538  
191  539  
192  540  
192  541  
193  542  
194  543  
194  544  
195  545  
195  546  
196  547  
197  548  
197  549  
198  550  
199  551  
199  552  
200  553  
201  554  
201  555  
202  556  
203  557  
203  558  
204  559  
204  560  
205  561  
235  463  
236  464  
236  465  
237  466  
237  467  
238  468  
238  469  
239  470  
239  471  
240  472  
240  473  
241  474  
241  475  
242  476  
242  477  
243  478  
243  479  
244  480  
244  481  
245  482  
245  483  
246  484  
246  485  
246  486  
247  487  
247  488  
248  489  
248  490  
249  491  
324  463  
322  464  
323  464  
321  465  
319  466  
320  466  
317  467  
318  467  
316  468  
314  469  
315  469  
313  470  
311  471  
312  471  
309  472  
310  472  
307  473  
308  473  
306  474  
304  475  
305  475  
303  476  
301  477  
302  477  
300  478  
298  479  
299  479  
296  480  
297  480  
294  481  
295  481  
293  482  
291  483  
292  483  
290  484  
288  485  
289  485  
287  486  
285  487  
286  487  
283  488  
284  488  
282  489  
281  490  
90  465  
88  466  
89  466  
86  467  
87  467  
85  468  
84  469  
82  470  
83  470  
80  471  
81  471  
79  472  
77  473  
78  473  
76  474  
74  475  
75  475  
73  476  
71  477  
72  477  
70  478  
68  479  
69  479  
67  480  
65  481  
66  481  
64  482  
62  483  
63  483  
61  484  
59  485  
60  485  
58  486  
56  487  
57  487  
55  488  
101  475  
100  476  
98  477  
99  477  
97  478  
95  479  
96  479  
94  480  
92  481  
93  481  
91  482  
89  483  
90  483  
88  484  
86  485  
87  485  
85  486  
83  487  
84  487  
82  488  
80  489  
81  489  
78  490  
79  490  
77  491  
75  492  
76  492  
74  493  
72  494  
73  494  
71  495  
69  496  
70  496  
68  497  
66  498  
67  498  
65  499  
63  500  
64  500  
62  501  
60  502  
61  502  
59  503  
57  504  
58  504  
56  505  
54  506  
55  506  
53  507  
51  508  
52  508  
50  509  
48  510  
49  510  
47  511  
240  505  
238  506  
239  506  
237  507  
235  508  
236  508  
234  509  
232  510  
233  510  
230  511  
231  511  
229  512  
227  513  
228  513  
226  514  
224  515  
225  515  
223  516  
221  517  
222  517  
220  518  
218  519  
219  519  
217  520  
215  521  
216  521  
213  522  
214  522  
212  523  
210  524  
211  524  
209  525  
207  526  
208  526  
206  527  
204  528  
205  528  
203  529  
201  530  
202  530  
200  531  
198  532  
199  532  
197  533  
195  534  
196  534  
194  535  
192  536  
193  536  
141  519  
142  520  
142  521  
143  522  
144  523  
144  524  
145  525  
146  526  
146  527  
147  528  
148  529  
148  530  
149  531  
150  532  
150  533  
151  534  
152  535  
152  536  
153  537  
153  538  
154  539  
155  540  
155  541  
156  542  
157  543  
157  544  
158  545  
159  546  
159  547  
160  548  
161  549  
161  550  
162  551  
162  552  
163  553  
164  554  
164  555  
165  556  
166  557  
166  558  
167  559  
168  560  
168  561  
169  562  
170  563  
170  564  
171  565  
171  566  
172  567  
173  568  
173  569  
174  570  
175  571  
175  572  
176  573  
177  574  
177  575  
178  576  
179  577  
179  578  
180  579  
180  580  
181  581  
182  582  
182  583  
183  584  
184  585  
184  586  
185  587  
186  588  
186  589  
187  590  
187  591  
188  592  
189  593  
189  594  
190  595  
191  596  
191  597  
192  598  
193  599  
193  600  
194  601  
195  602  
195  603  
196  604  
197  605  
197  606  
198  607  
199  608  
80  550  
78  551  
79  551  
77  552  
76  553  
74  554  
75  554  
73  555  
71  556  
72  556  
70  557  
68  558  
69  558  
67  559  
65  560  
66  560  
63  561  
64  561  
61  562  
62  562  
60  563  
58  564  
59  564  
57  565  
39  559  
40  560  
40  561  
41  562  
41  563  
42  564  
43  565  
43  566  
44  567  
44  568  
45  569  
46  570  
46  571  
47  572  
48  573  
48  574  
49  575  
50  576  
50  577  
51  578  
52  579  
52  580  
53  581  
54  582  
54  583  
55  584  
55  585  
56  586  
57  587  
57  588  
58  589  
59  590  
59  591  
60  592  
61  593  
61  594  
62  595  
63  596  
63  597  
64  598  
65  599  
65  600  
66  601  
67  602  
67  603  
68  604  
68  605  
69  606  
70  607  
70  608  
