41  32  
42  33  
42  34  
42  35  
43  36  
43  37  
43  38  
44  39  
44  40  
44  41  
45  42  
45  43  
45  44  
46  45  
46  46  
46  47  
47  48  
47  49  
47  50  
48  51  
48  52  
48  53  
49  54  
49  55  
49  56  
49  57  
50  58  
50  59  
50  60  
51  61  
51  62  
51  63  
52  64  
52  65  
52  66  
52  67  
53  68  
53  69  
53  70  
54  71  
54  72  
54  73  
55  74  
55  75  
55  76  
55  77  
56  78  
56  79  
56  80  
57  81  
57  82  
57  83  
57  84  
58  85  
58  86  
58  87  
59  88  
59  89  
59  90  
59  91  
60  92  
60  93  
60  94  
60  95  
61  96  
61  97  
61  98  
62  99  
62  100  
62  101  
93  32  
94  33  
94  34  
94  35  
94  36  
94  37  
94  38  
95  39  
95  40  
95  41  
95  42  
95  43  
95  44  
96  45  
96  46  
96  47  
96  48  
96  49  
96  50  
97  51  
97  52  
97  53  
97  54  
97  55  
97  56  
98  57  
98  58  
98  59  
98  60  
98  61  
289  32  
289  33  
289  34  
289  35  
289  36  
289  37  
289  38  
288  39  
288  40  
288  41  
288  42  
288  43  
288  44  
287  45  
287  46  
287  47  
287  48  
287  49  
287  50  
287  51  
287  52  
368  32  
368  33  
368  34  
368  35  
368  36  
367  37  
367  38  
367  39  
366  40  
366  41  
366  42  
365  43  
365  44  
365  45  
365  46  
364  47  
364  48  
364  49  
364  50  
363  51  
363  52  
363  53  
363  54  
362  55  
362  56  
428  32  
428  33  
428  34  
428  35  
427  36  
427  37  
427  38  
427  39  
427  40  
426  41  
426  42  
426  43  
426  44  
426  45  
425  46  
425  47  
425  48  
425  49  
424  50  
424  51  
424  52  
424  53  
423  54  
423  55  
423  56  
423  57  
48  40  
48  41  
49  42  
49  43  
49  44  
49  45  
50  46  
50  47  
50  48  
51  49  
51  50  
51  51  
52  52  
52  53  
52  54  
53  55  
53  56  
53  57  
54  58  
54  59  
54  60  
54  61  
55  62  
55  63  
55  64  
56  65  
56  66  
56  67  
57  68  
57  69  
57  70  
57  71  
58  72  
58  73  
58  74  
59  75  
59  76  
59  77  
60  78  
60  79  
60  80  
60  81  
61  82  
61  83  
61  84  
62  85  
62  86  
62  87  
62  88  
63  89  
63  90  
63  91  
63  92  
64  93  
64  94  
64  95  
65  96  
65  97  
65  98  
448  40  
448  41  
448  42  
447  43  
447  44  
447  45  
446  46  
446  47  
445  48  
445  49  
445  50  
444  51  
444  52  
443  53  
443  54  
443  55  
442  56  
442  57  
442  58  
441  59  
441  60  
440  61  
440  62  
440  63  
439  64  
439  65  
439  66  
438  67  
438  68  
437  69  
437  70  
437  71  
436  72  
436  73  
436  74  
435  75  
435  76  
435  77  
434  78  
434  79  
434  80  
433  81  
433  82  
433  83  
432  84  
432  85  
431  86  
431  87  
431  88  
430  89  
430  90  
429  91  
429  92  
107  48  
107  49  
107  50  
107  51  
107  52  
107  53  
108  54  
108  55  
108  56  
108  57  
108  58  
108  59  
108  60  
109  61  
109  62  
109  63  
109  64  
109  65  
109  66  
109  67  
110  68  
110  69  
110  70  
110  71  
110  72  
110  73  
111  74  
111  75  
111  76  
111  77  
111  78  
111  79  
111  80  
112  81  
112  82  
112  83  
112  84  
112  85  
112  86  
112  87  
113  88  
113  89  
113  90  
113  91  
113  92  
113  93  
113  94  
114  95  
114  96  
114  97  
114  98  
114  99  
114  100  
115  101  
115  102  
115  103  
115  104  
115  105  
115  106  
116  107  
116  108  
116  109  
116  110  
260  59  
261  59  
262  59  
263  59  
264  59  
265  59  
266  59  
267  59  
268  59  
269  59  
270  59  
271  60  
272  60  
273  60  
274  60  
275  60  
276  60  
277  60  
278  60  
279  60  
305  60  
306  60  
307  60  
308  60  
309  60  
310  60  
311  60  
312  60  
290  61  
291  61  
292  61  
293  61  
294  61  
295  61  
296  61  
297  61  
298  61  
299  61  
300  61  
301  61  
302  61  
303  61  
304  61  
448  60  
448  61  
447  62  
447  63  
447  64  
446  65  
446  66  
446  67  
445  68  
445  69  
444  70  
444  71  
444  72  
443  73  
443  74  
443  75  
442  76  
442  77  
441  78  
441  79  
440  80  
440  81  
440  82  
439  83  
439  84  
438  85  
438  86  
438  87  
437  88  
437  89  
436  90  
436  91  
436  92  
435  93  
435  94  
434  95  
434  96  
434  97  
433  98  
433  99  
433  100  
432  101  
432  102  
431  103  
431  104  
431  105  
430  106  
430  107  
430  108  
429  109  
429  110  
428  111  
428  112  
428  113  
427  114  
427  115  
426  116  
426  117  
426  118  
425  119  
425  120  
424  121  
424  122  
424  123  
423  124  
423  125  
422  126  
422  127  
422  128  
421  129  
421  130  
421  131  
420  132  
420  133  
420  134  
99  63  
99  64  
99  65  
99  66  
99  67  
99  68  
100  69  
100  70  
100  71  
100  72  
100  73  
100  74  
101  75  
101  76  
101  77  
101  78  
101  79  
102  80  
102  81  
102  82  
102  83  
102  84  
102  85  
103  86  
103  87  
103  88  
103  89  
103  90  
103  91  
104  92  
104  93  
104  94  
104  95  
104  96  
104  97  
105  98  
105  99  
105  100  
105  101  
105  102  
106  103  
106  104  
289  68  
290  68  
291  68  
292  68  
293  68  
294  68  
295  68  
296  68  
297  68  
298  68  
299  68  
300  68  
301  68  
302  68  
303  68  
304  68  
305  68  
306  68  
307  68  
308  68  
309  68  
310  68  
287  69  
288  69  
311  69  
312  69  
313  69  
314  69  
315  69  
316  69  
317  69  
318  69  
319  69  
417  71  
417  72  
416  73  
416  74  
416  75  
415  76  
415  77  
415  78  
414  79  
414  80  
414  81  
413  82  
413  83  
413  84  
412  85  
412  86  
412  87  
411  88  
411  89  
411  90  
410  91  
410  92  
409  93  
409  94  
284  76  
284  77  
284  78  
284  79  
283  80  
283  81  
283  82  
283  83  
283  84  
283  85  
283  86  
283  87  
283  88  
282  89  
282  90  
282  91  
282  92  
282  93  
282  94  
282  95  
282  96  
282  97  
281  98  
281  99  
281  100  
281  101  
281  102  
281  103  
280  104  
139  79  
139  80  
140  81  
140  82  
140  83  
140  84  
140  85  
140  86  
141  87  
141  88  
141  89  
141  90  
141  91  
141  92  
142  93  
142  94  
142  95  
142  96  
142  97  
142  98  
142  99  
142  100  
142  101  
142  102  
142  103  
142  104  
426  100  
426  101  
425  102  
425  103  
425  104  
424  105  
424  106  
424  107  
423  108  
423  109  
422  110  
422  111  
422  112  
421  113  
421  114  
421  115  
420  116  
420  117  
419  118  
419  119  
419  120  
418  121  
418  122  
417  123  
74  106  
75  106  
76  106  
77  106  
78  106  
79  106  
80  106  
81  106  
82  107  
83  107  
84  107  
85  107  
86  107  
87  107  
88  107  
89  107  
90  108  
91  108  
92  108  
93  108  
94  108  
95  108  
96  108  
97  108  
98  108  
99  109  
100  109  
101  109  
102  109  
103  109  
448  107  
448  108  
448  109  
447  110  
447  111  
447  112  
446  113  
446  114  
445  115  
445  116  
445  117  
444  118  
444  119  
443  120  
443  121  
443  122  
442  123  
442  124  
441  125  
441  126  
440  127  
440  128  
440  129  
439  130  
439  131  
438  132  
438  133  
438  134  
437  135  
437  136  
436  137  
436  138  
435  139  
435  140  
435  141  
434  142  
434  143  
433  144  
433  145  
432  146  
71  109  
72  109  
73  109  
74  109  
75  110  
76  110  
77  110  
78  110  
79  110  
80  110  
81  110  
82  110  
83  111  
84  111  
85  111  
86  111  
87  111  
88  111  
89  111  
90  111  
91  112  
92  112  
93  112  
94  112  
95  112  
96  112  
126  130  
127  130  
128  130  
129  130  
130  130  
131  130  
132  130  
133  130  
134  130  
135  130  
136  130  
137  130  
138  130  
139  130  
140  130  
141  130  
142  130  
143  130  
144  130  
145  130  
146  130  
147  130  
148  130  
250  131  
251  131  
252  131  
253  131  
254  131  
255  131  
256  131  
257  131  
258  131  
259  131  
260  131  
261  131  
262  131  
263  131  
264  131  
265  131  
266  131  
267  131  
268  131  
269  131  
270  131  
271  131  
272  131  
273  131  
274  131  
275  131  
276  131  
277  131  
278  131  
279  131  
280  131  
281  131  
282  131  
283  131  
312  131  
313  131  
314  131  
315  131  
316  131  
317  131  
318  131  
319  131  
320  131  
321  131  
322  131  
323  131  
324  131  
325  131  
326  131  
327  131  
328  131  
329  131  
330  131  
331  131  
332  131  
333  131  
334  131  
335  131  
336  131  
337  131  
338  131  
339  131  
340  131  
341  131  
342  131  
343  131  
344  131  
345  131  
346  131  
347  131  
348  131  
349  131  
350  131  
351  131  
352  131  
353  131  
354  131  
355  131  
356  131  
357  131  
358  131  
359  131  
360  131  
361  131  
362  131  
363  131  
364  131  
365  131  
366  131  
367  131  
368  131  
369  131  
370  131  
371  131  
372  131  
373  131  
374  131  
375  131  
376  131  
377  131  
378  131  
379  131  
380  131  
381  131  
284  132  
285  132  
286  132  
287  132  
288  132  
289  132  
290  132  
291  132  
292  132  
293  132  
294  132  
295  132  
296  132  
297  132  
298  132  
299  132  
300  132  
301  132  
302  132  
303  132  
304  132  
305  132  
306  132  
307  132  
308  132  
309  132  
310  132  
311  132  
247  134  
248  134  
249  134  
250  134  
251  134  
252  134  
253  134  
254  134  
255  134  
256  134  
257  134  
258  134  
259  134  
260  134  
261  134  
262  134  
263  134  
264  134  
265  134  
266  135  
267  135  
268  135  
269  135  
270  135  
271  135  
272  135  
273  135  
274  135  
275  135  
276  135  
277  135  
278  135  
279  135  
280  135  
281  135  
282  135  
283  135  
284  135  
285  135  
286  135  
287  136  
288  136  
289  136  
290  136  
291  136  
292  136  
293  136  
294  136  
295  136  
296  136  
297  136  
298  136  
299  136  
300  136  
301  136  
302  136  
303  136  
304  136  
305  136  
306  136  
311  138  
312  138  
313  138  
314  138  
315  138  
316  138  
317  138  
318  138  
319  138  
320  138  
321  138  
322  138  
323  138  
324  138  
325  138  
326  138  
327  138  
328  138  
329  138  
330  138  
331  138  
332  138  
333  138  
334  138  
335  138  
336  138  
337  138  
338  138  
339  138  
340  138  
341  138  
342  138  
343  138  
344  139  
345  139  
346  139  
347  139  
348  139  
349  139  
350  139  
351  139  
352  140  
353  140  
354  140  
355  140  
356  140  
357  140  
358  141  
359  141  
360  141  
361  141  
362  141  
363  141  
409  138  
410  138  
411  138  
412  138  
413  138  
414  138  
373  139  
374  139  
375  139  
376  139  
377  139  
378  139  
379  139  
380  139  
381  139  
382  139  
383  139  
384  139  
385  139  
386  139  
387  139  
388  139  
389  139  
390  139  
391  139  
392  139  
393  139  
394  139  
395  139  
396  139  
397  139  
398  139  
399  139  
400  139  
401  139  
402  139  
403  139  
404  139  
405  139  
406  139  
407  139  
408  139  
127  139  
128  139  
129  139  
130  139  
131  139  
132  139  
133  139  
134  139  
135  139  
136  139  
137  139  
138  139  
139  139  
140  139  
141  139  
142  139  
143  139  
144  139  
145  139  
146  139  
147  139  
148  139  
149  139  
150  139  
151  139  
152  139  
153  139  
154  139  
155  139  
156  139  
157  139  
158  139  
159  139  
160  139  
161  139  
162  139  
163  139  
164  139  
165  139  
166  139  
167  139  
168  139  
169  139  
170  139  
171  139  
172  139  
173  139  
174  139  
175  139  
176  139  
177  139  
178  139  
179  139  
180  139  
181  139  
182  139  
183  139  
184  139  
185  139  
186  139  
187  139  
188  139  
189  139  
190  139  
191  139  
192  139  
193  139  
194  139  
195  139  
196  139  
197  139  
198  139  
199  139  
200  139  
201  139  
202  139  
203  139  
204  139  
205  139  
206  139  
207  139  
208  139  
209  139  
210  139  
211  139  
212  139  
213  139  
214  139  
215  139  
216  140  
217  140  
218  140  
219  140  
220  140  
221  140  
222  140  
223  140  
224  140  
225  140  
226  140  
227  140  
228  140  
229  140  
230  140  
231  140  
232  140  
233  140  
234  140  
235  140  
236  140  
237  140  
238  140  
239  140  
240  140  
241  140  
242  140  
243  140  
244  140  
245  140  
246  140  
247  140  
248  140  
249  140  
250  140  
251  140  
252  140  
253  140  
254  140  
255  140  
256  140  
257  140  
258  140  
259  140  
260  140  
261  140  
262  140  
263  140  
264  140  
265  140  
266  140  
267  140  
268  140  
269  140  
270  140  
271  140  
272  140  
273  140  
274  140  
275  140  
276  140  
277  140  
278  140  
279  140  
280  140  
281  140  
282  140  
283  140  
284  140  
285  140  
286  140  
287  140  
288  140  
289  140  
290  140  
291  140  
292  140  
293  140  
294  140  
295  140  
296  140  
297  140  
298  140  
299  140  
300  141  
301  141  
302  141  
303  141  
304  141  
305  141  
306  141  
307  141  
308  141  
309  141  
310  141  
311  141  
312  141  
313  141  
314  142  
315  142  
316  142  
317  142  
318  142  
319  142  
320  142  
321  142  
322  142  
323  142  
324  142  
325  142  
326  142  
327  142  
328  142  
329  142  
330  142  
331  143  
332  143  
333  143  
334  143  
335  143  
336  143  
337  143  
338  143  
339  143  
340  143  
341  143  
342  143  
343  144  
344  144  
345  144  
346  144  
347  144  
348  144  
349  144  
350  145  
351  145  
352  145  
353  145  
354  145  
355  145  
356  145  
357  145  
358  146  
359  146  
360  146  
361  146  
362  146  
363  146  
172  167  
198  167  
199  167  
171  168  
173  168  
174  168  
175  168  
176  168  
177  168  
178  168  
179  168  
180  168  
181  168  
182  168  
183  168  
184  168  
185  168  
186  168  
187  168  
188  168  
189  168  
190  168  
191  168  
192  168  
193  168  
194  168  
195  168  
196  168  
197  168  
200  168  
32  168  
33  168  
34  168  
35  168  
36  168  
37  168  
38  168  
39  168  
40  168  
41  168  
42  168  
43  168  
44  168  
45  168  
46  168  
47  168  
48  168  
49  168  
50  168  
51  168  
52  168  
53  168  
54  168  
55  168  
56  168  
57  168  
58  168  
59  168  
60  168  
61  168  
62  168  
63  168  
64  168  
65  168  
66  168  
67  168  
68  168  
69  168  
70  168  
71  168  
72  168  
73  168  
74  168  
75  168  
76  168  
77  168  
78  168  
79  168  
80  168  
81  168  
82  168  
83  168  
84  168  
85  168  
86  168  
87  168  
88  168  
89  168  
90  168  
91  168  
92  168  
93  168  
94  168  
95  168  
96  168  
97  168  
98  168  
99  168  
100  168  
101  168  
102  168  
103  168  
104  168  
105  168  
106  168  
107  168  
108  168  
109  168  
110  168  
111  168  
112  168  
113  168  
114  168  
115  168  
116  168  
117  168  
118  168  
119  168  
120  168  
121  168  
122  168  
123  168  
124  168  
125  168  
126  168  
127  168  
128  168  
129  168  
130  168  
131  168  
132  168  
133  168  
322  168  
323  168  
324  168  
325  168  
326  168  
327  168  
328  168  
329  168  
330  168  
331  168  
332  168  
333  168  
334  168  
335  168  
336  168  
337  168  
338  168  
339  168  
340  168  
341  168  
342  168  
343  168  
344  168  
345  168  
346  168  
347  168  
348  168  
349  168  
350  169  
351  169  
352  169  
353  169  
354  169  
355  169  
356  169  
357  169  
358  169  
359  169  
360  169  
361  169  
362  169  
363  169  
364  169  
365  169  
366  169  
367  169  
368  169  
335  180  
334  181  
332  182  
333  182  
331  183  
329  184  
330  184  
328  185  
326  186  
327  186  
325  187  
323  188  
324  188  
321  189  
322  189  
319  190  
320  190  
317  191  
318  191  
315  192  
316  192  
313  193  
314  193  
311  194  
312  194  
310  195  
425  183  
425  184  
425  185  
425  186  
425  187  
425  188  
424  189  
424  190  
424  191  
424  192  
424  193  
423  194  
423  195  
423  196  
423  197  
422  198  
422  199  
422  200  
422  201  
422  202  
421  203  
421  204  
421  205  
421  206  
420  207  
420  208  
420  209  
419  210  
419  211  
419  212  
419  213  
418  214  
418  215  
418  216  
418  217  
418  218  
420  186  
420  187  
420  188  
420  189  
419  190  
419  191  
419  192  
419  193  
418  194  
418  195  
418  196  
418  197  
417  198  
417  199  
417  200  
417  201  
417  202  
416  203  
416  204  
416  205  
416  206  
415  207  
415  208  
415  209  
415  210  
414  211  
414  212  
414  213  
414  214  
413  215  
413  216  
413  217  
413  218  
412  219  
412  220  
412  221  
412  222  
411  223  
411  224  
411  225  
411  226  
411  227  
410  228  
410  229  
410  230  
410  231  
409  232  
409  233  
409  234  
408  235  
408  236  
408  237  
407  238  
407  239  
407  240  
357  194  
356  195  
355  196  
355  197  
354  198  
353  199  
353  200  
352  201  
351  202  
351  203  
350  204  
349  205  
348  206  
347  207  
346  208  
345  209  
344  210  
343  211  
342  212  
340  213  
341  213  
339  214  
338  215  
336  216  
337  216  
335  217  
334  218  
333  219  
331  220  
332  220  
330  221  
329  222  
327  223  
328  223  
326  224  
325  225  
323  226  
324  226  
322  227  
354  225  
353  226  
352  227  
351  228  
351  229  
350  230  
349  231  
348  232  
347  233  
346  234  
346  235  
345  236  
344  237  
343  238  
342  239  
341  240  
340  241  
339  242  
338  243  
337  244  
337  245  
305  260  
305  261  
306  262  
306  263  
306  264  
306  265  
306  266  
306  267  
306  268  
306  269  
306  270  
306  271  
306  272  
306  273  
306  274  
306  275  
306  276  
306  277  
306  278  
306  279  
306  280  
306  281  
306  282  
306  283  
307  284  
387  281  
388  281  
389  281  
390  281  
384  282  
385  282  
386  282  
378  283  
379  283  
380  283  
381  283  
382  283  
383  283  
369  284  
370  284  
371  284  
372  284  
373  284  
374  284  
375  284  
376  284  
377  284  
360  285  
361  285  
362  285  
363  285  
364  285  
365  285  
366  285  
367  285  
368  285  
353  286  
354  286  
355  286  
356  286  
357  286  
358  286  
359  286  
345  287  
346  287  
347  287  
348  287  
349  287  
350  287  
351  287  
352  287  
336  288  
337  288  
338  288  
339  288  
328  289  
329  289  
330  289  
331  289  
332  289  
333  289  
334  289  
335  289  
314  290  
315  290  
316  290  
317  290  
318  290  
319  290  
320  290  
321  290  
322  290  
323  290  
324  290  
325  290  
326  290  
327  290  
380  288  
381  288  
373  289  
374  289  
375  289  
376  289  
377  289  
378  289  
379  289  
362  290  
363  290  
364  290  
365  290  
366  290  
367  290  
368  290  
369  290  
370  290  
371  290  
372  290  
343  291  
344  291  
349  291  
350  291  
351  291  
352  291  
353  291  
354  291  
355  291  
356  291  
357  291  
358  291  
359  291  
360  291  
361  291  
345  292  
346  292  
347  292  
348  292  
299  292  
300  292  
301  292  
302  292  
303  292  
304  292  
305  292  
285  293  
286  293  
287  293  
288  293  
289  293  
290  293  
291  293  
292  293  
293  293  
294  293  
295  293  
296  293  
297  293  
298  293  
274  294  
275  294  
276  294  
277  294  
278  294  
279  294  
280  294  
281  294  
282  294  
283  294  
284  294  
261  295  
262  295  
263  295  
264  295  
265  295  
266  295  
267  295  
268  295  
269  295  
270  295  
271  295  
272  295  
273  295  
253  296  
254  296  
255  296  
256  296  
257  296  
258  296  
259  296  
260  296  
245  297  
246  297  
247  297  
248  297  
249  297  
250  297  
251  297  
252  297  
299  296  
300  296  
301  296  
302  296  
303  296  
304  296  
305  296  
306  296  
307  296  
308  296  
309  296  
310  296  
311  296  
290  297  
291  297  
292  297  
293  297  
294  297  
295  297  
296  297  
297  297  
298  297  
326  297  
327  297  
328  297  
329  297  
319  298  
320  298  
321  298  
322  298  
323  298  
324  298  
325  298  
299  299  
300  299  
301  299  
302  299  
303  299  
304  299  
305  299  
306  299  
307  299  
308  299  
309  299  
310  299  
311  299  
312  299  
313  299  
314  299  
315  299  
316  299  
317  299  
318  299  
283  300  
284  300  
285  300  
286  300  
287  300  
288  300  
289  300  
290  300  
291  300  
292  300  
293  300  
294  300  
295  300  
296  300  
297  300  
298  300  
276  301  
277  301  
278  301  
279  301  
280  301  
281  301  
282  301  
266  302  
267  302  
268  302  
269  302  
270  302  
271  302  
272  302  
273  302  
274  302  
275  302  
258  303  
259  303  
260  303  
261  303  
262  303  
263  303  
264  303  
265  303  
249  304  
250  304  
251  304  
252  304  
253  304  
254  304  
255  304  
256  304  
257  304  
242  305  
243  305  
244  305  
245  305  
246  305  
247  305  
248  305  
231  306  
232  306  
233  306  
234  306  
235  306  
236  306  
237  306  
238  306  
239  306  
240  306  
241  306  
218  307  
219  307  
220  307  
221  307  
222  307  
223  307  
224  307  
225  307  
226  307  
227  307  
228  307  
229  307  
230  307  
208  308  
209  308  
210  308  
211  308  
212  308  
213  308  
214  308  
215  308  
216  308  
217  308  
202  309  
203  309  
204  309  
205  309  
206  309  
207  309  
211  298  
212  298  
213  298  
214  298  
215  298  
216  298  
217  298  
204  299  
205  299  
206  299  
207  299  
208  299  
209  299  
210  299  
197  300  
198  300  
199  300  
200  300  
201  300  
202  300  
203  300  
191  301  
192  301  
193  301  
194  301  
195  301  
196  301  
276  298  
277  298  
278  298  
279  298  
280  298  
281  298  
282  298  
283  298  
284  298  
285  298  
268  299  
269  299  
270  299  
271  299  
272  299  
273  299  
274  299  
275  299  
258  300  
259  300  
260  300  
261  300  
262  300  
263  300  
264  300  
265  300  
266  300  
267  300  
247  301  
248  301  
249  301  
250  301  
251  301  
252  301  
253  301  
254  301  
255  301  
256  301  
257  301  
239  302  
240  302  
241  302  
242  302  
243  302  
244  302  
245  302  
246  302  
227  303  
228  303  
229  303  
230  303  
231  303  
232  303  
233  303  
234  303  
235  303  
236  303  
237  303  
238  303  
342  300  
342  301  
343  302  
343  303  
343  304  
343  305  
343  306  
343  307  
343  308  
343  309  
343  310  
343  311  
343  312  
343  313  
343  314  
344  315  
344  316  
344  317  
344  318  
344  319  
344  320  
344  321  
344  322  
344  323  
344  324  
344  325  
344  326  
344  327  
344  328  
344  329  
344  330  
344  331  
344  332  
344  333  
344  334  
345  335  
345  336  
345  337  
345  338  
345  339  
345  340  
345  341  
345  342  
345  343  
345  344  
345  345  
345  346  
345  347  
345  348  
345  349  
345  350  
346  351  
346  352  
346  353  
346  354  
346  355  
346  356  
346  357  
346  358  
346  359  
346  360  
346  361  
346  362  
346  363  
346  364  
347  365  
347  366  
347  367  
347  368  
347  369  
347  370  
347  371  
347  372  
347  373  
347  374  
347  375  
347  376  
347  377  
347  378  
347  379  
348  380  
348  381  
348  382  
348  383  
348  384  
348  385  
348  386  
348  387  
348  388  
348  389  
348  390  
348  391  
348  392  
348  393  
348  394  
349  395  
349  396  
349  397  
349  398  
349  399  
349  400  
349  401  
349  402  
349  403  
349  404  
349  405  
349  406  
349  407  
349  408  
350  409  
350  410  
350  411  
350  412  
350  413  
350  414  
350  415  
350  416  
350  417  
350  418  
350  419  
350  420  
350  421  
350  422  
350  423  
350  424  
351  425  
351  426  
351  427  
351  428  
351  429  
351  430  
351  431  
351  432  
351  433  
351  434  
351  435  
351  436  
351  437  
352  438  
352  439  
352  440  
352  441  
352  442  
352  443  
352  444  
352  445  
352  446  
352  447  
352  448  
352  449  
352  450  
352  451  
352  452  
352  453  
352  454  
352  455  
352  456  
352  457  
353  458  
353  459  
353  460  
353  461  
353  462  
353  463  
353  464  
353  465  
353  466  
353  467  
353  468  
353  469  
354  470  
354  471  
354  472  
354  473  
354  474  
354  475  
355  476  
355  477  
296  302  
297  302  
286  303  
287  303  
288  303  
289  303  
290  303  
291  303  
292  303  
293  303  
294  303  
295  303  
278  304  
279  304  
280  304  
281  304  
282  304  
283  304  
284  304  
285  304  
269  305  
270  305  
271  305  
272  305  
273  305  
274  305  
275  305  
276  305  
277  305  
261  306  
262  306  
263  306  
264  306  
265  306  
266  306  
267  306  
268  306  
255  307  
256  307  
257  307  
258  307  
259  307  
260  307  
249  308  
250  308  
251  308  
252  308  
253  308  
254  308  
248  309  
247  310  
247  311  
248  312  
249  312  
376  303  
376  304  
376  305  
376  306  
376  307  
376  308  
377  309  
377  310  
377  311  
377  312  
377  313  
377  314  
377  315  
377  316  
377  317  
378  318  
378  319  
378  320  
378  321  
378  322  
378  323  
378  324  
378  325  
378  326  
378  327  
378  328  
379  329  
379  330  
379  331  
379  332  
379  333  
379  334  
379  335  
379  336  
379  337  
379  338  
379  339  
379  340  
379  341  
380  342  
380  343  
380  344  
380  345  
380  346  
380  347  
380  348  
380  349  
380  350  
380  351  
380  352  
380  353  
380  354  
381  355  
381  356  
381  357  
381  358  
381  359  
381  360  
381  361  
381  362  
381  363  
381  364  
381  365  
381  366  
381  367  
382  368  
382  369  
382  370  
382  371  
382  372  
382  373  
382  374  
382  375  
382  376  
382  377  
382  378  
382  379  
382  380  
383  381  
383  382  
383  383  
383  384  
383  385  
383  386  
383  387  
383  388  
383  389  
383  390  
383  391  
383  392  
383  393  
383  394  
384  395  
384  396  
384  397  
384  398  
384  399  
384  400  
384  401  
384  402  
384  403  
384  404  
384  405  
384  406  
384  407  
385  408  
385  409  
385  410  
385  411  
385  412  
385  413  
385  414  
385  415  
385  416  
385  417  
385  418  
385  419  
385  420  
386  421  
386  422  
386  423  
386  424  
386  425  
386  426  
386  427  
386  428  
386  429  
386  430  
386  431  
386  432  
386  433  
387  434  
387  435  
387  436  
387  437  
387  438  
387  439  
387  440  
387  441  
387  442  
387  443  
387  444  
387  445  
387  446  
388  447  
388  448  
388  449  
388  450  
388  451  
388  452  
388  453  
388  454  
388  455  
388  456  
388  457  
388  458  
388  459  
389  460  
389  461  
389  462  
389  463  
389  464  
389  465  
389  466  
389  467  
389  468  
389  469  
389  470  
389  471  
390  472  
390  473  
390  474  
390  475  
390  476  
390  477  
390  478  
390  479  
390  480  
390  481  
390  482  
390  483  
391  484  
391  485  
391  486  
391  487  
391  488  
391  489  
391  490  
391  491  
391  492  
391  493  
391  494  
391  495  
392  496  
392  497  
392  498  
392  499  
392  500  
392  501  
392  502  
392  503  
392  504  
392  505  
392  506  
392  507  
392  508  
393  509  
393  510  
393  511  
393  512  
393  513  
393  514  
393  515  
393  516  
393  517  
393  518  
393  519  
393  520  
394  521  
394  522  
394  523  
394  524  
394  525  
394  526  
394  527  
394  528  
394  529  
394  530  
394  531  
394  532  
395  533  
395  534  
395  535  
395  536  
395  537  
395  538  
395  539  
395  540  
395  541  
395  542  
395  543  
396  544  
396  545  
396  546  
396  547  
396  548  
396  549  
396  550  
396  551  
396  552  
396  553  
396  554  
396  555  
397  556  
397  557  
397  558  
397  559  
397  560  
397  561  
397  562  
397  563  
397  564  
397  565  
397  566  
397  567  
397  568  
397  569  
397  570  
398  571  
398  572  
398  573  
398  574  
398  575  
398  576  
398  577  
398  578  
398  579  
398  580  
398  581  
398  582  
398  583  
399  584  
399  585  
399  586  
399  587  
399  588  
399  589  
399  590  
399  591  
399  592  
399  593  
399  594  
399  595  
399  596  
399  597  
399  598  
399  599  
399  600  
400  601  
400  602  
400  603  
400  604  
400  605  
400  606  
400  607  
400  608  
336  304  
336  305  
337  306  
337  307  
337  308  
337  309  
337  310  
337  311  
337  312  
337  313  
337  314  
337  315  
337  316  
337  317  
337  318  
337  319  
337  320  
337  321  
337  322  
337  323  
337  324  
337  325  
337  326  
337  327  
337  328  
337  329  
337  330  
338  331  
338  332  
338  333  
338  334  
338  335  
338  336  
338  337  
338  338  
338  339  
338  340  
338  341  
339  342  
339  343  
339  344  
339  345  
339  346  
339  347  
339  348  
339  349  
339  350  
339  351  
339  352  
339  353  
339  354  
339  355  
339  356  
339  357  
340  358  
340  359  
340  360  
340  361  
340  362  
340  363  
340  364  
340  365  
340  366  
340  367  
340  368  
340  369  
341  370  
341  371  
341  372  
341  373  
341  374  
341  375  
341  376  
341  377  
341  378  
341  379  
341  380  
341  381  
341  382  
341  383  
341  384  
341  385  
342  386  
342  387  
342  388  
342  389  
342  390  
342  391  
342  392  
342  393  
342  394  
342  395  
342  396  
342  397  
342  398  
342  399  
342  400  
342  401  
343  402  
343  403  
343  404  
343  405  
343  406  
343  407  
343  408  
343  409  
343  410  
343  411  
343  412  
343  413  
343  414  
343  415  
343  416  
343  417  
343  418  
343  419  
344  420  
344  421  
344  422  
344  423  
344  424  
344  425  
344  426  
344  427  
344  428  
344  429  
344  430  
344  431  
344  432  
344  433  
344  434  
344  435  
345  436  
345  437  
345  438  
345  439  
294  305  
294  306  
294  307  
295  308  
294  309  
294  310  
294  311  
294  312  
294  313  
295  314  
295  315  
295  316  
295  317  
295  318  
295  319  
295  320  
295  321  
295  322  
296  323  
297  323  
298  323  
299  323  
373  311  
373  312  
373  313  
373  314  
373  315  
373  316  
373  317  
373  318  
373  319  
374  320  
374  321  
374  322  
374  323  
374  324  
374  325  
374  326  
374  327  
374  328  
375  329  
375  330  
375  331  
375  332  
375  333  
375  334  
375  335  
375  336  
375  337  
375  338  
375  339  
375  340  
376  341  
376  342  
376  343  
376  344  
376  345  
376  346  
376  347  
376  348  
376  349  
376  350  
376  351  
376  352  
376  353  
377  354  
377  355  
377  356  
377  357  
377  358  
377  359  
377  360  
377  361  
377  362  
377  363  
377  364  
377  365  
377  366  
378  367  
378  368  
378  369  
378  370  
378  371  
378  372  
378  373  
378  374  
378  375  
378  376  
378  377  
378  378  
378  379  
378  380  
378  381  
378  382  
379  383  
379  384  
379  385  
379  386  
379  387  
379  388  
379  389  
379  390  
379  391  
379  392  
379  393  
379  394  
380  395  
380  396  
380  397  
380  398  
380  399  
380  400  
380  401  
380  402  
380  403  
380  404  
380  405  
380  406  
380  407  
380  408  
381  409  
381  410  
381  411  
381  412  
381  413  
381  414  
381  415  
381  416  
381  417  
381  418  
381  419  
381  420  
382  421  
382  422  
382  423  
382  424  
382  425  
382  426  
382  427  
382  428  
382  429  
382  430  
382  431  
382  432  
383  433  
383  434  
383  435  
383  436  
383  437  
383  438  
383  439  
383  440  
383  441  
383  442  
383  443  
383  444  
383  445  
383  446  
384  447  
384  448  
384  449  
384  450  
384  451  
384  452  
384  453  
384  454  
384  455  
384  456  
384  457  
384  458  
384  459  
385  460  
385  461  
385  462  
385  463  
385  464  
385  465  
385  466  
385  467  
385  468  
385  469  
385  470  
386  471  
386  472  
386  473  
386  474  
386  475  
386  476  
386  477  
386  478  
386  479  
386  480  
386  481  
386  482  
386  483  
387  484  
387  485  
387  486  
387  487  
387  488  
387  489  
387  490  
387  491  
387  492  
387  493  
387  494  
387  495  
387  496  
388  497  
388  498  
388  499  
388  500  
388  501  
388  502  
388  503  
388  504  
388  505  
388  506  
388  507  
388  508  
388  509  
388  510  
389  511  
389  512  
389  513  
389  514  
389  515  
389  516  
389  517  
389  518  
389  519  
389  520  
389  521  
389  522  
390  523  
390  524  
390  525  
390  526  
390  527  
390  528  
390  529  
390  530  
390  531  
390  532  
390  533  
390  534  
391  535  
391  536  
391  537  
391  538  
391  539  
391  540  
391  541  
391  542  
391  543  
391  544  
391  545  
392  546  
392  547  
392  548  
392  549  
392  550  
392  551  
392  552  
392  553  
392  554  
392  555  
392  556  
392  557  
392  558  
392  559  
392  560  
392  561  
392  562  
393  563  
393  564  
393  565  
393  566  
393  567  
393  568  
393  569  
393  570  
393  571  
393  572  
393  573  
393  574  
393  575  
393  576  
393  577  
393  578  
393  579  
393  580  
393  581  
393  582  
393  583  
393  584  
393  585  
393  586  
394  587  
394  588  
394  589  
394  590  
394  591  
394  592  
394  593  
394  594  
394  595  
394  596  
394  597  
394  598  
395  599  
395  600  
395  601  
395  602  
395  603  
395  604  
395  605  
395  606  
395  607  
395  608  
381  312  
381  313  
381  314  
382  315  
382  316  
382  317  
382  318  
382  319  
382  320  
382  321  
382  322  
382  323  
382  324  
382  325  
382  326  
382  327  
382  328  
383  329  
383  330  
383  331  
383  332  
383  333  
383  334  
383  335  
383  336  
383  337  
383  338  
383  339  
383  340  
383  341  
384  342  
384  343  
384  344  
384  345  
384  346  
384  347  
384  348  
384  349  
384  350  
384  351  
384  352  
384  353  
384  354  
384  355  
384  356  
385  357  
385  358  
385  359  
385  360  
385  361  
385  362  
385  363  
385  364  
385  365  
385  366  
385  367  
386  368  
386  369  
386  370  
386  371  
386  372  
386  373  
386  374  
386  375  
386  376  
386  377  
386  378  
386  379  
386  380  
386  381  
386  382  
386  383  
387  384  
387  385  
387  386  
387  387  
387  388  
387  389  
387  390  
387  391  
387  392  
387  393  
387  394  
387  395  
387  396  
387  397  
387  398  
388  399  
388  400  
388  401  
388  402  
388  403  
388  404  
388  405  
388  406  
388  407  
388  408  
388  409  
389  410  
389  411  
389  412  
389  413  
389  414  
389  415  
389  416  
389  417  
389  418  
389  419  
389  420  
389  421  
389  422  
389  423  
389  424  
390  425  
390  426  
390  427  
390  428  
390  429  
390  430  
390  431  
390  432  
390  433  
390  434  
390  435  
390  436  
390  437  
390  438  
390  439  
391  440  
391  441  
391  442  
391  443  
391  444  
391  445  
391  446  
391  447  
391  448  
391  449  
391  450  
391  451  
391  452  
391  453  
392  454  
392  455  
392  456  
392  457  
392  458  
392  459  
392  460  
392  461  
392  462  
392  463  
392  464  
392  465  
392  466  
392  467  
393  468  
393  469  
393  470  
393  471  
393  472  
393  473  
393  474  
393  475  
393  476  
393  477  
394  478  
394  479  
394  480  
394  481  
394  482  
394  483  
394  484  
394  485  
394  486  
394  487  
394  488  
394  489  
394  490  
395  491  
395  492  
395  493  
395  494  
395  495  
395  496  
395  497  
395  498  
395  499  
395  500  
395  501  
395  502  
396  503  
396  504  
396  505  
396  506  
396  507  
396  508  
396  509  
396  510  
396  511  
396  512  
396  513  
397  514  
397  515  
397  516  
397  517  
397  518  
397  519  
397  520  
397  521  
397  522  
397  523  
398  524  
398  525  
398  526  
398  527  
398  528  
398  529  
398  530  
398  531  
398  532  
398  533  
399  534  
399  535  
399  536  
399  537  
399  538  
399  539  
399  540  
399  541  
399  542  
400  543  
400  544  
400  545  
400  546  
400  547  
400  548  
400  549  
400  550  
400  551  
400  552  
400  553  
400  554  
400  555  
400  556  
400  557  
401  558  
401  559  
401  560  
401  561  
401  562  
401  563  
401  564  
401  565  
401  566  
401  567  
401  568  
402  569  
402  570  
402  571  
402  572  
402  573  
402  574  
194  317  
194  318  
194  319  
194  320  
194  321  
194  322  
194  323  
194  324  
194  325  
194  326  
194  327  
194  328  
194  329  
194  330  
194  331  
194  332  
194  333  
194  334  
194  335  
194  336  
194  337  
194  338  
194  339  
194  340  
194  341  
194  342  
194  343  
194  344  
194  345  
194  346  
194  347  
194  348  
194  349  
194  350  
194  351  
194  352  
194  353  
194  354  
194  355  
194  356  
194  357  
194  358  
194  359  
194  360  
194  361  
194  362  
194  363  
194  364  
194  365  
194  366  
194  367  
194  368  
194  369  
194  370  
194  371  
194  372  
194  373  
194  374  
194  375  
194  376  
194  377  
194  378  
194  379  
194  380  
194  381  
194  382  
194  383  
194  384  
306  326  
306  327  
306  328  
306  329  
306  330  
306  331  
306  332  
306  333  
306  334  
306  335  
306  336  
306  337  
306  338  
306  339  
306  340  
306  341  
306  342  
306  343  
306  344  
306  345  
306  346  
189  382  
189  383  
189  384  
189  385  
189  386  
189  387  
189  388  
189  389  
189  390  
189  391  
189  392  
189  393  
189  394  
189  395  
189  396  
189  397  
189  398  
189  399  
189  400  
189  401  
190  402  
190  403  
271  382  
272  382  
273  383  
274  383  
275  383  
276  383  
277  383  
278  383  
279  383  
280  383  
281  383  
282  383  
283  383  
284  383  
285  383  
286  383  
287  383  
288  383  
289  383  
290  383  
291  383  
292  383  
293  383  
294  383  
295  383  
296  383  
297  383  
298  383  
225  388  
226  388  
227  388  
228  388  
229  388  
230  388  
231  388  
232  388  
233  388  
234  388  
235  388  
236  388  
237  388  
238  388  
239  388  
240  388  
241  388  
242  388  
243  388  
244  388  
245  388  
246  388  
247  388  
248  388  
249  388  
362  393  
362  394  
362  395  
362  396  
362  397  
362  398  
362  399  
363  400  
363  401  
363  402  
363  403  
363  404  
363  405  
363  406  
363  407  
363  408  
364  409  
364  410  
364  411  
364  412  
364  413  
364  414  
364  415  
364  416  
243  400  
243  401  
243  402  
242  403  
242  404  
242  405  
242  406  
242  407  
242  408  
242  409  
242  410  
242  411  
242  412  
242  413  
242  414  
242  415  
242  416  
242  417  
243  418  
243  419  
243  420  
243  421  
243  422  
198  406  
198  407  
198  408  
198  409  
198  410  
198  411  
198  412  
198  413  
198  414  
198  415  
198  416  
198  417  
198  418  
198  419  
198  420  
198  421  
198  422  
198  423  
198  424  
198  425  
198  426  
198  427  
198  428  
198  429  
198  430  
198  431  
198  432  
198  433  
198  434  
198  435  
198  436  
198  437  
190  408  
190  409  
189  410  
189  411  
189  412  
189  413  
189  414  
189  415  
189  416  
189  417  
189  418  
189  419  
189  420  
189  421  
189  422  
189  423  
189  424  
189  425  
189  426  
189  427  
189  428  
189  429  
189  430  
189  431  
189  432  
189  433  
189  434  
189  435  
189  436  
189  437  
189  438  
189  439  
189  440  
189  441  
189  442  
189  443  
189  444  
189  445  
189  446  
189  447  
189  448  
189  449  
189  450  
189  451  
189  452  
189  453  
189  454  
189  455  
189  456  
189  457  
189  458  
189  459  
189  460  
189  461  
189  462  
189  463  
189  464  
189  465  
189  466  
189  467  
189  468  
189  469  
189  470  
189  471  
189  472  
189  473  
189  474  
189  475  
189  476  
189  477  
189  478  
189  479  
189  480  
189  481  
189  482  
189  483  
189  484  
189  485  
189  486  
189  487  
189  488  
189  489  
189  490  
189  491  
189  492  
189  493  
189  494  
189  495  
189  496  
189  497  
189  498  
189  499  
189  500  
189  501  
189  502  
189  503  
189  504  
189  505  
189  506  
189  507  
189  508  
189  509  
189  510  
189  511  
189  512  
189  513  
189  514  
189  515  
189  516  
189  517  
189  518  
189  519  
189  520  
189  521  
189  522  
189  523  
189  524  
189  525  
189  526  
189  527  
189  528  
189  529  
189  530  
189  531  
189  532  
189  533  
189  534  
189  535  
189  536  
189  537  
189  538  
189  539  
189  540  
189  541  
189  542  
189  543  
189  544  
189  545  
189  546  
189  547  
189  548  
189  549  
189  550  
189  551  
189  552  
189  553  
189  554  
189  555  
189  556  
189  557  
189  558  
189  559  
189  560  
189  561  
189  562  
189  563  
189  564  
189  565  
189  566  
189  567  
189  568  
189  569  
189  570  
189  571  
189  572  
189  573  
189  574  
189  575  
189  576  
189  577  
189  578  
189  579  
189  580  
189  581  
189  582  
189  583  
189  584  
189  585  
189  586  
189  587  
189  588  
189  589  
189  590  
189  591  
189  592  
189  593  
189  594  
189  595  
189  596  
189  597  
189  598  
189  599  
189  600  
189  601  
189  602  
189  603  
189  604  
189  605  
189  606  
189  607  
189  608  
194  425  
194  426  
194  427  
194  428  
194  429  
194  430  
194  431  
194  432  
194  433  
194  434  
194  435  
194  436  
194  437  
194  438  
194  439  
194  440  
194  441  
194  442  
194  443  
194  444  
285  426  
285  427  
285  428  
285  429  
285  430  
285  431  
285  432  
285  433  
286  434  
286  435  
286  436  
286  437  
286  438  
286  439  
286  440  
286  441  
286  442  
286  443  
286  444  
286  445  
286  446  
286  447  
286  448  
286  449  
286  450  
287  451  
287  452  
287  453  
287  454  
287  455  
345  442  
345  443  
345  444  
345  445  
345  446  
345  447  
345  448  
345  449  
345  450  
345  451  
345  452  
346  453  
346  454  
346  455  
346  456  
346  457  
346  458  
346  459  
346  460  
346  461  
346  462  
346  463  
346  464  
346  465  
346  466  
346  467  
346  468  
346  469  
346  470  
346  471  
346  472  
346  473  
346  474  
347  475  
347  476  
347  477  
347  478  
347  479  
347  480  
347  481  
347  482  
347  483  
347  484  
347  485  
347  486  
348  487  
348  488  
348  489  
348  490  
348  491  
348  492  
348  493  
348  494  
348  495  
348  496  
348  497  
348  498  
348  499  
348  500  
348  501  
348  502  
349  503  
349  504  
349  505  
349  506  
349  507  
349  508  
349  509  
349  510  
349  511  
349  512  
349  513  
349  514  
349  515  
349  516  
349  517  
349  518  
349  519  
349  520  
349  521  
350  522  
350  523  
350  524  
350  525  
350  526  
350  527  
350  528  
350  529  
350  530  
350  531  
350  532  
350  533  
350  534  
350  535  
351  536  
351  537  
351  538  
351  539  
351  540  
351  541  
351  542  
351  543  
351  544  
351  545  
351  546  
351  547  
351  548  
352  549  
352  550  
352  551  
352  552  
352  553  
352  554  
352  555  
352  556  
352  557  
352  558  
352  559  
352  560  
352  561  
353  562  
353  563  
353  564  
353  565  
353  566  
353  567  
353  568  
353  569  
353  570  
353  571  
353  572  
353  573  
353  574  
353  575  
353  576  
353  577  
353  578  
353  579  
353  580  
353  581  
353  582  
205  444  
206  444  
207  444  
208  444  
209  444  
210  444  
211  444  
212  444  
213  444  
214  444  
215  444  
216  444  
217  444  
218  444  
219  444  
220  444  
221  444  
222  444  
223  444  
224  444  
225  444  
226  444  
227  444  
228  444  
229  444  
230  444  
231  444  
232  444  
233  444  
234  444  
235  444  
236  444  
237  444  
238  444  
239  444  
240  444  
241  444  
242  444  
243  444  
244  444  
245  444  
246  444  
247  444  
248  444  
249  444  
250  444  
251  444  
252  444  
253  444  
254  444  
255  444  
256  444  
257  444  
258  444  
259  444  
260  444  
261  444  
262  444  
263  444  
264  444  
265  444  
266  444  
267  444  
204  451  
205  451  
206  451  
202  452  
203  452  
207  452  
208  452  
209  452  
210  452  
211  452  
212  452  
213  452  
214  452  
215  452  
216  452  
217  452  
218  452  
219  452  
220  452  
221  452  
222  452  
223  452  
224  452  
225  452  
226  452  
227  452  
228  452  
229  452  
230  452  
231  452  
247  452  
248  452  
249  452  
250  452  
278  452  
246  453  
251  453  
252  453  
253  453  
254  453  
255  453  
256  453  
257  453  
258  453  
259  453  
260  453  
261  453  
262  453  
263  453  
264  453  
265  453  
266  453  
267  453  
268  453  
269  453  
270  453  
271  453  
272  453  
273  453  
274  453  
275  453  
276  453  
277  453  
283  462  
283  463  
284  464  
284  465  
284  466  
284  467  
284  468  
284  469  
284  470  
284  471  
284  472  
284  473  
284  474  
284  475  
284  476  
284  477  
284  478  
284  479  
284  480  
284  481  
284  482  
284  483  
284  484  
284  485  
284  486  
284  487  
284  488  
284  489  
284  490  
284  491  
285  492  
285  493  
285  494  
285  495  
285  496  
285  497  
285  498  
285  499  
285  500  
285  501  
285  502  
285  503  
286  504  
286  505  
286  506  
286  507  
286  508  
286  509  
286  510  
286  511  
286  512  
286  513  
197  463  
197  464  
197  465  
197  466  
197  467  
197  468  
197  469  
197  470  
197  471  
197  472  
197  473  
197  474  
197  475  
197  476  
197  477  
197  478  
197  479  
197  480  
197  481  
197  482  
197  483  
197  484  
197  485  
197  486  
197  487  
197  488  
197  489  
197  490  
197  491  
197  492  
197  493  
197  494  
197  495  
197  496  
197  497  
197  498  
197  499  
197  500  
197  501  
197  502  
197  503  
197  504  
197  505  
197  506  
197  507  
197  508  
197  509  
197  510  
197  511  
197  512  
198  513  
246  467  
246  468  
246  469  
246  470  
246  471  
246  472  
245  473  
245  474  
245  475  
245  476  
245  477  
245  478  
245  479  
245  480  
245  481  
244  482  
244  483  
244  484  
244  485  
244  486  
244  487  
244  488  
244  489  
244  490  
244  491  
244  492  
244  493  
244  494  
244  495  
244  496  
244  497  
244  498  
244  499  
244  500  
255  473  
255  474  
255  475  
255  476  
255  477  
255  478  
255  479  
255  480  
255  481  
255  482  
255  483  
255  484  
255  485  
255  486  
255  487  
254  488  
254  489  
254  490  
254  491  
254  492  
254  493  
254  494  
254  495  
254  496  
254  497  
253  498  
253  499  
253  500  
253  501  
253  502  
253  503  
355  509  
355  510  
355  511  
356  512  
356  513  
356  514  
356  515  
356  516  
356  517  
356  518  
356  519  
356  520  
356  521  
356  522  
357  523  
357  524  
357  525  
357  526  
357  527  
357  528  
357  529  
357  530  
357  531  
357  532  
357  533  
357  534  
357  535  
357  536  
357  537  
357  538  
357  539  
357  540  
357  541  
357  542  
358  543  
358  544  
358  545  
358  546  
358  547  
358  548  
358  549  
358  550  
358  551  
358  552  
358  553  
358  554  
358  555  
202  516  
203  516  
204  516  
205  516  
206  516  
207  516  
208  516  
209  517  
210  517  
211  517  
212  517  
213  517  
214  517  
215  517  
216  517  
217  517  
218  517  
219  517  
220  517  
221  517  
222  517  
223  517  
226  517  
227  517  
228  517  
224  518  
225  518  
229  518  
230  518  
231  518  
232  518  
233  518  
234  518  
235  518  
236  518  
237  518  
238  518  
239  518  
240  518  
241  518  
242  518  
243  518  
244  519  
245  519  
246  519  
247  519  
248  519  
249  519  
250  519  
251  519  
252  519  
253  519  
254  519  
255  519  
256  519  
257  519  
258  519  
259  519  
260  520  
261  520  
262  520  
263  520  
264  520  
265  520  
266  520  
195  523  
195  524  
195  525  
195  526  
195  527  
195  528  
195  529  
195  530  
195  531  
195  532  
195  533  
195  534  
195  535  
195  536  
195  537  
195  538  
195  539  
195  540  
195  541  
195  542  
195  543  
195  544  
195  545  
195  546  
195  547  
195  548  
195  549  
195  550  
195  551  
195  552  
195  553  
195  554  
195  555  
195  556  
195  557  
195  558  
195  559  
195  560  
195  561  
195  562  
195  563  
195  564  
195  565  
195  566  
195  567  
195  568  
195  569  
195  570  
195  571  
195  572  
195  573  
195  574  
195  575  
195  576  
195  577  
195  578  
195  579  
195  580  
195  581  
195  582  
195  583  
195  584  
195  585  
195  586  
195  587  
403  583  
403  584  
403  585  
403  586  
403  587  
403  588  
403  589  
403  590  
403  591  
403  592  
404  593  
404  594  
403  595  
403  596  
403  597  
404  598  
404  599  
404  600  
404  601  
404  602  
404  603  
404  604  
404  605  
404  606  
404  607  
404  608  
354  584  
354  585  
354  586  
354  587  
354  588  
354  589  
354  590  
354  591  
354  592  
354  593  
354  594  
354  595  
354  596  
354  597  
354  598  
354  599  
354  600  
354  601  
355  602  
355  603  
355  604  
355  605  
355  606  
355  607  
355  608  
372  586  
372  587  
372  588  
372  589  
372  590  
372  591  
372  592  
373  593  
373  594  
373  595  
373  596  
373  597  
373  598  
373  599  
373  600  
373  601  
373  602  
374  603  
374  604  
374  605  
374  606  
374  607  
374  608  
362  588  
363  589  
363  590  
363  591  
363  592  
363  593  
363  594  
363  595  
363  596  
363  597  
363  598  
363  599  
363  600  
363  601  
363  602  
364  603  
364  604  
364  605  
364  606  
364  607  
364  608  
195  589  
195  590  
195  591  
195  592  
195  593  
195  594  
195  595  
195  596  
195  597  
195  598  
195  599  
195  600  
195  601  
195  602  
195  603  
195  604  
195  605  
195  606  
195  607  
195  608  
