45  
84  66  40  27  157  181  55  125  102  46  227  30  57  197  45  50  66  40  34  32  27  55  21  132  28  20  26  39  128  68  29  24  145  32  40  38  25  33  77  32  28  22  58  33  23  
46  32  
47  33  
47  34  
48  35  
49  36  
49  37  
50  38  
51  39  
52  40  
52  41  
53  42  
54  43  
55  44  
55  45  
56  46  
57  47  
57  48  
58  49  
59  50  
59  51  
60  52  
61  53  
62  54  
62  55  
63  56  
64  57  
64  58  
65  59  
66  60  
67  61  
67  62  
68  63  
69  64  
70  65  
71  66  
71  67  
72  68  
73  69  
74  70  
75  71  
75  72  
76  73  
77  74  
77  75  
78  76  
79  77  
80  78  
80  79  
81  80  
82  81  
82  82  
83  83  
84  84  
85  85  
85  86  
86  87  
87  88  
88  89  
88  90  
89  91  
90  92  
90  93  
91  94  
92  95  
93  96  
93  97  
94  98  
95  99  
95  100  
96  101  
97  102  
98  103  
99  104  
99  105  
100  106  
101  107  
102  108  
102  109  
103  110  
104  111  
105  112  
106  113  
106  114  
107  115  
73  32  
74  33  
74  34  
75  35  
76  36  
77  37  
77  38  
78  39  
79  40  
80  41  
80  42  
81  43  
82  44  
83  45  
83  46  
84  47  
85  48  
85  49  
86  50  
87  51  
88  52  
88  53  
89  54  
90  55  
90  56  
91  57  
92  58  
93  59  
93  60  
94  61  
95  62  
95  63  
96  64  
97  65  
98  66  
98  67  
99  68  
100  69  
101  70  
101  71  
102  72  
103  73  
103  74  
104  75  
105  76  
106  77  
106  78  
107  79  
108  80  
108  81  
109  82  
110  83  
110  84  
111  85  
112  86  
113  87  
113  88  
114  89  
115  90  
116  91  
116  92  
117  93  
118  94  
119  95  
120  96  
121  97  
137  32  
138  33  
138  34  
139  35  
140  36  
141  37  
141  38  
142  39  
143  40  
144  41  
144  42  
145  43  
146  44  
147  45  
148  46  
149  47  
149  48  
150  49  
151  50  
152  51  
152  52  
153  53  
154  54  
155  55  
155  56  
156  57  
157  58  
158  59  
159  60  
159  61  
160  62  
161  63  
161  64  
162  65  
163  66  
164  67  
164  68  
165  69  
166  70  
167  71  
166  32  
166  33  
167  34  
168  35  
169  36  
169  37  
170  38  
171  39  
172  40  
172  41  
173  42  
174  43  
175  44  
175  45  
176  46  
177  47  
178  48  
178  49  
179  50  
180  51  
181  52  
181  53  
182  54  
183  55  
184  56  
184  57  
185  58  
294  32  
294  33  
295  34  
296  35  
297  36  
298  37  
298  38  
299  39  
300  40  
301  41  
302  42  
302  43  
303  44  
304  45  
305  46  
305  47  
306  48  
307  49  
308  50  
309  51  
310  52  
310  53  
311  54  
312  55  
313  56  
313  57  
314  58  
315  59  
316  60  
317  61  
317  62  
318  63  
319  64  
320  65  
321  66  
321  67  
322  68  
323  69  
324  70  
325  71  
325  72  
326  73  
327  74  
328  75  
329  76  
329  77  
330  78  
331  79  
332  80  
333  81  
333  82  
334  83  
335  84  
336  85  
337  86  
337  87  
338  88  
339  89  
340  90  
341  91  
341  92  
342  93  
343  94  
344  95  
345  96  
346  97  
346  98  
347  99  
348  100  
349  101  
349  102  
350  103  
351  104  
352  105  
353  106  
353  107  
354  108  
355  109  
356  110  
356  111  
357  112  
358  113  
359  114  
360  115  
361  116  
361  117  
362  118  
363  119  
364  120  
365  121  
365  122  
366  123  
367  124  
368  125  
368  126  
369  127  
370  128  
371  129  
372  130  
373  131  
373  132  
374  133  
375  134  
376  135  
377  136  
377  137  
378  138  
379  139  
380  140  
381  141  
382  142  
382  143  
383  144  
384  145  
385  146  
386  147  
386  148  
387  149  
388  150  
389  151  
389  152  
390  153  
391  154  
392  155  
393  156  
393  157  
394  158  
395  159  
396  160  
397  161  
397  162  
398  163  
399  164  
400  165  
401  166  
401  167  
402  168  
403  169  
404  170  
405  171  
405  172  
406  173  
407  174  
408  175  
409  176  
409  177  
410  178  
411  179  
412  180  
412  181  
413  182  
414  182  
415  183  
416  184  
417  185  
417  186  
418  187  
302  32  
303  33  
303  34  
304  35  
305  36  
306  37  
307  38  
307  39  
308  40  
309  41  
310  42  
310  43  
311  44  
312  45  
313  46  
314  47  
314  48  
315  49  
316  50  
317  51  
318  52  
318  53  
319  54  
320  55  
321  56  
322  57  
322  58  
323  59  
324  60  
325  61  
326  62  
326  63  
327  64  
328  65  
329  66  
330  67  
330  68  
331  69  
332  70  
333  71  
334  72  
334  73  
335  74  
336  75  
337  76  
338  77  
338  78  
339  79  
340  80  
341  81  
342  82  
342  83  
343  84  
344  85  
345  86  
346  87  
346  88  
347  89  
348  90  
349  91  
349  92  
350  93  
351  94  
352  95  
353  96  
353  97  
354  98  
355  99  
356  100  
357  101  
357  102  
358  103  
359  104  
360  105  
361  106  
362  107  
362  108  
363  109  
364  110  
365  111  
365  112  
366  113  
367  114  
368  115  
369  116  
370  117  
370  118  
371  119  
372  120  
373  121  
374  122  
374  123  
375  124  
376  125  
377  126  
377  127  
378  128  
379  129  
380  130  
381  131  
381  132  
382  133  
383  134  
384  135  
385  136  
385  137  
386  138  
387  139  
388  140  
389  141  
389  142  
390  143  
391  144  
392  145  
393  146  
393  147  
394  148  
395  149  
396  150  
397  151  
397  152  
398  153  
399  154  
400  155  
401  156  
401  157  
402  158  
403  159  
404  160  
405  161  
406  162  
406  163  
407  164  
408  165  
409  166  
409  167  
410  168  
411  169  
412  170  
413  171  
413  172  
414  173  
415  174  
416  175  
416  176  
417  177  
418  178  
419  179  
420  180  
421  181  
421  182  
422  183  
423  184  
424  185  
424  186  
425  187  
426  188  
427  189  
428  190  
429  191  
429  192  
430  193  
431  194  
432  195  
433  196  
434  197  
435  198  
435  199  
436  200  
437  201  
438  202  
439  203  
440  204  
441  205  
442  206  
443  207  
443  208  
444  209  
445  210  
446  211  
446  212  
317  32  
318  33  
319  34  
319  35  
320  36  
321  37  
322  38  
323  39  
323  40  
324  41  
325  42  
326  43  
327  44  
327  45  
328  46  
329  47  
330  48  
331  49  
331  50  
332  51  
333  52  
334  53  
335  54  
335  55  
336  56  
337  57  
338  58  
339  59  
339  60  
340  61  
341  62  
342  63  
343  64  
344  65  
344  66  
345  67  
346  68  
347  69  
347  70  
348  71  
349  72  
350  73  
351  74  
352  75  
352  76  
353  77  
354  78  
355  79  
355  80  
356  81  
357  82  
358  83  
358  84  
359  85  
359  86  
347  32  
348  33  
349  34  
350  35  
350  36  
351  37  
352  38  
353  39  
354  40  
355  41  
355  42  
356  43  
357  44  
358  45  
359  46  
360  47  
360  48  
361  49  
362  50  
363  51  
364  52  
365  53  
365  54  
366  55  
367  56  
368  57  
369  58  
369  59  
370  60  
371  61  
372  62  
373  63  
374  64  
374  65  
375  66  
376  67  
377  68  
378  69  
379  70  
379  71  
380  72  
381  73  
382  74  
383  75  
383  76  
384  77  
385  78  
386  79  
387  80  
388  81  
389  82  
389  83  
390  84  
391  85  
392  86  
392  87  
393  88  
394  89  
395  90  
396  91  
396  92  
397  93  
398  94  
399  95  
400  96  
400  97  
401  98  
402  99  
403  100  
404  101  
404  102  
405  103  
406  104  
407  105  
408  106  
409  107  
409  108  
410  109  
411  110  
412  111  
413  112  
413  113  
414  114  
415  115  
416  116  
417  117  
417  118  
418  119  
419  120  
420  121  
421  122  
421  123  
422  124  
423  125  
424  126  
425  127  
426  128  
426  129  
427  130  
428  131  
429  132  
430  133  
430  134  
431  135  
432  136  
433  137  
434  138  
434  139  
435  140  
436  141  
437  142  
438  143  
439  144  
439  145  
440  146  
441  147  
442  148  
443  149  
444  150  
444  151  
445  152  
446  153  
447  154  
448  155  
448  156  
366  32  
367  33  
368  34  
368  35  
369  36  
370  37  
371  38  
372  39  
372  40  
373  41  
374  42  
375  43  
376  44  
377  45  
378  46  
378  47  
379  48  
380  49  
381  50  
382  51  
383  52  
383  53  
384  54  
385  55  
386  56  
387  57  
387  58  
388  59  
389  60  
390  61  
391  62  
392  63  
393  64  
393  65  
394  66  
395  67  
396  68  
397  69  
397  70  
398  71  
399  72  
400  73  
400  74  
401  75  
402  76  
403  77  
404  78  
404  79  
405  80  
406  81  
407  82  
408  83  
408  84  
409  85  
410  86  
411  87  
412  88  
412  89  
413  90  
414  91  
415  92  
416  93  
417  94  
417  95  
418  96  
419  97  
420  98  
421  99  
422  100  
422  101  
423  102  
424  103  
425  104  
426  105  
426  106  
427  107  
428  108  
429  109  
430  110  
430  111  
431  112  
432  113  
433  114  
434  115  
435  116  
435  117  
436  118  
437  119  
438  120  
439  121  
439  122  
440  123  
441  124  
442  125  
443  126  
443  127  
444  128  
445  129  
446  130  
447  131  
448  132  
448  133  
395  32  
396  33  
397  34  
398  35  
398  36  
399  37  
400  38  
401  39  
402  40  
403  41  
403  42  
404  43  
405  44  
406  45  
407  46  
408  47  
409  48  
409  49  
410  50  
411  51  
412  52  
413  53  
414  54  
414  55  
415  56  
416  57  
417  58  
418  59  
418  60  
419  61  
420  62  
421  63  
422  64  
423  65  
424  66  
425  67  
425  68  
426  69  
427  70  
428  71  
429  72  
429  73  
430  74  
431  75  
432  76  
433  77  
242  42  
243  43  
244  44  
245  45  
246  46  
247  47  
247  48  
248  49  
249  50  
250  51  
251  52  
251  53  
252  54  
253  55  
254  56  
255  57  
255  58  
256  59  
257  60  
258  61  
258  62  
259  63  
260  64  
261  65  
262  66  
262  67  
263  68  
264  69  
265  70  
265  71  
266  72  
267  73  
268  74  
268  75  
269  76  
270  77  
271  78  
271  79  
272  80  
273  81  
274  82  
275  83  
275  84  
276  85  
277  86  
278  87  
278  88  
279  89  
280  90  
281  91  
281  92  
282  93  
283  94  
284  95  
285  96  
285  97  
286  98  
287  99  
288  100  
288  101  
289  102  
290  103  
291  104  
291  105  
292  106  
293  107  
294  108  
295  109  
295  110  
296  111  
297  112  
298  113  
298  114  
299  115  
300  116  
301  117  
302  118  
302  119  
303  120  
304  121  
305  122  
305  123  
306  124  
307  125  
308  126  
309  127  
309  128  
310  129  
311  130  
312  131  
312  132  
313  133  
314  134  
315  135  
316  136  
316  137  
317  138  
318  139  
318  140  
319  141  
320  142  
321  143  
322  144  
322  145  
323  146  
324  147  
325  148  
325  149  
326  150  
327  151  
328  152  
329  153  
329  154  
330  155  
331  156  
332  157  
332  158  
333  159  
334  160  
335  161  
336  162  
336  163  
337  164  
338  165  
339  166  
339  167  
340  168  
341  169  
342  170  
343  171  
343  172  
344  173  
345  174  
346  175  
346  176  
347  177  
348  178  
349  179  
349  180  
350  181  
351  182  
352  183  
353  184  
353  185  
354  186  
355  187  
356  188  
356  189  
357  190  
358  191  
359  192  
360  193  
360  194  
361  195  
362  196  
363  197  
364  198  
364  199  
365  200  
366  201  
367  202  
367  203  
368  204  
369  205  
370  206  
371  207  
371  208  
372  209  
373  210  
374  211  
375  212  
375  213  
376  214  
377  215  
378  216  
378  217  
379  218  
380  219  
381  220  
381  221  
382  222  
383  223  
384  224  
385  225  
385  226  
386  227  
387  228  
388  229  
388  230  
389  231  
390  232  
391  233  
392  234  
392  235  
393  236  
394  237  
395  238  
395  239  
396  240  
397  241  
398  242  
398  243  
399  244  
400  245  
400  246  
401  247  
402  248  
403  249  
403  250  
404  251  
405  252  
406  253  
406  254  
407  255  
408  256  
409  257  
409  258  
410  259  
411  260  
412  261  
413  262  
414  263  
414  264  
415  265  
416  266  
416  267  
417  268  
226  43  
225  44  
223  45  
224  45  
222  46  
220  47  
221  47  
219  48  
218  49  
216  50  
217  50  
215  51  
213  52  
214  52  
212  53  
210  54  
211  54  
209  55  
208  56  
206  57  
207  57  
205  58  
204  59  
202  60  
203  60  
201  61  
199  62  
200  62  
198  63  
197  64  
315  87  
316  88  
317  89  
318  90  
319  91  
319  92  
320  93  
321  94  
322  95  
323  96  
323  97  
324  98  
325  99  
326  100  
327  101  
327  102  
328  103  
329  104  
330  105  
330  106  
331  107  
332  108  
333  109  
334  110  
334  111  
335  112  
336  113  
337  114  
337  115  
338  116  
339  117  
340  118  
341  119  
341  120  
342  121  
343  122  
344  123  
345  124  
345  125  
346  126  
347  127  
348  128  
348  129  
349  130  
350  131  
351  132  
352  133  
352  134  
353  135  
354  136  
355  137  
355  138  
356  139  
357  140  
358  141  
359  142  
359  143  
271  89  
272  90  
273  91  
274  92  
274  93  
275  94  
276  95  
277  96  
277  97  
278  98  
279  99  
280  100  
281  101  
281  102  
282  103  
283  104  
284  105  
285  106  
285  107  
286  108  
287  109  
288  110  
288  111  
289  112  
290  113  
291  114  
292  115  
292  116  
293  117  
294  118  
295  119  
295  120  
296  121  
297  122  
298  123  
299  124  
299  125  
300  126  
301  127  
302  128  
302  129  
303  130  
304  131  
305  132  
306  133  
306  134  
307  135  
308  136  
309  137  
310  138  
310  139  
311  140  
311  141  
312  142  
313  143  
314  144  
315  145  
315  146  
316  147  
317  148  
318  149  
319  150  
319  151  
320  152  
321  153  
322  154  
323  155  
323  156  
324  157  
325  158  
326  159  
326  160  
327  161  
328  162  
329  163  
330  164  
330  165  
331  166  
332  167  
333  168  
334  169  
334  170  
335  171  
336  172  
336  173  
337  174  
338  175  
339  176  
340  177  
340  178  
341  179  
342  180  
343  181  
344  182  
344  183  
345  184  
346  185  
347  186  
347  187  
348  188  
349  189  
350  190  
350  191  
351  192  
352  193  
353  194  
354  195  
354  196  
355  197  
356  198  
357  199  
357  200  
358  201  
359  202  
360  203  
360  204  
361  205  
362  206  
363  207  
363  208  
364  209  
365  210  
366  211  
366  212  
367  213  
368  214  
369  215  
370  216  
370  217  
371  218  
372  219  
373  220  
373  221  
374  222  
375  223  
376  224  
377  225  
377  226  
378  227  
379  228  
380  229  
380  230  
381  231  
382  232  
383  233  
383  234  
384  235  
385  236  
386  237  
387  238  
388  239  
388  240  
389  241  
390  242  
391  243  
391  244  
392  245  
393  246  
393  247  
394  248  
395  249  
396  250  
397  251  
397  252  
398  253  
399  254  
400  255  
400  256  
401  257  
402  258  
402  259  
403  260  
404  261  
405  262  
406  263  
406  264  
407  265  
408  266  
409  267  
410  268  
410  269  
411  270  
412  271  
413  272  
413  273  
414  274  
415  275  
416  276  
416  277  
417  278  
418  279  
419  280  
420  281  
421  282  
421  283  
422  284  
423  285  
32  103  
33  104  
33  105  
34  106  
35  107  
35  108  
36  109  
37  110  
37  111  
38  112  
39  113  
39  114  
40  115  
41  116  
41  117  
42  118  
43  119  
43  120  
44  121  
45  122  
45  123  
46  124  
47  125  
47  126  
48  127  
49  128  
49  129  
50  130  
51  131  
51  132  
52  133  
53  134  
53  135  
54  136  
55  137  
55  138  
56  139  
57  140  
57  141  
58  142  
59  143  
59  144  
60  145  
61  146  
61  147  
409  146  
410  147  
410  148  
411  149  
412  150  
413  151  
414  152  
414  153  
415  154  
416  155  
417  156  
418  157  
418  158  
419  159  
420  160  
421  161  
422  162  
422  163  
423  164  
424  165  
425  166  
426  167  
426  168  
427  169  
428  170  
429  171  
430  172  
430  173  
431  174  
432  175  
433  176  
434  177  
435  178  
435  179  
436  180  
437  181  
438  182  
439  183  
439  184  
440  185  
441  186  
442  187  
443  188  
443  189  
444  190  
445  191  
446  192  
447  193  
447  194  
448  195  
239  148  
240  149  
241  150  
242  151  
243  152  
243  153  
244  154  
245  155  
246  156  
246  157  
247  158  
248  159  
249  160  
249  161  
250  162  
251  163  
251  164  
252  165  
253  166  
254  167  
255  168  
255  169  
256  170  
257  171  
258  172  
258  173  
259  174  
260  175  
260  176  
261  177  
262  178  
263  179  
264  180  
265  181  
266  182  
266  183  
267  184  
268  185  
269  186  
269  187  
270  188  
271  189  
272  190  
272  191  
273  192  
274  193  
275  194  
275  195  
276  196  
277  197  
278  198  
278  199  
279  200  
280  201  
280  202  
281  203  
282  204  
283  205  
284  206  
284  207  
285  208  
286  209  
286  210  
287  211  
288  212  
289  213  
259  178  
257  179  
258  179  
256  180  
255  181  
253  182  
254  182  
252  183  
250  184  
251  184  
249  185  
247  186  
248  186  
246  187  
244  188  
245  188  
243  189  
241  190  
242  190  
240  191  
239  192  
237  193  
238  193  
236  194  
234  195  
235  195  
233  196  
231  197  
232  197  
230  198  
229  199  
227  200  
228  200  
226  201  
224  202  
225  202  
223  203  
221  204  
222  204  
220  205  
420  189  
421  190  
422  191  
423  192  
424  193  
424  194  
425  195  
426  196  
427  197  
428  198  
429  199  
430  200  
431  201  
431  202  
432  203  
433  204  
434  205  
435  206  
436  207  
436  208  
437  209  
438  210  
439  211  
440  212  
441  213  
441  214  
442  215  
443  216  
444  217  
445  218  
445  219  
446  220  
447  221  
448  222  
366  216  
365  217  
363  218  
364  218  
362  219  
360  220  
361  220  
359  221  
357  222  
358  222  
356  223  
354  224  
355  224  
353  225  
351  226  
352  226  
350  227  
349  228  
347  229  
348  229  
346  230  
344  231  
345  231  
343  232  
341  233  
342  233  
340  234  
338  235  
339  235  
337  236  
335  237  
336  237  
207  217  
206  218  
204  219  
205  219  
203  220  
201  221  
202  221  
200  222  
199  223  
197  224  
198  224  
196  225  
194  226  
195  226  
193  227  
192  228  
190  229  
191  229  
189  230  
188  231  
186  232  
187  232  
185  233  
184  234  
182  235  
183  235  
181  236  
158  251  
157  252  
156  253  
155  254  
153  255  
154  255  
152  256  
150  257  
151  257  
149  258  
147  259  
148  259  
146  260  
144  261  
145  261  
143  262  
141  263  
142  263  
140  264  
138  265  
139  265  
137  266  
135  267  
136  267  
134  268  
132  269  
133  269  
131  270  
130  271  
128  272  
129  272  
127  273  
125  274  
126  274  
124  275  
122  276  
123  276  
121  277  
119  278  
120  278  
118  279  
117  280  
115  281  
116  281  
114  282  
112  283  
113  283  
111  284  
109  285  
110  285  
108  286  
106  287  
107  287  
105  288  
104  289  
292  266  
291  267  
290  268  
288  269  
289  269  
287  270  
286  271  
284  272  
285  272  
282  273  
283  273  
281  274  
280  275  
278  276  
279  276  
277  277  
275  278  
276  278  
274  279  
273  280  
272  281  
421  290  
419  291  
420  291  
418  292  
417  293  
415  294  
416  294  
414  295  
412  296  
413  296  
411  297  
409  298  
410  298  
408  299  
407  300  
405  301  
406  301  
404  302  
402  303  
403  303  
401  304  
399  305  
400  305  
398  306  
397  307  
395  308  
396  308  
394  309  
392  310  
393  310  
391  311  
389  312  
390  312  
388  313  
386  314  
387  314  
385  315  
384  316  
382  317  
383  317  
381  318  
379  319  
380  319  
378  320  
376  321  
377  321  
375  322  
374  323  
372  324  
373  324  
370  325  
371  325  
369  326  
368  327  
366  328  
367  328  
365  329  
363  330  
364  330  
362  331  
360  332  
361  332  
359  333  
358  334  
356  335  
357  335  
355  336  
353  337  
354  337  
352  338  
350  339  
351  339  
349  340  
347  341  
348  341  
346  342  
345  343  
343  344  
344  344  
342  345  
340  346  
341  346  
339  347  
337  348  
338  348  
336  349  
334  350  
335  350  
333  351  
332  352  
330  353  
331  353  
329  354  
327  355  
328  355  
326  356  
324  357  
325  357  
323  358  
321  359  
322  359  
320  360  
318  361  
319  361  
317  362  
316  363  
314  364  
315  364  
313  365  
311  366  
312  366  
310  367  
308  368  
309  368  
307  369  
306  370  
304  371  
305  371  
303  372  
301  373  
302  373  
300  374  
298  375  
299  375  
297  376  
295  377  
296  377  
294  378  
293  379  
291  380  
292  380  
290  381  
93  296  
92  297  
90  298  
91  298  
89  299  
88  300  
86  301  
87  301  
85  302  
83  303  
84  303  
82  304  
80  305  
81  305  
79  306  
77  307  
78  307  
76  308  
74  309  
75  309  
73  310  
71  311  
72  311  
70  312  
68  313  
69  313  
67  314  
66  315  
210  324  
209  325  
207  326  
208  326  
205  327  
206  327  
204  328  
203  329  
201  330  
202  330  
200  331  
198  332  
199  332  
197  333  
196  334  
195  335  
194  336  
193  337  
192  338  
191  339  
260  355  
261  356  
261  357  
262  358  
263  359  
263  360  
264  361  
265  362  
265  363  
266  364  
267  365  
267  366  
268  367  
268  368  
269  369  
270  370  
270  371  
271  372  
271  373  
272  374  
272  375  
273  376  
274  377  
274  378  
275  379  
276  380  
222  361  
223  362  
223  363  
224  364  
225  365  
225  366  
226  367  
227  368  
228  369  
229  370  
230  371  
231  372  
232  373  
232  374  
233  375  
234  376  
235  377  
236  378  
237  379  
237  380  
238  381  
239  382  
240  383  
241  384  
241  385  
242  386  
243  387  
244  388  
244  389  
245  390  
246  391  
247  392  
248  393  
249  394  
249  395  
250  396  
251  397  
251  398  
252  399  
32  379  
32  380  
33  381  
34  382  
34  383  
35  384  
36  385  
36  386  
37  387  
37  388  
38  389  
39  390  
39  391  
40  392  
40  393  
41  394  
42  395  
42  396  
43  397  
44  398  
44  399  
45  400  
46  401  
46  402  
47  403  
47  404  
48  405  
49  406  
49  407  
50  408  
50  409  
51  410  
52  411  
52  412  
53  413  
53  414  
54  415  
55  416  
55  417  
56  418  
56  419  
57  420  
58  421  
58  422  
59  423  
59  424  
60  425  
61  426  
61  427  
62  428  
62  429  
63  430  
63  431  
64  432  
65  433  
65  434  
66  435  
67  436  
67  437  
68  438  
68  439  
69  440  
70  441  
70  442  
71  443  
72  444  
72  445  
73  446  
74  447  
74  448  
75  449  
75  450  
76  451  
76  452  
77  453  
78  454  
78  455  
79  456  
79  457  
80  458  
81  459  
81  460  
82  461  
83  462  
83  463  
84  464  
84  465  
85  466  
86  467  
86  468  
87  469  
87  470  
88  471  
89  472  
89  473  
90  474  
90  475  
91  476  
92  477  
92  478  
93  479  
94  480  
94  481  
95  482  
95  483  
96  484  
97  485  
97  486  
98  487  
99  488  
99  489  
100  490  
101  491  
101  492  
102  493  
103  494  
103  495  
104  496  
104  497  
105  498  
106  499  
106  500  
107  501  
108  502  
108  503  
109  504  
109  505  
109  506  
32  393  
33  394  
33  395  
34  396  
34  397  
35  398  
36  399  
36  400  
37  401  
38  402  
38  403  
39  404  
39  405  
40  406  
41  407  
41  408  
42  409  
43  410  
43  411  
44  412  
44  413  
45  414  
46  415  
46  416  
47  417  
48  418  
48  419  
49  420  
49  421  
50  422  
51  423  
51  424  
52  425  
52  426  
53  427  
54  428  
54  429  
55  430  
56  431  
56  432  
57  433  
58  434  
58  435  
59  436  
59  437  
60  438  
61  439  
61  440  
62  441  
63  442  
63  443  
64  444  
64  445  
65  446  
66  447  
66  448  
67  449  
68  450  
68  451  
69  452  
69  453  
70  454  
71  455  
71  456  
72  457  
73  458  
73  459  
74  460  
116  394  
117  395  
117  396  
118  397  
119  398  
119  399  
120  400  
120  401  
121  402  
122  403  
122  404  
123  405  
124  406  
124  407  
125  408  
126  409  
126  410  
127  411  
127  412  
128  413  
129  414  
129  415  
130  416  
131  417  
131  418  
132  419  
132  420  
133  421  
134  422  
287  408  
288  408  
285  409  
286  409  
284  410  
282  411  
283  411  
281  412  
279  413  
280  413  
278  414  
276  415  
277  415  
275  416  
274  417  
272  418  
273  418  
271  419  
269  420  
270  420  
268  421  
266  422  
267  422  
265  423  
248  410  
247  411  
246  412  
244  413  
245  413  
243  414  
242  415  
240  416  
241  416  
239  417  
237  418  
238  418  
236  419  
234  420  
235  420  
233  421  
232  422  
230  423  
231  423  
229  424  
227  425  
228  425  
226  426  
225  427  
223  428  
224  428  
222  429  
220  430  
221  430  
219  431  
218  432  
216  433  
217  433  
215  434  
213  435  
214  435  
212  436  
211  437  
209  438  
210  438  
208  439  
206  440  
207  440  
205  441  
204  442  
202  443  
203  443  
201  444  
200  445  
198  446  
199  446  
197  447  
195  448  
196  448  
194  449  
193  450  
191  451  
192  451  
190  452  
188  453  
189  453  
187  454  
186  455  
184  456  
185  456  
183  457  
181  458  
182  458  
180  459  
178  460  
179  460  
177  461  
176  462  
174  463  
175  463  
173  464  
171  465  
172  465  
170  466  
169  467  
167  468  
168  468  
166  469  
164  470  
165  470  
163  471  
162  472  
160  473  
161  473  
159  474  
157  475  
158  475  
156  476  
155  477  
153  478  
154  478  
152  479  
150  480  
151  480  
149  481  
148  482  
146  483  
147  483  
145  484  
143  485  
144  485  
142  486  
141  487  
139  488  
140  488  
138  489  
136  490  
137  490  
135  491  
134  492  
132  493  
133  493  
131  494  
129  495  
130  495  
128  496  
126  497  
127  497  
125  498  
124  499  
122  500  
123  500  
121  501  
119  502  
120  502  
118  503  
116  504  
117  504  
115  505  
114  506  
112  507  
113  507  
110  508  
111  508  
109  509  
108  510  
107  511  
104  512  
105  512  
106  512  
316  419  
317  420  
318  421  
319  422  
319  423  
320  424  
321  425  
322  426  
323  427  
324  428  
325  429  
326  430  
327  431  
327  432  
328  433  
329  434  
330  435  
331  436  
332  437  
333  438  
334  439  
335  440  
336  441  
337  442  
338  443  
339  444  
340  445  
341  446  
342  447  
343  448  
344  449  
345  449  
395  421  
393  422  
394  422  
392  423  
391  424  
390  425  
388  426  
389  426  
387  427  
386  428  
384  429  
385  429  
383  430  
382  431  
380  432  
381  432  
379  433  
377  434  
378  434  
376  435  
374  436  
375  436  
373  437  
372  438  
370  439  
371  439  
369  440  
368  441  
366  442  
367  442  
365  443  
363  444  
364  444  
362  445  
360  446  
361  446  
359  447  
357  448  
358  448  
356  449  
139  430  
140  431  
140  432  
141  433  
142  434  
142  435  
143  436  
144  437  
144  438  
145  439  
146  440  
146  441  
147  442  
147  443  
148  444  
149  445  
149  446  
150  447  
151  448  
151  449  
152  450  
152  451  
153  452  
154  453  
154  454  
155  455  
156  456  
156  457  
157  458  
158  459  
158  460  
159  461  
160  462  
160  463  
161  464  
162  465  
162  466  
163  467  
79  468  
80  469  
80  470  
81  471  
82  472  
82  473  
83  474  
83  475  
84  476  
84  477  
85  478  
86  479  
86  480  
87  481  
88  482  
88  483  
89  484  
90  485  
90  486  
91  487  
91  488  
92  489  
93  490  
93  491  
94  492  
32  494  
33  495  
33  496  
34  497  
34  498  
35  499  
35  500  
36  501  
37  502  
37  503  
38  504  
38  505  
39  506  
39  507  
40  508  
41  509  
41  510  
42  511  
42  512  
43  513  
43  514  
44  515  
44  516  
45  517  
46  518  
46  519  
47  520  
47  521  
48  522  
49  523  
49  524  
50  525  
50  526  
286  499  
285  500  
284  501  
282  502  
283  502  
281  503  
279  504  
280  504  
278  505  
276  506  
277  506  
275  507  
274  508  
272  509  
273  509  
271  510  
269  511  
270  511  
268  512  
267  513  
265  514  
266  514  
264  515  
262  516  
263  516  
261  517  
259  518  
260  518  
258  519  
257  520  
255  521  
256  521  
254  522  
252  523  
253  523  
251  524  
250  525  
248  526  
249  526  
247  527  
246  528  
244  529  
245  529  
243  530  
241  531  
242  531  
240  532  
238  533  
239  533  
237  534  
235  535  
236  535  
234  536  
232  537  
233  537  
231  538  
230  539  
229  540  
227  541  
228  541  
226  542  
224  543  
225  543  
223  544  
222  545  
220  546  
221  546  
219  547  
218  548  
217  549  
215  550  
216  550  
214  551  
213  552  
211  553  
212  553  
210  554  
32  504  
33  505  
33  506  
34  507  
34  508  
35  509  
36  510  
36  511  
37  512  
37  513  
38  514  
38  515  
39  516  
40  517  
40  518  
41  519  
41  520  
42  521  
43  522  
43  523  
44  524  
44  525  
45  526  
45  527  
46  528  
47  529  
47  530  
48  531  
48  532  
49  533  
50  534  
50  535  
91  514  
89  515  
90  515  
88  516  
86  517  
87  517  
85  518  
84  519  
83  520  
81  521  
82  521  
80  522  
78  523  
79  523  
77  524  
75  525  
76  525  
74  526  
73  527  
71  528  
72  528  
70  529  
69  530  
67  531  
68  531  
66  532  
65  533  
64  534  
32  529  
32  530  
33  531  
34  532  
34  533  
35  534  
35  535  
36  536  
37  537  
37  538  
38  539  
38  540  
39  541  
39  542  
40  543  
41  544  
41  545  
42  546  
42  547  
43  548  
44  549  
44  550  
118  530  
119  531  
119  532  
120  533  
121  534  
121  535  
122  536  
122  537  
123  538  
124  539  
124  540  
125  541  
126  542  
126  543  
127  544  
128  545  
128  546  
129  547  
129  548  
130  549  
130  550  
131  551  
132  552  
132  553  
133  554  
133  555  
134  556  
134  557  
135  558  
135  559  
136  560  
137  561  
137  562  
138  563  
139  564  
139  565  
140  566  
140  567  
141  568  
142  569  
142  570  
143  571  
143  572  
144  573  
145  574  
145  575  
146  576  
146  577  
147  578  
147  579  
148  580  
148  581  
149  582  
149  583  
150  584  
151  585  
151  586  
152  587  
63  552  
64  553  
64  554  
65  555  
65  556  
66  557  
66  558  
67  559  
68  560  
68  561  
69  562  
69  563  
70  564  
70  565  
71  566  
72  567  
72  568  
73  569  
74  570  
74  571  
75  572  
76  573  
76  574  
77  575  
78  576  
79  577  
79  578  
80  579  
81  580  
82  581  
83  582  
84  583  
85  584  
134  578  
134  579  
133  580  
132  581  
132  582  
131  583  
130  584  
129  585  
128  586  
127  587  
126  588  
125  589  
124  590  
123  591  
121  592  
122  592  
120  593  
120  594  
119  595  
118  596  
116  597  
117  597  
115  598  
