41  
78  45  46  52  49  48  53  74  26  23  21  26  49  21  44  23  58  21  23  35  36  31  35  61  80  45  47  26  32  47  26  59  63  62  64  64  25  112  56  20  95  
77  32  
77  33  
78  34  
79  35  
79  36  
80  37  
80  38  
81  39  
82  40  
82  41  
83  42  
83  43  
84  44  
85  45  
85  46  
86  47  
86  48  
87  49  
87  50  
88  51  
89  52  
89  53  
90  54  
91  55  
91  56  
92  57  
92  58  
93  59  
93  60  
94  61  
95  62  
95  63  
96  64  
96  65  
97  66  
98  67  
98  68  
99  69  
99  70  
100  71  
101  72  
101  73  
102  74  
102  75  
103  76  
104  77  
104  78  
105  79  
105  80  
106  81  
107  82  
107  83  
108  84  
108  85  
109  86  
110  87  
110  88  
111  89  
111  90  
112  91  
113  92  
113  93  
114  94  
114  95  
115  96  
116  97  
116  98  
117  99  
117  100  
118  101  
119  102  
119  103  
120  104  
120  105  
121  106  
122  107  
122  108  
123  109  
173  32  
173  33  
174  34  
174  35  
175  36  
175  37  
176  38  
176  39  
177  40  
177  41  
178  42  
179  43  
179  44  
180  45  
180  46  
181  47  
181  48  
182  49  
182  50  
183  51  
183  52  
184  53  
184  54  
185  55  
185  56  
186  57  
186  58  
187  59  
187  60  
188  61  
188  62  
189  63  
189  64  
190  65  
190  66  
191  67  
192  68  
192  69  
193  70  
193  71  
194  72  
194  73  
195  74  
195  75  
196  76  
179  32  
179  33  
180  34  
181  35  
181  36  
181  37  
182  38  
182  39  
183  40  
184  41  
184  42  
185  43  
185  44  
186  45  
186  46  
187  47  
187  48  
188  49  
188  50  
189  51  
189  52  
190  53  
190  54  
191  55  
191  56  
192  57  
192  58  
193  59  
193  60  
194  61  
194  62  
195  63  
195  64  
196  65  
196  66  
197  67  
197  68  
198  69  
198  70  
199  71  
199  72  
200  73  
200  74  
201  75  
201  76  
202  77  
185  32  
185  33  
186  34  
186  35  
187  36  
187  37  
188  38  
188  39  
189  40  
189  41  
190  42  
190  43  
191  44  
191  45  
192  46  
192  47  
193  48  
193  49  
194  50  
194  51  
195  52  
195  53  
196  54  
196  55  
197  56  
197  57  
198  58  
198  59  
199  60  
199  61  
200  62  
200  63  
201  64  
201  65  
202  66  
202  67  
203  68  
203  69  
204  70  
205  71  
205  72  
206  73  
206  74  
207  75  
207  76  
208  77  
208  78  
209  79  
209  80  
210  81  
210  82  
211  83  
129  35  
130  36  
131  37  
131  38  
132  39  
132  40  
133  41  
133  42  
134  43  
135  44  
135  45  
136  46  
136  47  
137  48  
137  49  
138  50  
139  51  
139  52  
140  53  
140  54  
141  55  
141  56  
142  57  
142  58  
143  59  
144  60  
144  61  
145  62  
145  63  
146  64  
146  65  
147  66  
148  67  
148  68  
149  69  
149  70  
150  71  
150  72  
151  73  
151  74  
152  75  
153  76  
153  77  
154  78  
154  79  
155  80  
156  81  
156  82  
157  83  
268  44  
269  44  
266  45  
267  45  
264  46  
265  46  
263  47  
261  48  
262  48  
259  49  
260  49  
257  50  
258  50  
255  51  
256  51  
254  52  
252  53  
253  53  
251  54  
249  55  
250  55  
247  56  
248  56  
245  57  
246  57  
243  58  
244  58  
241  59  
242  59  
239  60  
240  60  
238  61  
236  62  
237  62  
235  63  
233  64  
234  64  
231  65  
232  65  
229  66  
230  66  
228  67  
226  68  
227  68  
225  69  
223  70  
224  70  
222  71  
280  50  
281  50  
279  51  
278  52  
276  53  
277  53  
274  54  
275  54  
272  55  
273  55  
270  56  
271  56  
269  57  
267  58  
268  58  
266  59  
264  60  
265  60  
263  61  
261  62  
262  62  
259  63  
260  63  
258  64  
256  65  
257  65  
255  66  
253  67  
254  67  
251  68  
252  68  
249  69  
250  69  
248  70  
246  71  
247  71  
244  72  
245  72  
243  73  
241  74  
242  74  
239  75  
240  75  
237  76  
238  76  
236  77  
234  78  
235  78  
232  79  
233  79  
230  80  
231  80  
229  81  
84  58  
85  59  
85  60  
86  61  
86  62  
87  63  
88  64  
88  65  
89  66  
89  67  
90  68  
91  69  
91  70  
92  71  
93  72  
93  73  
94  74  
94  75  
95  76  
96  77  
96  78  
97  79  
97  80  
98  81  
99  82  
99  83  
100  84  
100  85  
101  86  
101  87  
102  88  
102  89  
103  90  
104  91  
104  92  
105  93  
106  94  
106  95  
107  96  
107  97  
108  98  
109  99  
109  100  
110  101  
111  102  
111  103  
112  104  
112  105  
113  106  
114  107  
114  108  
115  109  
115  110  
116  111  
117  112  
117  113  
118  114  
118  115  
119  116  
120  117  
120  118  
121  119  
122  120  
122  121  
123  122  
123  123  
124  124  
124  125  
125  126  
126  127  
126  128  
127  129  
128  130  
128  131  
127  62  
128  63  
128  64  
129  65  
130  66  
130  67  
131  68  
131  69  
132  70  
133  71  
133  72  
134  73  
135  74  
135  75  
136  76  
136  77  
137  78  
137  79  
138  80  
139  81  
139  82  
140  83  
140  84  
141  85  
142  86  
142  87  
125  67  
126  68  
127  69  
127  70  
128  71  
129  72  
129  73  
130  74  
130  75  
131  76  
131  77  
132  78  
133  79  
133  80  
134  81  
134  82  
135  83  
136  84  
136  85  
137  86  
137  87  
138  88  
139  89  
180  74  
181  74  
178  75  
179  75  
177  76  
175  77  
176  77  
173  78  
174  78  
171  79  
172  79  
169  80  
170  80  
168  81  
166  82  
167  82  
163  83  
164  83  
165  83  
162  84  
161  85  
206  94  
205  95  
204  96  
202  97  
203  97  
200  98  
201  98  
199  99  
198  100  
196  101  
197  101  
194  102  
195  102  
192  103  
193  103  
191  104  
189  105  
190  105  
188  106  
186  107  
187  107  
184  108  
185  108  
183  109  
181  110  
182  110  
173  114  
171  115  
172  115  
170  116  
168  117  
169  117  
167  118  
165  119  
166  119  
164  120  
162  121  
163  121  
161  122  
159  123  
160  123  
157  124  
158  124  
156  125  
154  126  
155  126  
152  127  
153  127  
151  128  
149  129  
150  129  
147  130  
148  130  
145  131  
146  131  
143  132  
144  132  
142  133  
140  134  
141  134  
138  135  
139  135  
136  136  
137  136  
134  137  
135  137  
132  138  
133  138  
131  139  
129  140  
130  140  
127  141  
128  141  
126  142  
125  143  
122  127  
123  127  
120  128  
121  128  
118  129  
119  129  
117  130  
115  131  
116  131  
113  132  
114  132  
112  133  
110  134  
111  134  
109  135  
107  136  
108  136  
106  137  
104  138  
105  138  
103  139  
127  136  
125  137  
126  137  
124  138  
122  139  
123  139  
121  140  
119  141  
120  141  
118  142  
116  143  
117  143  
115  144  
113  145  
114  145  
111  146  
112  146  
110  147  
108  148  
109  148  
106  149  
107  149  
105  150  
103  151  
104  151  
101  152  
102  152  
100  153  
98  154  
99  154  
96  155  
97  155  
95  156  
93  157  
94  157  
92  158  
90  159  
91  159  
88  160  
89  160  
86  161  
87  161  
85  162  
84  163  
32  140  
33  141  
33  142  
34  143  
35  144  
35  145  
36  146  
37  147  
37  148  
38  149  
39  150  
40  151  
40  152  
41  153  
42  154  
43  155  
43  156  
44  157  
44  158  
45  159  
46  160  
47  161  
47  162  
117  148  
115  149  
116  149  
113  150  
114  150  
112  151  
111  152  
109  153  
110  153  
107  154  
108  154  
106  155  
104  156  
105  156  
103  157  
101  158  
102  158  
99  159  
100  159  
97  160  
98  160  
96  161  
94  162  
95  162  
92  163  
93  163  
90  164  
91  164  
89  165  
87  166  
88  166  
86  167  
84  168  
85  168  
82  169  
83  169  
81  170  
79  171  
80  171  
77  172  
78  172  
76  173  
74  174  
75  174  
72  175  
73  175  
71  176  
69  177  
70  177  
67  178  
68  178  
65  179  
66  179  
64  180  
62  181  
63  181  
60  182  
61  182  
365  151  
366  151  
364  152  
363  153  
360  154  
361  154  
362  154  
359  155  
357  156  
358  156  
355  157  
356  157  
353  158  
354  158  
352  159  
350  160  
351  160  
348  161  
349  161  
347  162  
346  163  
32  153  
32  154  
33  155  
34  156  
34  157  
35  158  
36  159  
37  160  
37  161  
38  162  
39  163  
39  164  
40  165  
41  166  
41  167  
42  168  
43  169  
44  170  
44  171  
45  172  
46  173  
46  174  
47  175  
406  171  
407  171  
408  171  
409  171  
410  171  
411  172  
412  172  
413  172  
414  172  
415  172  
416  172  
417  172  
418  172  
419  172  
420  172  
421  172  
422  172  
423  172  
424  172  
425  172  
426  172  
427  172  
428  172  
429  172  
430  172  
431  172  
432  172  
433  172  
434  172  
435  172  
436  172  
437  172  
438  172  
439  172  
440  172  
379  175  
380  175  
381  175  
378  176  
376  177  
377  177  
374  178  
375  178  
372  179  
373  179  
370  180  
371  180  
368  181  
369  181  
367  182  
365  183  
366  183  
363  184  
364  184  
362  185  
360  186  
361  186  
358  187  
359  187  
356  188  
357  188  
355  189  
353  190  
354  190  
351  191  
352  191  
350  192  
348  193  
349  193  
346  194  
347  194  
377  180  
376  181  
374  182  
375  182  
372  183  
373  183  
370  184  
371  184  
369  185  
367  186  
368  186  
365  187  
366  187  
363  188  
364  188  
362  189  
360  190  
361  190  
358  191  
359  191  
356  192  
357  192  
355  193  
353  194  
354  194  
351  195  
352  195  
350  196  
348  197  
349  197  
347  198  
379  185  
377  186  
378  186  
375  187  
376  187  
374  188  
372  189  
373  189  
370  190  
371  190  
368  191  
369  191  
366  192  
367  192  
365  193  
363  194  
364  194  
361  195  
362  195  
360  196  
358  197  
359  197  
357  198  
355  199  
356  199  
353  200  
354  200  
352  201  
350  202  
351  202  
348  203  
349  203  
346  204  
347  204  
345  205  
198  188  
196  189  
197  189  
194  190  
195  190  
193  191  
191  192  
192  192  
189  193  
190  193  
188  194  
186  195  
187  195  
184  196  
185  196  
183  197  
181  198  
182  198  
179  199  
180  199  
178  200  
176  201  
177  201  
175  202  
173  203  
174  203  
171  204  
172  204  
170  205  
168  206  
169  206  
167  207  
165  208  
166  208  
163  209  
164  209  
162  210  
160  211  
161  211  
158  212  
159  212  
157  213  
155  214  
156  214  
154  215  
152  216  
153  216  
150  217  
151  217  
149  218  
147  219  
148  219  
145  220  
146  220  
144  221  
142  222  
143  222  
141  223  
139  224  
140  224  
138  225  
320  188  
321  188  
319  189  
317  190  
318  190  
316  191  
314  192  
315  192  
313  193  
311  194  
312  194  
309  195  
310  195  
308  196  
306  197  
307  197  
305  198  
303  199  
304  199  
302  200  
300  201  
301  201  
299  202  
297  203  
298  203  
296  204  
294  205  
295  205  
293  206  
291  207  
292  207  
290  208  
288  209  
289  209  
287  210  
285  211  
286  211  
284  212  
282  213  
283  213  
281  214  
279  215  
280  215  
278  216  
276  217  
277  217  
275  218  
273  219  
274  219  
272  220  
270  221  
271  221  
269  222  
267  223  
268  223  
265  224  
266  224  
264  225  
262  226  
263  226  
261  227  
259  228  
260  228  
258  229  
256  230  
257  230  
255  231  
253  232  
254  232  
252  233  
250  234  
251  234  
249  235  
247  236  
248  236  
246  237  
244  238  
245  238  
243  239  
242  240  
210  193  
211  194  
211  195  
212  196  
213  197  
213  198  
214  199  
214  200  
215  201  
216  202  
216  203  
217  204  
217  205  
218  206  
219  207  
219  208  
220  209  
220  210  
221  211  
222  212  
222  213  
223  214  
223  215  
224  216  
224  217  
225  218  
226  219  
226  220  
227  221  
227  222  
228  223  
228  224  
229  225  
230  226  
230  227  
231  228  
231  229  
232  230  
232  231  
233  232  
234  233  
234  234  
235  235  
235  236  
236  237  
199  201  
198  202  
196  203  
197  203  
194  204  
195  204  
193  205  
191  206  
192  206  
190  207  
188  208  
189  208  
187  209  
185  210  
186  210  
183  211  
184  211  
182  212  
180  213  
181  213  
178  214  
179  214  
177  215  
175  216  
176  216  
174  217  
172  218  
173  218  
170  219  
171  219  
169  220  
167  221  
168  221  
165  222  
166  222  
164  223  
162  224  
163  224  
160  225  
161  225  
159  226  
157  227  
158  227  
155  228  
156  228  
154  229  
153  230  
325  212  
323  213  
324  213  
322  214  
320  215  
321  215  
319  216  
317  217  
318  217  
316  218  
314  219  
315  219  
312  220  
313  220  
311  221  
309  222  
310  222  
307  223  
308  223  
305  224  
306  224  
303  225  
304  225  
301  226  
302  226  
300  227  
437  217  
437  218  
437  219  
438  220  
438  221  
438  222  
439  223  
439  224  
440  225  
440  226  
440  227  
441  228  
441  229  
441  230  
442  231  
442  232  
443  233  
443  234  
443  235  
444  236  
444  237  
445  238  
445  239  
445  240  
446  241  
446  242  
446  243  
447  244  
447  245  
448  246  
448  247  
448  248  
136  236  
136  237  
137  238  
138  239  
138  240  
139  241  
140  242  
140  243  
141  244  
142  245  
142  246  
143  247  
143  248  
144  249  
145  250  
145  251  
146  252  
147  253  
147  254  
148  255  
149  256  
149  257  
150  258  
151  259  
152  260  
152  261  
153  262  
154  263  
154  264  
155  265  
156  266  
156  267  
157  268  
158  269  
158  270  
159  271  
160  272  
160  273  
161  274  
162  275  
162  276  
163  277  
164  278  
164  279  
165  280  
166  281  
167  282  
146  241  
147  242  
148  243  
148  244  
149  245  
150  246  
150  247  
151  248  
152  249  
152  250  
153  251  
154  252  
154  253  
155  254  
155  255  
156  256  
156  257  
157  258  
158  259  
158  260  
159  261  
160  262  
160  263  
161  264  
161  265  
162  266  
259  241  
260  241  
257  242  
258  242  
256  243  
254  244  
255  244  
253  245  
251  246  
252  246  
249  247  
250  247  
248  248  
246  249  
247  249  
244  250  
245  250  
242  251  
243  251  
240  252  
241  252  
238  253  
239  253  
237  254  
235  255  
236  255  
233  256  
234  256  
231  257  
232  257  
230  258  
228  259  
229  259  
226  260  
227  260  
224  261  
225  261  
223  262  
221  263  
222  263  
220  264  
218  265  
219  265  
216  266  
217  266  
215  267  
213  268  
214  268  
212  269  
210  270  
211  270  
208  271  
209  271  
207  272  
205  273  
206  273  
203  274  
204  274  
202  275  
235  244  
234  245  
232  246  
233  246  
230  247  
231  247  
229  248  
227  249  
228  249  
226  250  
224  251  
225  251  
223  252  
221  253  
222  253  
220  254  
218  255  
219  255  
217  256  
215  257  
216  257  
213  258  
214  258  
212  259  
210  260  
211  260  
209  261  
207  262  
208  262  
206  263  
204  264  
205  264  
203  265  
201  266  
202  266  
200  267  
198  268  
199  268  
196  269  
197  269  
195  270  
193  271  
194  271  
192  272  
190  273  
191  273  
189  274  
187  275  
188  275  
186  276  
184  277  
185  277  
182  278  
183  278  
181  279  
179  280  
180  280  
178  281  
176  282  
177  282  
175  283  
173  284  
174  284  
274  256  
273  257  
271  258  
272  258  
269  259  
270  259  
268  260  
266  261  
267  261  
264  262  
265  262  
263  263  
261  264  
262  264  
260  265  
258  266  
259  266  
256  267  
257  267  
255  268  
253  269  
254  269  
252  270  
250  271  
251  271  
248  272  
249  272  
247  273  
245  274  
246  274  
244  275  
242  276  
243  276  
240  277  
241  277  
239  278  
237  279  
238  279  
235  280  
236  280  
234  281  
232  282  
233  282  
231  283  
229  284  
230  284  
227  285  
228  285  
226  286  
224  287  
225  287  
223  288  
221  289  
222  289  
219  290  
220  290  
218  291  
216  292  
217  292  
214  293  
215  293  
213  294  
277  260  
278  260  
276  261  
274  262  
275  262  
272  263  
273  263  
271  264  
269  265  
270  265  
268  266  
266  267  
267  267  
265  268  
263  269  
264  269  
261  270  
262  270  
260  271  
258  272  
259  272  
257  273  
255  274  
256  274  
253  275  
254  275  
251  276  
252  276  
250  277  
248  278  
249  278  
247  279  
245  280  
246  280  
243  281  
244  281  
242  282  
240  283  
241  283  
238  284  
239  284  
237  285  
235  286  
236  286  
234  287  
232  288  
233  288  
231  289  
229  290  
230  290  
227  291  
228  291  
226  292  
224  293  
225  293  
222  294  
223  294  
221  295  
219  296  
220  296  
218  297  
216  298  
217  298  
215  299  
281  268  
282  268  
280  269  
278  270  
279  270  
276  271  
277  271  
275  272  
273  273  
274  273  
271  274  
272  274  
270  275  
268  276  
269  276  
267  277  
265  278  
266  278  
263  279  
264  279  
262  280  
260  281  
261  281  
259  282  
257  283  
258  283  
255  284  
256  284  
254  285  
252  286  
253  286  
251  287  
249  288  
250  288  
247  289  
248  289  
246  290  
244  291  
245  291  
242  292  
243  292  
241  293  
239  294  
240  294  
237  295  
238  295  
236  296  
235  297  
233  298  
234  298  
231  299  
232  299  
230  300  
228  301  
229  301  
226  302  
227  302  
224  303  
225  303  
223  304  
221  305  
222  305  
219  306  
220  306  
343  272  
342  273  
340  274  
341  274  
339  275  
337  276  
338  276  
336  277  
334  278  
335  278  
333  279  
331  280  
332  280  
329  281  
330  281  
327  282  
328  282  
325  283  
326  283  
323  284  
324  284  
322  285  
320  286  
321  286  
319  287  
165  289  
166  289  
164  290  
162  291  
163  291  
161  292  
159  293  
160  293  
157  294  
158  294  
156  295  
154  296  
155  296  
153  297  
151  298  
152  298  
150  299  
148  300  
149  300  
146  301  
147  301  
145  302  
143  303  
144  303  
142  304  
140  305  
141  305  
138  306  
139  306  
137  307  
135  308  
136  308  
134  309  
132  310  
133  310  
130  311  
131  311  
129  312  
127  313  
128  313  
126  314  
124  315  
125  315  
123  316  
121  317  
122  317  
119  318  
120  318  
118  319  
116  320  
117  320  
115  321  
113  322  
114  322  
111  323  
112  323  
110  324  
108  325  
109  325  
107  326  
105  327  
106  327  
104  328  
102  329  
103  329  
100  330  
101  330  
99  331  
97  332  
98  332  
96  333  
94  334  
95  334  
92  335  
93  335  
91  336  
89  337  
90  337  
88  338  
86  339  
87  339  
85  340  
83  341  
84  341  
81  342  
82  342  
80  343  
78  344  
79  344  
77  345  
75  346  
76  346  
73  347  
74  347  
72  348  
70  349  
71  349  
69  350  
67  351  
68  351  
66  352  
64  353  
65  353  
62  354  
63  354  
61  355  
59  356  
60  356  
58  357  
56  358  
57  358  
55  359  
48  370  
48  371  
48  372  
48  373  
48  374  
48  375  
47  376  
47  377  
47  378  
47  379  
47  380  
47  381  
47  382  
47  383  
47  384  
46  385  
46  386  
46  387  
46  388  
46  389  
46  390  
46  391  
46  392  
46  393  
45  394  
45  395  
45  396  
45  397  
45  398  
45  399  
45  400  
45  401  
45  402  
45  403  
44  404  
44  405  
44  406  
44  407  
44  408  
44  409  
44  410  
44  411  
44  412  
43  413  
43  414  
43  415  
43  416  
43  417  
43  418  
43  419  
43  420  
42  421  
42  422  
42  423  
42  424  
42  425  
432  400  
433  400  
434  400  
435  400  
417  401  
418  401  
419  401  
420  401  
421  401  
422  401  
423  401  
424  401  
425  401  
426  401  
427  401  
428  401  
429  401  
430  401  
431  401  
416  402  
89  455  
90  456  
90  457  
91  458  
92  459  
93  460  
94  461  
94  462  
95  463  
96  464  
97  465  
98  466  
99  467  
99  468  
100  469  
101  470  
102  471  
103  472  
104  473  
105  474  
105  475  
106  476  
107  477  
108  478  
109  479  
110  480  
110  481  
111  482  
112  483  
113  484  
114  485  
115  486  
115  487  
116  488  
117  489  
118  490  
119  491  
120  492  
121  493  
121  494  
122  495  
123  496  
124  497  
125  498  
126  499  
126  500  
127  501  
128  502  
129  503  
130  504  
131  505  
132  506  
132  507  
133  508  
134  509  
135  510  
136  511  
137  512  
138  513  
138  514  
139  515  
140  516  
141  517  
142  518  
142  519  
143  520  
144  521  
145  522  
146  523  
147  524  
148  525  
149  526  
149  527  
150  528  
151  529  
152  530  
152  531  
153  532  
154  533  
155  534  
156  535  
157  536  
157  537  
158  538  
159  539  
160  540  
161  541  
161  542  
162  543  
163  543  
164  544  
165  545  
165  546  
166  547  
167  548  
