132  32  
132  33  
132  34  
131  35  
131  36  
131  37  
131  38  
131  39  
130  40  
130  41  
130  42  
130  43  
129  44  
129  45  
129  46  
129  47  
129  48  
128  49  
128  50  
128  51  
128  52  
128  53  
127  54  
127  55  
127  56  
127  57  
127  58  
126  59  
126  60  
126  61  
126  62  
126  63  
125  64  
125  65  
125  66  
125  67  
125  68  
124  69  
124  70  
124  71  
124  72  
124  73  
123  74  
123  75  
123  76  
123  77  
123  78  
122  79  
122  80  
122  81  
122  82  
122  83  
121  84  
121  85  
121  86  
121  87  
121  88  
120  89  
120  90  
120  91  
120  92  
120  93  
119  94  
119  95  
119  96  
119  97  
118  98  
118  99  
118  100  
118  101  
118  102  
117  103  
117  104  
117  105  
117  106  
117  107  
116  108  
116  109  
116  110  
116  111  
116  112  
115  113  
115  114  
115  115  
115  116  
115  117  
114  118  
114  119  
114  120  
114  121  
114  122  
113  123  
113  124  
113  125  
113  126  
113  127  
112  128  
112  129  
112  130  
112  131  
112  132  
111  133  
111  134  
111  135  
111  136  
111  137  
110  138  
110  139  
110  140  
110  141  
110  142  
109  143  
109  144  
109  145  
109  146  
109  147  
108  148  
108  149  
108  150  
108  151  
108  152  
107  153  
107  154  
107  155  
107  156  
107  157  
106  158  
106  159  
106  160  
106  161  
106  162  
105  163  
105  164  
105  165  
105  166  
105  167  
105  168  
104  169  
104  170  
104  171  
104  172  
104  173  
103  174  
103  175  
103  176  
103  177  
103  178  
102  179  
102  180  
102  181  
102  182  
102  183  
101  184  
101  185  
101  186  
101  187  
101  188  
100  189  
100  190  
100  191  
100  192  
100  193  
99  194  
99  195  
99  196  
99  197  
99  198  
98  199  
98  200  
98  201  
98  202  
98  203  
97  204  
97  205  
97  206  
97  207  
97  208  
96  209  
96  210  
96  211  
96  212  
96  213  
96  214  
95  215  
95  216  
95  217  
95  218  
95  219  
94  220  
94  221  
94  222  
94  223  
94  224  
93  225  
93  226  
93  227  
93  228  
93  229  
92  230  
92  231  
92  232  
92  233  
92  234  
91  235  
91  236  
91  237  
91  238  
91  239  
90  240  
90  241  
90  242  
90  243  
90  244  
89  245  
89  246  
89  247  
89  248  
89  249  
88  250  
88  251  
88  252  
88  253  
88  254  
88  255  
87  256  
87  257  
87  258  
87  259  
87  260  
86  261  
86  262  
86  263  
86  264  
86  265  
85  266  
85  267  
85  268  
85  269  
85  270  
84  271  
84  272  
84  273  
84  274  
84  275  
83  276  
83  277  
83  278  
83  279  
83  280  
82  281  
82  282  
82  283  
82  284  
82  285  
81  286  
81  287  
81  288  
81  289  
81  290  
81  291  
80  292  
80  293  
80  294  
80  295  
79  296  
79  297  
79  298  
79  299  
79  300  
79  301  
78  302  
78  303  
78  304  
78  305  
78  306  
77  307  
77  308  
77  309  
77  310  
77  311  
76  312  
76  313  
76  314  
76  315  
76  316  
75  317  
75  318  
75  319  
75  320  
75  321  
74  322  
74  323  
74  324  
74  325  
74  326  
73  327  
73  328  
73  329  
73  330  
73  331  
72  332  
72  333  
72  334  
72  335  
72  336  
71  337  
71  338  
71  339  
71  340  
71  341  
70  342  
70  343  
70  344  
70  345  
70  346  
69  347  
69  348  
69  349  
69  350  
69  351  
68  352  
68  353  
68  354  
68  355  
68  356  
67  357  
67  358  
67  359  
67  360  
66  361  
66  362  
66  363  
66  364  
66  365  
66  366  
65  367  
65  368  
65  369  
65  370  
65  371  
64  372  
64  373  
64  374  
64  375  
64  376  
63  377  
63  378  
63  379  
63  380  
63  381  
62  382  
62  383  
62  384  
62  385  
62  386  
61  387  
61  388  
61  389  
61  390  
61  391  
60  392  
60  393  
60  394  
60  395  
60  396  
59  397  
59  398  
59  399  
59  400  
59  401  
58  402  
58  403  
58  404  
58  405  
58  406  
57  407  
57  408  
57  409  
57  410  
57  411  
56  412  
56  413  
56  414  
56  415  
56  416  
55  417  
55  418  
55  419  
55  420  
55  421  
54  422  
54  423  
54  424  
54  425  
54  426  
53  427  
53  428  
53  429  
53  430  
53  431  
52  432  
52  433  
52  434  
52  435  
52  436  
51  437  
51  438  
51  439  
51  440  
51  441  
50  442  
50  443  
50  444  
50  445  
50  446  
49  447  
49  448  
49  449  
232  32  
233  32  
234  32  
227  33  
228  33  
229  33  
230  33  
231  33  
222  34  
223  34  
224  34  
225  34  
226  34  
217  35  
218  35  
219  35  
220  35  
221  35  
212  36  
213  36  
214  36  
215  36  
216  36  
207  37  
208  37  
209  37  
210  37  
211  37  
202  38  
203  38  
204  38  
205  38  
206  38  
197  39  
198  39  
199  39  
200  39  
201  39  
192  40  
193  40  
194  40  
195  40  
196  40  
189  41  
190  41  
191  41  
253  49  
254  49  
255  49  
256  49  
257  49  
258  49  
259  49  
260  49  
261  49  
247  50  
248  50  
249  50  
250  50  
251  50  
252  50  
242  51  
243  51  
244  51  
245  51  
246  51  
236  52  
237  52  
238  52  
239  52  
240  52  
241  52  
233  53  
234  53  
235  53  
228  54  
229  54  
230  54  
231  54  
232  54  
223  55  
224  55  
225  55  
226  55  
227  55  
218  56  
219  56  
220  56  
221  56  
222  56  
181  53  
181  54  
181  55  
181  56  
180  57  
180  58  
180  59  
180  60  
179  61  
179  62  
179  63  
179  64  
179  65  
179  66  
178  67  
178  68  
178  69  
178  70  
178  71  
178  72  
177  73  
177  74  
177  75  
177  76  
177  77  
177  78  
176  79  
176  80  
176  81  
176  82  
210  57  
211  57  
212  57  
213  57  
214  57  
215  57  
216  57  
204  58  
205  58  
206  58  
207  58  
208  58  
209  58  
200  59  
201  59  
202  59  
203  59  
195  60  
196  60  
197  60  
198  60  
199  60  
194  61  
437  61  
438  61  
439  61  
440  61  
441  61  
431  62  
432  62  
433  62  
434  62  
435  62  
436  62  
425  63  
426  63  
427  63  
428  63  
429  63  
430  63  
420  64  
421  64  
422  64  
423  64  
424  64  
425  68  
426  68  
427  68  
428  68  
429  68  
430  68  
431  68  
419  69  
420  69  
421  69  
422  69  
423  69  
424  69  
411  70  
412  70  
413  70  
414  70  
415  70  
416  70  
417  70  
418  70  
408  71  
409  71  
410  71  
407  72  
407  73  
246  95  
247  95  
248  95  
249  95  
250  95  
251  95  
252  95  
239  96  
240  96  
241  96  
242  96  
243  96  
244  96  
245  96  
233  97  
234  97  
235  97  
236  97  
237  97  
238  97  
227  98  
228  98  
229  98  
230  98  
231  98  
232  98  
282  97  
282  98  
282  99  
282  100  
281  101  
281  102  
281  103  
281  104  
281  105  
281  106  
281  107  
281  108  
281  109  
281  110  
280  111  
280  112  
280  113  
280  114  
280  115  
280  116  
251  98  
252  98  
244  99  
245  99  
246  99  
247  99  
248  99  
249  99  
250  99  
237  100  
238  100  
239  100  
240  100  
241  100  
242  100  
243  100  
231  101  
232  101  
233  101  
234  101  
235  101  
236  101  
150  105  
151  105  
152  105  
144  106  
145  106  
146  106  
147  106  
148  106  
149  106  
153  106  
138  107  
139  107  
140  107  
141  107  
142  107  
143  107  
153  107  
136  108  
137  108  
153  108  
152  109  
191  106  
191  107  
191  108  
191  109  
191  110  
191  111  
191  112  
191  113  
190  114  
190  115  
190  116  
190  117  
190  118  
190  119  
190  120  
189  121  
189  122  
189  123  
189  124  
189  125  
189  126  
169  123  
169  124  
169  125  
169  126  
169  127  
169  128  
168  129  
168  130  
168  131  
168  132  
168  133  
168  134  
167  135  
167  136  
167  137  
167  138  
167  139  
167  140  
166  141  
166  142  
166  143  
166  144  
166  145  
166  146  
165  147  
165  148  
165  149  
165  150  
165  151  
165  152  
165  153  
164  154  
164  155  
164  156  
164  157  
164  158  
164  159  
164  160  
163  161  
163  162  
163  163  
163  164  
163  165  
163  166  
162  167  
162  168  
162  169  
162  170  
162  171  
162  172  
162  173  
161  174  
161  175  
161  176  
161  177  
161  178  
161  179  
161  180  
161  181  
160  182  
160  183  
160  184  
160  185  
160  186  
160  187  
159  188  
159  189  
159  190  
159  191  
159  192  
158  193  
158  194  
158  195  
158  196  
158  197  
158  198  
157  199  
157  200  
157  201  
157  202  
157  203  
156  204  
155  205  
187  134  
187  135  
187  136  
187  137  
187  138  
186  139  
186  140  
186  141  
186  142  
186  143  
186  144  
186  145  
186  146  
186  147  
186  148  
185  149  
185  150  
185  151  
185  152  
185  153  
185  154  
185  155  
184  156  
184  157  
184  158  
184  159  
184  160  
184  161  
183  162  
183  163  
173  139  
173  140  
173  141  
173  142  
173  143  
173  144  
172  145  
172  146  
172  147  
172  148  
172  149  
172  150  
172  151  
172  152  
171  153  
171  154  
171  155  
171  156  
171  157  
171  158  
170  159  
170  160  
170  161  
170  162  
170  163  
170  164  
274  142  
274  143  
274  144  
274  145  
274  146  
274  147  
273  148  
273  149  
273  150  
273  151  
273  152  
273  153  
273  154  
273  155  
273  156  
273  157  
273  158  
272  159  
272  160  
272  161  
272  162  
272  163  
272  164  
272  165  
272  166  
272  167  
272  168  
242  146  
243  146  
244  146  
245  146  
246  146  
247  146  
248  146  
233  147  
234  147  
235  147  
236  147  
237  147  
238  147  
239  147  
240  147  
241  147  
224  148  
225  148  
226  148  
227  148  
228  148  
229  148  
230  148  
231  148  
232  148  
220  149  
221  149  
222  149  
223  149  
141  148  
142  148  
143  148  
144  148  
133  149  
134  149  
135  149  
136  149  
137  149  
138  149  
139  149  
140  149  
145  149  
129  150  
130  150  
131  150  
132  150  
146  150  
145  151  
144  152  
242  150  
243  150  
244  150  
245  150  
246  150  
247  150  
232  151  
233  151  
234  151  
235  151  
236  151  
237  151  
238  151  
239  151  
240  151  
241  151  
226  152  
227  152  
228  152  
229  152  
230  152  
231  152  
208  156  
208  157  
208  158  
208  159  
208  160  
208  161  
208  162  
208  163  
208  164  
207  165  
207  166  
207  167  
207  168  
207  169  
207  170  
207  171  
207  172  
206  173  
206  174  
206  175  
206  176  
236  180  
237  180  
238  180  
239  180  
240  180  
241  180  
242  180  
227  181  
228  181  
229  181  
230  181  
231  181  
232  181  
233  181  
234  181  
235  181  
219  182  
220  182  
221  182  
222  182  
223  182  
224  182  
225  182  
226  182  
179  188  
179  189  
179  190  
179  191  
179  192  
179  193  
179  194  
179  195  
179  196  
179  197  
178  198  
178  199  
178  200  
178  201  
178  202  
178  203  
178  204  
178  205  
177  206  
177  207  
177  208  
177  209  
177  210  
177  211  
176  212  
176  213  
176  214  
166  191  
166  192  
166  193  
165  194  
165  195  
165  196  
165  197  
165  198  
165  199  
165  200  
164  201  
164  202  
164  203  
164  204  
164  205  
164  206  
163  207  
163  208  
163  209  
163  210  
163  211  
163  212  
163  213  
312  210  
313  210  
314  210  
315  210  
316  210  
317  210  
318  210  
319  210  
320  210  
321  210  
300  211  
301  211  
302  211  
303  211  
304  211  
305  211  
306  211  
307  211  
308  211  
309  211  
310  211  
311  211  
288  212  
289  212  
290  212  
291  212  
292  212  
293  212  
294  212  
295  212  
296  212  
297  212  
298  212  
299  212  
281  213  
282  213  
283  213  
284  213  
285  213  
286  213  
287  213  
319  214  
320  214  
308  215  
309  215  
310  215  
311  215  
312  215  
313  215  
314  215  
315  215  
316  215  
317  215  
318  215  
295  216  
296  216  
297  216  
298  216  
299  216  
300  216  
301  216  
302  216  
303  216  
304  216  
305  216  
306  216  
307  216  
285  217  
286  217  
287  217  
288  217  
289  217  
290  217  
291  217  
292  217  
293  217  
294  217  
231  217  
232  217  
233  217  
234  217  
235  217  
236  217  
237  217  
238  217  
239  217  
240  217  
241  217  
217  218  
218  218  
219  218  
220  218  
221  218  
222  218  
223  218  
224  218  
225  218  
226  218  
227  218  
228  218  
229  218  
230  218  
211  219  
212  219  
213  219  
214  219  
215  219  
216  219  
268  219  
267  220  
267  221  
267  222  
267  223  
267  224  
267  225  
267  226  
267  227  
267  228  
267  229  
266  230  
266  231  
266  232  
266  233  
266  234  
266  235  
266  236  
266  237  
266  238  
266  239  
266  240  
266  241  
265  242  
265  243  
265  244  
240  220  
229  221  
230  221  
231  221  
232  221  
233  221  
234  221  
235  221  
236  221  
237  221  
238  221  
239  221  
217  222  
218  222  
219  222  
220  222  
221  222  
222  222  
223  222  
224  222  
225  222  
226  222  
227  222  
228  222  
271  222  
271  223  
271  224  
271  225  
271  226  
271  227  
271  228  
271  229  
271  230  
271  231  
270  232  
270  233  
270  234  
270  235  
270  236  
270  237  
270  238  
270  239  
270  240  
270  241  
270  242  
270  243  
200  225  
200  226  
199  227  
199  228  
199  229  
199  230  
199  231  
199  232  
199  233  
199  234  
199  235  
199  236  
198  237  
198  238  
198  239  
198  240  
198  241  
198  242  
198  243  
198  244  
197  245  
197  246  
197  247  
197  248  
204  227  
204  228  
204  229  
204  230  
203  231  
203  232  
203  233  
203  234  
203  235  
203  236  
203  237  
203  238  
203  239  
203  240  
202  241  
202  242  
202  243  
202  244  
202  245  
202  246  
202  247  
201  248  
160  232  
160  233  
160  234  
159  235  
159  236  
159  237  
159  238  
159  239  
159  240  
158  241  
158  242  
158  243  
158  244  
158  245  
158  246  
158  247  
158  248  
157  249  
157  250  
157  251  
157  252  
157  253  
157  254  
157  255  
157  256  
156  257  
156  258  
298  245  
299  245  
300  245  
301  245  
302  245  
303  245  
304  245  
305  245  
306  245  
307  245  
308  245  
309  245  
310  245  
311  245  
312  245  
313  245  
314  245  
315  245  
316  245  
317  245  
318  245  
319  245  
319  248  
320  248  
321  248  
322  248  
323  248  
307  249  
308  249  
309  249  
310  249  
311  249  
312  249  
313  249  
314  249  
315  249  
316  249  
317  249  
318  249  
292  250  
293  250  
294  250  
295  250  
296  250  
297  250  
298  250  
299  250  
300  250  
301  250  
302  250  
303  250  
304  250  
305  250  
306  250  
280  251  
281  251  
282  251  
283  251  
284  251  
285  251  
286  251  
287  251  
288  251  
289  251  
290  251  
291  251  
437  252  
437  253  
437  254  
437  255  
437  256  
437  257  
436  258  
436  259  
436  260  
436  261  
436  262  
436  263  
436  264  
436  265  
436  266  
436  267  
436  268  
436  269  
436  270  
436  271  
436  272  
436  273  
436  274  
436  275  
437  276  
437  277  
437  278  
437  279  
437  280  
231  254  
232  254  
233  254  
234  254  
235  254  
236  254  
216  255  
217  255  
218  255  
219  255  
220  255  
221  255  
222  255  
223  255  
224  255  
225  255  
226  255  
227  255  
228  255  
229  255  
230  255  
214  256  
215  256  
431  264  
431  265  
431  266  
431  267  
431  268  
431  269  
431  270  
431  271  
431  272  
431  273  
431  274  
431  275  
431  276  
431  277  
431  278  
431  279  
431  280  
431  281  
431  282  
431  283  
364  268  
365  268  
366  268  
367  268  
368  268  
344  269  
345  269  
346  269  
347  269  
348  269  
349  269  
350  269  
351  269  
352  269  
353  269  
354  269  
355  269  
356  269  
357  269  
358  269  
359  269  
360  269  
361  269  
362  269  
363  269  
331  270  
332  270  
333  270  
334  270  
335  270  
336  270  
337  270  
338  270  
339  270  
340  270  
341  270  
342  270  
343  270  
308  271  
309  271  
310  271  
311  271  
312  271  
313  271  
314  271  
315  271  
316  271  
317  271  
318  271  
319  271  
320  271  
321  271  
322  271  
323  271  
324  271  
325  271  
326  271  
327  271  
328  271  
329  271  
330  271  
287  272  
288  272  
289  272  
290  272  
291  272  
292  272  
293  272  
294  272  
295  272  
296  272  
297  272  
298  272  
299  272  
300  272  
301  272  
302  272  
303  272  
304  272  
305  272  
306  272  
307  272  
273  273  
274  273  
275  273  
276  273  
277  273  
278  273  
279  273  
280  273  
281  273  
282  273  
283  273  
284  273  
285  273  
286  273  
271  274  
272  274  
224  275  
225  275  
226  275  
227  275  
228  275  
229  275  
230  275  
231  275  
232  275  
233  275  
234  275  
235  275  
206  276  
207  276  
208  276  
209  276  
210  276  
211  276  
212  276  
213  276  
214  276  
215  276  
216  276  
217  276  
218  276  
219  276  
220  276  
221  276  
222  276  
223  276  
315  275  
316  275  
317  275  
318  275  
319  275  
294  276  
295  276  
296  276  
297  276  
298  276  
299  276  
300  276  
301  276  
302  276  
303  276  
304  276  
305  276  
306  276  
307  276  
308  276  
309  276  
310  276  
311  276  
312  276  
313  276  
314  276  
280  277  
281  277  
282  277  
283  277  
284  277  
285  277  
286  277  
287  277  
288  277  
289  277  
290  277  
291  277  
292  277  
293  277  
267  277  
267  278  
267  279  
267  280  
267  281  
267  282  
266  283  
266  284  
266  285  
266  286  
266  287  
266  288  
266  289  
266  290  
266  291  
266  292  
266  293  
265  294  
265  295  
265  296  
265  297  
265  298  
265  299  
265  300  
265  301  
265  302  
265  303  
265  304  
264  305  
264  306  
231  279  
232  279  
233  279  
234  279  
211  280  
212  280  
213  280  
214  280  
215  280  
216  280  
217  280  
218  280  
219  280  
220  280  
221  280  
222  280  
223  280  
224  280  
225  280  
226  280  
227  280  
228  280  
229  280  
230  280  
263  279  
262  280  
262  281  
262  282  
262  283  
262  284  
262  285  
262  286  
262  287  
262  288  
262  289  
262  290  
261  291  
261  292  
261  293  
261  294  
261  295  
261  296  
261  297  
261  298  
261  299  
261  300  
260  301  
260  302  
260  303  
260  304  
260  305  
260  306  
425  281  
425  282  
425  283  
425  284  
425  285  
425  286  
425  287  
425  288  
425  289  
425  290  
425  291  
425  292  
425  293  
425  294  
425  295  
425  296  
425  297  
425  298  
425  299  
425  300  
425  301  
425  302  
193  282  
193  283  
193  284  
193  285  
193  286  
192  287  
192  288  
192  289  
192  290  
192  291  
192  292  
192  293  
191  294  
191  295  
191  296  
191  297  
191  298  
191  299  
191  300  
190  301  
190  302  
190  303  
190  304  
190  305  
190  306  
190  307  
326  282  
326  283  
325  284  
325  285  
325  286  
325  287  
325  288  
325  289  
325  290  
325  291  
325  292  
325  293  
325  294  
325  295  
325  296  
325  297  
325  298  
325  299  
325  300  
325  301  
152  285  
152  286  
152  287  
152  288  
152  289  
152  290  
151  291  
151  292  
151  293  
151  294  
151  295  
151  296  
151  297  
151  298  
150  299  
150  300  
150  301  
150  302  
150  303  
150  304  
150  305  
149  306  
149  307  
149  308  
149  309  
149  310  
149  311  
148  312  
148  313  
148  314  
148  315  
148  316  
148  317  
147  318  
147  319  
147  320  
147  321  
147  322  
147  323  
146  324  
146  325  
146  326  
146  327  
146  328  
146  329  
145  330  
145  331  
145  332  
145  333  
145  334  
145  335  
144  336  
144  337  
144  338  
144  339  
144  340  
144  341  
144  342  
143  343  
143  344  
143  345  
143  346  
143  347  
143  348  
142  349  
142  350  
142  351  
142  352  
142  353  
197  285  
197  286  
197  287  
197  288  
197  289  
197  290  
197  291  
196  292  
196  293  
196  294  
196  295  
196  296  
196  297  
195  298  
195  299  
195  300  
195  301  
195  302  
195  303  
195  304  
194  305  
194  306  
194  307  
224  288  
225  288  
226  288  
227  288  
206  289  
207  289  
208  289  
209  289  
210  289  
211  289  
212  289  
213  289  
214  289  
215  289  
216  289  
217  289  
218  289  
219  289  
220  289  
221  289  
222  289  
223  289  
104  293  
105  293  
106  293  
107  293  
108  293  
109  293  
110  293  
111  293  
112  293  
113  293  
114  293  
115  293  
116  293  
117  293  
118  293  
119  293  
120  293  
102  294  
103  294  
121  294  
121  295  
120  296  
385  307  
386  307  
387  307  
388  307  
389  307  
390  307  
391  307  
392  307  
393  307  
394  307  
395  307  
396  307  
397  307  
398  307  
399  307  
400  307  
401  307  
402  307  
403  307  
404  307  
405  307  
406  307  
407  307  
408  307  
409  307  
410  307  
411  307  
412  307  
413  307  
367  308  
368  308  
369  308  
370  308  
371  308  
372  308  
373  308  
374  308  
375  308  
376  308  
377  308  
378  308  
379  308  
380  308  
381  308  
382  308  
383  308  
384  308  
289  309  
290  309  
291  309  
292  309  
293  309  
294  309  
295  309  
296  309  
297  309  
298  309  
299  309  
300  309  
301  309  
302  309  
303  309  
304  309  
305  309  
306  309  
307  309  
308  309  
309  309  
310  309  
311  309  
312  309  
313  309  
314  309  
315  309  
316  309  
317  309  
278  310  
279  310  
280  310  
281  310  
282  310  
283  310  
284  310  
285  310  
286  310  
287  310  
288  310  
229  310  
230  310  
207  311  
208  311  
209  311  
210  311  
211  311  
212  311  
213  311  
214  311  
215  311  
216  311  
217  311  
218  311  
219  311  
220  311  
221  311  
222  311  
223  311  
224  311  
225  311  
226  311  
227  311  
228  311  
331  311  
332  311  
333  311  
334  311  
335  311  
336  311  
337  311  
338  311  
322  312  
323  312  
324  312  
325  312  
326  312  
327  312  
328  312  
329  312  
330  312  
280  313  
281  313  
282  313  
283  313  
284  313  
285  313  
286  313  
287  313  
288  313  
289  313  
290  313  
291  313  
292  313  
293  313  
294  313  
295  313  
296  313  
297  313  
298  313  
299  313  
300  313  
301  313  
302  313  
303  313  
304  313  
305  313  
306  313  
307  313  
308  313  
309  313  
310  313  
311  313  
312  313  
313  313  
314  313  
315  313  
316  313  
317  313  
318  313  
319  313  
320  313  
321  313  
277  314  
278  314  
279  314  
381  311  
382  311  
383  311  
384  311  
385  311  
386  311  
387  311  
388  311  
389  311  
390  311  
391  311  
392  311  
393  311  
394  311  
395  311  
396  311  
397  311  
398  311  
399  311  
400  311  
401  311  
402  311  
403  311  
404  311  
405  311  
406  311  
407  311  
408  311  
409  311  
410  311  
411  311  
412  311  
413  311  
414  311  
415  311  
416  311  
365  312  
366  312  
367  312  
368  312  
369  312  
370  312  
371  312  
372  312  
373  312  
374  312  
375  312  
376  312  
377  312  
378  312  
379  312  
380  312  
224  314  
225  314  
226  314  
227  314  
228  314  
229  314  
230  314  
201  315  
202  315  
203  315  
204  315  
205  315  
206  315  
207  315  
208  315  
209  315  
210  315  
211  315  
212  315  
213  315  
214  315  
215  315  
216  315  
217  315  
218  315  
219  315  
220  315  
221  315  
222  315  
223  315  
447  331  
447  332  
447  333  
447  334  
447  335  
447  336  
447  337  
447  338  
447  339  
447  340  
447  341  
447  342  
447  343  
447  344  
447  345  
447  346  
447  347  
447  348  
447  349  
447  350  
447  351  
447  352  
447  353  
447  354  
447  355  
447  356  
447  357  
447  358  
447  359  
447  360  
447  361  
448  362  
264  347  
265  347  
266  347  
267  347  
268  347  
269  347  
270  347  
271  347  
272  347  
292  347  
293  347  
294  347  
295  347  
296  347  
297  347  
298  347  
299  347  
300  347  
301  347  
302  347  
303  347  
304  347  
305  347  
273  348  
274  348  
275  348  
276  348  
277  348  
278  348  
279  348  
280  348  
281  348  
282  348  
283  348  
284  348  
285  348  
286  348  
287  348  
288  348  
289  348  
290  348  
291  348  
308  347  
309  347  
310  347  
311  347  
312  347  
313  347  
314  347  
315  347  
316  347  
317  347  
318  347  
319  347  
320  347  
321  347  
322  347  
323  347  
324  347  
325  347  
326  347  
327  347  
328  347  
329  347  
330  347  
331  347  
332  347  
333  347  
334  347  
335  347  
336  347  
337  347  
338  347  
339  347  
340  347  
341  347  
342  347  
343  347  
344  347  
345  347  
346  347  
347  347  
348  347  
349  347  
350  347  
351  347  
352  348  
353  348  
354  348  
355  348  
356  348  
357  348  
358  348  
359  348  
360  348  
361  348  
362  348  
363  348  
364  348  
365  348  
366  348  
367  348  
368  348  
369  348  
370  348  
371  348  
372  348  
373  348  
374  348  
375  348  
376  348  
377  348  
378  348  
379  348  
380  348  
381  348  
382  348  
383  348  
384  348  
385  348  
386  348  
387  348  
388  348  
389  348  
390  348  
391  348  
392  348  
393  348  
394  348  
395  348  
396  348  
397  348  
398  348  
399  348  
400  348  
401  348  
402  348  
403  348  
404  348  
405  348  
406  348  
407  348  
408  348  
409  348  
410  348  
411  348  
412  348  
413  348  
414  348  
415  348  
416  348  
261  351  
261  352  
261  353  
260  354  
260  355  
260  356  
260  357  
260  358  
260  359  
260  360  
260  361  
260  362  
260  363  
260  364  
259  365  
259  366  
259  367  
259  368  
259  369  
259  370  
259  371  
259  372  
259  373  
259  374  
259  375  
259  376  
259  377  
258  378  
258  379  
258  380  
258  381  
258  382  
258  383  
258  384  
258  385  
258  386  
258  387  
258  388  
258  389  
258  390  
257  391  
257  392  
257  393  
257  394  
257  395  
257  396  
257  397  
257  398  
257  399  
257  400  
257  401  
256  402  
256  403  
256  404  
256  405  
256  406  
256  407  
256  408  
256  409  
256  410  
256  411  
256  412  
255  413  
255  414  
255  415  
255  416  
255  417  
255  418  
255  419  
255  420  
255  421  
255  422  
255  423  
255  424  
255  425  
254  426  
254  427  
254  428  
254  429  
254  430  
254  431  
254  432  
254  433  
254  434  
254  435  
254  436  
254  437  
254  438  
253  439  
253  440  
253  441  
253  442  
253  443  
253  444  
253  445  
253  446  
253  447  
253  448  
253  449  
252  450  
252  451  
252  452  
252  453  
252  454  
252  455  
252  456  
252  457  
252  458  
252  459  
252  460  
252  461  
252  462  
251  463  
251  464  
251  465  
251  466  
251  467  
251  468  
251  469  
251  470  
251  471  
251  472  
251  473  
251  474  
285  351  
286  351  
287  351  
288  351  
289  351  
290  351  
291  351  
292  351  
293  351  
294  351  
295  351  
296  352  
297  352  
298  352  
299  352  
300  352  
301  352  
302  352  
303  352  
304  352  
305  352  
306  352  
307  352  
308  352  
309  352  
310  352  
311  352  
312  352  
313  352  
314  352  
315  352  
316  352  
317  352  
318  352  
319  352  
320  352  
321  352  
322  352  
323  352  
324  352  
325  352  
326  352  
327  352  
328  352  
329  352  
330  352  
331  352  
332  352  
333  352  
334  352  
335  352  
336  352  
337  352  
338  352  
339  352  
340  352  
341  352  
342  352  
343  352  
344  352  
345  352  
346  352  
347  352  
348  352  
349  352  
350  352  
351  352  
352  352  
353  352  
256  354  
256  355  
256  356  
256  357  
256  358  
256  359  
256  360  
255  361  
255  362  
255  363  
255  364  
255  365  
255  366  
255  367  
255  368  
255  369  
255  370  
255  371  
255  372  
255  373  
254  374  
254  375  
254  376  
254  377  
254  378  
254  379  
254  380  
254  381  
254  382  
254  383  
254  384  
254  385  
253  386  
253  387  
253  388  
253  389  
253  390  
253  391  
253  392  
253  393  
253  394  
253  395  
253  396  
253  397  
253  398  
252  399  
252  400  
252  401  
252  402  
252  403  
252  404  
252  405  
252  406  
252  407  
252  408  
252  409  
251  410  
251  411  
251  412  
251  413  
251  414  
251  415  
251  416  
251  417  
251  418  
251  419  
251  420  
251  421  
251  422  
250  423  
250  424  
250  425  
250  426  
250  427  
250  428  
250  429  
250  430  
250  431  
250  432  
250  433  
250  434  
249  435  
249  436  
249  437  
249  438  
249  439  
249  440  
249  441  
249  442  
249  443  
249  444  
249  445  
249  446  
248  447  
248  448  
248  449  
248  450  
248  451  
248  452  
248  453  
248  454  
248  455  
248  456  
248  457  
248  458  
247  459  
247  460  
247  461  
247  462  
247  463  
247  464  
247  465  
247  466  
247  467  
247  468  
247  469  
246  470  
246  471  
246  472  
246  473  
246  474  
246  475  
246  476  
400  356  
401  356  
402  356  
403  356  
404  356  
405  356  
406  356  
407  356  
408  356  
409  356  
410  356  
411  356  
412  356  
413  356  
414  356  
415  356  
416  356  
417  356  
418  356  
419  356  
420  356  
193  366  
194  366  
195  366  
196  366  
197  366  
198  366  
199  366  
200  366  
201  366  
202  366  
203  366  
204  366  
205  366  
206  366  
207  366  
208  366  
209  366  
210  366  
211  366  
212  366  
213  366  
214  366  
215  366  
216  366  
217  366  
218  366  
219  366  
220  366  
221  366  
222  366  
223  366  
224  366  
225  366  
359  368  
360  368  
361  368  
362  368  
363  368  
364  368  
365  368  
366  368  
367  368  
368  368  
369  368  
370  368  
371  368  
372  368  
373  368  
374  368  
375  368  
376  368  
377  368  
378  368  
379  368  
380  368  
381  368  
382  368  
383  368  
384  368  
385  368  
386  368  
387  368  
388  368  
389  368  
390  368  
391  368  
392  368  
393  368  
394  368  
395  368  
396  368  
397  368  
398  368  
399  368  
400  368  
401  368  
402  368  
403  368  
404  368  
405  368  
406  368  
407  368  
408  368  
409  368  
410  368  
411  368  
412  368  
413  368  
414  368  
415  368  
416  368  
417  368  
418  368  
419  368  
420  368  
421  368  
422  368  
423  368  
424  369  
425  369  
426  369  
427  369  
428  369  
429  369  
430  369  
431  369  
432  369  
433  369  
199  370  
200  370  
201  370  
202  370  
203  370  
204  370  
205  370  
206  370  
207  370  
208  370  
209  370  
210  370  
211  370  
212  370  
213  370  
214  370  
215  370  
216  370  
217  370  
218  371  
219  371  
220  371  
221  371  
222  371  
223  371  
224  371  
225  371  
181  372  
181  373  
181  374  
181  375  
181  376  
181  377  
180  378  
180  379  
180  380  
180  381  
180  382  
180  383  
180  384  
180  385  
180  386  
179  387  
179  388  
179  389  
179  390  
179  391  
179  392  
179  393  
178  394  
178  395  
178  396  
178  397  
178  398  
178  399  
177  400  
177  401  
177  402  
185  374  
185  375  
185  376  
185  377  
185  378  
185  379  
185  380  
184  381  
184  382  
184  383  
184  384  
184  385  
184  386  
184  387  
184  388  
183  389  
183  390  
183  391  
183  392  
183  393  
183  394  
183  395  
183  396  
183  397  
182  398  
182  399  
182  400  
182  401  
182  402  
292  374  
292  375  
291  376  
291  377  
291  378  
291  379  
291  380  
291  381  
291  382  
291  383  
291  384  
291  385  
291  386  
291  387  
291  388  
291  389  
291  390  
291  391  
291  392  
291  393  
291  394  
291  395  
291  396  
290  397  
290  398  
290  399  
290  400  
290  401  
290  402  
290  403  
290  404  
290  405  
290  406  
290  407  
290  408  
290  409  
290  410  
289  411  
289  412  
289  413  
289  414  
289  415  
289  416  
289  417  
289  418  
289  419  
289  420  
289  421  
289  422  
289  423  
289  424  
289  425  
289  426  
289  427  
288  428  
288  429  
288  430  
288  431  
288  432  
288  433  
288  434  
288  435  
288  436  
288  437  
288  438  
352  375  
352  376  
352  377  
352  378  
352  379  
352  380  
352  381  
352  382  
352  383  
352  384  
352  385  
352  386  
352  387  
352  388  
352  389  
352  390  
352  391  
352  392  
352  393  
352  394  
352  395  
352  396  
352  397  
352  398  
352  399  
352  400  
352  401  
352  402  
352  403  
352  404  
352  405  
352  406  
352  407  
352  408  
352  409  
352  410  
352  411  
352  412  
352  413  
352  414  
352  415  
352  416  
352  417  
352  418  
352  419  
352  420  
352  421  
352  422  
352  423  
351  424  
351  425  
351  426  
351  427  
351  428  
351  429  
351  430  
351  431  
351  432  
351  433  
351  434  
351  435  
351  436  
351  437  
351  438  
351  439  
351  440  
351  441  
192  377  
192  378  
191  379  
191  380  
191  381  
191  382  
191  383  
191  384  
191  385  
191  386  
190  387  
190  388  
190  389  
190  390  
190  391  
190  392  
190  393  
190  394  
190  395  
190  396  
190  397  
189  398  
385  380  
386  380  
387  380  
388  380  
389  380  
390  380  
391  380  
392  381  
393  381  
394  381  
395  381  
396  381  
397  381  
398  381  
399  381  
400  381  
401  381  
402  381  
403  381  
404  381  
405  381  
406  381  
407  381  
408  381  
409  381  
410  381  
135  394  
135  395  
135  396  
135  397  
135  398  
134  399  
134  400  
134  401  
134  402  
134  403  
134  404  
134  405  
133  406  
133  407  
133  408  
133  409  
133  410  
133  411  
133  412  
132  413  
132  414  
132  415  
132  416  
132  417  
132  418  
131  419  
131  420  
131  421  
131  422  
131  423  
131  424  
131  425  
130  426  
130  427  
130  428  
130  429  
130  430  
130  431  
129  432  
129  433  
129  434  
129  435  
129  436  
129  437  
385  402  
386  402  
387  402  
388  402  
389  402  
390  402  
391  402  
392  402  
393  402  
394  402  
395  402  
396  402  
397  402  
398  402  
399  402  
400  402  
401  403  
402  403  
403  403  
404  403  
405  403  
406  403  
407  403  
408  403  
409  403  
410  403  
411  403  
412  403  
413  403  
414  403  
415  403  
416  403  
417  403  
418  403  
419  403  
420  403  
421  403  
422  403  
423  403  
424  403  
425  403  
426  403  
427  403  
428  403  
82  405  
83  405  
84  405  
85  405  
86  405  
87  405  
88  405  
89  405  
90  405  
91  405  
92  405  
93  405  
94  405  
95  405  
96  405  
97  405  
98  405  
99  405  
100  405  
101  405  
196  406  
197  406  
198  406  
199  406  
200  406  
201  406  
202  406  
203  406  
204  406  
205  406  
206  406  
207  406  
208  406  
209  406  
210  406  
211  406  
212  406  
213  407  
214  407  
215  407  
216  407  
217  407  
218  407  
219  407  
220  407  
221  407  
191  410  
192  410  
193  410  
194  410  
195  410  
196  410  
197  410  
198  410  
199  410  
200  410  
201  410  
202  411  
203  411  
204  411  
205  411  
206  411  
207  411  
208  411  
209  411  
210  411  
211  411  
212  411  
213  411  
214  411  
215  411  
216  411  
217  411  
218  411  
219  411  
220  411  
221  411  
385  421  
386  421  
387  421  
388  422  
389  422  
390  422  
391  422  
392  422  
393  422  
394  422  
395  422  
396  422  
397  422  
398  422  
399  422  
400  422  
401  422  
402  422  
403  422  
404  422  
405  422  
406  422  
407  422  
408  422  
409  422  
410  422  
411  422  
412  422  
413  422  
414  422  
415  422  
416  422  
417  422  
418  422  
186  444  
187  444  
188  444  
189  444  
190  444  
191  445  
192  445  
193  445  
194  445  
195  445  
196  445  
197  445  
198  445  
199  445  
200  445  
201  445  
202  445  
203  445  
204  445  
205  445  
206  446  
207  446  
208  446  
209  446  
210  446  
211  446  
212  446  
213  446  
214  446  
215  446  
216  446  
217  446  
385  444  
386  444  
387  444  
388  444  
389  444  
390  444  
391  444  
392  445  
393  445  
394  445  
395  445  
396  445  
397  445  
398  445  
399  445  
400  445  
401  445  
402  445  
403  445  
404  445  
405  445  
406  446  
407  446  
408  446  
409  446  
410  446  
411  446  
412  446  
413  446  
414  446  
415  446  
416  446  
417  447  
418  447  
419  447  
420  447  
421  447  
422  447  
423  447  
424  447  
425  447  
426  447  
427  447  
428  447  
429  447  
430  447  
431  447  
432  447  
433  447  
434  447  
435  447  
436  447  
127  445  
127  446  
127  447  
127  448  
127  449  
127  450  
126  451  
126  452  
126  453  
126  454  
126  455  
126  456  
125  457  
125  458  
125  459  
125  460  
125  461  
125  462  
124  463  
124  464  
124  465  
124  466  
124  467  
124  468  
124  469  
123  470  
123  471  
123  472  
123  473  
123  474  
123  475  
122  476  
122  477  
122  478  
122  479  
122  480  
122  481  
296  445  
297  445  
298  446  
299  446  
300  446  
301  446  
302  446  
303  446  
304  446  
305  446  
306  446  
307  446  
308  446  
309  446  
310  446  
311  446  
312  446  
313  446  
314  446  
315  447  
316  447  
317  447  
318  447  
319  447  
320  447  
321  447  
322  447  
323  447  
324  447  
325  447  
326  447  
327  447  
328  447  
329  447  
330  447  
331  447  
332  447  
333  447  
334  447  
335  447  
336  447  
337  448  
338  448  
339  448  
340  448  
341  448  
342  448  
343  448  
344  448  
447  449  
447  450  
447  451  
447  452  
447  453  
447  454  
447  455  
447  456  
447  457  
447  458  
447  459  
447  460  
447  461  
447  462  
447  463  
447  464  
447  465  
447  466  
447  467  
447  468  
448  469  
448  470  
171  450  
171  451  
171  452  
171  453  
170  454  
170  455  
170  456  
170  457  
170  458  
170  459  
170  460  
170  461  
169  462  
169  463  
169  464  
169  465  
169  466  
169  467  
169  468  
168  469  
168  470  
168  471  
168  472  
168  473  
168  474  
168  475  
168  476  
167  477  
167  478  
167  479  
167  480  
167  481  
167  482  
167  483  
166  484  
166  485  
188  450  
189  450  
190  450  
191  450  
192  450  
193  450  
194  450  
195  450  
196  450  
197  450  
198  450  
199  450  
200  450  
201  451  
202  451  
203  451  
204  451  
205  451  
206  451  
207  451  
208  451  
209  451  
210  451  
211  451  
212  451  
213  451  
214  451  
215  451  
216  451  
217  451  
175  452  
175  453  
175  454  
175  455  
174  456  
174  457  
174  458  
174  459  
174  460  
174  461  
174  462  
174  463  
174  464  
173  465  
173  466  
173  467  
173  468  
173  469  
173  470  
173  471  
172  472  
172  473  
172  474  
172  475  
172  476  
172  477  
172  478  
172  479  
172  480  
171  481  
171  482  
171  483  
171  484  
171  485  
171  486  
182  456  
182  457  
181  458  
181  459  
181  460  
181  461  
181  462  
181  463  
181  464  
180  465  
180  466  
180  467  
180  468  
180  469  
180  470  
180  471  
180  472  
179  473  
179  474  
179  475  
179  476  
179  477  
179  478  
179  479  
179  480  
179  481  
47  458  
47  459  
47  460  
47  461  
47  462  
46  463  
46  464  
46  465  
46  466  
46  467  
46  468  
45  469  
45  470  
45  471  
45  472  
45  473  
44  474  
44  475  
44  476  
44  477  
44  478  
43  479  
43  480  
43  481  
43  482  
43  483  
42  484  
42  485  
42  486  
42  487  
42  488  
41  489  
41  490  
41  491  
41  492  
41  493  
41  494  
40  495  
40  496  
40  497  
40  498  
40  499  
39  500  
39  501  
39  502  
39  503  
39  504  
38  505  
38  506  
38  507  
38  508  
38  509  
37  510  
37  511  
37  512  
37  513  
37  514  
36  515  
36  516  
36  517  
36  518  
36  519  
35  520  
35  521  
35  522  
35  523  
35  524  
34  525  
34  526  
34  527  
34  528  
34  529  
34  530  
33  531  
33  532  
33  533  
33  534  
33  535  
32  536  
32  537  
32  538  
32  539  
32  540  
375  463  
376  463  
377  463  
374  464  
378  464  
379  464  
380  464  
381  464  
382  464  
383  464  
384  464  
385  464  
386  464  
387  464  
388  464  
389  464  
390  464  
391  464  
392  464  
393  464  
394  464  
395  464  
396  464  
374  465  
397  465  
398  465  
399  465  
400  465  
401  465  
402  465  
403  465  
404  465  
405  465  
406  465  
407  465  
408  465  
409  465  
410  465  
411  465  
412  466  
413  466  
414  466  
415  466  
416  466  
417  466  
418  466  
419  466  
420  466  
421  466  
422  466  
423  466  
424  466  
425  466  
426  466  
427  466  
428  467  
429  467  
430  467  
431  467  
432  467  
433  467  
434  467  
435  467  
396  468  
396  469  
396  470  
395  471  
395  472  
395  473  
395  474  
395  475  
395  476  
395  477  
395  478  
395  479  
395  480  
395  481  
395  482  
395  483  
395  484  
395  485  
395  486  
395  487  
395  488  
395  489  
395  490  
395  491  
395  492  
395  493  
368  471  
368  472  
368  473  
368  474  
367  475  
367  476  
367  477  
367  478  
367  479  
367  480  
366  481  
366  482  
366  483  
366  484  
366  485  
366  486  
366  487  
365  488  
365  489  
365  490  
365  491  
365  492  
365  493  
365  494  
364  495  
364  496  
364  497  
364  498  
364  499  
364  500  
364  501  
364  502  
363  503  
363  504  
363  505  
363  506  
363  507  
363  508  
363  509  
364  473  
364  474  
363  475  
363  476  
363  477  
363  478  
363  479  
363  480  
362  481  
362  482  
362  483  
362  484  
362  485  
362  486  
361  487  
361  488  
361  489  
361  490  
361  491  
361  492  
360  493  
360  494  
360  495  
360  496  
360  497  
360  498  
359  499  
359  500  
359  501  
359  502  
359  503  
359  504  
359  505  
359  506  
358  507  
358  508  
358  509  
358  510  
358  511  
358  512  
358  513  
358  514  
358  515  
358  516  
357  517  
357  518  
357  519  
357  520  
357  521  
357  522  
357  523  
357  524  
357  525  
357  526  
357  527  
356  528  
356  529  
356  530  
356  531  
356  532  
356  533  
356  534  
356  535  
356  536  
356  537  
356  538  
355  539  
355  540  
355  541  
355  542  
355  543  
355  544  
355  545  
355  546  
355  547  
355  548  
355  549  
355  550  
355  551  
355  552  
355  553  
354  554  
354  555  
354  556  
354  557  
354  558  
354  559  
354  560  
354  561  
354  562  
354  563  
354  564  
354  565  
353  566  
353  567  
353  568  
353  569  
353  570  
353  571  
353  572  
353  573  
353  574  
353  575  
353  576  
353  577  
353  578  
352  579  
352  580  
352  581  
352  582  
352  583  
352  584  
352  585  
352  586  
352  587  
352  588  
352  589  
352  590  
352  591  
352  592  
351  593  
351  594  
351  595  
351  596  
351  597  
351  598  
351  599  
351  600  
351  601  
351  602  
351  603  
351  604  
351  605  
351  606  
351  607  
350  608  
430  479  
430  480  
430  481  
430  482  
430  483  
430  484  
430  485  
430  486  
430  487  
430  488  
430  489  
430  490  
430  491  
430  492  
430  493  
430  494  
430  495  
430  496  
430  497  
429  498  
430  499  
358  481  
358  482  
358  483  
358  484  
358  485  
358  486  
357  487  
357  488  
357  489  
357  490  
357  491  
357  492  
356  493  
356  494  
356  495  
356  496  
356  497  
356  498  
355  499  
355  500  
355  501  
355  502  
355  503  
355  504  
355  505  
355  506  
354  507  
354  508  
354  509  
354  510  
354  511  
354  512  
354  513  
354  514  
354  515  
354  516  
353  517  
353  518  
353  519  
353  520  
353  521  
353  522  
353  523  
353  524  
353  525  
353  526  
353  527  
352  528  
352  529  
352  530  
352  531  
352  532  
352  533  
352  534  
352  535  
352  536  
352  537  
352  538  
351  539  
351  540  
351  541  
351  542  
351  543  
351  544  
351  545  
351  546  
351  547  
351  548  
351  549  
351  550  
351  551  
350  552  
350  553  
350  554  
350  555  
350  556  
350  557  
350  558  
350  559  
350  560  
350  561  
350  562  
350  563  
350  564  
349  565  
349  566  
349  567  
349  568  
349  569  
349  570  
349  571  
349  572  
349  573  
349  574  
349  575  
349  576  
349  577  
349  578  
348  579  
348  580  
348  581  
348  582  
348  583  
348  584  
348  585  
348  586  
348  587  
348  588  
348  589  
348  590  
348  591  
347  592  
347  593  
347  594  
347  595  
347  596  
347  597  
347  598  
347  599  
347  600  
347  601  
347  602  
347  603  
347  604  
347  605  
347  606  
346  607  
346  608  
185  489  
186  489  
187  489  
188  489  
189  489  
190  489  
191  489  
192  490  
193  490  
194  490  
195  490  
196  490  
197  490  
198  490  
199  490  
200  490  
201  490  
202  490  
203  491  
204  491  
205  491  
206  491  
207  491  
208  491  
209  491  
210  491  
211  491  
212  492  
213  492  
214  492  
136  490  
136  491  
135  492  
135  493  
135  494  
135  495  
135  496  
135  497  
135  498  
134  499  
134  500  
134  501  
134  502  
134  503  
134  504  
133  505  
133  506  
133  507  
133  508  
133  509  
173  491  
174  491  
175  492  
176  492  
177  493  
178  493  
179  493  
180  493  
181  493  
182  493  
183  494  
184  494  
185  494  
186  494  
187  494  
188  494  
189  494  
190  494  
191  494  
192  494  
193  494  
194  494  
195  495  
196  495  
197  495  
198  495  
199  495  
200  495  
201  495  
202  495  
203  495  
204  495  
205  496  
206  496  
207  496  
208  496  
209  496  
210  496  
211  496  
212  496  
213  496  
214  496  
215  496  
218  501  
217  502  
217  503  
217  504  
216  505  
216  506  
216  507  
216  508  
215  509  
215  510  
215  511  
214  512  
214  513  
214  514  
213  515  
213  516  
213  517  
213  518  
212  519  
212  520  
212  521  
212  522  
211  523  
211  524  
211  525  
211  526  
210  527  
434  506  
434  507  
434  508  
434  509  
434  510  
434  511  
434  512  
434  513  
434  514  
434  515  
434  516  
434  517  
434  518  
434  519  
434  520  
434  521  
434  522  
434  523  
434  524  
434  525  
434  526  
434  527  
434  528  
434  529  
434  530  
434  531  
434  532  
434  533  
434  534  
434  535  
434  536  
434  537  
434  538  
434  539  
434  540  
434  541  
434  542  
434  543  
434  544  
434  545  
434  546  
434  547  
434  548  
434  549  
434  550  
434  551  
434  552  
435  553  
435  554  
439  510  
439  511  
439  512  
439  513  
439  514  
439  515  
439  516  
439  517  
439  518  
439  519  
439  520  
439  521  
439  522  
439  523  
439  524  
438  525  
438  526  
438  527  
438  528  
438  529  
438  530  
438  531  
438  532  
438  533  
438  534  
438  535  
438  536  
438  537  
439  538  
439  539  
439  540  
439  541  
439  542  
439  543  
439  544  
439  545  
439  546  
439  547  
439  548  
439  549  
439  550  
116  515  
116  516  
116  517  
116  518  
116  519  
115  520  
115  521  
115  522  
115  523  
115  524  
115  525  
115  526  
115  527  
115  528  
114  529  
114  530  
114  531  
114  532  
114  533  
114  534  
114  535  
114  536  
114  537  
113  538  
113  539  
113  540  
113  541  
113  542  
113  543  
112  544  
112  545  
112  546  
112  547  
112  548  
112  549  
111  550  
111  551  
111  552  
111  553  
111  554  
110  555  
110  556  
110  557  
110  558  
110  559  
362  517  
362  518  
362  519  
362  520  
362  521  
362  522  
362  523  
362  524  
362  525  
361  526  
361  527  
361  528  
361  529  
361  530  
361  531  
361  532  
361  533  
361  534  
361  535  
360  536  
360  537  
360  538  
360  539  
360  540  
360  541  
360  542  
360  543  
360  544  
360  545  
360  546  
360  547  
360  548  
360  549  
360  550  
360  551  
360  552  
360  553  
360  554  
360  555  
360  556  
359  557  
359  558  
359  559  
359  560  
359  561  
359  562  
359  563  
359  564  
359  565  
359  566  
359  567  
359  568  
359  569  
359  570  
359  571  
359  572  
359  573  
359  574  
359  575  
359  576  
359  577  
358  578  
358  579  
358  580  
358  581  
358  582  
358  583  
358  584  
358  585  
358  586  
358  587  
358  588  
358  589  
358  590  
358  591  
358  592  
358  593  
358  594  
358  595  
358  596  
357  597  
357  598  
357  599  
357  600  
357  601  
357  602  
357  603  
356  604  
356  605  
356  606  
356  607  
356  608  
385  521  
386  521  
387  521  
388  521  
389  521  
390  521  
391  521  
392  522  
393  522  
394  522  
395  522  
396  522  
397  522  
398  522  
399  522  
400  522  
401  522  
402  522  
403  523  
404  523  
405  523  
406  523  
407  523  
408  523  
409  523  
410  523  
411  523  
412  523  
413  523  
414  524  
415  524  
416  524  
417  524  
418  524  
419  524  
122  529  
122  530  
122  531  
122  532  
122  533  
122  534  
121  535  
121  536  
121  537  
121  538  
121  539  
121  540  
121  541  
120  542  
120  543  
120  544  
120  545  
120  546  
120  547  
120  548  
130  529  
130  530  
130  531  
130  532  
129  533  
129  534  
129  535  
129  536  
129  537  
129  538  
129  539  
128  540  
128  541  
128  542  
128  543  
128  544  
128  545  
128  546  
127  547  
127  548  
127  549  
162  529  
161  530  
160  531  
160  532  
160  533  
160  534  
160  535  
160  536  
160  537  
160  538  
159  539  
159  540  
159  541  
159  542  
159  543  
159  544  
159  545  
159  546  
158  547  
158  548  
158  549  
158  550  
158  551  
158  552  
158  553  
157  554  
157  555  
157  556  
157  557  
157  558  
157  559  
157  560  
157  561  
156  562  
156  563  
156  564  
156  565  
156  566  
156  567  
156  568  
155  569  
155  570  
155  571  
155  572  
155  573  
155  574  
155  575  
155  576  
154  577  
154  578  
154  579  
154  580  
155  581  
156  582  
169  530  
170  530  
171  530  
172  530  
173  530  
174  530  
175  531  
176  531  
177  531  
178  531  
179  531  
180  531  
181  531  
182  532  
183  532  
184  532  
185  532  
186  532  
187  532  
188  532  
189  532  
190  532  
191  533  
192  533  
193  533  
194  533  
195  533  
196  533  
197  533  
198  533  
199  534  
200  534  
201  534  
202  534  
164  534  
164  535  
164  536  
164  537  
164  538  
164  539  
164  540  
164  541  
164  542  
164  543  
164  544  
163  545  
163  546  
163  547  
163  548  
163  549  
163  550  
162  551  
162  552  
162  553  
162  554  
162  555  
162  556  
162  557  
161  558  
161  559  
161  560  
161  561  
161  562  
161  563  
161  564  
160  565  
160  566  
160  567  
160  568  
160  569  
160  570  
160  571  
160  572  
159  573  
159  574  
159  575  
159  576  
386  535  
387  536  
388  536  
389  536  
390  536  
391  536  
392  536  
393  536  
394  536  
395  536  
396  536  
397  536  
398  537  
399  537  
400  537  
401  537  
402  537  
403  537  
404  537  
405  537  
406  537  
407  537  
408  538  
409  538  
410  538  
411  538  
412  538  
413  538  
414  538  
415  538  
416  538  
417  538  
418  539  
419  539  
420  539  
421  539  
175  541  
175  542  
175  543  
175  544  
175  545  
175  546  
175  547  
175  548  
174  549  
174  550  
174  551  
174  552  
174  553  
174  554  
174  555  
174  556  
174  557  
174  558  
174  559  
173  560  
173  561  
173  562  
173  563  
173  564  
173  565  
173  566  
172  567  
172  568  
172  569  
172  570  
172  571  
172  572  
172  573  
172  574  
172  575  
171  542  
171  543  
171  544  
171  545  
171  546  
170  547  
170  548  
170  549  
170  550  
170  551  
170  552  
170  553  
170  554  
170  555  
169  556  
169  557  
169  558  
169  559  
169  560  
169  561  
169  562  
169  563  
169  564  
169  565  
168  566  
168  567  
168  568  
168  569  
168  570  
168  571  
168  572  
205  547  
205  548  
205  549  
205  550  
205  551  
204  552  
204  553  
204  554  
204  555  
204  556  
204  557  
203  558  
203  559  
203  560  
203  561  
203  562  
202  563  
202  564  
202  565  
202  566  
202  567  
377  548  
377  549  
377  550  
376  551  
376  552  
376  553  
376  554  
376  555  
376  556  
376  557  
376  558  
376  559  
376  560  
376  561  
376  562  
376  563  
376  564  
376  565  
376  566  
376  567  
376  568  
376  569  
376  570  
376  571  
376  572  
376  573  
376  574  
376  575  
176  571  
177  571  
178  571  
179  571  
180  571  
181  571  
182  571  
183  571  
184  571  
185  571  
186  571  
187  572  
188  572  
189  572  
190  572  
191  572  
192  572  
193  572  
194  572  
195  572  
196  572  
197  572  
107  578  
107  579  
107  580  
107  581  
107  582  
106  583  
106  584  
106  585  
106  586  
106  587  
106  588  
105  589  
105  590  
105  591  
105  592  
105  593  
105  594  
104  595  
104  596  
104  597  
104  598  
104  599  
114  583  
114  584  
114  585  
114  586  
114  587  
114  588  
113  589  
113  590  
113  591  
113  592  
113  593  
113  594  
113  595  
112  596  
112  597  
112  598  
112  599  
112  600  
112  601  
111  602  
111  603  
111  604  
111  605  
111  606  
111  607  
110  608  
122  584  
122  585  
122  586  
122  587  
122  588  
122  589  
121  590  
121  591  
121  592  
121  593  
121  594  
121  595  
120  596  
120  597  
120  598  
120  599  
120  600  
120  601  
119  602  
119  603  
119  604  
119  605  
119  606  
119  607  
119  608  
