46  32  
46  33  
46  34  
46  35  
46  36  
46  37  
46  38  
46  39  
46  40  
46  41  
46  42  
47  43  
47  44  
47  45  
47  46  
47  47  
47  48  
47  49  
47  50  
47  51  
47  52  
47  53  
47  54  
47  55  
47  56  
47  57  
47  58  
47  59  
47  60  
47  61  
47  62  
47  63  
47  64  
47  65  
47  66  
47  67  
47  68  
47  69  
47  70  
47  71  
47  72  
47  73  
47  74  
47  75  
47  76  
47  77  
47  78  
47  79  
47  80  
47  81  
47  82  
47  83  
47  84  
47  85  
47  86  
48  87  
94  32  
94  33  
94  34  
94  35  
94  36  
94  37  
94  38  
94  39  
94  40  
94  41  
94  42  
94  43  
94  44  
94  45  
94  46  
94  47  
94  48  
94  49  
94  50  
94  51  
94  52  
94  53  
94  54  
94  55  
94  56  
94  57  
94  58  
94  59  
94  60  
94  61  
94  62  
94  63  
94  64  
94  65  
94  66  
94  67  
94  68  
94  69  
94  70  
94  71  
94  72  
94  73  
94  74  
94  75  
94  76  
94  77  
94  78  
94  79  
94  80  
94  81  
94  82  
94  83  
94  84  
94  85  
94  86  
94  87  
94  88  
94  89  
94  90  
94  91  
94  92  
94  93  
94  94  
94  95  
94  96  
94  97  
94  98  
94  99  
94  100  
94  101  
94  102  
94  103  
94  104  
94  105  
94  106  
94  107  
94  108  
94  109  
94  110  
94  111  
94  112  
94  113  
94  114  
95  115  
95  116  
95  117  
95  118  
95  119  
95  120  
95  121  
95  122  
95  123  
95  124  
95  125  
95  126  
95  127  
95  128  
95  129  
95  130  
95  131  
95  132  
95  133  
95  134  
95  135  
95  136  
95  137  
95  138  
95  139  
95  140  
95  141  
95  142  
95  143  
95  144  
95  145  
95  146  
95  147  
95  148  
95  149  
95  150  
95  151  
95  152  
95  153  
95  154  
95  155  
95  156  
95  157  
95  158  
95  159  
95  160  
95  161  
95  162  
95  163  
95  164  
95  165  
95  166  
95  167  
95  168  
95  169  
95  170  
95  171  
95  172  
95  173  
95  174  
95  175  
95  176  
95  177  
95  178  
95  179  
95  180  
95  181  
95  182  
95  183  
95  184  
95  185  
95  186  
95  187  
95  188  
95  189  
95  190  
95  191  
95  192  
95  193  
95  194  
95  195  
95  196  
95  197  
95  198  
95  199  
95  200  
95  201  
95  202  
95  203  
95  204  
95  205  
95  206  
95  207  
95  208  
95  209  
95  210  
95  211  
95  212  
95  213  
95  214  
95  215  
95  216  
95  217  
95  218  
95  219  
95  220  
95  221  
95  222  
95  223  
95  224  
95  225  
95  226  
95  227  
95  228  
95  229  
95  230  
95  231  
95  232  
95  233  
95  234  
95  235  
95  236  
95  237  
95  238  
95  239  
95  240  
95  241  
95  242  
95  243  
95  244  
95  245  
95  246  
95  247  
95  248  
95  249  
95  250  
95  251  
95  252  
95  253  
95  254  
95  255  
95  256  
95  257  
95  258  
95  259  
95  260  
95  261  
95  262  
96  263  
96  264  
96  265  
96  266  
96  267  
96  268  
96  269  
96  270  
96  271  
96  272  
96  273  
96  274  
96  275  
96  276  
96  277  
96  278  
96  279  
96  280  
96  281  
96  282  
96  283  
96  284  
96  285  
96  286  
96  287  
96  288  
96  289  
96  290  
96  291  
96  292  
96  293  
96  294  
96  295  
96  296  
96  297  
96  298  
96  299  
96  300  
96  301  
96  302  
96  303  
96  304  
96  305  
96  306  
96  307  
96  308  
96  309  
96  310  
96  311  
96  312  
96  313  
96  314  
96  315  
96  316  
96  317  
96  318  
96  319  
96  320  
96  321  
96  322  
96  323  
131  32  
131  33  
131  34  
131  35  
131  36  
131  37  
131  38  
131  39  
131  40  
131  41  
131  42  
131  43  
131  44  
131  45  
131  46  
131  47  
131  48  
131  49  
131  50  
131  51  
131  52  
131  53  
131  54  
131  55  
131  56  
131  57  
131  58  
131  59  
131  60  
131  61  
132  62  
132  63  
132  64  
132  65  
132  66  
132  67  
132  68  
132  69  
132  70  
132  71  
132  72  
132  73  
132  74  
132  75  
131  76  
131  77  
131  78  
131  79  
131  80  
131  81  
131  82  
131  83  
131  84  
131  85  
131  86  
131  87  
131  88  
131  89  
131  90  
131  91  
131  92  
131  93  
131  94  
132  95  
132  96  
132  97  
132  98  
132  99  
132  100  
132  101  
132  102  
132  103  
132  104  
132  105  
132  106  
132  107  
132  108  
132  109  
132  110  
132  111  
132  112  
132  113  
132  114  
132  115  
132  116  
132  117  
132  118  
132  119  
132  120  
132  121  
132  122  
132  123  
132  124  
132  125  
132  126  
132  127  
132  128  
132  129  
132  130  
132  131  
132  132  
132  133  
132  134  
132  135  
132  136  
132  137  
132  138  
132  139  
132  140  
132  141  
132  142  
132  143  
132  144  
132  145  
132  146  
132  147  
132  148  
132  149  
132  150  
132  151  
132  152  
132  153  
132  154  
132  155  
132  156  
132  157  
132  158  
132  159  
132  160  
132  161  
132  162  
132  163  
132  164  
132  165  
132  166  
132  167  
132  168  
132  169  
132  170  
132  171  
132  172  
132  173  
132  174  
132  175  
132  176  
132  177  
132  178  
132  179  
132  180  
132  181  
132  182  
132  183  
132  184  
132  185  
132  186  
132  187  
132  188  
132  189  
132  190  
132  191  
132  192  
132  193  
132  194  
132  195  
132  196  
132  197  
132  198  
132  199  
132  200  
132  201  
132  202  
132  203  
132  204  
132  205  
132  206  
132  207  
132  208  
132  209  
132  210  
132  211  
132  212  
132  213  
132  214  
132  215  
132  216  
132  217  
132  218  
132  219  
132  220  
132  221  
132  222  
132  223  
132  224  
132  225  
132  226  
132  227  
132  228  
132  229  
132  230  
132  231  
132  232  
132  233  
132  234  
132  235  
132  236  
132  237  
132  238  
132  239  
132  240  
132  241  
132  242  
132  243  
132  244  
132  245  
132  246  
132  247  
132  248  
132  249  
132  250  
132  251  
132  252  
132  253  
132  254  
132  255  
132  256  
132  257  
132  258  
132  259  
132  260  
132  261  
132  262  
132  263  
132  264  
132  265  
132  266  
132  267  
132  268  
132  269  
132  270  
132  271  
132  272  
132  273  
132  274  
132  275  
133  276  
133  277  
133  278  
133  279  
133  280  
133  281  
133  282  
133  283  
133  284  
133  285  
133  286  
133  287  
133  288  
133  289  
133  290  
133  291  
168  32  
169  32  
170  32  
171  32  
172  32  
173  32  
174  32  
175  32  
176  32  
177  32  
178  32  
179  32  
180  32  
181  32  
182  32  
183  32  
184  32  
185  32  
186  32  
187  32  
188  32  
189  32  
190  32  
191  32  
192  32  
193  32  
194  32  
195  32  
196  32  
197  32  
198  32  
199  32  
200  32  
201  32  
202  32  
203  32  
204  32  
205  32  
206  32  
207  32  
208  32  
209  32  
210  32  
211  32  
212  32  
213  32  
214  32  
215  32  
216  32  
217  32  
218  32  
219  32  
220  32  
221  32  
222  32  
223  32  
224  32  
225  32  
226  32  
227  32  
228  32  
229  32  
230  32  
231  32  
232  32  
233  32  
234  32  
235  32  
236  32  
237  32  
238  32  
239  32  
240  32  
241  32  
242  32  
243  32  
244  32  
245  32  
246  32  
247  32  
248  32  
249  32  
250  32  
251  32  
252  32  
253  32  
254  32  
255  32  
256  32  
257  32  
258  32  
259  32  
260  32  
261  32  
262  32  
263  32  
264  32  
265  32  
266  32  
267  32  
268  32  
269  32  
270  32  
271  32  
272  32  
273  32  
274  32  
275  32  
276  32  
277  32  
278  32  
279  32  
280  32  
281  32  
282  32  
283  32  
284  32  
285  32  
286  32  
287  32  
288  32  
289  32  
290  32  
291  32  
292  32  
293  32  
294  32  
295  32  
296  32  
297  32  
298  32  
299  32  
300  32  
301  32  
302  32  
303  32  
304  32  
305  32  
306  32  
307  32  
308  32  
309  32  
310  32  
311  32  
312  32  
313  32  
314  32  
315  32  
316  32  
317  32  
318  32  
319  32  
320  32  
321  32  
322  32  
323  32  
324  32  
325  32  
326  32  
327  32  
328  32  
329  32  
330  33  
331  33  
332  33  
333  33  
334  33  
335  33  
336  33  
337  33  
338  33  
339  33  
340  33  
341  33  
342  33  
343  33  
344  33  
345  33  
346  33  
347  33  
348  33  
349  33  
350  33  
351  33  
352  33  
353  33  
354  33  
355  33  
356  33  
357  33  
358  33  
359  33  
360  33  
361  33  
362  33  
363  33  
364  33  
365  33  
366  33  
367  33  
368  33  
369  33  
370  33  
371  33  
372  33  
373  33  
374  33  
375  33  
376  33  
377  33  
378  33  
379  33  
380  33  
381  33  
382  33  
383  33  
384  33  
385  33  
386  33  
387  33  
388  33  
389  33  
390  33  
391  33  
392  33  
393  33  
394  33  
395  33  
396  33  
397  33  
398  33  
399  33  
400  33  
401  33  
402  33  
403  33  
404  33  
405  33  
406  33  
407  33  
408  33  
409  33  
410  33  
411  33  
412  33  
413  33  
414  33  
415  33  
416  33  
417  33  
418  33  
419  33  
420  33  
421  33  
422  33  
423  33  
424  33  
425  33  
426  33  
427  33  
428  33  
429  33  
430  33  
431  33  
369  42  
370  42  
371  42  
372  42  
373  42  
374  42  
375  42  
376  42  
377  42  
378  42  
379  42  
380  42  
381  42  
382  42  
383  42  
384  42  
385  42  
386  42  
387  42  
388  42  
389  42  
390  42  
391  42  
392  42  
393  42  
394  42  
395  42  
396  42  
397  42  
398  42  
399  42  
400  42  
401  42  
402  42  
403  42  
404  42  
405  42  
406  42  
407  42  
408  42  
409  42  
410  42  
411  42  
412  42  
150  43  
151  43  
152  43  
153  43  
154  43  
155  43  
156  43  
157  43  
158  43  
159  43  
160  43  
161  43  
162  43  
163  43  
164  43  
165  43  
166  43  
167  43  
168  43  
169  43  
170  43  
171  43  
172  43  
173  43  
174  43  
175  43  
176  43  
177  43  
178  43  
179  43  
180  43  
181  43  
182  43  
183  43  
184  43  
185  43  
186  43  
187  43  
188  43  
189  43  
190  43  
191  43  
192  43  
193  43  
194  43  
195  43  
196  43  
197  43  
198  43  
199  43  
200  43  
201  43  
202  43  
203  43  
204  43  
205  43  
206  43  
207  43  
208  43  
209  43  
210  43  
211  43  
212  43  
213  43  
214  43  
215  43  
216  43  
217  43  
218  43  
219  43  
220  43  
221  43  
222  43  
223  43  
224  43  
225  43  
226  43  
227  43  
228  43  
229  43  
230  43  
231  43  
232  43  
233  43  
234  43  
235  44  
236  44  
237  44  
238  44  
239  44  
240  44  
241  44  
242  44  
243  44  
244  44  
245  44  
246  44  
247  44  
248  44  
249  44  
250  44  
251  44  
252  44  
253  44  
254  44  
255  44  
256  44  
257  44  
258  44  
259  44  
260  44  
261  44  
262  44  
263  44  
264  44  
265  44  
266  44  
267  44  
268  44  
269  44  
270  44  
271  44  
272  44  
273  44  
274  44  
275  44  
276  44  
277  44  
278  44  
279  44  
280  44  
281  44  
282  44  
283  44  
284  44  
285  44  
286  44  
287  44  
288  44  
289  44  
290  44  
291  44  
292  44  
293  44  
294  44  
295  44  
296  44  
297  44  
298  44  
299  44  
300  44  
301  44  
302  44  
303  44  
304  44  
305  44  
306  44  
307  44  
308  44  
309  44  
310  44  
311  44  
312  44  
313  44  
314  44  
315  44  
316  44  
317  44  
318  44  
319  44  
320  44  
321  44  
322  44  
323  44  
324  44  
325  44  
326  44  
327  44  
328  44  
329  44  
330  44  
331  44  
332  44  
333  44  
334  44  
335  44  
336  44  
337  44  
338  44  
339  44  
340  44  
341  44  
342  44  
343  44  
344  44  
345  44  
346  44  
347  44  
348  44  
349  44  
350  44  
351  44  
352  44  
353  44  
354  44  
355  44  
356  44  
357  44  
358  44  
359  44  
360  44  
361  44  
362  44  
363  44  
364  44  
365  44  
366  44  
367  44  
368  44  
135  45  
135  46  
135  47  
136  48  
136  49  
136  50  
136  51  
136  52  
136  53  
136  54  
136  55  
136  56  
136  57  
136  58  
136  59  
136  60  
136  61  
136  62  
136  63  
136  64  
136  65  
136  66  
136  67  
136  68  
136  69  
136  70  
136  71  
136  72  
136  73  
136  74  
136  75  
136  76  
136  77  
136  78  
136  79  
136  80  
136  81  
136  82  
136  83  
136  84  
136  85  
136  86  
136  87  
136  88  
136  89  
136  90  
136  91  
136  92  
136  93  
136  94  
136  95  
136  96  
136  97  
136  98  
136  99  
136  100  
136  101  
136  102  
136  103  
136  104  
136  105  
136  106  
136  107  
136  108  
136  109  
136  110  
136  111  
136  112  
136  113  
136  114  
136  115  
136  116  
136  117  
136  118  
136  119  
136  120  
136  121  
136  122  
136  123  
136  124  
136  125  
136  126  
136  127  
136  128  
136  129  
136  130  
136  131  
136  132  
136  133  
136  134  
136  135  
136  136  
136  137  
136  138  
136  139  
136  140  
136  141  
136  142  
136  143  
136  144  
136  145  
136  146  
136  147  
136  148  
136  149  
136  150  
136  151  
136  152  
136  153  
136  154  
136  155  
136  156  
136  157  
136  158  
136  159  
136  160  
136  161  
136  162  
136  163  
136  164  
136  165  
136  166  
136  167  
136  168  
136  169  
136  170  
136  171  
136  172  
136  173  
136  174  
136  175  
136  176  
136  177  
136  178  
136  179  
136  180  
136  181  
136  182  
136  183  
279  49  
280  49  
281  49  
282  49  
283  49  
284  49  
285  49  
286  49  
287  49  
288  49  
289  49  
290  49  
291  49  
292  49  
293  50  
294  50  
295  50  
296  50  
297  50  
298  50  
299  50  
300  50  
301  50  
302  50  
303  50  
304  50  
305  50  
306  50  
307  50  
308  50  
309  50  
310  50  
311  50  
312  50  
313  50  
314  50  
315  50  
316  50  
317  50  
318  50  
319  50  
320  50  
321  50  
322  50  
323  50  
324  50  
325  50  
326  50  
327  50  
328  50  
329  50  
330  50  
331  50  
332  50  
333  50  
334  50  
335  50  
336  50  
337  50  
338  50  
339  50  
340  50  
341  50  
342  50  
343  50  
344  50  
345  50  
346  50  
347  50  
348  50  
349  50  
350  50  
351  50  
352  50  
353  50  
354  50  
355  50  
356  50  
357  50  
358  50  
359  50  
360  50  
361  50  
362  50  
363  50  
364  50  
365  50  
366  50  
367  50  
368  50  
369  50  
370  50  
371  50  
372  50  
373  50  
374  50  
375  50  
376  50  
377  50  
378  50  
379  50  
380  50  
381  50  
382  50  
383  50  
384  50  
385  50  
386  50  
387  50  
388  50  
389  50  
390  50  
391  50  
392  50  
393  50  
394  50  
395  50  
396  50  
397  50  
398  50  
399  50  
400  50  
401  50  
402  50  
403  50  
404  50  
142  50  
142  51  
142  52  
142  53  
142  54  
142  55  
142  56  
142  57  
142  58  
142  59  
142  60  
142  61  
142  62  
142  63  
142  64  
142  65  
142  66  
142  67  
142  68  
142  69  
142  70  
142  71  
142  72  
142  73  
142  74  
142  75  
142  76  
142  77  
142  78  
142  79  
142  80  
142  81  
142  82  
142  83  
142  84  
142  85  
142  86  
142  87  
142  88  
142  89  
142  90  
142  91  
142  92  
142  93  
142  94  
142  95  
142  96  
142  97  
142  98  
142  99  
142  100  
142  101  
142  102  
142  103  
142  104  
142  105  
142  106  
142  107  
142  108  
142  109  
142  110  
142  111  
142  112  
142  113  
142  114  
142  115  
142  116  
142  117  
142  118  
142  119  
142  120  
142  121  
142  122  
142  123  
142  124  
142  125  
142  126  
142  127  
142  128  
142  129  
142  130  
142  131  
142  132  
142  133  
142  134  
142  135  
142  136  
142  137  
142  138  
142  139  
142  140  
142  141  
142  142  
142  143  
142  144  
142  145  
142  146  
142  147  
142  148  
142  149  
142  150  
142  151  
142  152  
142  153  
142  154  
142  155  
142  156  
142  157  
142  158  
142  159  
142  160  
142  161  
142  162  
142  163  
142  164  
142  165  
142  166  
142  167  
142  168  
142  169  
142  170  
142  171  
142  172  
142  173  
142  174  
142  175  
142  176  
142  177  
142  178  
142  179  
142  180  
142  181  
142  182  
142  183  
142  184  
142  185  
142  186  
142  187  
142  188  
142  189  
142  190  
142  191  
142  192  
221  51  
221  52  
221  53  
221  54  
221  55  
221  56  
221  57  
221  58  
221  59  
221  60  
221  61  
221  62  
221  63  
221  64  
221  65  
221  66  
221  67  
221  68  
221  69  
221  70  
345  52  
345  53  
345  54  
345  55  
345  56  
345  57  
345  58  
345  59  
345  60  
345  61  
345  62  
345  63  
345  64  
345  65  
345  66  
345  67  
345  68  
345  69  
345  70  
345  71  
345  72  
345  73  
345  74  
345  75  
276  54  
276  55  
276  56  
276  57  
276  58  
276  59  
276  60  
276  61  
276  62  
276  63  
276  64  
276  65  
276  66  
276  67  
276  68  
276  69  
276  70  
276  71  
276  72  
276  73  
416  70  
416  71  
416  72  
415  73  
415  74  
415  75  
415  76  
415  77  
414  78  
414  79  
414  80  
414  81  
413  82  
413  83  
413  84  
413  85  
413  86  
412  87  
412  88  
412  89  
412  90  
411  91  
411  92  
411  93  
411  94  
410  95  
410  96  
410  97  
410  98  
410  99  
410  100  
409  101  
409  102  
409  103  
408  104  
408  105  
408  106  
408  107  
408  108  
407  109  
407  110  
419  72  
419  73  
419  74  
419  75  
419  76  
419  77  
419  78  
419  79  
418  80  
418  81  
418  82  
418  83  
418  84  
418  85  
418  86  
418  87  
418  88  
418  89  
418  90  
418  91  
418  92  
418  93  
418  94  
418  95  
418  96  
418  97  
418  98  
418  99  
418  100  
418  101  
418  102  
418  103  
418  104  
418  105  
418  106  
418  107  
418  108  
418  109  
418  110  
418  111  
417  112  
417  113  
417  114  
417  115  
417  116  
417  117  
417  118  
417  119  
417  120  
417  121  
417  122  
417  123  
417  124  
417  125  
417  126  
417  127  
417  128  
417  129  
417  130  
417  131  
417  132  
417  133  
417  134  
417  135  
417  136  
417  137  
417  138  
417  139  
417  140  
417  141  
417  142  
417  143  
417  144  
417  145  
417  146  
417  147  
417  148  
417  149  
417  150  
417  151  
417  152  
417  153  
417  154  
417  155  
417  156  
417  157  
417  158  
417  159  
417  160  
417  161  
417  162  
417  163  
417  164  
417  165  
417  166  
417  167  
417  168  
417  169  
417  170  
417  171  
417  172  
417  173  
417  174  
416  175  
416  176  
416  177  
416  178  
416  179  
416  180  
416  181  
416  182  
416  183  
416  184  
416  185  
416  186  
416  187  
416  188  
416  189  
416  190  
416  191  
416  192  
188  77  
189  77  
190  77  
191  77  
192  77  
193  77  
194  77  
195  77  
196  77  
197  77  
198  77  
199  77  
200  77  
201  77  
202  77  
203  77  
204  77  
205  77  
206  77  
207  77  
208  77  
209  77  
210  77  
211  77  
212  77  
213  77  
278  77  
279  77  
280  77  
281  77  
282  77  
283  77  
284  77  
285  77  
286  77  
287  77  
288  77  
289  77  
290  77  
291  77  
292  77  
293  77  
294  77  
295  77  
296  78  
297  78  
298  78  
311  77  
312  77  
313  78  
314  78  
315  78  
316  78  
317  78  
318  78  
319  78  
320  78  
321  78  
322  78  
323  78  
324  78  
325  78  
326  78  
327  78  
328  78  
329  78  
330  78  
331  78  
332  78  
333  78  
334  78  
335  78  
336  78  
337  78  
338  78  
339  78  
340  78  
341  78  
342  78  
343  78  
344  78  
346  78  
347  78  
348  78  
349  78  
350  78  
351  78  
352  78  
353  78  
354  78  
355  78  
356  78  
357  78  
358  78  
359  78  
360  78  
361  78  
362  78  
363  78  
364  78  
365  78  
366  78  
367  78  
368  78  
369  78  
370  78  
371  78  
372  78  
373  78  
374  78  
375  78  
376  78  
377  78  
378  78  
379  78  
380  78  
381  78  
382  78  
383  78  
384  78  
385  78  
386  78  
387  78  
388  78  
389  78  
390  78  
391  78  
392  78  
393  78  
394  78  
395  78  
396  78  
397  78  
398  78  
155  85  
155  86  
155  87  
155  88  
155  89  
155  90  
155  91  
155  92  
155  93  
155  94  
155  95  
155  96  
155  97  
155  98  
155  99  
155  100  
155  101  
155  102  
156  103  
156  104  
156  105  
156  106  
156  107  
156  108  
48  93  
47  94  
47  95  
47  96  
47  97  
47  98  
47  99  
47  100  
47  101  
47  102  
47  103  
47  104  
47  105  
47  106  
47  107  
48  108  
48  109  
48  110  
48  111  
48  112  
48  113  
48  114  
48  115  
48  116  
48  117  
48  118  
48  119  
48  120  
48  121  
48  122  
48  123  
48  124  
48  125  
48  126  
48  127  
48  128  
48  129  
48  130  
48  131  
48  132  
48  133  
48  134  
48  135  
48  136  
48  137  
48  138  
48  139  
48  140  
48  141  
48  142  
48  143  
48  144  
48  145  
48  146  
48  147  
48  148  
48  149  
48  150  
48  151  
48  152  
48  153  
48  154  
48  155  
48  156  
48  157  
48  158  
48  159  
48  160  
48  161  
48  162  
48  163  
48  164  
48  165  
48  166  
48  167  
48  168  
48  169  
48  170  
48  171  
48  172  
48  173  
48  174  
48  175  
48  176  
48  177  
48  178  
48  179  
48  180  
48  181  
48  182  
48  183  
48  184  
48  185  
48  186  
48  187  
48  188  
48  189  
48  190  
48  191  
48  192  
48  193  
48  194  
48  195  
48  196  
48  197  
48  198  
48  199  
48  200  
48  201  
48  202  
48  203  
48  204  
49  205  
49  206  
49  207  
49  208  
49  209  
49  210  
49  211  
49  212  
49  213  
49  214  
49  215  
49  216  
49  217  
49  218  
49  219  
49  220  
49  221  
49  222  
49  223  
49  224  
49  225  
49  226  
49  227  
49  228  
49  229  
49  230  
49  231  
49  232  
49  233  
49  234  
49  235  
49  236  
49  237  
49  238  
49  239  
49  240  
49  241  
49  242  
49  243  
49  244  
49  245  
49  246  
49  247  
49  248  
49  249  
49  250  
49  251  
49  252  
49  253  
49  254  
49  255  
49  256  
49  257  
49  258  
49  259  
49  260  
49  261  
49  262  
49  263  
49  264  
49  265  
49  266  
49  267  
49  268  
49  269  
49  270  
49  271  
49  272  
49  273  
49  274  
49  275  
49  276  
49  277  
49  278  
49  279  
49  280  
49  281  
49  282  
50  283  
50  284  
50  285  
50  286  
50  287  
50  288  
50  289  
50  290  
50  291  
50  292  
50  293  
50  294  
50  295  
50  296  
50  297  
50  298  
50  299  
50  300  
50  301  
50  302  
50  303  
50  304  
50  305  
50  306  
50  307  
50  308  
50  309  
50  310  
50  311  
50  312  
50  313  
50  314  
50  315  
50  316  
50  317  
50  318  
50  319  
50  320  
50  321  
50  322  
50  323  
50  324  
50  325  
50  326  
50  327  
50  328  
50  329  
50  330  
50  331  
50  332  
50  333  
50  334  
50  335  
50  336  
50  337  
50  338  
50  339  
50  340  
50  341  
50  342  
50  343  
50  344  
50  345  
50  346  
50  347  
50  348  
50  349  
51  350  
51  351  
51  352  
51  353  
51  354  
51  355  
51  356  
51  357  
51  358  
51  359  
51  360  
51  361  
51  362  
51  363  
51  364  
51  365  
51  366  
51  367  
51  368  
51  369  
51  370  
51  371  
51  372  
51  373  
51  374  
51  375  
51  376  
51  377  
51  378  
51  379  
51  380  
51  381  
51  382  
51  383  
51  384  
51  385  
51  386  
51  387  
51  388  
51  389  
51  390  
51  391  
51  392  
51  393  
51  394  
51  395  
51  396  
51  397  
51  398  
51  399  
51  400  
51  401  
51  402  
51  403  
51  404  
51  405  
51  406  
51  407  
51  408  
51  409  
51  410  
51  411  
52  412  
52  413  
52  414  
52  415  
52  416  
52  417  
52  418  
52  419  
52  420  
52  421  
52  422  
52  423  
52  424  
52  425  
52  426  
52  427  
52  428  
52  429  
52  430  
52  431  
52  432  
52  433  
52  434  
52  435  
52  436  
52  437  
52  438  
52  439  
52  440  
52  441  
52  442  
52  443  
52  444  
52  445  
52  446  
52  447  
52  448  
52  449  
52  450  
52  451  
52  452  
52  453  
52  454  
52  455  
52  456  
52  457  
52  458  
52  459  
52  460  
52  461  
52  462  
53  463  
53  464  
53  465  
53  466  
53  467  
53  468  
53  469  
53  470  
53  471  
53  472  
53  473  
53  474  
53  475  
53  476  
53  477  
53  478  
53  479  
53  480  
53  481  
53  482  
53  483  
53  484  
53  485  
53  486  
53  487  
53  488  
53  489  
53  490  
53  491  
53  492  
53  493  
53  494  
53  495  
53  496  
53  497  
53  498  
53  499  
53  500  
53  501  
53  502  
53  503  
53  504  
53  505  
54  506  
54  507  
54  508  
54  509  
54  510  
54  511  
54  512  
54  513  
54  514  
54  515  
54  516  
54  517  
54  518  
54  519  
54  520  
54  521  
54  522  
54  523  
54  524  
54  525  
54  526  
54  527  
54  528  
54  529  
54  530  
54  531  
54  532  
54  533  
54  534  
54  535  
54  536  
54  537  
54  538  
54  539  
54  540  
54  541  
54  542  
54  543  
54  544  
54  545  
54  546  
54  547  
54  548  
54  549  
54  550  
54  551  
54  552  
54  553  
54  554  
54  555  
54  556  
54  557  
54  558  
54  559  
54  560  
54  561  
54  562  
55  563  
55  564  
55  565  
55  566  
55  567  
90  99  
90  100  
90  101  
90  102  
90  103  
90  104  
90  105  
90  106  
91  107  
91  108  
91  109  
91  110  
91  111  
91  112  
91  113  
91  114  
91  115  
91  116  
91  117  
91  118  
91  119  
91  120  
91  121  
91  122  
91  123  
91  124  
91  125  
91  126  
91  127  
91  128  
91  129  
91  130  
91  131  
91  132  
91  133  
91  134  
91  135  
91  136  
91  137  
91  138  
91  139  
91  140  
91  141  
91  142  
91  143  
91  144  
91  145  
91  146  
91  147  
91  148  
91  149  
91  150  
91  151  
91  152  
91  153  
91  154  
91  155  
91  156  
91  157  
91  158  
91  159  
91  160  
91  161  
91  162  
91  163  
91  164  
91  165  
91  166  
91  167  
91  168  
91  169  
91  170  
91  171  
91  172  
91  173  
91  174  
91  175  
91  176  
91  177  
91  178  
91  179  
91  180  
91  181  
91  182  
91  183  
91  184  
91  185  
91  186  
91  187  
91  188  
91  189  
91  190  
91  191  
91  192  
91  193  
91  194  
91  195  
91  196  
91  197  
91  198  
91  199  
91  200  
91  201  
91  202  
91  203  
91  204  
91  205  
91  206  
91  207  
91  208  
91  209  
91  210  
91  211  
91  212  
91  213  
91  214  
91  215  
91  216  
91  217  
91  218  
91  219  
91  220  
91  221  
91  222  
91  223  
91  224  
91  225  
91  226  
91  227  
91  228  
91  229  
91  230  
91  231  
91  232  
91  233  
91  234  
91  235  
91  236  
91  237  
91  238  
92  239  
92  240  
92  241  
92  242  
92  243  
92  244  
92  245  
92  246  
92  247  
92  248  
92  249  
92  250  
92  251  
92  252  
92  253  
92  254  
92  255  
92  256  
92  257  
92  258  
92  259  
92  260  
92  261  
92  262  
92  263  
92  264  
92  265  
92  266  
92  267  
92  268  
92  269  
92  270  
92  271  
92  272  
92  273  
92  274  
92  275  
92  276  
92  277  
92  278  
92  279  
92  280  
92  281  
92  282  
92  283  
92  284  
92  285  
92  286  
92  287  
92  288  
92  289  
92  290  
92  291  
92  292  
92  293  
92  294  
92  295  
92  296  
92  297  
92  298  
92  299  
92  300  
92  301  
92  302  
92  303  
92  304  
92  305  
92  306  
92  307  
92  308  
92  309  
92  310  
92  311  
92  312  
92  313  
92  314  
92  315  
92  316  
92  317  
92  318  
92  319  
92  320  
92  321  
92  322  
92  323  
93  324  
93  325  
210  116  
211  116  
212  116  
213  116  
187  117  
188  117  
189  117  
190  117  
191  117  
192  117  
193  117  
194  117  
195  117  
196  117  
197  117  
198  117  
199  117  
200  117  
201  117  
202  117  
203  117  
204  117  
205  117  
206  117  
207  117  
208  117  
209  117  
283  117  
284  117  
285  117  
286  117  
287  117  
288  117  
289  117  
290  117  
291  117  
292  117  
293  117  
294  117  
295  117  
296  117  
297  117  
298  117  
299  117  
300  117  
301  117  
302  117  
303  117  
304  117  
305  117  
306  117  
307  117  
308  117  
309  117  
310  117  
311  117  
312  117  
313  117  
314  117  
315  117  
316  117  
317  117  
318  117  
319  117  
320  117  
321  117  
322  117  
323  117  
324  117  
325  117  
326  117  
327  117  
328  117  
329  117  
330  117  
331  117  
332  117  
333  117  
334  117  
335  117  
336  117  
337  117  
338  117  
339  117  
340  117  
341  117  
342  117  
343  117  
361  117  
362  117  
363  117  
364  117  
365  117  
366  117  
367  117  
368  118  
369  118  
370  118  
371  118  
372  118  
373  118  
374  118  
375  118  
376  118  
377  118  
378  118  
379  118  
380  118  
381  118  
382  118  
383  118  
384  118  
385  118  
386  118  
387  118  
388  118  
389  118  
390  118  
391  118  
392  118  
393  118  
394  118  
395  118  
396  118  
397  118  
398  118  
313  119  
312  120  
312  121  
312  122  
312  123  
312  124  
312  125  
312  126  
312  127  
312  128  
312  129  
312  130  
312  131  
312  132  
312  133  
312  134  
312  135  
312  136  
312  137  
312  138  
312  139  
312  140  
312  141  
312  142  
312  143  
312  144  
312  145  
312  146  
312  147  
312  148  
312  149  
312  150  
312  151  
312  152  
312  153  
312  154  
312  155  
345  120  
345  121  
346  122  
346  123  
346  124  
346  125  
346  126  
346  127  
346  128  
346  129  
346  130  
346  131  
347  132  
347  133  
347  134  
347  135  
347  136  
347  137  
347  138  
347  139  
347  140  
347  141  
347  142  
347  143  
347  144  
347  145  
347  146  
347  147  
347  148  
347  149  
347  150  
347  151  
347  152  
347  153  
347  154  
347  155  
347  156  
347  157  
347  158  
347  159  
347  160  
347  161  
347  162  
272  123  
272  124  
272  125  
272  126  
272  127  
272  128  
272  129  
272  130  
272  131  
272  132  
272  133  
272  134  
272  135  
272  136  
272  137  
272  138  
272  139  
272  140  
272  141  
272  142  
272  143  
272  144  
272  145  
272  146  
272  147  
272  148  
272  149  
272  150  
272  151  
272  152  
272  153  
272  154  
272  155  
272  156  
272  157  
272  158  
272  159  
277  145  
278  146  
278  147  
278  148  
278  149  
278  150  
278  151  
278  152  
278  153  
278  154  
278  155  
278  156  
278  157  
278  158  
278  159  
278  160  
278  161  
278  162  
278  163  
278  164  
278  165  
278  166  
278  167  
278  168  
278  169  
278  170  
278  171  
278  172  
278  173  
278  174  
278  175  
278  176  
278  177  
278  178  
278  179  
278  180  
278  181  
278  182  
278  183  
278  184  
278  185  
278  186  
278  187  
278  188  
278  189  
278  190  
278  191  
278  192  
347  172  
347  173  
347  174  
347  175  
347  176  
348  177  
348  178  
348  179  
348  180  
348  181  
348  182  
348  183  
348  184  
348  185  
348  186  
348  187  
348  188  
348  189  
348  190  
348  191  
347  192  
347  193  
145  196  
146  196  
147  196  
148  196  
149  196  
150  196  
151  196  
152  196  
153  196  
154  196  
155  196  
156  196  
157  196  
158  196  
159  196  
160  196  
161  196  
162  196  
163  196  
164  196  
165  196  
166  196  
167  196  
168  196  
169  196  
170  196  
171  196  
172  196  
173  196  
174  196  
175  196  
176  196  
177  196  
178  196  
179  196  
180  196  
181  196  
182  196  
183  196  
184  196  
185  196  
186  196  
187  196  
188  196  
189  196  
190  196  
191  196  
192  196  
193  196  
194  196  
195  196  
196  196  
197  196  
198  196  
199  196  
200  196  
201  196  
202  196  
203  196  
204  196  
205  196  
206  196  
207  196  
208  196  
209  196  
210  196  
211  196  
212  196  
213  196  
214  196  
215  196  
216  196  
217  196  
218  196  
219  196  
220  196  
221  196  
222  196  
223  196  
224  196  
225  196  
226  196  
227  196  
228  196  
229  196  
230  196  
231  196  
232  196  
233  196  
234  196  
235  196  
236  196  
237  196  
238  196  
239  196  
240  196  
241  196  
242  196  
243  196  
244  196  
245  196  
246  196  
247  196  
248  196  
249  196  
250  196  
251  196  
252  196  
253  196  
254  196  
255  196  
256  196  
257  196  
258  196  
259  196  
260  196  
261  196  
262  196  
263  196  
264  196  
265  196  
266  196  
267  196  
268  196  
269  196  
270  196  
271  196  
272  196  
273  196  
274  196  
275  196  
276  196  
277  196  
280  196  
281  196  
282  196  
283  196  
284  196  
285  196  
286  196  
287  196  
288  196  
289  196  
290  196  
291  196  
292  196  
293  196  
294  196  
295  196  
296  196  
297  196  
298  196  
299  196  
300  196  
301  196  
302  196  
303  196  
304  196  
305  196  
306  196  
307  196  
308  196  
309  196  
310  196  
311  196  
312  196  
313  196  
314  196  
315  196  
316  196  
317  196  
318  196  
319  196  
320  196  
321  196  
322  196  
323  196  
324  196  
325  196  
326  196  
327  196  
328  196  
329  196  
330  196  
331  196  
332  196  
333  196  
334  196  
335  196  
336  196  
337  196  
338  196  
339  196  
340  196  
341  196  
342  196  
343  196  
344  196  
345  196  
346  196  
347  196  
386  197  
387  197  
388  197  
389  197  
390  197  
391  197  
392  197  
393  197  
394  197  
395  197  
396  197  
397  197  
398  197  
399  197  
400  197  
401  197  
402  197  
403  197  
404  197  
405  197  
406  197  
407  197  
408  197  
409  197  
410  197  
411  197  
412  197  
440  202  
440  203  
440  204  
440  205  
440  206  
440  207  
440  208  
440  209  
440  210  
440  211  
440  212  
440  213  
441  214  
441  215  
441  216  
441  217  
441  218  
441  219  
441  220  
441  221  
441  222  
441  223  
149  203  
150  203  
151  203  
152  203  
153  203  
154  204  
155  204  
156  204  
157  204  
158  204  
159  204  
160  204  
161  204  
162  204  
163  204  
164  204  
165  204  
166  204  
167  204  
168  204  
169  204  
170  204  
171  204  
172  204  
173  204  
174  204  
175  204  
176  204  
177  204  
178  204  
179  204  
180  204  
181  204  
182  204  
183  204  
184  204  
185  204  
186  204  
187  204  
188  204  
189  204  
190  204  
191  204  
192  204  
193  204  
194  204  
195  204  
196  204  
197  204  
198  204  
199  204  
200  204  
201  204  
202  204  
203  204  
204  204  
205  204  
206  204  
207  204  
208  204  
209  204  
210  204  
211  204  
212  204  
213  204  
214  204  
215  204  
216  204  
217  204  
218  204  
219  204  
220  204  
221  204  
222  204  
223  204  
224  204  
225  204  
226  204  
227  204  
228  204  
229  204  
230  204  
231  204  
232  204  
233  204  
234  204  
235  204  
236  204  
237  204  
238  204  
239  204  
240  204  
241  204  
242  204  
243  204  
244  204  
245  204  
246  204  
247  204  
248  204  
249  204  
250  204  
251  204  
252  204  
253  204  
254  204  
255  204  
256  204  
257  204  
258  204  
259  204  
260  204  
261  204  
262  204  
263  204  
264  204  
265  204  
266  204  
267  204  
268  204  
269  204  
270  204  
271  204  
272  204  
273  204  
274  204  
275  204  
276  204  
277  204  
278  204  
279  204  
280  204  
281  204  
282  204  
283  204  
284  204  
285  204  
286  204  
287  204  
288  204  
289  204  
290  204  
291  204  
292  204  
293  204  
294  204  
295  204  
296  204  
297  204  
298  204  
299  204  
300  204  
301  204  
302  204  
303  204  
304  204  
305  204  
306  204  
307  204  
308  204  
309  204  
310  204  
311  204  
312  204  
313  204  
314  204  
315  204  
316  204  
317  204  
318  204  
319  204  
320  204  
321  204  
322  204  
323  204  
324  204  
325  204  
326  204  
327  204  
328  204  
329  204  
330  204  
331  204  
332  204  
333  204  
334  204  
335  204  
336  204  
337  204  
338  204  
339  204  
340  204  
341  204  
342  204  
343  204  
344  204  
345  204  
346  204  
347  204  
348  204  
349  204  
350  204  
351  204  
352  204  
353  204  
354  204  
355  204  
356  204  
357  204  
358  204  
359  204  
360  204  
361  204  
362  204  
363  204  
364  204  
365  204  
366  204  
367  204  
368  204  
369  204  
370  204  
371  204  
372  204  
373  205  
374  205  
375  205  
376  205  
377  205  
378  205  
379  205  
380  205  
381  205  
382  205  
383  205  
384  205  
385  205  
386  205  
387  205  
388  205  
389  205  
390  205  
391  205  
392  205  
393  205  
394  205  
395  205  
396  205  
397  205  
398  205  
399  205  
400  205  
401  205  
402  205  
403  205  
404  205  
405  205  
406  205  
407  205  
408  205  
409  205  
410  205  
411  205  
412  205  
413  205  
414  205  
415  205  
416  205  
417  205  
418  205  
419  205  
420  205  
421  205  
422  205  
423  205  
424  205  
425  205  
426  205  
427  205  
428  205  
290  208  
291  208  
292  208  
293  208  
294  208  
295  208  
296  208  
297  208  
298  208  
299  208  
300  208  
301  208  
302  208  
303  208  
304  208  
305  208  
306  208  
307  208  
308  208  
309  208  
310  208  
311  208  
312  208  
313  208  
314  208  
315  208  
316  208  
317  208  
318  208  
319  208  
320  208  
321  208  
322  208  
323  208  
324  208  
325  208  
326  208  
327  208  
328  208  
329  208  
330  208  
331  208  
332  208  
333  208  
334  208  
335  208  
336  208  
337  208  
338  208  
339  208  
340  208  
341  208  
342  208  
343  208  
344  208  
345  208  
346  208  
347  208  
348  208  
349  208  
350  208  
351  208  
352  208  
353  208  
354  208  
355  208  
356  208  
357  208  
358  208  
359  208  
360  208  
361  208  
362  208  
363  208  
364  208  
365  208  
366  208  
367  208  
368  208  
369  208  
370  208  
371  208  
372  208  
373  208  
374  208  
375  208  
376  209  
377  209  
378  209  
379  209  
380  209  
381  209  
382  209  
383  209  
384  209  
385  209  
386  209  
387  209  
388  209  
389  209  
390  209  
391  209  
392  209  
393  209  
394  209  
395  209  
396  209  
397  209  
398  209  
399  209  
400  209  
401  209  
402  209  
403  209  
404  209  
405  209  
406  209  
407  209  
408  209  
409  209  
410  209  
411  209  
412  209  
413  209  
414  209  
415  209  
416  209  
417  209  
418  209  
419  209  
347  212  
347  213  
347  214  
347  215  
347  216  
347  217  
347  218  
347  219  
347  220  
347  221  
347  222  
347  223  
347  224  
347  225  
347  226  
347  227  
347  228  
347  229  
347  230  
347  231  
347  232  
347  233  
347  234  
347  235  
347  236  
347  237  
347  238  
347  239  
347  240  
347  241  
347  242  
347  243  
347  244  
347  245  
347  246  
347  247  
347  248  
347  249  
155  214  
155  215  
155  216  
155  217  
155  218  
155  219  
155  220  
155  221  
155  222  
155  223  
155  224  
155  225  
155  226  
155  227  
155  228  
155  229  
155  230  
155  231  
155  232  
155  233  
155  234  
155  235  
155  236  
155  237  
155  238  
155  239  
155  240  
155  241  
155  242  
155  243  
155  244  
155  245  
155  246  
155  247  
155  248  
155  249  
155  250  
155  251  
155  252  
155  253  
155  254  
155  255  
155  256  
155  257  
155  258  
155  259  
155  260  
155  261  
155  262  
155  263  
155  264  
155  265  
155  266  
155  267  
155  268  
155  269  
155  270  
155  271  
155  272  
155  273  
155  274  
155  275  
155  276  
155  277  
155  278  
155  279  
155  280  
155  281  
155  282  
155  283  
155  284  
155  285  
155  286  
155  287  
155  288  
155  289  
155  290  
155  291  
155  292  
155  293  
155  294  
155  295  
155  296  
155  297  
155  298  
155  299  
155  300  
155  301  
155  302  
155  303  
155  304  
155  305  
155  306  
155  307  
155  308  
155  309  
155  310  
155  311  
155  312  
155  313  
155  314  
155  315  
155  316  
155  317  
155  318  
155  319  
155  320  
155  321  
155  322  
283  215  
283  216  
283  217  
283  218  
283  219  
283  220  
283  221  
283  222  
283  223  
283  224  
283  225  
283  226  
283  227  
283  228  
283  229  
283  230  
283  231  
283  232  
283  233  
283  234  
283  235  
283  236  
283  237  
283  238  
283  239  
283  240  
283  241  
284  242  
284  243  
284  244  
284  245  
284  246  
284  247  
284  248  
284  249  
284  250  
284  251  
284  252  
284  253  
284  254  
284  255  
284  256  
284  257  
284  258  
284  259  
284  260  
284  261  
284  262  
284  263  
284  264  
284  265  
284  266  
284  267  
284  268  
284  269  
284  270  
284  271  
284  272  
284  273  
284  274  
284  275  
284  276  
284  277  
284  278  
284  279  
284  280  
284  281  
284  282  
284  283  
284  284  
284  285  
284  286  
284  287  
284  288  
284  289  
284  290  
284  291  
284  292  
284  293  
284  294  
284  295  
284  296  
284  297  
284  298  
284  299  
284  300  
144  216  
144  217  
144  218  
144  219  
144  220  
144  221  
144  222  
144  223  
144  224  
144  225  
144  226  
144  227  
144  228  
144  229  
144  230  
144  231  
144  232  
144  233  
144  234  
144  235  
144  236  
144  237  
144  238  
144  239  
144  240  
144  241  
144  242  
144  243  
144  244  
144  245  
144  246  
144  247  
144  248  
144  249  
144  250  
144  251  
144  252  
144  253  
144  254  
144  255  
144  256  
144  257  
144  258  
144  259  
144  260  
144  261  
144  262  
144  263  
144  264  
144  265  
144  266  
144  267  
144  268  
144  269  
144  270  
144  271  
144  272  
144  273  
144  274  
144  275  
144  276  
144  277  
144  278  
144  279  
144  280  
144  281  
144  282  
144  283  
144  284  
144  285  
144  286  
144  287  
144  288  
144  289  
144  290  
144  291  
144  292  
144  293  
144  294  
144  295  
144  296  
144  297  
144  298  
144  299  
144  300  
144  301  
144  302  
144  303  
144  304  
144  305  
144  306  
144  307  
144  308  
144  309  
144  310  
144  311  
144  312  
144  313  
144  314  
144  315  
144  316  
144  317  
144  318  
144  319  
144  320  
144  321  
144  322  
144  323  
144  324  
144  325  
143  326  
422  216  
422  217  
422  218  
422  219  
422  220  
422  221  
422  222  
422  223  
422  224  
422  225  
422  226  
422  227  
422  228  
422  229  
422  230  
421  231  
421  232  
421  233  
421  234  
421  235  
421  236  
421  237  
421  238  
421  239  
421  240  
421  241  
421  242  
421  243  
421  244  
421  245  
421  246  
421  247  
421  248  
421  249  
421  250  
421  251  
421  252  
421  253  
421  254  
421  255  
421  256  
421  257  
421  258  
421  259  
421  260  
421  261  
421  262  
421  263  
421  264  
421  265  
421  266  
421  267  
421  268  
421  269  
421  270  
421  271  
421  272  
421  273  
421  274  
421  275  
421  276  
421  277  
421  278  
421  279  
421  280  
421  281  
421  282  
421  283  
421  284  
421  285  
421  286  
421  287  
421  288  
421  289  
421  290  
421  291  
421  292  
421  293  
421  294  
421  295  
421  296  
421  297  
421  298  
421  299  
421  300  
421  301  
421  302  
421  303  
421  304  
421  305  
421  306  
421  307  
421  308  
421  309  
420  310  
420  311  
420  312  
420  313  
420  314  
420  315  
420  316  
420  317  
420  318  
420  319  
420  320  
420  321  
420  322  
420  323  
420  324  
420  325  
420  326  
432  216  
432  217  
432  218  
432  219  
432  220  
432  221  
432  222  
431  223  
431  224  
431  225  
431  226  
431  227  
431  228  
431  229  
431  230  
431  231  
431  232  
431  233  
431  234  
431  235  
431  236  
431  237  
431  238  
431  239  
137  228  
137  229  
137  230  
137  231  
137  232  
137  233  
137  234  
137  235  
137  236  
137  237  
137  238  
137  239  
137  240  
137  241  
137  242  
137  243  
137  244  
137  245  
137  246  
137  247  
137  248  
137  249  
137  250  
137  251  
137  252  
137  253  
137  254  
137  255  
137  256  
137  257  
137  258  
137  259  
137  260  
137  261  
137  262  
137  263  
137  264  
137  265  
137  266  
137  267  
137  268  
137  269  
137  270  
137  271  
137  272  
137  273  
137  274  
137  275  
137  276  
137  277  
137  278  
137  279  
137  280  
137  281  
137  282  
137  283  
137  284  
137  285  
137  286  
137  287  
137  288  
137  289  
137  290  
137  291  
137  292  
137  293  
137  294  
137  295  
137  296  
137  297  
137  298  
137  299  
137  300  
137  301  
137  302  
137  303  
137  304  
137  305  
137  306  
137  307  
137  308  
137  309  
137  310  
137  311  
137  312  
137  313  
137  314  
137  315  
137  316  
137  317  
137  318  
137  319  
137  320  
137  321  
137  322  
137  323  
137  324  
137  325  
137  326  
137  327  
137  328  
137  329  
137  330  
137  331  
137  332  
137  333  
137  334  
137  335  
137  336  
137  337  
137  338  
137  339  
137  340  
137  341  
137  342  
137  343  
137  344  
137  345  
137  346  
137  347  
137  348  
137  349  
137  350  
137  351  
137  352  
137  353  
137  354  
137  355  
137  356  
137  357  
137  358  
137  359  
137  360  
137  361  
137  362  
137  363  
137  364  
137  365  
137  366  
137  367  
137  368  
137  369  
137  370  
137  371  
137  372  
137  373  
137  374  
137  375  
137  376  
137  377  
137  378  
137  379  
137  380  
137  381  
137  382  
137  383  
137  384  
137  385  
137  386  
137  387  
137  388  
137  389  
137  390  
137  391  
137  392  
137  393  
137  394  
137  395  
137  396  
137  397  
137  398  
138  399  
138  400  
138  401  
138  402  
138  403  
328  231  
328  232  
328  233  
328  234  
328  235  
328  236  
327  237  
327  238  
327  239  
327  240  
327  241  
327  242  
327  243  
327  244  
327  245  
327  246  
327  247  
327  248  
327  249  
327  250  
327  251  
327  252  
327  253  
327  254  
327  255  
327  256  
327  257  
327  258  
327  259  
327  260  
327  261  
327  262  
327  263  
327  264  
327  265  
327  266  
327  267  
327  268  
327  269  
327  270  
327  271  
327  272  
327  273  
327  274  
327  275  
441  232  
442  233  
442  234  
442  235  
442  236  
442  237  
442  238  
442  239  
442  240  
442  241  
442  242  
442  243  
442  244  
441  245  
441  246  
441  247  
441  248  
441  249  
441  250  
441  251  
441  252  
337  234  
337  235  
337  236  
337  237  
337  238  
337  239  
337  240  
337  241  
337  242  
337  243  
337  244  
337  245  
337  246  
337  247  
337  248  
337  249  
337  250  
337  251  
337  252  
337  253  
337  254  
337  255  
337  256  
337  257  
337  258  
337  259  
336  260  
336  261  
336  262  
336  263  
336  264  
336  265  
336  266  
336  267  
336  268  
280  240  
279  241  
279  242  
279  243  
279  244  
279  245  
279  246  
279  247  
279  248  
279  249  
279  250  
279  251  
279  252  
279  253  
279  254  
279  255  
279  256  
279  257  
279  258  
279  259  
279  260  
279  261  
279  262  
279  263  
279  264  
279  265  
279  266  
279  267  
279  268  
279  269  
279  270  
279  271  
279  272  
279  273  
279  274  
279  275  
279  276  
279  277  
279  278  
280  279  
280  280  
280  281  
280  282  
280  283  
280  284  
280  285  
280  286  
280  287  
280  288  
280  289  
280  290  
280  291  
281  292  
427  244  
427  245  
427  246  
427  247  
427  248  
427  249  
427  250  
427  251  
427  252  
427  253  
426  254  
426  255  
426  256  
426  257  
426  258  
426  259  
426  260  
426  261  
426  262  
426  263  
426  264  
426  265  
426  266  
426  267  
426  268  
426  269  
426  270  
426  271  
426  272  
426  273  
426  274  
426  275  
426  276  
426  277  
426  278  
426  279  
426  280  
426  281  
426  282  
426  283  
426  284  
426  285  
426  286  
426  287  
426  288  
426  289  
426  290  
426  291  
426  292  
426  293  
426  294  
426  295  
426  296  
426  297  
426  298  
426  299  
426  300  
426  301  
426  302  
426  303  
426  304  
426  305  
426  306  
426  307  
426  308  
426  309  
426  310  
426  311  
426  312  
437  244  
437  245  
437  246  
437  247  
437  248  
437  249  
437  250  
437  251  
437  252  
437  253  
437  254  
437  255  
437  256  
437  257  
437  258  
437  259  
437  260  
437  261  
437  262  
437  263  
437  264  
437  265  
437  266  
437  267  
437  268  
437  269  
437  270  
437  271  
437  272  
437  273  
437  274  
437  275  
437  276  
437  277  
437  278  
430  249  
430  250  
430  251  
431  252  
431  253  
431  254  
431  255  
431  256  
431  257  
431  258  
431  259  
431  260  
431  261  
431  262  
431  263  
431  264  
431  265  
431  266  
431  267  
431  268  
431  269  
431  270  
431  271  
431  272  
431  273  
431  274  
431  275  
431  276  
431  277  
431  278  
431  279  
431  280  
431  281  
431  282  
431  283  
431  284  
431  285  
431  286  
431  287  
431  288  
431  289  
431  290  
431  291  
431  292  
431  293  
431  294  
431  295  
431  296  
431  297  
431  298  
431  299  
431  300  
431  301  
431  302  
431  303  
430  304  
430  305  
430  306  
430  307  
430  308  
430  309  
430  310  
430  311  
430  312  
430  313  
133  295  
133  296  
133  297  
133  298  
133  299  
133  300  
133  301  
133  302  
133  303  
133  304  
133  305  
133  306  
133  307  
133  308  
133  309  
133  310  
133  311  
133  312  
133  313  
133  314  
133  315  
133  316  
133  317  
133  318  
133  319  
133  320  
133  321  
133  322  
133  323  
133  324  
133  325  
133  326  
133  327  
133  328  
133  329  
133  330  
133  331  
133  332  
133  333  
133  334  
133  335  
133  336  
133  337  
133  338  
133  339  
133  340  
133  341  
133  342  
133  343  
133  344  
133  345  
133  346  
133  347  
133  348  
133  349  
133  350  
133  351  
133  352  
133  353  
133  354  
133  355  
133  356  
133  357  
133  358  
133  359  
133  360  
133  361  
133  362  
133  363  
133  364  
133  365  
133  366  
133  367  
133  368  
133  369  
133  370  
133  371  
133  372  
133  373  
133  374  
133  375  
133  376  
133  377  
133  378  
133  379  
133  380  
133  381  
133  382  
133  383  
133  384  
133  385  
133  386  
133  387  
133  388  
133  389  
133  390  
133  391  
133  392  
133  393  
133  394  
133  395  
133  396  
133  397  
133  398  
133  399  
133  400  
133  401  
133  402  
133  403  
133  404  
133  405  
133  406  
134  407  
134  408  
134  409  
134  410  
134  411  
134  412  
134  413  
134  414  
134  415  
134  416  
134  417  
134  418  
134  419  
134  420  
134  421  
134  422  
134  423  
134  424  
134  425  
134  426  
134  427  
134  428  
134  429  
134  430  
134  431  
134  432  
134  433  
134  434  
134  435  
134  436  
134  437  
134  438  
134  439  
134  440  
134  441  
134  442  
134  443  
134  444  
134  445  
134  446  
134  447  
134  448  
134  449  
134  450  
134  451  
134  452  
134  453  
134  454  
134  455  
134  456  
134  457  
134  458  
134  459  
134  460  
134  461  
134  462  
134  463  
134  464  
134  465  
134  466  
134  467  
134  468  
134  469  
134  470  
134  471  
134  472  
134  473  
134  474  
134  475  
134  476  
134  477  
134  478  
134  479  
134  480  
134  481  
134  482  
134  483  
134  484  
134  485  
135  486  
135  487  
135  488  
135  489  
135  490  
307  318  
308  318  
309  318  
310  318  
311  318  
273  319  
274  319  
275  319  
276  319  
277  319  
278  319  
279  319  
280  319  
281  319  
282  319  
283  319  
284  319  
285  319  
286  319  
287  319  
288  319  
289  319  
290  319  
291  319  
292  319  
293  319  
294  319  
295  319  
296  319  
297  319  
298  319  
299  319  
300  319  
301  319  
302  319  
303  319  
304  319  
305  319  
306  319  
277  323  
278  323  
279  323  
280  323  
281  323  
282  323  
283  323  
284  323  
285  323  
286  323  
287  323  
288  323  
289  323  
290  323  
291  323  
292  323  
293  323  
294  323  
295  323  
296  323  
297  323  
298  323  
299  323  
300  323  
301  323  
302  323  
303  323  
304  323  
305  323  
306  323  
307  323  
308  323  
273  324  
274  324  
275  324  
276  324  
355  329  
356  329  
357  329  
358  329  
359  329  
360  329  
361  329  
362  329  
363  329  
364  329  
365  329  
366  329  
367  329  
368  329  
369  329  
370  329  
371  329  
372  329  
373  329  
374  329  
375  329  
376  329  
377  329  
378  329  
379  329  
380  329  
381  329  
382  329  
383  329  
384  329  
385  329  
386  329  
387  329  
388  329  
389  329  
390  329  
391  329  
392  329  
393  329  
394  329  
395  329  
396  329  
397  329  
398  329  
399  329  
96  330  
96  331  
96  332  
96  333  
96  334  
96  335  
96  336  
96  337  
96  338  
96  339  
96  340  
96  341  
96  342  
96  343  
96  344  
96  345  
96  346  
96  347  
97  348  
97  349  
97  350  
97  351  
97  352  
97  353  
97  354  
97  355  
97  356  
97  357  
97  358  
97  359  
97  360  
97  361  
97  362  
97  363  
97  364  
97  365  
97  366  
97  367  
97  368  
97  369  
97  370  
97  371  
97  372  
97  373  
97  374  
97  375  
97  376  
97  377  
97  378  
97  379  
97  380  
97  381  
97  382  
97  383  
97  384  
97  385  
97  386  
97  387  
97  388  
97  389  
97  390  
97  391  
97  392  
97  393  
97  394  
97  395  
97  396  
97  397  
97  398  
97  399  
97  400  
97  401  
97  402  
97  403  
97  404  
97  405  
97  406  
97  407  
97  408  
97  409  
97  410  
97  411  
97  412  
97  413  
97  414  
97  415  
97  416  
97  417  
97  418  
97  419  
97  420  
98  421  
98  422  
98  423  
98  424  
98  425  
98  426  
98  427  
98  428  
98  429  
98  430  
98  431  
98  432  
98  433  
98  434  
98  435  
98  436  
98  437  
98  438  
98  439  
98  440  
98  441  
98  442  
98  443  
98  444  
98  445  
98  446  
98  447  
98  448  
98  449  
98  450  
98  451  
98  452  
98  453  
98  454  
98  455  
98  456  
98  457  
98  458  
98  459  
98  460  
98  461  
98  462  
98  463  
98  464  
98  465  
98  466  
98  467  
98  468  
98  469  
98  470  
98  471  
98  472  
98  473  
98  474  
98  475  
98  476  
98  477  
98  478  
99  479  
99  480  
99  481  
99  482  
99  483  
99  484  
99  485  
99  486  
99  487  
99  488  
99  489  
99  490  
99  491  
99  492  
99  493  
99  494  
99  495  
99  496  
99  497  
99  498  
99  499  
99  500  
99  501  
99  502  
99  503  
99  504  
99  505  
99  506  
99  507  
99  508  
99  509  
99  510  
99  511  
99  512  
99  513  
99  514  
99  515  
99  516  
99  517  
99  518  
99  519  
99  520  
99  521  
99  522  
99  523  
99  524  
99  525  
99  526  
99  527  
99  528  
99  529  
99  530  
99  531  
99  532  
99  533  
99  534  
99  535  
99  536  
100  537  
100  538  
100  539  
100  540  
100  541  
100  542  
100  543  
100  544  
100  545  
100  546  
100  547  
100  548  
100  549  
100  550  
100  551  
159  332  
160  332  
161  332  
162  332  
163  332  
164  332  
165  332  
166  332  
167  332  
168  332  
169  332  
170  332  
171  332  
172  332  
173  332  
174  332  
175  332  
176  332  
177  332  
178  332  
179  332  
180  332  
181  332  
182  332  
183  332  
184  332  
185  332  
186  332  
187  332  
188  332  
189  332  
190  332  
191  332  
192  332  
193  332  
194  332  
195  332  
196  332  
353  332  
354  333  
355  333  
356  333  
357  333  
358  333  
359  333  
360  333  
361  333  
362  333  
363  333  
364  333  
365  333  
366  333  
367  333  
368  333  
369  333  
370  333  
371  333  
372  333  
373  333  
374  333  
375  333  
376  333  
377  333  
378  333  
379  333  
380  333  
381  333  
382  333  
383  333  
384  333  
385  333  
386  333  
387  333  
388  333  
389  333  
390  333  
391  333  
392  333  
393  333  
394  333  
395  333  
396  333  
397  333  
398  333  
399  333  
400  333  
401  333  
402  333  
403  333  
404  333  
405  333  
406  333  
407  333  
408  333  
409  333  
410  333  
411  333  
145  337  
145  338  
145  339  
145  340  
145  341  
145  342  
145  343  
145  344  
145  345  
145  346  
145  347  
145  348  
145  349  
145  350  
145  351  
145  352  
145  353  
145  354  
145  355  
145  356  
145  357  
145  358  
145  359  
145  360  
145  361  
145  362  
145  363  
145  364  
145  365  
145  366  
145  367  
145  368  
145  369  
145  370  
145  371  
145  372  
145  373  
145  374  
145  375  
145  376  
145  377  
145  378  
145  379  
145  380  
145  381  
145  382  
145  383  
145  384  
145  385  
145  386  
145  387  
145  388  
145  389  
145  390  
145  391  
145  392  
145  393  
145  394  
145  395  
145  396  
145  397  
145  398  
145  399  
145  400  
145  401  
145  402  
145  403  
145  404  
145  405  
145  406  
145  407  
145  408  
145  409  
145  410  
145  411  
145  412  
145  413  
145  414  
145  415  
145  416  
145  417  
145  418  
145  419  
145  420  
145  421  
145  422  
145  423  
145  424  
145  425  
145  426  
145  427  
145  428  
145  429  
145  430  
145  431  
145  432  
145  433  
145  434  
145  435  
145  436  
145  437  
145  438  
145  439  
145  440  
145  441  
145  442  
146  443  
146  444  
146  445  
146  446  
93  338  
93  339  
93  340  
93  341  
93  342  
93  343  
93  344  
93  345  
93  346  
93  347  
93  348  
93  349  
93  350  
93  351  
93  352  
93  353  
93  354  
93  355  
93  356  
93  357  
93  358  
93  359  
93  360  
93  361  
93  362  
93  363  
93  364  
93  365  
93  366  
93  367  
93  368  
93  369  
93  370  
93  371  
93  372  
93  373  
93  374  
93  375  
93  376  
93  377  
93  378  
93  379  
93  380  
93  381  
93  382  
93  383  
93  384  
93  385  
93  386  
93  387  
93  388  
93  389  
93  390  
93  391  
93  392  
93  393  
93  394  
93  395  
93  396  
93  397  
93  398  
93  399  
93  400  
93  401  
93  402  
93  403  
93  404  
93  405  
93  406  
93  407  
93  408  
93  409  
94  410  
94  411  
94  412  
94  413  
94  414  
94  415  
94  416  
94  417  
94  418  
94  419  
94  420  
94  421  
94  422  
94  423  
94  424  
94  425  
94  426  
94  427  
94  428  
94  429  
94  430  
94  431  
94  432  
94  433  
94  434  
94  435  
94  436  
94  437  
94  438  
94  439  
94  440  
94  441  
94  442  
94  443  
94  444  
94  445  
94  446  
94  447  
94  448  
94  449  
94  450  
94  451  
94  452  
94  453  
94  454  
94  455  
94  456  
94  457  
94  458  
94  459  
94  460  
94  461  
94  462  
94  463  
94  464  
94  465  
94  466  
94  467  
94  468  
94  469  
94  470  
94  471  
94  472  
94  473  
94  474  
94  475  
94  476  
94  477  
94  478  
94  479  
94  480  
94  481  
94  482  
94  483  
94  484  
94  485  
94  486  
94  487  
94  488  
95  489  
95  490  
95  491  
95  492  
95  493  
95  494  
95  495  
95  496  
95  497  
95  498  
95  499  
95  500  
94  501  
94  502  
94  503  
94  504  
155  340  
155  341  
155  342  
155  343  
155  344  
155  345  
155  346  
155  347  
155  348  
155  349  
155  350  
155  351  
155  352  
155  353  
155  354  
155  355  
155  356  
155  357  
155  358  
155  359  
155  360  
155  361  
155  362  
155  363  
155  364  
155  365  
155  366  
155  367  
155  368  
155  369  
155  370  
155  371  
156  372  
156  373  
156  374  
156  375  
156  376  
156  377  
156  378  
156  379  
156  380  
156  381  
156  382  
156  383  
156  384  
156  385  
156  386  
156  387  
156  388  
156  389  
156  390  
156  391  
156  392  
156  393  
156  394  
156  395  
156  396  
156  397  
156  398  
156  399  
156  400  
156  401  
156  402  
156  403  
156  404  
155  405  
417  340  
417  341  
417  342  
416  343  
416  344  
416  345  
416  346  
416  347  
416  348  
416  349  
416  350  
416  351  
416  352  
416  353  
416  354  
416  355  
416  356  
416  357  
416  358  
416  359  
416  360  
416  361  
416  362  
416  363  
416  364  
416  365  
416  366  
416  367  
416  368  
416  369  
416  370  
416  371  
416  372  
416  373  
416  374  
416  375  
416  376  
416  377  
415  378  
415  379  
415  380  
415  381  
415  382  
415  383  
415  384  
415  385  
415  386  
415  387  
415  388  
415  389  
415  390  
415  391  
415  392  
415  393  
415  394  
415  395  
415  396  
415  397  
415  398  
415  399  
415  400  
415  401  
415  402  
415  403  
415  404  
415  405  
415  406  
415  407  
415  408  
415  409  
415  410  
415  411  
415  412  
415  413  
415  414  
415  415  
415  416  
415  417  
414  418  
414  419  
414  420  
414  421  
414  422  
414  423  
414  424  
414  425  
414  426  
414  427  
414  428  
414  429  
414  430  
414  431  
414  432  
414  433  
414  434  
414  435  
414  436  
414  437  
414  438  
414  439  
414  440  
414  441  
414  442  
414  443  
414  444  
414  445  
414  446  
414  447  
420  340  
420  341  
420  342  
420  343  
420  344  
420  345  
420  346  
420  347  
420  348  
420  349  
420  350  
420  351  
420  352  
420  353  
420  354  
420  355  
420  356  
420  357  
420  358  
420  359  
420  360  
420  361  
420  362  
420  363  
420  364  
420  365  
420  366  
420  367  
420  368  
420  369  
420  370  
420  371  
420  372  
419  373  
419  374  
419  375  
419  376  
419  377  
419  378  
419  379  
419  380  
419  381  
419  382  
419  383  
419  384  
419  385  
419  386  
419  387  
419  388  
419  389  
419  390  
419  391  
419  392  
419  393  
419  394  
419  395  
419  396  
419  397  
419  398  
419  399  
419  400  
419  401  
419  402  
419  403  
419  404  
419  405  
418  406  
418  407  
418  408  
418  409  
418  410  
418  411  
418  412  
418  413  
418  414  
418  415  
418  416  
418  417  
418  418  
418  419  
418  420  
418  421  
418  422  
418  423  
418  424  
418  425  
418  426  
418  427  
418  428  
418  429  
418  430  
418  431  
418  432  
418  433  
418  434  
418  435  
418  436  
418  437  
418  438  
418  439  
418  440  
418  441  
418  442  
418  443  
418  444  
418  445  
418  446  
274  343  
273  344  
275  344  
275  345  
275  346  
275  347  
275  348  
275  349  
275  350  
275  351  
275  352  
275  353  
275  354  
275  355  
275  356  
275  357  
276  358  
276  359  
276  360  
276  361  
276  362  
276  363  
276  364  
276  365  
276  366  
276  367  
276  368  
276  369  
425  346  
425  347  
425  348  
425  349  
425  350  
425  351  
425  352  
425  353  
425  354  
425  355  
425  356  
425  357  
425  358  
425  359  
425  360  
425  361  
425  362  
425  363  
425  364  
425  365  
425  366  
425  367  
425  368  
425  369  
425  370  
425  371  
425  372  
425  373  
425  374  
425  375  
425  376  
425  377  
425  378  
425  379  
425  380  
425  381  
425  382  
424  383  
424  384  
424  385  
424  386  
424  387  
424  388  
424  389  
424  390  
424  391  
424  392  
424  393  
424  394  
424  395  
424  396  
424  397  
424  398  
424  399  
424  400  
424  401  
424  402  
424  403  
424  404  
424  405  
424  406  
424  407  
424  408  
424  409  
424  410  
424  411  
424  412  
424  413  
424  414  
430  346  
430  347  
430  348  
430  349  
430  350  
430  351  
430  352  
430  353  
429  354  
429  355  
429  356  
429  357  
430  358  
430  359  
429  360  
429  361  
429  362  
429  363  
429  364  
429  365  
429  366  
429  367  
429  368  
429  369  
429  370  
429  371  
429  372  
429  373  
429  374  
429  375  
429  376  
429  377  
429  378  
429  379  
429  380  
429  381  
429  382  
429  383  
429  384  
429  385  
429  386  
429  387  
429  388  
429  389  
429  390  
429  391  
429  392  
429  393  
429  394  
429  395  
429  396  
429  397  
429  398  
429  399  
429  400  
428  401  
428  402  
428  403  
428  404  
428  405  
428  406  
428  407  
428  408  
428  409  
281  357  
281  358  
281  359  
281  360  
281  361  
281  362  
281  363  
281  364  
281  365  
281  366  
281  367  
281  368  
281  369  
281  370  
281  371  
281  372  
281  373  
281  374  
281  375  
281  376  
285  358  
285  359  
285  360  
285  361  
285  362  
285  363  
285  364  
285  365  
285  366  
285  367  
285  368  
285  369  
285  370  
285  371  
285  372  
285  373  
285  374  
285  375  
285  376  
285  377  
284  378  
284  379  
284  380  
284  381  
284  382  
284  383  
284  384  
284  385  
284  386  
284  387  
284  388  
284  389  
284  390  
284  391  
284  392  
285  393  
285  394  
285  395  
285  396  
285  397  
285  398  
285  399  
285  400  
285  401  
285  402  
285  403  
285  404  
285  405  
285  406  
285  407  
285  408  
285  409  
285  410  
285  411  
285  412  
285  413  
285  414  
285  415  
285  416  
285  417  
285  418  
285  419  
285  420  
285  421  
285  422  
285  423  
285  424  
285  425  
285  426  
285  427  
285  428  
285  429  
285  430  
285  431  
285  432  
285  433  
285  434  
285  435  
285  436  
285  437  
285  438  
284  439  
284  440  
284  441  
284  442  
284  443  
245  366  
245  367  
245  368  
245  369  
245  370  
245  371  
245  372  
245  373  
245  374  
245  375  
245  376  
245  377  
245  378  
245  379  
245  380  
245  381  
245  382  
245  383  
245  384  
245  385  
245  386  
245  387  
245  388  
245  389  
245  390  
245  391  
245  392  
245  393  
245  394  
245  395  
245  396  
245  397  
245  398  
245  399  
245  400  
245  401  
245  402  
245  403  
245  404  
245  405  
245  406  
245  407  
245  408  
245  409  
245  410  
245  411  
245  412  
245  413  
245  414  
245  415  
245  416  
245  417  
245  418  
248  367  
248  368  
248  369  
248  370  
248  371  
248  372  
248  373  
248  374  
248  375  
248  376  
248  377  
248  378  
248  379  
248  380  
248  381  
248  382  
248  383  
248  384  
248  385  
248  386  
248  387  
248  388  
248  389  
248  390  
248  391  
248  392  
248  393  
248  394  
249  395  
249  396  
249  397  
249  398  
249  399  
141  374  
141  375  
141  376  
141  377  
141  378  
141  379  
141  380  
141  381  
141  382  
141  383  
141  384  
141  385  
141  386  
141  387  
142  388  
142  389  
142  390  
142  391  
142  392  
142  393  
142  394  
142  395  
142  396  
142  397  
142  398  
142  399  
142  400  
142  401  
142  402  
142  403  
142  404  
142  405  
142  406  
142  407  
142  408  
142  409  
142  410  
142  411  
142  412  
142  413  
142  414  
142  415  
142  416  
142  417  
142  418  
142  419  
142  420  
142  421  
142  422  
142  423  
142  424  
142  425  
142  426  
142  427  
142  428  
142  429  
142  430  
142  431  
142  432  
142  433  
142  434  
142  435  
142  436  
142  437  
142  438  
142  439  
142  440  
142  441  
142  442  
142  443  
142  444  
142  445  
142  446  
142  447  
142  448  
142  449  
436  382  
436  383  
436  384  
436  385  
435  386  
435  387  
435  388  
435  389  
435  390  
435  391  
435  392  
435  393  
435  394  
435  395  
435  396  
435  397  
435  398  
435  399  
435  400  
435  401  
435  402  
435  403  
435  404  
435  405  
435  406  
435  407  
435  408  
435  409  
435  410  
435  411  
435  412  
435  413  
435  414  
435  415  
435  416  
435  417  
435  418  
435  419  
435  420  
435  421  
435  422  
435  423  
435  424  
434  425  
434  426  
434  427  
434  428  
434  429  
434  430  
434  431  
434  432  
434  433  
434  434  
434  435  
434  436  
434  437  
434  438  
434  439  
434  440  
434  441  
434  442  
434  443  
434  444  
434  445  
434  446  
278  399  
278  400  
278  401  
278  402  
278  403  
278  404  
278  405  
278  406  
278  407  
278  408  
278  409  
278  410  
278  411  
278  412  
278  413  
278  414  
278  415  
278  416  
278  417  
278  418  
278  419  
278  420  
278  421  
278  422  
278  423  
278  424  
278  425  
278  426  
278  427  
278  428  
278  429  
278  430  
155  411  
156  412  
156  413  
156  414  
156  415  
156  416  
156  417  
156  418  
156  419  
156  420  
156  421  
156  422  
156  423  
156  424  
156  425  
156  426  
156  427  
156  428  
156  429  
156  430  
156  431  
156  432  
156  433  
156  434  
156  435  
156  436  
156  437  
156  438  
156  439  
156  440  
156  441  
156  442  
156  443  
156  444  
156  445  
188  450  
160  451  
161  451  
162  451  
163  451  
164  451  
165  451  
166  451  
167  451  
168  451  
169  451  
170  451  
171  451  
172  451  
173  451  
174  451  
175  451  
176  451  
177  451  
178  451  
179  451  
180  451  
181  451  
182  451  
183  451  
184  451  
185  451  
186  451  
187  451  
189  451  
291  451  
292  451  
293  451  
294  451  
295  451  
296  451  
297  451  
298  451  
299  451  
300  451  
301  451  
302  451  
303  451  
304  451  
305  451  
306  451  
307  451  
308  451  
309  451  
310  451  
311  451  
312  451  
313  451  
314  451  
315  451  
316  451  
317  451  
318  451  
319  451  
320  451  
321  451  
322  451  
323  451  
324  451  
325  451  
326  451  
327  451  
328  451  
329  451  
330  451  
331  451  
332  451  
333  451  
334  451  
335  451  
336  451  
337  451  
338  451  
339  451  
340  451  
341  451  
342  451  
343  451  
344  451  
345  451  
346  451  
347  451  
348  451  
349  451  
350  451  
351  451  
352  451  
353  451  
354  451  
355  451  
356  451  
357  451  
358  451  
359  451  
360  451  
361  451  
362  451  
363  451  
364  451  
365  451  
366  451  
367  451  
368  451  
369  451  
370  451  
371  451  
372  451  
373  451  
374  451  
375  451  
376  451  
377  451  
378  451  
379  451  
380  451  
381  451  
382  451  
383  451  
384  451  
385  451  
386  451  
387  451  
388  451  
389  451  
390  451  
391  451  
392  451  
393  451  
394  451  
395  451  
396  451  
397  451  
398  451  
399  451  
400  451  
401  451  
402  451  
403  451  
404  451  
405  451  
406  451  
407  451  
408  451  
409  451  
410  451  
411  451  
412  451  
413  451  
414  451  
156  455  
157  455  
158  455  
159  455  
160  455  
161  455  
162  455  
163  455  
164  455  
165  455  
166  455  
167  455  
168  455  
169  455  
170  455  
171  455  
172  455  
173  455  
174  455  
175  455  
176  455  
177  455  
178  455  
179  455  
180  455  
181  455  
182  455  
183  455  
184  455  
185  455  
186  455  
187  455  
188  455  
189  455  
190  455  
191  455  
192  455  
193  455  
194  455  
195  455  
196  455  
197  455  
198  455  
199  455  
200  455  
201  455  
202  455  
203  455  
204  455  
205  455  
206  455  
207  455  
208  455  
209  455  
210  455  
211  455  
212  455  
213  455  
214  455  
215  455  
216  455  
217  455  
218  455  
219  455  
220  455  
221  455  
222  455  
223  455  
224  455  
225  455  
226  455  
227  455  
228  455  
229  455  
230  455  
231  455  
232  455  
233  455  
234  455  
235  455  
236  455  
237  455  
238  455  
239  455  
240  455  
241  455  
242  455  
243  455  
244  455  
245  455  
246  455  
247  455  
248  455  
249  455  
250  455  
251  455  
252  455  
253  455  
254  455  
255  455  
256  455  
257  455  
258  455  
259  455  
150  456  
151  456  
152  456  
153  456  
154  456  
155  456  
263  455  
264  455  
265  455  
266  455  
267  455  
268  455  
269  455  
270  455  
271  455  
272  455  
273  455  
274  455  
275  455  
276  455  
277  455  
278  455  
279  455  
280  455  
281  455  
282  455  
283  455  
284  455  
285  455  
305  455  
306  455  
307  455  
308  455  
309  455  
310  455  
311  455  
312  455  
313  455  
314  455  
315  455  
316  455  
317  455  
318  455  
319  455  
320  455  
321  455  
322  455  
323  455  
324  455  
325  455  
326  455  
327  455  
328  455  
329  455  
330  455  
331  455  
332  455  
333  455  
334  455  
335  455  
336  455  
337  455  
338  455  
339  455  
340  455  
341  455  
342  455  
343  455  
344  455  
345  455  
346  455  
347  455  
348  455  
349  455  
350  455  
351  455  
352  455  
353  455  
354  455  
355  455  
356  455  
357  455  
358  455  
359  455  
360  455  
361  455  
362  455  
363  455  
364  455  
365  455  
366  455  
367  455  
368  455  
369  455  
370  455  
371  455  
372  455  
373  455  
374  455  
375  455  
376  455  
377  455  
378  455  
379  455  
380  455  
381  455  
382  455  
383  455  
384  455  
385  455  
386  455  
387  455  
388  455  
389  455  
390  455  
391  455  
392  455  
393  455  
394  455  
395  455  
396  455  
397  455  
398  455  
399  455  
400  455  
401  455  
402  455  
403  455  
404  455  
405  455  
406  455  
407  455  
408  455  
409  455  
410  455  
411  455  
412  455  
413  455  
414  455  
415  455  
416  455  
417  455  
418  455  
419  455  
420  455  
421  455  
422  455  
423  455  
286  456  
287  456  
288  456  
289  456  
290  456  
291  456  
292  456  
293  456  
294  456  
295  456  
296  456  
297  456  
298  456  
299  456  
300  456  
301  456  
302  456  
303  456  
304  456  
436  456  
436  457  
436  458  
436  459  
436  460  
436  461  
436  462  
436  463  
436  464  
436  465  
436  466  
436  467  
436  468  
436  469  
436  470  
436  471  
436  472  
436  473  
436  474  
436  475  
436  476  
150  463  
151  463  
152  463  
153  463  
154  463  
155  463  
156  463  
157  463  
158  463  
159  463  
160  463  
161  463  
162  463  
163  463  
164  463  
165  463  
166  463  
167  463  
168  463  
169  463  
170  463  
171  463  
172  463  
173  463  
174  463  
175  463  
176  463  
177  463  
178  463  
179  463  
180  463  
181  463  
182  463  
183  463  
184  463  
185  463  
186  463  
187  463  
188  463  
189  463  
190  463  
191  463  
192  463  
193  463  
194  463  
195  463  
196  463  
197  463  
198  463  
199  463  
200  463  
201  463  
202  463  
203  463  
204  463  
234  463  
235  463  
236  463  
237  463  
238  463  
239  463  
240  463  
241  463  
242  463  
243  463  
244  463  
245  463  
246  463  
247  463  
248  463  
249  463  
250  463  
251  463  
252  463  
253  463  
254  463  
205  464  
206  464  
207  464  
208  464  
209  464  
210  464  
211  464  
212  464  
213  464  
214  464  
215  464  
216  464  
217  464  
218  464  
219  464  
220  464  
221  464  
222  464  
223  464  
224  464  
225  464  
226  464  
227  464  
228  464  
229  464  
230  464  
231  464  
232  464  
233  464  
288  463  
289  463  
290  463  
291  463  
292  463  
293  463  
294  463  
295  463  
296  463  
297  463  
298  463  
299  463  
300  463  
301  463  
302  463  
303  463  
304  463  
305  463  
306  463  
307  463  
308  463  
309  463  
310  463  
311  463  
312  463  
313  463  
314  463  
315  463  
316  463  
317  463  
318  463  
319  463  
320  463  
321  463  
322  463  
323  463  
324  463  
325  463  
326  463  
327  463  
328  463  
329  463  
330  463  
331  463  
332  463  
333  463  
334  463  
335  463  
336  463  
337  463  
338  463  
339  463  
340  463  
341  463  
342  463  
343  463  
344  463  
345  463  
346  463  
347  463  
348  463  
349  463  
350  463  
351  463  
352  463  
353  463  
354  463  
355  463  
356  463  
357  463  
358  463  
359  463  
360  463  
361  463  
362  463  
363  463  
364  463  
365  463  
366  463  
367  463  
368  463  
369  463  
370  463  
371  463  
372  463  
373  463  
374  463  
375  463  
376  463  
377  463  
378  463  
379  463  
380  463  
381  463  
382  463  
383  463  
384  463  
385  463  
386  463  
387  463  
388  463  
389  463  
390  463  
391  463  
392  463  
393  463  
394  463  
395  463  
396  463  
397  463  
398  463  
399  463  
400  463  
401  463  
402  463  
403  463  
404  463  
405  463  
406  463  
407  463  
408  463  
409  463  
410  463  
411  463  
412  463  
411  466  
411  467  
411  468  
411  469  
411  470  
411  471  
411  472  
411  473  
411  474  
411  475  
411  476  
411  477  
411  478  
411  479  
411  480  
411  481  
411  482  
411  483  
411  484  
411  485  
411  486  
411  487  
411  488  
411  489  
411  490  
411  491  
411  492  
410  493  
410  494  
410  495  
410  496  
410  497  
410  498  
410  499  
410  500  
410  501  
410  502  
410  503  
410  504  
410  505  
410  506  
410  507  
410  508  
410  509  
410  510  
410  511  
410  512  
410  513  
410  514  
410  515  
410  516  
410  517  
410  518  
410  519  
410  520  
410  521  
410  522  
410  523  
410  524  
410  525  
410  526  
410  527  
410  528  
410  529  
410  530  
415  467  
415  468  
415  469  
415  470  
415  471  
415  472  
415  473  
415  474  
415  475  
415  476  
415  477  
415  478  
415  479  
415  480  
414  481  
414  482  
414  483  
414  484  
414  485  
414  486  
414  487  
414  488  
414  489  
414  490  
414  491  
414  492  
414  493  
414  494  
414  495  
414  496  
414  497  
414  498  
414  499  
414  500  
414  501  
414  502  
414  503  
414  504  
414  505  
414  506  
414  507  
414  508  
414  509  
414  510  
414  511  
414  512  
414  513  
414  514  
414  515  
414  516  
414  517  
414  518  
414  519  
414  520  
414  521  
414  522  
414  523  
428  468  
428  469  
428  470  
427  471  
427  472  
427  473  
427  474  
427  475  
427  476  
427  477  
427  478  
427  479  
427  480  
427  481  
427  482  
427  483  
427  484  
427  485  
427  486  
427  487  
427  488  
427  489  
427  490  
427  491  
427  492  
427  493  
427  494  
427  495  
427  496  
427  497  
427  498  
427  499  
427  500  
427  501  
427  502  
427  503  
427  504  
427  505  
427  506  
427  507  
427  508  
426  509  
426  510  
426  511  
426  512  
426  513  
426  514  
426  515  
426  516  
426  517  
426  518  
426  519  
426  520  
426  521  
426  522  
426  523  
426  524  
36  470  
36  471  
36  472  
36  473  
36  474  
36  475  
36  476  
37  477  
37  478  
37  479  
37  480  
37  481  
37  482  
37  483  
37  484  
37  485  
37  486  
37  487  
37  488  
37  489  
37  490  
37  491  
37  492  
37  493  
37  494  
37  495  
37  496  
37  497  
37  498  
37  499  
37  500  
37  501  
37  502  
37  503  
37  504  
37  505  
37  506  
37  507  
37  508  
37  509  
37  510  
37  511  
37  512  
37  513  
37  514  
37  515  
37  516  
38  517  
38  518  
38  519  
38  520  
38  521  
38  522  
38  523  
38  524  
38  525  
38  526  
38  527  
38  528  
38  529  
38  530  
38  531  
38  532  
38  533  
38  534  
38  535  
38  536  
38  537  
38  538  
38  539  
38  540  
38  541  
38  542  
38  543  
38  544  
38  545  
38  546  
38  547  
38  548  
38  549  
38  550  
38  551  
38  552  
38  553  
38  554  
38  555  
38  556  
38  557  
38  558  
38  559  
38  560  
38  561  
39  562  
39  563  
39  564  
39  565  
39  566  
39  567  
39  568  
39  569  
39  570  
39  571  
39  572  
39  573  
39  574  
39  575  
39  576  
39  577  
39  578  
39  579  
39  580  
39  581  
39  582  
39  583  
39  584  
39  585  
39  586  
39  587  
39  588  
39  589  
39  590  
39  591  
39  592  
39  593  
143  471  
143  472  
143  473  
143  474  
144  475  
144  476  
144  477  
144  478  
144  479  
144  480  
144  481  
144  482  
144  483  
144  484  
144  485  
144  486  
144  487  
144  488  
144  489  
144  490  
144  491  
144  492  
144  493  
143  494  
143  495  
143  496  
143  497  
143  498  
143  499  
143  500  
143  501  
143  502  
143  503  
143  504  
143  505  
143  506  
143  507  
143  508  
143  509  
143  510  
143  511  
143  512  
143  513  
143  514  
143  515  
143  516  
143  517  
143  518  
143  519  
143  520  
143  521  
143  522  
143  523  
143  524  
143  525  
143  526  
143  527  
143  528  
143  529  
143  530  
143  531  
143  532  
143  533  
143  534  
143  535  
143  536  
143  537  
143  538  
143  539  
143  540  
143  541  
276  475  
276  476  
276  477  
276  478  
276  479  
277  480  
277  481  
277  482  
277  483  
277  484  
277  485  
277  486  
277  487  
277  488  
277  489  
277  490  
277  491  
277  492  
277  493  
277  494  
277  495  
277  496  
277  497  
277  498  
277  499  
277  500  
277  501  
277  502  
277  503  
277  504  
277  505  
277  506  
277  507  
277  508  
277  509  
277  510  
277  511  
277  512  
277  513  
277  514  
277  515  
277  516  
277  517  
278  518  
278  519  
278  520  
278  521  
278  522  
278  523  
278  524  
278  525  
278  526  
278  527  
278  528  
278  529  
278  530  
278  531  
279  532  
279  533  
279  534  
279  535  
279  536  
279  537  
279  538  
436  489  
436  490  
435  491  
435  492  
435  493  
435  494  
435  495  
435  496  
435  497  
435  498  
435  499  
435  500  
435  501  
435  502  
435  503  
435  504  
435  505  
435  506  
435  507  
435  508  
435  509  
435  510  
435  511  
435  512  
435  513  
435  514  
435  515  
435  516  
435  517  
435  518  
435  519  
435  520  
435  521  
435  522  
435  523  
435  524  
435  525  
435  526  
435  527  
435  528  
435  529  
435  530  
435  531  
434  532  
434  533  
153  495  
154  495  
155  495  
156  495  
157  495  
158  495  
159  495  
160  495  
161  495  
162  495  
163  495  
164  495  
165  495  
166  495  
167  495  
168  495  
169  495  
170  495  
171  495  
172  495  
173  495  
174  495  
175  495  
176  495  
177  495  
178  495  
244  495  
245  495  
246  495  
247  495  
248  495  
249  495  
250  495  
251  495  
252  495  
253  496  
254  496  
255  496  
256  496  
257  496  
258  496  
259  496  
260  496  
261  496  
262  496  
263  496  
264  496  
265  496  
132  502  
131  503  
131  504  
130  505  
130  506  
129  507  
129  508  
128  509  
127  510  
127  511  
126  512  
125  513  
125  514  
124  515  
124  516  
123  517  
123  518  
122  519  
121  520  
121  521  
120  522  
119  523  
119  524  
118  525  
117  526  
117  527  
116  528  
116  529  
115  530  
114  531  
114  532  
113  533  
112  534  
112  535  
111  536  
111  537  
110  538  
109  539  
109  540  
108  541  
108  542  
107  543  
107  544  
106  545  
105  546  
105  547  
104  548  
103  549  
103  550  
102  551  
102  552  
101  553  
100  554  
99  555  
32  506  
32  507  
32  508  
32  509  
32  510  
32  511  
32  512  
32  513  
32  514  
32  515  
32  516  
32  517  
32  518  
32  519  
32  520  
32  521  
32  522  
32  523  
32  524  
32  525  
32  526  
32  527  
32  528  
32  529  
32  530  
32  531  
32  532  
32  533  
32  534  
32  535  
32  536  
32  537  
32  538  
32  539  
32  540  
32  541  
32  542  
32  543  
32  544  
33  545  
33  546  
33  547  
33  548  
33  549  
33  550  
33  551  
33  552  
33  553  
33  554  
33  555  
33  556  
33  557  
33  558  
33  559  
33  560  
33  561  
33  562  
33  563  
33  564  
33  565  
33  566  
33  567  
33  568  
33  569  
33  570  
33  571  
33  572  
33  573  
33  574  
33  575  
33  576  
33  577  
33  578  
33  579  
33  580  
33  581  
33  582  
34  583  
34  584  
34  585  
34  586  
34  587  
34  588  
34  589  
34  590  
34  591  
34  592  
34  593  
34  594  
34  595  
34  596  
34  597  
34  598  
34  599  
34  600  
34  601  
34  602  
34  603  
34  604  
34  605  
34  606  
33  607  
34  608  
94  507  
94  508  
94  509  
94  510  
95  511  
95  512  
95  513  
95  514  
95  515  
95  516  
95  517  
95  518  
95  519  
95  520  
95  521  
95  522  
95  523  
95  524  
95  525  
95  526  
95  527  
96  528  
153  513  
154  513  
155  513  
156  513  
157  513  
158  513  
159  513  
160  513  
161  513  
162  513  
163  513  
164  513  
165  513  
166  513  
167  513  
168  513  
169  513  
170  513  
171  513  
172  513  
173  514  
174  514  
136  516  
136  517  
136  518  
136  519  
136  520  
136  521  
136  522  
136  523  
136  524  
136  525  
136  526  
136  527  
136  528  
136  529  
136  530  
136  531  
136  532  
136  533  
136  534  
136  535  
136  536  
136  537  
136  538  
136  539  
136  540  
136  541  
426  533  
426  534  
426  535  
426  536  
426  537  
426  538  
426  539  
426  540  
426  541  
426  542  
426  543  
426  544  
426  545  
426  546  
426  547  
426  548  
426  549  
426  550  
426  551  
426  552  
426  553  
426  554  
426  555  
426  556  
96  534  
95  535  
95  536  
95  537  
95  538  
95  539  
95  540  
95  541  
95  542  
95  543  
95  544  
95  545  
95  546  
96  547  
96  548  
96  549  
96  550  
96  551  
96  552  
96  553  
96  554  
96  555  
96  556  
97  557  
97  558  
97  559  
97  560  
97  561  
97  562  
97  563  
97  564  
97  565  
412  541  
412  542  
412  543  
412  544  
412  545  
412  546  
412  547  
412  548  
412  549  
412  550  
412  551  
412  552  
412  553  
412  554  
412  555  
412  556  
411  557  
411  558  
411  559  
411  560  
411  561  
411  562  
411  563  
411  564  
411  565  
411  566  
411  567  
411  568  
411  569  
411  570  
411  571  
411  572  
411  573  
411  574  
411  575  
411  576  
411  577  
411  578  
411  579  
411  580  
411  581  
411  582  
411  583  
411  584  
411  585  
411  586  
411  587  
411  588  
411  589  
411  590  
411  591  
411  592  
411  593  
411  594  
411  595  
411  596  
411  597  
411  598  
411  599  
411  600  
144  543  
144  544  
144  545  
144  546  
144  547  
144  548  
144  549  
144  550  
144  551  
144  552  
144  553  
144  554  
144  555  
145  556  
145  557  
145  558  
145  559  
145  560  
145  561  
145  562  
145  563  
145  564  
145  565  
145  566  
145  567  
145  568  
145  569  
145  570  
145  571  
145  572  
145  573  
145  574  
145  575  
145  576  
145  577  
145  578  
144  579  
144  580  
144  581  
144  582  
144  583  
144  584  
144  585  
144  586  
144  587  
144  588  
144  589  
144  590  
144  591  
144  592  
144  593  
144  594  
144  595  
144  596  
144  597  
144  598  
144  599  
144  600  
144  601  
144  602  
145  603  
145  604  
176  543  
177  543  
154  544  
155  544  
156  544  
157  544  
158  544  
159  544  
160  544  
161  544  
162  544  
163  544  
164  544  
165  544  
166  544  
167  544  
168  544  
169  544  
170  544  
171  544  
172  544  
173  544  
174  544  
175  544  
436  543  
436  544  
437  545  
437  546  
438  547  
438  548  
439  549  
439  550  
439  551  
440  552  
440  553  
441  554  
441  555  
441  556  
442  557  
442  558  
443  559  
443  560  
444  561  
444  562  
445  563  
445  564  
446  565  
446  566  
446  567  
447  568  
447  569  
448  570  
448  571  
381  544  
382  544  
383  544  
384  544  
385  544  
386  544  
387  544  
388  544  
389  544  
390  544  
391  544  
392  544  
393  544  
286  545  
287  545  
288  545  
289  545  
290  545  
291  545  
292  545  
293  545  
294  545  
295  545  
296  545  
297  545  
298  545  
299  545  
300  545  
301  545  
302  545  
303  545  
304  545  
305  545  
306  545  
307  545  
308  545  
309  545  
310  545  
311  545  
312  545  
313  545  
314  545  
315  545  
316  545  
317  545  
318  545  
319  545  
320  545  
321  545  
322  545  
323  545  
324  545  
325  545  
326  545  
327  545  
328  545  
329  545  
330  545  
331  545  
332  545  
333  545  
334  545  
335  545  
336  545  
337  545  
338  545  
339  545  
340  545  
341  545  
342  545  
343  545  
344  545  
345  545  
346  545  
347  545  
348  545  
349  545  
350  545  
351  545  
352  545  
353  545  
354  545  
355  545  
356  545  
357  545  
358  545  
359  545  
360  545  
361  545  
362  545  
363  545  
364  545  
365  545  
366  545  
367  545  
368  545  
369  545  
370  545  
371  545  
372  545  
373  545  
374  545  
375  545  
376  545  
377  545  
378  545  
379  545  
380  545  
136  551  
136  552  
136  553  
136  554  
136  555  
136  556  
136  557  
136  558  
136  559  
136  560  
136  561  
136  562  
136  563  
136  564  
136  565  
136  566  
136  567  
136  568  
136  569  
136  570  
136  571  
136  572  
136  573  
136  574  
62  573  
63  573  
64  573  
65  573  
66  573  
67  573  
68  573  
69  573  
70  573  
71  573  
72  573  
73  573  
74  573  
75  573  
76  573  
77  573  
78  573  
79  573  
80  573  
81  573  
82  573  
83  573  
84  573  
85  573  
86  573  
87  573  
88  573  
89  573  
90  573  
84  581  
85  581  
86  581  
87  581  
88  581  
89  581  
90  581  
91  581  
92  581  
93  581  
94  581  
95  581  
96  581  
97  581  
98  581  
99  581  
100  581  
101  581  
102  581  
103  581  
104  581  
105  581  
106  581  
107  581  
108  581  
109  581  
110  581  
111  581  
112  581  
113  582  
114  582  
115  582  
116  582  
117  582  
156  582  
157  582  
158  582  
159  582  
160  582  
161  582  
162  582  
163  582  
164  582  
165  582  
166  582  
167  582  
168  582  
169  582  
170  582  
171  582  
172  582  
173  582  
174  582  
175  582  
176  582  
177  582  
178  582  
330  582  
289  583  
290  583  
291  583  
292  583  
293  583  
294  583  
295  583  
296  583  
297  583  
298  583  
299  583  
300  583  
301  583  
302  583  
303  583  
304  583  
305  583  
306  583  
307  583  
308  583  
309  583  
310  583  
311  583  
312  583  
313  583  
314  583  
315  583  
316  583  
317  583  
318  583  
319  583  
320  583  
321  583  
322  583  
323  583  
324  583  
325  583  
326  583  
327  583  
328  583  
329  583  
324  599  
325  599  
326  599  
327  599  
328  599  
329  599  
330  599  
331  599  
287  600  
288  600  
289  600  
290  600  
291  600  
292  600  
293  600  
294  600  
295  600  
296  600  
297  600  
298  600  
299  600  
300  600  
301  600  
302  600  
303  600  
304  600  
305  600  
306  600  
307  600  
308  600  
309  600  
310  600  
311  600  
312  600  
313  600  
314  600  
315  600  
316  600  
317  600  
318  600  
319  600  
320  600  
321  600  
322  600  
323  600  
47  600  
48  600  
49  600  
50  600  
51  600  
52  600  
53  600  
54  600  
55  600  
56  600  
57  600  
58  600  
59  600  
60  600  
61  600  
62  600  
63  600  
64  600  
65  600  
66  600  
67  600  
68  600  
69  600  
70  600  
71  600  
72  600  
73  600  
74  600  
155  600  
156  600  
157  600  
158  600  
159  600  
160  600  
161  600  
162  600  
163  600  
164  600  
165  600  
166  600  
167  600  
168  600  
169  600  
170  600  
171  600  
172  600  
173  600  
174  600  
175  600  
176  600  
80  601  
81  601  
82  601  
83  601  
84  601  
85  601  
86  601  
87  601  
88  601  
89  601  
90  601  
91  601  
92  601  
93  601  
94  601  
95  601  
96  601  
97  601  
98  601  
99  601  
100  601  
101  601  
102  601  
103  601  
104  601  
105  601  
106  601  
107  601  
108  601  
109  601  
110  601  
111  601  
112  601  
113  601  
114  601  
115  601  
116  601  
117  601  
118  601  
119  601  
120  601  
121  601  
122  601  
123  601  
124  601  
125  601  
126  601  
127  601  
128  601  
129  601  
130  601  
212  607  
213  607  
214  607  
215  607  
216  607  
217  607  
218  607  
219  607  
220  607  
221  607  
222  607  
223  607  
224  607  
225  607  
226  607  
227  607  
228  607  
229  607  
230  607  
231  607  
232  607  
233  607  
234  607  
235  607  
236  607  
237  607  
238  607  
239  607  
240  607  
241  607  
257  607  
258  607  
259  607  
260  607  
261  607  
262  607  
263  607  
264  607  
265  607  
266  607  
267  607  
268  607  
269  607  
270  607  
271  607  
272  607  
273  607  
274  607  
275  607  
276  607  
277  607  
278  607  
279  607  
280  607  
281  607  
282  607  
283  607  
284  607  
285  607  
286  607  
287  607  
288  607  
289  607  
290  607  
291  607  
292  607  
293  607  
294  607  
295  607  
296  607  
297  607  
298  607  
299  607  
300  607  
301  607  
302  607  
303  607  
304  607  
305  607  
306  607  
307  607  
308  607  
309  607  
310  607  
311  607  
312  607  
313  607  
314  607  
315  607  
316  607  
317  607  
318  607  
319  607  
320  607  
321  607  
322  607  
323  607  
324  607  
325  607  
326  607  
327  607  
328  607  
329  607  
330  607  
331  607  
332  607  
333  607  
334  607  
335  607  
336  607  
337  607  
338  607  
339  607  
340  607  
341  607  
342  607  
343  607  
344  607  
345  607  
346  607  
347  607  
348  607  
148  608  
149  608  
150  608  
151  608  
152  608  
153  608  
154  608  
155  608  
156  608  
157  608  
158  608  
159  608  
160  608  
161  608  
162  608  
163  608  
164  608  
165  608  
166  608  
167  608  
168  608  
169  608  
170  608  
171  608  
172  608  
173  608  
174  608  
175  608  
176  608  
177  608  
178  608  
179  608  
180  608  
181  608  
182  608  
183  608  
184  608  
185  608  
186  608  
187  608  
188  608  
189  608  
190  608  
191  608  
192  608  
193  608  
194  608  
195  608  
196  608  
197  608  
198  608  
199  608  
200  608  
201  608  
202  608  
203  608  
204  608  
205  608  
206  608  
207  608  
208  608  
209  608  
210  608  
211  608  
242  608  
243  608  
244  608  
245  608  
246  608  
247  608  
248  608  
249  608  
250  608  
251  608  
252  608  
253  608  
254  608  
255  608  
256  608  
36  608  
37  608  
38  608  
39  608  
40  608  
41  608  
42  608  
43  608  
44  608  
45  608  
46  608  
47  608  
48  608  
49  608  
50  608  
51  608  
52  608  
53  608  
54  608  
55  608  
56  608  
57  608  
58  608  
59  608  
60  608  
61  608  
62  608  
63  608  
64  608  
65  608  
66  608  
67  608  
68  608  
69  608  
70  608  
71  608  
72  608  
73  608  
74  608  
75  608  
76  608  
77  608  
78  608  
79  608  
80  608  
81  608  
82  608  
83  608  
84  608  
85  608  
86  608  
87  608  
88  608  
89  608  
90  608  
91  608  
92  608  
93  608  
94  608  
95  608  
96  608  
97  608  
98  608  
99  608  
100  608  
101  608  
102  608  
103  608  
104  608  
105  608  
106  608  
107  608  
108  608  
109  608  
110  608  
111  608  
112  608  
113  608  
114  608  
115  608  
116  608  
117  608  
118  608  
119  608  
120  608  
121  608  
122  608  
123  608  
124  608  
125  608  
126  608  
127  608  
128  608  
129  608  
130  608  
