122  32  
121  33  
121  34  
121  35  
121  36  
121  37  
121  38  
121  39  
121  40  
121  41  
121  42  
121  43  
121  44  
121  45  
121  46  
120  47  
120  48  
120  49  
120  50  
120  51  
120  52  
120  53  
120  54  
120  55  
120  56  
120  57  
120  58  
120  59  
120  60  
120  61  
120  62  
120  63  
120  64  
119  65  
119  66  
119  67  
119  68  
119  69  
119  70  
119  71  
119  72  
119  73  
119  74  
119  75  
119  76  
118  77  
118  78  
118  79  
118  80  
118  81  
118  82  
118  83  
118  84  
118  85  
118  86  
118  87  
118  88  
118  89  
118  90  
118  91  
118  92  
118  93  
118  94  
117  95  
117  96  
117  97  
117  98  
117  99  
117  100  
117  101  
117  102  
117  103  
117  104  
117  105  
117  106  
116  107  
116  108  
116  109  
116  110  
116  111  
116  112  
116  113  
116  114  
116  115  
116  116  
116  117  
116  118  
138  32  
138  33  
138  34  
138  35  
138  36  
138  37  
138  38  
138  39  
138  40  
137  41  
137  42  
137  43  
137  44  
137  45  
137  46  
137  47  
137  48  
137  49  
137  50  
137  51  
137  52  
137  53  
137  54  
137  55  
137  56  
137  57  
136  58  
136  59  
136  60  
136  61  
136  62  
136  63  
136  64  
136  65  
136  66  
136  67  
136  68  
136  69  
136  70  
136  71  
136  72  
136  73  
136  74  
136  75  
136  76  
136  77  
135  78  
135  79  
135  80  
135  81  
135  82  
135  83  
135  84  
135  85  
135  86  
135  87  
135  88  
135  89  
135  90  
135  91  
135  92  
134  93  
134  94  
134  95  
134  96  
134  97  
371  32  
371  33  
371  34  
371  35  
371  36  
372  37  
372  38  
372  39  
372  40  
372  41  
372  42  
372  43  
373  44  
373  45  
373  46  
373  47  
373  48  
373  49  
374  50  
374  51  
374  52  
374  53  
374  54  
374  55  
375  56  
375  57  
375  58  
375  59  
376  60  
376  61  
376  62  
376  63  
376  64  
376  65  
377  66  
377  67  
377  68  
377  69  
377  70  
378  71  
378  72  
378  73  
378  74  
378  75  
378  76  
379  77  
379  78  
379  79  
379  80  
379  81  
380  82  
380  83  
380  84  
380  85  
380  86  
410  32  
410  33  
410  34  
411  35  
411  36  
411  37  
411  38  
411  39  
412  40  
412  41  
412  42  
412  43  
413  44  
413  45  
413  46  
413  47  
414  48  
414  49  
414  50  
414  51  
414  52  
415  53  
415  54  
415  55  
415  56  
416  57  
416  58  
416  59  
416  60  
416  61  
417  62  
417  63  
417  64  
417  65  
417  66  
418  67  
418  68  
418  69  
418  70  
419  71  
419  72  
419  73  
419  74  
419  75  
420  76  
420  77  
420  78  
420  79  
421  80  
421  81  
421  82  
421  83  
422  84  
422  85  
422  86  
422  87  
422  88  
423  89  
423  90  
423  91  
423  92  
423  93  
424  94  
424  95  
424  96  
424  97  
424  98  
425  99  
425  100  
425  101  
425  102  
426  103  
426  104  
426  105  
426  106  
426  107  
427  108  
427  109  
427  110  
427  111  
428  112  
428  113  
428  114  
513  58  
514  59  
514  60  
514  61  
515  62  
515  63  
515  64  
515  65  
516  66  
516  67  
516  68  
517  69  
517  70  
517  71  
518  72  
518  73  
518  74  
519  75  
519  76  
519  77  
520  78  
520  79  
520  80  
521  81  
521  82  
521  83  
522  84  
522  85  
522  86  
522  87  
523  88  
523  89  
523  90  
524  91  
524  92  
524  93  
525  94  
525  95  
525  96  
526  97  
526  98  
526  99  
188  63  
187  64  
187  65  
186  66  
185  67  
184  68  
183  69  
183  70  
182  71  
181  72  
180  73  
179  74  
178  75  
177  76  
177  77  
176  78  
175  79  
174  80  
173  81  
173  82  
172  83  
171  84  
170  85  
170  86  
169  87  
192  68  
192  69  
192  70  
192  71  
192  72  
192  73  
192  74  
192  75  
192  76  
192  77  
192  78  
192  79  
192  80  
192  81  
192  82  
192  83  
192  84  
192  85  
192  86  
192  87  
192  88  
192  89  
192  90  
192  91  
192  92  
192  93  
192  94  
192  95  
192  96  
192  97  
192  98  
192  99  
192  100  
192  101  
523  74  
523  75  
523  76  
524  77  
524  78  
525  79  
525  80  
525  81  
526  82  
526  83  
526  84  
527  85  
527  86  
527  87  
528  88  
528  89  
528  90  
528  91  
529  92  
529  93  
529  94  
530  95  
530  96  
530  97  
531  98  
531  99  
531  100  
532  101  
532  102  
533  103  
533  104  
533  105  
182  76  
181  77  
181  78  
180  79  
179  80  
178  81  
177  82  
177  83  
176  84  
175  85  
174  86  
173  87  
173  88  
172  89  
171  90  
170  91  
170  92  
169  93  
168  94  
168  95  
167  96  
166  97  
166  98  
165  99  
463  98  
463  99  
464  100  
464  101  
464  102  
464  103  
465  104  
465  105  
465  106  
465  107  
466  108  
466  109  
466  110  
467  111  
467  112  
467  113  
467  114  
468  115  
468  116  
468  117  
468  118  
469  119  
469  120  
469  121  
469  122  
470  123  
470  124  
470  125  
470  126  
471  127  
471  128  
471  129  
471  130  
472  131  
472  132  
472  133  
472  134  
473  135  
473  136  
473  137  
473  138  
474  139  
474  140  
474  141  
475  142  
475  143  
475  144  
475  145  
476  146  
476  147  
476  148  
476  149  
477  150  
477  151  
477  152  
477  153  
478  154  
478  155  
478  156  
479  157  
479  158  
479  159  
479  160  
480  161  
480  162  
480  163  
480  164  
481  165  
481  166  
481  167  
481  168  
482  169  
482  170  
482  171  
482  172  
483  173  
483  174  
483  175  
483  176  
484  177  
484  178  
484  179  
484  180  
485  181  
485  182  
485  183  
485  184  
486  185  
486  186  
486  187  
487  188  
487  189  
487  190  
487  191  
488  192  
488  193  
488  194  
488  195  
489  196  
489  197  
489  198  
489  199  
490  200  
490  201  
490  202  
490  203  
491  204  
491  205  
491  206  
491  207  
492  208  
492  209  
492  210  
492  211  
493  212  
493  213  
493  214  
494  215  
494  216  
494  217  
494  218  
495  219  
495  220  
495  221  
495  222  
496  223  
496  224  
496  225  
496  226  
497  227  
497  228  
497  229  
497  230  
498  231  
498  232  
498  233  
498  234  
499  235  
499  236  
499  237  
499  238  
500  239  
500  240  
500  241  
500  242  
501  243  
501  244  
501  245  
501  246  
502  247  
502  248  
502  249  
502  250  
383  101  
383  102  
383  103  
383  104  
384  105  
384  106  
384  107  
384  108  
384  109  
384  110  
385  111  
385  112  
385  113  
385  114  
385  115  
385  116  
386  117  
386  118  
386  119  
386  120  
386  121  
386  122  
387  123  
387  124  
387  125  
387  126  
387  127  
387  128  
388  129  
388  130  
388  131  
388  132  
388  133  
388  134  
389  135  
389  136  
389  137  
389  138  
389  139  
389  140  
390  141  
390  142  
390  143  
390  144  
390  145  
391  146  
391  147  
391  148  
391  149  
391  150  
392  151  
392  152  
392  153  
392  154  
392  155  
392  156  
393  157  
393  158  
393  159  
393  160  
393  161  
301  108  
299  109  
300  109  
297  110  
298  110  
296  111  
294  112  
295  112  
293  113  
291  114  
292  114  
290  115  
288  116  
289  116  
287  117  
285  118  
286  118  
284  119  
282  120  
283  120  
281  121  
279  122  
280  122  
277  123  
278  123  
276  124  
275  125  
273  126  
274  126  
271  127  
272  127  
270  128  
268  129  
269  129  
267  130  
265  131  
266  131  
264  132  
262  133  
263  133  
261  134  
260  135  
258  136  
259  136  
257  137  
255  138  
256  138  
254  139  
253  140  
159  112  
159  113  
159  114  
159  115  
159  116  
159  117  
159  118  
159  119  
158  120  
158  121  
158  122  
158  123  
158  124  
158  125  
158  126  
158  127  
158  128  
158  129  
158  130  
157  131  
157  132  
157  133  
157  134  
157  135  
314  113  
314  114  
315  115  
315  116  
315  117  
315  118  
315  119  
315  120  
315  121  
315  122  
315  123  
315  124  
315  125  
315  126  
315  127  
316  128  
316  129  
316  130  
316  131  
316  132  
316  133  
317  134  
317  135  
317  136  
317  137  
317  138  
317  139  
310  114  
311  114  
309  115  
307  116  
308  116  
306  117  
304  118  
305  118  
303  119  
301  120  
302  120  
299  121  
300  121  
298  122  
296  123  
297  123  
295  124  
293  125  
294  125  
292  126  
290  127  
291  127  
289  128  
287  129  
288  129  
286  130  
284  131  
285  131  
282  132  
283  132  
281  133  
279  134  
280  134  
278  135  
276  136  
277  136  
275  137  
273  138  
274  138  
272  139  
270  140  
271  140  
268  141  
269  141  
266  142  
267  142  
265  143  
264  144  
262  145  
263  145  
260  146  
261  146  
259  147  
258  148  
192  115  
192  116  
192  117  
192  118  
192  119  
192  120  
192  121  
192  122  
192  123  
192  124  
192  125  
192  126  
191  127  
191  128  
191  129  
191  130  
191  131  
191  132  
191  133  
191  134  
191  135  
191  136  
191  137  
191  138  
192  139  
191  140  
191  141  
191  142  
191  143  
192  144  
192  145  
192  146  
192  147  
155  117  
155  118  
155  119  
155  120  
155  121  
155  122  
155  123  
155  124  
155  125  
155  126  
154  127  
154  128  
154  129  
154  130  
154  131  
154  132  
154  133  
154  134  
154  135  
154  136  
153  137  
153  138  
153  139  
153  140  
153  141  
153  142  
153  143  
153  144  
153  145  
153  146  
153  147  
153  148  
153  149  
153  150  
153  151  
153  152  
153  153  
111  128  
110  129  
109  130  
108  131  
107  132  
106  133  
106  134  
105  135  
104  136  
103  137  
102  138  
101  139  
101  140  
100  141  
99  142  
98  143  
97  144  
97  145  
96  146  
95  147  
94  148  
93  149  
92  150  
92  151  
91  152  
90  153  
89  154  
88  155  
87  156  
86  157  
86  158  
85  159  
84  160  
83  161  
82  162  
81  163  
81  164  
80  165  
79  166  
78  167  
77  168  
76  169  
76  170  
75  171  
74  172  
73  173  
72  174  
71  175  
71  176  
70  177  
69  178  
68  179  
67  180  
66  181  
66  182  
65  183  
64  184  
63  185  
62  186  
61  187  
61  188  
60  189  
59  190  
58  191  
57  192  
57  193  
56  194  
55  195  
54  196  
53  197  
52  198  
52  199  
51  200  
50  201  
49  202  
48  203  
47  204  
47  205  
46  206  
45  207  
44  208  
43  209  
42  210  
41  211  
41  212  
40  213  
39  214  
38  215  
37  216  
36  217  
36  218  
35  219  
34  220  
33  221  
32  222  
115  129  
115  130  
115  131  
115  132  
115  133  
115  134  
115  135  
115  136  
114  137  
114  138  
114  139  
114  140  
114  141  
114  142  
114  143  
114  144  
114  145  
114  146  
114  147  
114  148  
113  149  
113  150  
113  151  
113  152  
113  153  
113  154  
113  155  
113  156  
113  157  
113  158  
112  132  
111  133  
110  134  
110  135  
109  136  
108  137  
107  138  
106  139  
105  140  
105  141  
104  142  
103  143  
102  144  
101  145  
101  146  
100  147  
99  148  
98  149  
97  150  
96  151  
96  152  
95  153  
94  154  
93  155  
92  156  
91  157  
91  158  
90  159  
89  160  
88  161  
87  162  
86  163  
86  164  
85  165  
84  166  
83  167  
82  168  
81  169  
80  170  
80  171  
79  172  
78  173  
77  174  
76  175  
75  176  
75  177  
74  178  
73  179  
72  180  
71  181  
71  182  
70  183  
69  184  
68  185  
67  186  
66  187  
66  188  
65  189  
64  190  
63  191  
62  192  
61  193  
61  194  
60  195  
59  196  
58  197  
57  198  
56  199  
56  200  
55  201  
54  202  
53  203  
52  204  
52  205  
51  206  
50  207  
49  208  
48  209  
47  210  
46  211  
46  212  
45  213  
44  214  
43  215  
42  216  
41  217  
41  218  
40  219  
39  220  
38  221  
37  222  
36  223  
36  224  
35  225  
34  226  
33  227  
32  228  
312  152  
310  153  
311  153  
308  154  
309  154  
307  155  
305  156  
306  156  
303  157  
304  157  
301  158  
302  158  
300  159  
298  160  
299  160  
296  161  
297  161  
295  162  
293  163  
294  163  
291  164  
292  164  
290  165  
288  166  
289  166  
286  167  
287  167  
284  168  
285  168  
283  169  
281  170  
282  170  
279  171  
280  171  
277  172  
278  172  
276  173  
274  174  
275  174  
272  175  
273  175  
271  176  
269  177  
270  177  
267  178  
268  178  
265  179  
266  179  
264  180  
262  181  
263  181  
260  182  
261  182  
258  183  
259  183  
257  184  
255  185  
256  185  
253  186  
254  186  
252  187  
250  188  
251  188  
241  153  
241  154  
241  155  
241  156  
241  157  
241  158  
241  159  
242  160  
242  161  
242  162  
242  163  
242  164  
242  165  
242  166  
242  167  
242  168  
242  169  
242  170  
242  171  
242  172  
242  173  
242  174  
242  175  
242  176  
242  177  
243  178  
243  179  
243  180  
243  181  
243  182  
243  183  
243  184  
237  155  
237  156  
238  157  
238  158  
238  159  
238  160  
238  161  
238  162  
238  163  
238  164  
238  165  
238  166  
238  167  
238  168  
238  169  
238  170  
238  171  
238  172  
238  173  
239  174  
239  175  
239  176  
239  177  
239  178  
239  179  
239  180  
239  181  
239  182  
239  183  
239  184  
239  185  
239  186  
239  187  
239  188  
239  189  
239  190  
240  191  
240  192  
240  193  
240  194  
240  195  
240  196  
240  197  
240  198  
241  199  
241  200  
241  201  
241  202  
241  203  
241  204  
156  160  
156  161  
156  162  
157  163  
157  164  
157  165  
157  166  
157  167  
157  168  
157  169  
157  170  
157  171  
157  172  
157  173  
158  174  
158  175  
158  176  
158  177  
158  178  
158  179  
158  180  
158  181  
159  182  
159  183  
159  184  
159  185  
159  186  
159  187  
159  188  
159  189  
159  190  
159  191  
160  192  
160  193  
160  194  
160  195  
160  196  
160  197  
160  198  
160  199  
160  200  
160  201  
160  202  
160  203  
159  204  
159  205  
159  206  
159  207  
159  208  
159  209  
159  210  
159  211  
158  212  
158  213  
158  214  
158  215  
158  216  
158  217  
157  218  
157  219  
157  220  
157  221  
306  160  
307  160  
305  161  
303  162  
304  162  
301  163  
302  163  
299  164  
300  164  
298  165  
296  166  
297  166  
294  167  
295  167  
292  168  
293  168  
291  169  
289  170  
290  170  
287  171  
288  171  
286  172  
284  173  
285  173  
282  174  
283  174  
280  175  
281  175  
279  176  
277  177  
278  177  
275  178  
276  178  
273  179  
274  179  
272  180  
270  181  
271  181  
268  182  
269  182  
266  183  
267  183  
265  184  
263  185  
264  185  
261  186  
262  186  
260  187  
258  188  
259  188  
256  189  
257  189  
254  190  
255  190  
253  191  
252  192  
320  161  
320  162  
320  163  
320  164  
320  165  
320  166  
320  167  
320  168  
320  169  
321  170  
321  171  
321  172  
321  173  
321  174  
321  175  
321  176  
321  177  
322  178  
322  179  
322  180  
322  181  
322  182  
322  183  
323  184  
323  185  
323  186  
323  187  
323  188  
323  189  
323  190  
323  191  
323  192  
324  193  
324  194  
324  195  
324  196  
324  197  
324  198  
324  199  
324  200  
324  201  
325  202  
325  203  
325  204  
325  205  
325  206  
325  207  
325  208  
325  209  
325  210  
326  211  
326  212  
326  213  
326  214  
326  215  
326  216  
326  217  
326  218  
326  219  
326  220  
326  221  
152  164  
152  165  
152  166  
152  167  
152  168  
152  169  
152  170  
152  171  
152  172  
152  173  
152  174  
152  175  
152  176  
152  177  
152  178  
152  179  
152  180  
152  181  
152  182  
152  183  
152  184  
151  185  
151  186  
151  187  
151  188  
151  189  
151  190  
151  191  
151  192  
151  193  
151  194  
151  195  
151  196  
151  197  
150  198  
150  199  
150  200  
150  201  
150  202  
150  203  
150  204  
150  205  
149  206  
149  207  
149  208  
149  209  
149  210  
149  211  
149  212  
149  213  
149  214  
149  215  
149  216  
149  217  
149  218  
149  219  
149  220  
149  221  
149  222  
149  223  
149  224  
149  225  
149  226  
149  227  
109  168  
108  169  
107  170  
106  171  
105  172  
104  173  
104  174  
103  175  
102  176  
101  177  
101  178  
100  179  
99  180  
98  181  
98  182  
97  183  
96  184  
95  185  
94  186  
94  187  
93  188  
92  189  
91  190  
91  191  
90  192  
89  193  
88  194  
87  195  
87  196  
86  197  
85  198  
84  199  
84  200  
83  201  
82  202  
81  203  
81  204  
80  205  
79  206  
78  207  
77  208  
77  209  
76  210  
75  211  
75  212  
74  213  
73  214  
72  215  
72  216  
71  217  
70  218  
69  219  
69  220  
68  221  
67  222  
66  223  
66  224  
65  225  
64  226  
63  227  
63  228  
62  229  
61  230  
61  231  
60  232  
59  233  
58  234  
58  235  
57  236  
56  237  
55  238  
55  239  
54  240  
53  241  
52  242  
52  243  
51  244  
50  245  
49  246  
49  247  
48  248  
47  249  
46  250  
46  251  
45  252  
44  253  
43  254  
43  255  
42  256  
41  257  
40  258  
40  259  
39  260  
38  261  
37  262  
36  263  
36  264  
35  265  
34  266  
33  267  
33  268  
32  269  
112  169  
112  170  
112  171  
112  172  
112  173  
112  174  
112  175  
112  176  
112  177  
111  178  
111  179  
111  180  
111  181  
111  182  
111  183  
111  184  
111  185  
111  186  
111  187  
111  188  
111  189  
110  190  
110  191  
110  192  
110  193  
110  194  
110  195  
110  196  
110  197  
110  198  
110  199  
110  200  
110  201  
110  202  
110  203  
110  204  
110  205  
110  206  
110  207  
110  208  
109  209  
109  210  
109  211  
109  212  
109  213  
109  214  
109  215  
109  216  
109  217  
109  218  
109  219  
109  220  
109  221  
109  222  
109  223  
109  224  
109  225  
108  226  
108  227  
108  228  
108  229  
108  230  
108  231  
108  232  
108  233  
108  234  
108  235  
108  236  
108  237  
108  238  
108  239  
107  240  
107  241  
107  242  
107  243  
107  244  
107  245  
107  246  
107  247  
107  248  
107  249  
107  250  
107  251  
107  252  
106  253  
106  254  
106  255  
106  256  
106  257  
106  258  
106  259  
106  260  
106  261  
106  262  
106  263  
106  264  
106  265  
106  266  
105  267  
105  268  
105  269  
105  270  
105  271  
105  272  
105  273  
105  274  
105  275  
105  276  
105  277  
105  278  
105  279  
105  280  
105  281  
105  282  
104  283  
104  284  
104  285  
104  286  
104  287  
104  288  
104  289  
104  290  
104  291  
104  292  
104  293  
104  294  
104  295  
104  296  
104  297  
103  298  
103  299  
103  300  
103  301  
103  302  
103  303  
103  304  
103  305  
103  306  
103  307  
103  308  
103  309  
103  310  
103  311  
103  312  
103  313  
102  314  
102  315  
102  316  
102  317  
102  318  
102  319  
102  320  
102  321  
102  322  
102  323  
102  324  
102  325  
102  326  
102  327  
102  328  
102  329  
102  330  
102  331  
102  332  
102  333  
102  334  
101  335  
101  336  
101  337  
101  338  
101  339  
101  340  
101  341  
101  342  
101  343  
101  344  
101  345  
101  346  
100  347  
100  348  
100  349  
101  350  
101  351  
101  352  
100  353  
100  354  
100  355  
100  356  
100  357  
100  358  
100  359  
100  360  
100  361  
100  362  
100  363  
395  170  
395  171  
395  172  
395  173  
396  174  
396  175  
396  176  
396  177  
397  178  
397  179  
397  180  
397  181  
397  182  
398  183  
398  184  
398  185  
398  186  
398  187  
398  188  
399  189  
399  190  
399  191  
399  192  
399  193  
399  194  
400  195  
400  196  
400  197  
400  198  
311  171  
312  171  
309  172  
310  172  
308  173  
306  174  
307  174  
304  175  
305  175  
302  176  
303  176  
300  177  
301  177  
298  178  
299  178  
297  179  
295  180  
296  180  
293  181  
294  181  
291  182  
292  182  
289  183  
290  183  
287  184  
288  184  
286  185  
284  186  
285  186  
282  187  
283  187  
280  188  
281  188  
278  189  
279  189  
276  190  
277  190  
275  191  
273  192  
274  192  
271  193  
272  193  
269  194  
270  194  
267  195  
268  195  
265  196  
266  196  
263  197  
264  197  
262  198  
260  199  
261  199  
258  200  
259  200  
256  201  
257  201  
254  202  
255  202  
252  203  
253  203  
251  204  
250  205  
110  172  
109  173  
108  174  
108  175  
107  176  
106  177  
105  178  
105  179  
104  180  
103  181  
102  182  
102  183  
101  184  
100  185  
99  186  
98  187  
98  188  
97  189  
96  190  
95  191  
95  192  
94  193  
93  194  
92  195  
91  196  
91  197  
90  198  
89  199  
88  200  
88  201  
87  202  
86  203  
85  204  
85  205  
84  206  
83  207  
82  208  
81  209  
81  210  
80  211  
79  212  
79  213  
78  214  
77  215  
76  216  
76  217  
75  218  
74  219  
73  220  
73  221  
72  222  
71  223  
70  224  
70  225  
69  226  
68  227  
67  228  
67  229  
66  230  
65  231  
65  232  
64  233  
63  234  
62  235  
62  236  
61  237  
60  238  
59  239  
59  240  
58  241  
57  242  
56  243  
56  244  
55  245  
54  246  
53  247  
53  248  
52  249  
51  250  
50  251  
50  252  
49  253  
48  254  
47  255  
47  256  
46  257  
45  258  
44  259  
44  260  
43  261  
42  262  
41  263  
40  264  
40  265  
39  266  
38  267  
37  268  
37  269  
36  270  
35  271  
34  272  
34  273  
33  274  
32  275  
202  174  
202  175  
202  176  
202  177  
202  178  
202  179  
202  180  
202  181  
202  182  
202  183  
202  184  
202  185  
202  186  
202  187  
203  188  
203  189  
203  190  
203  191  
203  192  
203  193  
203  194  
203  195  
203  196  
203  197  
203  198  
203  199  
203  200  
203  201  
203  202  
203  203  
203  204  
203  205  
203  206  
203  207  
203  208  
203  209  
203  210  
203  211  
203  212  
203  213  
203  214  
203  215  
203  216  
203  217  
203  218  
203  219  
203  220  
203  221  
203  222  
203  223  
203  224  
203  225  
203  226  
204  227  
204  228  
204  229  
204  230  
204  231  
204  232  
204  233  
204  234  
204  235  
204  236  
204  237  
204  238  
204  239  
204  240  
204  241  
204  242  
204  243  
204  244  
204  245  
204  246  
204  247  
204  248  
204  249  
204  250  
204  251  
204  252  
204  253  
204  254  
204  255  
204  256  
204  257  
204  258  
204  259  
204  260  
204  261  
204  262  
204  263  
204  264  
204  265  
204  266  
204  267  
204  268  
204  269  
204  270  
204  271  
204  272  
205  273  
317  174  
317  175  
317  176  
317  177  
318  178  
318  179  
318  180  
318  181  
318  182  
318  183  
318  184  
318  185  
318  186  
319  187  
319  188  
319  189  
319  190  
319  191  
319  192  
319  193  
319  194  
320  195  
320  196  
320  197  
320  198  
320  199  
320  200  
320  201  
320  202  
320  203  
321  204  
321  205  
321  206  
321  207  
321  208  
321  209  
321  210  
321  211  
322  212  
322  213  
312  175  
313  175  
314  175  
311  176  
309  177  
310  177  
307  178  
308  178  
305  179  
306  179  
303  180  
304  180  
302  181  
300  182  
301  182  
298  183  
299  183  
296  184  
297  184  
294  185  
295  185  
293  186  
291  187  
292  187  
289  188  
290  188  
287  189  
288  189  
285  190  
286  190  
283  191  
284  191  
281  192  
282  192  
279  193  
280  193  
278  194  
276  195  
277  195  
274  196  
275  196  
272  197  
273  197  
270  198  
271  198  
268  199  
269  199  
267  200  
265  201  
266  201  
263  202  
264  202  
261  203  
262  203  
259  204  
260  204  
257  205  
258  205  
255  206  
256  206  
558  179  
558  180  
558  181  
559  182  
559  183  
559  184  
560  185  
560  186  
560  187  
561  188  
561  189  
561  190  
562  191  
562  192  
562  193  
563  194  
563  195  
563  196  
564  197  
564  198  
564  199  
565  200  
565  201  
565  202  
442  180  
443  181  
443  182  
443  183  
443  184  
444  185  
444  186  
444  187  
444  188  
445  189  
445  190  
445  191  
446  192  
446  193  
446  194  
446  195  
446  196  
447  197  
447  198  
447  199  
447  200  
448  201  
448  202  
448  203  
448  204  
448  205  
449  206  
449  207  
449  208  
449  209  
449  210  
450  211  
450  212  
450  213  
450  214  
451  215  
451  216  
451  217  
451  218  
452  219  
452  220  
452  221  
452  222  
452  223  
453  224  
453  225  
453  226  
453  227  
453  228  
454  229  
454  230  
454  231  
454  232  
455  233  
455  234  
455  235  
455  236  
456  237  
456  238  
456  239  
456  240  
457  241  
457  242  
457  243  
457  244  
458  245  
458  246  
458  247  
458  248  
459  249  
459  250  
459  251  
459  252  
459  253  
460  254  
460  255  
460  256  
460  257  
460  258  
461  259  
461  260  
461  261  
461  262  
462  263  
462  264  
462  265  
462  266  
463  267  
463  268  
463  269  
463  270  
464  271  
464  272  
464  273  
464  274  
465  275  
465  276  
465  277  
465  278  
466  279  
466  280  
466  281  
466  282  
466  283  
467  284  
467  285  
467  286  
467  287  
468  288  
468  289  
468  290  
468  291  
469  292  
469  293  
469  294  
470  295  
470  296  
470  297  
470  298  
470  299  
470  300  
471  301  
471  302  
471  303  
471  304  
472  305  
472  306  
472  307  
472  308  
473  309  
473  310  
473  311  
473  312  
473  313  
474  314  
474  315  
474  316  
474  317  
475  318  
475  319  
475  320  
476  321  
476  322  
476  323  
476  324  
477  325  
477  326  
477  327  
328  195  
328  196  
328  197  
328  198  
328  199  
328  200  
329  201  
329  202  
329  203  
329  204  
329  205  
329  206  
329  207  
329  208  
329  209  
329  210  
329  211  
330  212  
330  213  
330  214  
330  215  
330  216  
330  217  
330  218  
330  219  
330  220  
330  221  
330  222  
330  223  
330  224  
247  200  
247  201  
247  202  
247  203  
247  204  
247  205  
247  206  
247  207  
247  208  
247  209  
247  210  
247  211  
247  212  
247  213  
247  214  
247  215  
247  216  
247  217  
247  218  
248  219  
248  220  
248  221  
248  222  
248  223  
248  224  
248  225  
248  226  
248  227  
248  228  
248  229  
248  230  
248  231  
248  232  
248  233  
248  234  
249  235  
249  236  
249  237  
249  238  
249  239  
249  240  
249  241  
249  242  
249  243  
249  244  
249  245  
249  246  
249  247  
401  200  
401  201  
401  202  
401  203  
401  204  
401  205  
402  206  
402  207  
402  208  
402  209  
402  210  
402  211  
403  212  
403  213  
403  214  
403  215  
404  216  
404  217  
404  218  
404  219  
404  220  
404  221  
405  222  
405  223  
405  224  
405  225  
405  226  
406  227  
406  228  
406  229  
406  230  
406  231  
407  232  
407  233  
407  234  
407  235  
407  236  
407  237  
408  238  
408  239  
408  240  
408  241  
408  242  
409  243  
409  244  
409  245  
409  246  
410  247  
410  248  
410  249  
410  250  
410  251  
411  252  
411  253  
411  254  
411  255  
411  256  
412  257  
412  258  
412  259  
412  260  
412  261  
413  262  
413  263  
413  264  
413  265  
414  266  
414  267  
414  268  
414  269  
414  270  
414  271  
415  272  
415  273  
415  274  
415  275  
415  276  
415  277  
416  278  
416  279  
416  280  
416  281  
416  282  
416  283  
417  284  
417  285  
417  286  
417  287  
418  288  
418  289  
418  290  
418  291  
418  292  
419  293  
419  294  
419  295  
419  296  
420  297  
420  298  
420  299  
420  300  
420  301  
421  302  
421  303  
421  304  
421  305  
421  306  
421  307  
422  308  
422  309  
422  310  
422  311  
422  312  
423  313  
423  314  
423  315  
423  316  
423  317  
424  318  
424  319  
424  320  
424  321  
424  322  
425  323  
425  324  
425  325  
425  326  
426  327  
426  328  
426  329  
426  330  
426  331  
427  332  
427  333  
427  334  
427  335  
427  336  
427  337  
428  338  
428  339  
428  340  
428  341  
428  342  
429  343  
429  344  
429  345  
429  346  
429  347  
430  348  
430  349  
430  350  
430  351  
430  352  
430  353  
431  354  
431  355  
431  356  
432  357  
432  358  
432  359  
432  360  
432  361  
566  204  
566  205  
567  206  
567  207  
567  208  
568  209  
568  210  
568  211  
569  212  
569  213  
569  214  
570  215  
570  216  
570  217  
571  218  
571  219  
571  220  
572  221  
572  222  
572  223  
573  224  
573  225  
573  226  
574  227  
574  228  
574  229  
575  230  
575  231  
575  232  
576  233  
576  234  
577  235  
577  236  
577  237  
578  238  
578  239  
237  209  
235  210  
236  210  
233  211  
234  211  
231  212  
232  212  
230  213  
228  214  
229  214  
226  215  
227  215  
224  216  
225  216  
222  217  
223  217  
220  218  
221  218  
218  219  
219  219  
216  220  
217  220  
214  221  
215  221  
213  222  
211  223  
212  223  
209  224  
210  224  
251  212  
251  213  
251  214  
251  215  
251  216  
251  217  
252  218  
252  219  
252  220  
252  221  
252  222  
252  223  
252  224  
252  225  
252  226  
252  227  
252  228  
252  229  
253  230  
253  231  
253  232  
253  233  
253  234  
253  235  
253  236  
253  237  
253  238  
253  239  
253  240  
253  241  
253  242  
253  243  
253  244  
253  245  
253  246  
253  247  
233  216  
234  216  
231  217  
232  217  
229  218  
230  218  
228  219  
226  220  
227  220  
224  221  
225  221  
222  222  
223  222  
220  223  
221  223  
218  224  
219  224  
216  225  
217  225  
214  226  
215  226  
213  227  
176  217  
174  218  
175  218  
173  219  
171  220  
172  220  
169  221  
170  221  
167  222  
168  222  
166  223  
164  224  
165  224  
163  225  
161  226  
162  226  
159  227  
160  227  
158  228  
157  229  
242  220  
242  221  
242  222  
242  223  
242  224  
242  225  
242  226  
242  227  
242  228  
242  229  
242  230  
242  231  
242  232  
242  233  
243  234  
243  235  
243  236  
243  237  
243  238  
243  239  
243  240  
243  241  
243  242  
243  243  
243  244  
243  245  
243  246  
243  247  
243  248  
243  249  
243  250  
243  251  
243  252  
244  253  
244  254  
244  255  
244  256  
244  257  
244  258  
244  259  
244  260  
244  261  
244  262  
244  263  
244  264  
244  265  
244  266  
244  267  
244  268  
176  221  
176  222  
176  223  
176  224  
176  225  
176  226  
176  227  
176  228  
176  229  
176  230  
176  231  
176  232  
176  233  
176  234  
176  235  
176  236  
176  237  
176  238  
176  239  
176  240  
176  241  
176  242  
176  243  
176  244  
176  245  
176  246  
176  247  
176  248  
176  249  
176  250  
176  251  
176  252  
176  253  
176  254  
176  255  
175  256  
175  257  
175  258  
175  259  
175  260  
175  261  
175  262  
175  263  
175  264  
175  265  
175  266  
175  267  
175  268  
175  269  
175  270  
175  271  
175  272  
175  273  
175  274  
175  275  
175  276  
175  277  
175  278  
175  279  
175  280  
175  281  
175  282  
175  283  
175  284  
175  285  
175  286  
175  287  
175  288  
175  289  
175  290  
175  291  
175  292  
175  293  
175  294  
175  295  
175  296  
175  297  
175  298  
175  299  
175  300  
175  301  
175  302  
175  303  
175  304  
175  305  
175  306  
175  307  
175  308  
175  309  
175  310  
175  311  
175  312  
175  313  
175  314  
175  315  
175  316  
175  317  
175  318  
175  319  
174  320  
174  321  
174  322  
315  223  
313  224  
314  224  
311  225  
312  225  
309  226  
310  226  
307  227  
308  227  
305  228  
306  228  
303  229  
304  229  
301  230  
302  230  
299  231  
300  231  
297  232  
298  232  
294  233  
295  233  
296  233  
292  234  
293  234  
290  235  
291  235  
288  236  
289  236  
286  237  
287  237  
284  238  
285  238  
281  239  
282  239  
283  239  
279  240  
280  240  
277  241  
278  241  
275  242  
276  242  
273  243  
274  243  
271  244  
272  244  
269  245  
270  245  
267  246  
268  246  
264  247  
265  247  
266  247  
262  248  
263  248  
260  249  
261  249  
258  250  
259  250  
257  251  
315  231  
316  231  
313  232  
314  232  
311  233  
312  233  
308  234  
309  234  
310  234  
306  235  
307  235  
304  236  
305  236  
302  237  
303  237  
299  238  
300  238  
301  238  
297  239  
298  239  
295  240  
296  240  
293  241  
294  241  
291  242  
292  242  
289  243  
290  243  
286  244  
287  244  
288  244  
284  245  
285  245  
282  246  
283  246  
280  247  
281  247  
278  248  
279  248  
275  249  
276  249  
277  249  
273  250  
274  250  
271  251  
272  251  
269  252  
270  252  
267  253  
268  253  
264  254  
265  254  
266  254  
262  255  
263  255  
260  256  
261  256  
258  257  
259  257  
256  258  
257  258  
328  231  
328  232  
328  233  
328  234  
328  235  
328  236  
329  237  
329  238  
329  239  
329  240  
329  241  
329  242  
329  243  
330  244  
330  245  
330  246  
330  247  
330  248  
330  249  
330  250  
331  251  
331  252  
331  253  
331  254  
331  255  
331  256  
332  257  
332  258  
332  259  
332  260  
332  261  
332  262  
332  263  
332  264  
332  265  
332  266  
332  267  
333  268  
333  269  
333  270  
333  271  
333  272  
333  273  
333  274  
333  275  
334  276  
334  277  
334  278  
334  279  
334  280  
334  281  
334  282  
315  242  
316  242  
317  242  
313  243  
314  243  
311  244  
312  244  
309  245  
310  245  
307  246  
308  246  
304  247  
305  247  
306  247  
302  248  
303  248  
300  249  
301  249  
297  250  
298  250  
299  250  
295  251  
296  251  
292  252  
293  252  
294  252  
290  253  
291  253  
288  254  
289  254  
286  255  
287  255  
283  256  
284  256  
285  256  
281  257  
282  257  
279  258  
280  258  
276  259  
277  259  
278  259  
274  260  
275  260  
272  261  
273  261  
270  262  
271  262  
267  263  
268  263  
269  263  
265  264  
266  264  
263  265  
264  265  
261  266  
262  266  
317  246  
318  246  
314  247  
315  247  
316  247  
312  248  
313  248  
310  249  
311  249  
307  250  
308  250  
309  250  
305  251  
306  251  
303  252  
304  252  
301  253  
302  253  
298  254  
299  254  
300  254  
296  255  
297  255  
293  256  
294  256  
295  256  
291  257  
292  257  
289  258  
290  258  
287  259  
288  259  
285  260  
286  260  
282  261  
283  261  
284  261  
280  262  
281  262  
277  263  
278  263  
279  263  
275  264  
276  264  
273  265  
274  265  
271  266  
272  266  
268  267  
269  267  
270  267  
266  268  
267  268  
264  269  
265  269  
262  270  
263  270  
261  271  
326  250  
326  251  
326  252  
326  253  
327  254  
327  255  
327  256  
327  257  
327  258  
327  259  
327  260  
327  261  
327  262  
328  263  
328  264  
328  265  
328  266  
328  267  
328  268  
328  269  
328  270  
329  271  
329  272  
329  273  
329  274  
329  275  
329  276  
329  277  
329  278  
329  279  
330  280  
330  281  
330  282  
330  283  
330  284  
330  285  
330  286  
330  287  
331  288  
331  289  
331  290  
331  291  
331  292  
331  293  
331  294  
331  295  
126  253  
126  254  
126  255  
126  256  
126  257  
126  258  
126  259  
126  260  
126  261  
126  262  
126  263  
126  264  
126  265  
126  266  
126  267  
126  268  
126  269  
126  270  
126  271  
126  272  
126  273  
125  274  
125  275  
125  276  
125  277  
125  278  
125  279  
125  280  
125  281  
125  282  
125  283  
125  284  
125  285  
125  286  
125  287  
125  288  
125  289  
125  290  
125  291  
125  292  
125  293  
125  294  
125  295  
125  296  
125  297  
125  298  
125  299  
125  300  
125  301  
125  302  
125  303  
125  304  
125  305  
125  306  
125  307  
125  308  
125  309  
125  310  
125  311  
124  312  
124  313  
124  314  
124  315  
124  316  
124  317  
124  318  
124  319  
124  320  
124  321  
124  322  
124  323  
124  324  
124  325  
124  326  
124  327  
124  328  
124  329  
124  330  
124  331  
124  332  
124  333  
124  334  
124  335  
124  336  
124  337  
124  338  
124  339  
124  340  
323  266  
324  266  
325  266  
320  267  
321  267  
322  267  
317  268  
318  268  
319  268  
314  269  
315  269  
316  269  
311  270  
312  270  
313  270  
309  271  
310  271  
307  272  
308  272  
304  273  
305  273  
306  273  
301  274  
302  274  
303  274  
298  275  
299  275  
300  275  
296  276  
297  276  
293  277  
294  277  
295  277  
290  278  
291  278  
292  278  
288  279  
289  279  
285  280  
286  280  
287  280  
282  281  
283  281  
284  281  
279  282  
280  282  
281  282  
277  283  
278  283  
274  284  
275  284  
276  284  
272  285  
273  285  
269  286  
270  286  
271  286  
266  287  
267  287  
268  287  
264  288  
265  288  
261  289  
262  289  
263  289  
250  267  
250  268  
250  269  
250  270  
250  271  
250  272  
250  273  
251  274  
251  275  
251  276  
251  277  
251  278  
251  279  
251  280  
251  281  
251  282  
251  283  
251  284  
251  285  
251  286  
251  287  
251  288  
251  289  
251  290  
251  291  
251  292  
251  293  
251  294  
252  295  
252  296  
252  297  
252  298  
252  299  
252  300  
252  301  
252  302  
252  303  
252  304  
252  305  
252  306  
252  307  
252  308  
252  309  
252  310  
252  311  
252  312  
252  313  
252  314  
253  315  
253  316  
253  317  
253  318  
253  319  
253  320  
253  321  
189  270  
189  271  
189  272  
188  273  
188  274  
189  275  
189  276  
189  277  
189  278  
189  279  
189  280  
189  281  
189  282  
189  283  
189  284  
189  285  
189  286  
189  287  
189  288  
189  289  
189  290  
189  291  
190  292  
204  275  
204  276  
204  277  
204  278  
204  279  
205  280  
205  281  
205  282  
205  283  
205  284  
205  285  
205  286  
205  287  
205  288  
205  289  
205  290  
205  291  
205  292  
205  293  
205  294  
205  295  
205  296  
205  297  
205  298  
205  299  
205  300  
205  301  
205  302  
205  303  
205  304  
205  305  
205  306  
205  307  
205  308  
205  309  
205  310  
205  311  
205  312  
205  313  
205  314  
205  315  
205  316  
206  317  
206  318  
206  319  
206  320  
206  321  
206  322  
206  323  
206  324  
206  325  
206  326  
206  327  
206  328  
206  329  
206  330  
206  331  
206  332  
206  333  
206  334  
206  335  
206  336  
206  337  
206  338  
206  339  
206  340  
206  341  
206  342  
207  343  
207  344  
207  345  
207  346  
207  347  
207  348  
207  349  
207  350  
207  351  
207  352  
207  353  
207  354  
207  355  
207  356  
207  357  
207  358  
193  276  
193  277  
193  278  
193  279  
193  280  
193  281  
193  282  
193  283  
193  284  
193  285  
193  286  
193  287  
193  288  
193  289  
193  290  
192  291  
192  292  
192  293  
192  294  
192  295  
192  296  
192  297  
192  298  
192  299  
192  300  
192  301  
192  302  
192  303  
192  304  
193  305  
193  306  
193  307  
193  308  
193  309  
193  310  
193  311  
193  312  
193  313  
194  314  
194  315  
193  316  
193  317  
193  318  
236  277  
237  277  
234  278  
235  278  
231  279  
232  279  
233  279  
229  280  
230  280  
227  281  
228  281  
224  282  
225  282  
226  282  
222  283  
223  283  
220  284  
221  284  
217  285  
218  285  
219  285  
215  286  
216  286  
213  287  
214  287  
211  288  
212  288  
210  289  
238  281  
235  282  
236  282  
237  282  
233  283  
234  283  
231  284  
232  284  
228  285  
229  285  
230  285  
226  286  
227  286  
223  287  
224  287  
225  287  
221  288  
222  288  
218  289  
219  289  
220  289  
216  290  
217  290  
214  291  
215  291  
245  286  
245  287  
245  288  
245  289  
245  290  
245  291  
245  292  
245  293  
245  294  
245  295  
245  296  
245  297  
246  298  
246  299  
246  300  
246  301  
246  302  
246  303  
246  304  
246  305  
246  306  
246  307  
246  308  
246  309  
246  310  
246  311  
246  312  
246  313  
246  314  
246  315  
246  316  
246  317  
246  318  
247  319  
247  320  
247  321  
247  322  
247  323  
247  324  
247  325  
247  326  
247  327  
247  328  
247  329  
247  330  
247  331  
247  332  
247  333  
247  334  
247  335  
247  336  
247  337  
247  338  
247  339  
247  340  
247  341  
247  342  
247  343  
211  295  
211  296  
211  297  
211  298  
211  299  
211  300  
211  301  
211  302  
211  303  
211  304  
211  305  
211  306  
211  307  
211  308  
211  309  
211  310  
211  311  
211  312  
211  313  
211  314  
211  315  
212  316  
212  317  
212  318  
212  319  
212  320  
212  321  
212  322  
212  323  
212  324  
212  325  
212  326  
212  327  
212  328  
212  329  
212  330  
212  331  
212  332  
212  333  
212  334  
212  335  
212  336  
212  337  
212  338  
212  339  
212  340  
212  341  
212  342  
212  343  
212  344  
212  345  
212  346  
212  347  
325  303  
322  304  
323  304  
324  304  
320  305  
321  305  
317  306  
318  306  
319  306  
314  307  
315  307  
316  307  
311  308  
312  308  
313  308  
308  309  
309  309  
310  309  
305  310  
306  310  
307  310  
302  311  
303  311  
304  311  
300  312  
301  312  
297  313  
298  313  
299  313  
294  314  
295  314  
296  314  
291  315  
292  315  
293  315  
288  316  
289  316  
290  316  
285  317  
286  317  
287  317  
282  318  
283  318  
284  318  
279  319  
280  319  
281  319  
277  320  
278  320  
274  321  
275  321  
276  321  
271  322  
272  322  
273  322  
268  323  
269  323  
270  323  
265  324  
266  324  
267  324  
262  325  
263  325  
264  325  
260  326  
261  326  
329  309  
330  309  
331  309  
326  310  
327  310  
328  310  
323  311  
324  311  
325  311  
320  312  
321  312  
322  312  
317  313  
318  313  
319  313  
314  314  
315  314  
316  314  
311  315  
312  315  
313  315  
308  316  
309  316  
310  316  
305  317  
306  317  
307  317  
302  318  
303  318  
304  318  
299  319  
300  319  
301  319  
296  320  
297  320  
298  320  
293  321  
294  321  
295  321  
290  322  
291  322  
292  322  
287  323  
288  323  
289  323  
284  324  
285  324  
286  324  
281  325  
282  325  
283  325  
279  326  
280  326  
276  327  
277  327  
278  327  
273  328  
274  328  
275  328  
270  329  
271  329  
272  329  
267  330  
268  330  
269  330  
264  331  
265  331  
266  331  
261  332  
262  332  
263  332  
257  333  
258  333  
259  333  
260  333  
331  322  
332  322  
327  323  
328  323  
329  323  
330  323  
324  324  
325  324  
326  324  
321  325  
322  325  
323  325  
318  326  
319  326  
320  326  
315  327  
316  327  
317  327  
312  328  
313  328  
314  328  
309  329  
310  329  
311  329  
305  330  
306  330  
307  330  
308  330  
302  331  
303  331  
304  331  
299  332  
300  332  
301  332  
296  333  
297  333  
298  333  
293  334  
294  334  
295  334  
290  335  
291  335  
292  335  
287  336  
288  336  
289  336  
284  337  
285  337  
286  337  
281  338  
282  338  
283  338  
278  339  
279  339  
280  339  
274  340  
275  340  
276  340  
277  340  
271  341  
272  341  
273  341  
268  342  
269  342  
270  342  
265  343  
266  343  
267  343  
262  344  
263  344  
264  344  
259  345  
260  345  
261  345  
574  323  
575  323  
576  323  
577  323  
578  323  
579  323  
568  324  
569  324  
570  324  
571  324  
572  324  
573  324  
566  325  
567  325  
562  326  
563  326  
564  326  
565  326  
558  327  
559  327  
560  327  
561  327  
553  328  
554  328  
555  328  
556  328  
557  328  
548  329  
549  329  
550  329  
551  329  
552  329  
544  330  
545  330  
546  330  
547  330  
540  331  
541  331  
542  331  
543  331  
536  332  
537  332  
538  332  
539  332  
149  341  
149  342  
149  343  
149  344  
148  345  
148  346  
148  347  
148  348  
148  349  
148  350  
148  351  
148  352  
148  353  
148  354  
148  355  
148  356  
148  357  
148  358  
148  359  
148  360  
148  361  
148  362  
148  363  
148  364  
148  365  
148  366  
147  367  
147  368  
147  369  
147  370  
147  371  
147  372  
147  373  
147  374  
147  375  
147  376  
147  377  
147  378  
147  379  
147  380  
147  381  
147  382  
147  383  
146  384  
146  385  
146  386  
146  387  
146  388  
146  389  
146  390  
146  391  
146  392  
146  393  
146  394  
146  395  
146  396  
146  397  
146  398  
146  399  
146  400  
146  401  
145  402  
145  403  
145  404  
145  405  
146  406  
146  407  
145  408  
145  409  
145  410  
145  411  
145  412  
145  413  
145  414  
145  415  
145  416  
145  417  
145  418  
145  419  
145  420  
145  421  
145  422  
145  423  
145  424  
145  425  
145  426  
145  427  
145  428  
145  429  
145  430  
145  431  
145  432  
145  433  
145  434  
144  342  
144  343  
144  344  
144  345  
144  346  
144  347  
144  348  
144  349  
144  350  
144  351  
144  352  
144  353  
144  354  
144  355  
144  356  
144  357  
144  358  
144  359  
143  360  
143  361  
143  362  
143  363  
143  364  
143  365  
143  366  
143  367  
143  368  
143  369  
143  370  
143  371  
143  372  
143  373  
143  374  
143  375  
143  376  
143  377  
143  378  
143  379  
143  380  
143  381  
143  382  
143  383  
143  384  
143  385  
143  386  
143  387  
143  388  
143  389  
143  390  
143  391  
143  392  
142  393  
142  394  
142  395  
142  396  
142  397  
142  398  
142  399  
142  400  
141  401  
141  402  
141  403  
141  404  
141  405  
141  406  
141  407  
141  408  
141  409  
141  410  
141  411  
141  412  
140  413  
140  414  
140  415  
140  416  
140  417  
140  418  
140  419  
140  420  
140  421  
140  422  
140  423  
139  424  
139  425  
139  426  
139  427  
139  428  
139  429  
139  430  
139  431  
139  432  
138  433  
138  434  
138  435  
138  436  
138  437  
138  438  
138  439  
138  440  
138  441  
138  442  
138  443  
138  444  
138  445  
138  446  
138  447  
138  448  
240  351  
241  351  
237  352  
238  352  
239  352  
234  353  
235  353  
236  353  
230  354  
231  354  
232  354  
233  354  
227  355  
228  355  
229  355  
224  356  
225  356  
226  356  
221  357  
222  357  
223  357  
219  358  
220  358  
193  354  
193  355  
193  356  
193  357  
193  358  
193  359  
193  360  
193  361  
193  362  
193  363  
193  364  
193  365  
193  366  
193  367  
193  368  
193  369  
193  370  
193  371  
193  372  
193  373  
513  354  
513  355  
513  356  
514  357  
514  358  
514  359  
514  360  
515  361  
515  362  
515  363  
515  364  
515  365  
516  366  
516  367  
516  368  
517  369  
517  370  
517  371  
518  372  
518  373  
518  374  
518  375  
518  376  
519  377  
519  378  
434  369  
434  370  
434  371  
434  372  
434  373  
435  374  
435  375  
435  376  
435  377  
435  378  
436  379  
436  380  
436  381  
436  382  
436  383  
437  384  
437  385  
437  386  
437  387  
438  388  
438  389  
438  390  
438  391  
438  392  
438  393  
439  394  
439  395  
439  396  
439  397  
439  398  
440  399  
440  400  
440  401  
440  402  
440  403  
441  404  
441  405  
441  406  
441  407  
604  374  
605  374  
606  374  
607  374  
608  374  
598  375  
599  375  
600  375  
601  375  
602  375  
603  375  
592  376  
593  376  
594  376  
595  376  
596  376  
597  376  
586  377  
587  377  
588  377  
589  377  
590  377  
591  377  
581  378  
582  378  
583  378  
584  378  
585  378  
194  380  
194  381  
194  382  
194  383  
194  384  
194  385  
194  386  
194  387  
194  388  
194  389  
194  390  
194  391  
194  392  
194  393  
194  394  
194  395  
194  396  
194  397  
194  398  
194  399  
194  400  
194  401  
98  387  
98  388  
98  389  
98  390  
98  391  
98  392  
98  393  
98  394  
98  395  
98  396  
97  397  
97  398  
97  399  
97  400  
97  401  
97  402  
97  403  
97  404  
97  405  
97  406  
97  407  
97  408  
97  409  
97  410  
97  411  
97  412  
96  413  
96  414  
96  415  
96  416  
96  417  
96  418  
96  419  
96  420  
96  421  
96  422  
96  423  
96  424  
96  425  
96  426  
96  427  
96  428  
95  429  
95  430  
95  431  
95  432  
95  433  
95  434  
95  435  
95  436  
95  437  
95  438  
95  439  
95  440  
95  441  
95  442  
95  443  
95  444  
95  445  
95  446  
95  447  
94  448  
572  389  
573  389  
574  389  
575  389  
568  390  
569  390  
570  390  
571  390  
562  391  
563  391  
564  391  
565  391  
566  391  
567  391  
555  392  
556  392  
557  392  
558  392  
559  392  
560  392  
561  392  
549  393  
550  393  
551  393  
552  393  
553  393  
554  393  
544  394  
545  394  
546  394  
547  394  
548  394  
539  395  
540  395  
541  395  
542  395  
543  395  
499  401  
500  401  
501  401  
502  401  
503  401  
504  401  
490  402  
491  402  
492  402  
493  402  
494  402  
495  402  
496  402  
497  402  
498  402  
483  403  
484  403  
485  403  
486  403  
487  403  
488  403  
489  403  
477  404  
478  404  
479  404  
480  404  
481  404  
482  404  
369  404  
369  405  
369  406  
369  407  
369  408  
369  409  
369  410  
369  411  
369  412  
369  413  
369  414  
369  415  
369  416  
369  417  
369  418  
369  419  
369  420  
369  421  
369  422  
369  423  
368  424  
368  425  
368  426  
368  427  
194  405  
194  406  
194  407  
194  408  
194  409  
194  410  
194  411  
194  412  
194  413  
194  414  
194  415  
194  416  
194  417  
194  418  
194  419  
195  420  
195  421  
195  422  
195  423  
195  424  
195  425  
195  426  
195  427  
195  428  
195  429  
195  430  
195  431  
195  432  
195  433  
195  434  
195  435  
195  436  
195  437  
194  438  
194  439  
194  440  
