143  32  
143  33  
143  34  
142  35  
142  36  
141  37  
141  38  
140  39  
140  40  
139  41  
139  42  
138  43  
138  44  
138  45  
137  46  
137  47  
136  48  
136  49  
135  50  
135  51  
134  52  
134  53  
133  54  
133  55  
133  56  
132  57  
132  58  
131  59  
131  60  
130  61  
130  62  
130  63  
129  64  
129  65  
128  66  
128  67  
127  68  
127  69  
126  70  
126  71  
125  72  
125  73  
125  74  
124  75  
124  76  
123  77  
123  78  
122  79  
122  80  
121  81  
121  82  
121  83  
190  32  
190  33  
190  34  
189  35  
189  36  
188  37  
188  38  
188  39  
187  40  
187  41  
186  42  
186  43  
185  44  
185  45  
184  46  
184  47  
183  48  
183  49  
183  50  
182  51  
182  52  
181  53  
181  54  
181  55  
180  56  
180  57  
179  58  
179  59  
178  60  
178  61  
177  62  
177  63  
177  64  
176  65  
176  66  
175  67  
175  68  
174  69  
174  70  
173  71  
173  72  
173  73  
172  74  
172  75  
171  76  
171  77  
170  78  
170  79  
169  80  
169  81  
169  82  
168  83  
168  84  
167  85  
167  86  
166  87  
166  88  
165  89  
165  90  
165  91  
164  92  
164  93  
163  94  
163  95  
162  96  
162  97  
162  98  
161  99  
161  100  
160  101  
160  102  
159  103  
159  104  
159  105  
158  106  
158  107  
157  108  
157  109  
156  110  
156  111  
156  112  
155  113  
155  114  
154  115  
154  116  
153  117  
153  118  
152  119  
152  120  
152  121  
151  122  
151  123  
150  124  
150  125  
149  126  
149  127  
148  128  
148  129  
147  130  
147  131  
147  132  
146  133  
146  134  
145  135  
145  136  
144  137  
144  138  
143  139  
143  140  
143  141  
142  142  
142  143  
141  144  
141  145  
140  146  
140  147  
139  148  
139  149  
138  150  
138  151  
138  152  
137  153  
137  154  
136  155  
136  156  
136  157  
135  158  
135  159  
134  160  
134  161  
133  162  
133  163  
132  164  
132  165  
132  166  
131  167  
131  168  
130  169  
130  170  
129  171  
129  172  
128  173  
128  174  
128  175  
127  176  
127  177  
126  178  
126  179  
125  180  
125  181  
124  182  
124  183  
124  184  
123  185  
123  186  
204  32  
204  33  
204  34  
205  35  
205  36  
205  37  
206  38  
206  39  
206  40  
206  41  
206  42  
207  43  
207  44  
207  45  
207  46  
208  47  
208  48  
208  49  
208  50  
208  51  
209  52  
209  53  
209  54  
209  55  
210  56  
210  57  
210  58  
210  59  
226  32  
226  33  
225  34  
225  35  
225  36  
224  37  
224  38  
224  39  
223  40  
223  41  
222  42  
222  43  
221  44  
221  45  
220  46  
220  47  
220  48  
219  49  
219  50  
219  51  
218  52  
218  53  
217  54  
217  55  
216  56  
216  57  
216  58  
215  59  
215  60  
215  61  
326  42  
327  42  
328  42  
329  42  
330  42  
331  43  
332  43  
333  43  
334  44  
335  44  
336  44  
337  44  
338  45  
339  45  
340  45  
341  46  
342  46  
343  46  
344  47  
345  47  
346  47  
347  47  
348  48  
349  48  
350  48  
351  49  
352  49  
353  49  
354  50  
355  50  
356  50  
356  42  
357  42  
358  42  
359  42  
360  43  
361  43  
362  44  
363  44  
364  44  
365  44  
366  45  
367  45  
368  45  
369  45  
370  46  
371  46  
372  47  
373  47  
374  47  
375  47  
376  48  
377  48  
378  48  
379  48  
380  49  
381  49  
382  49  
383  50  
384  50  
385  50  
386  50  
387  51  
388  51  
389  51  
390  51  
391  52  
392  52  
393  53  
394  53  
395  53  
396  53  
397  54  
398  54  
399  54  
400  54  
401  55  
402  55  
403  55  
311  54  
312  54  
313  55  
314  55  
315  55  
316  55  
317  56  
318  56  
319  57  
320  57  
321  57  
322  57  
323  58  
324  58  
325  59  
326  59  
327  59  
328  60  
329  60  
330  60  
331  61  
332  61  
333  61  
334  62  
335  62  
336  62  
337  63  
338  63  
339  64  
338  65  
338  66  
335  57  
336  57  
337  57  
338  58  
339  58  
340  58  
341  59  
342  59  
343  59  
344  60  
345  60  
346  60  
347  61  
348  61  
349  61  
350  62  
351  62  
352  62  
353  63  
354  63  
355  63  
356  63  
357  64  
358  64  
359  64  
360  64  
187  66  
187  67  
186  68  
186  69  
185  70  
185  71  
184  72  
184  73  
184  74  
183  75  
183  76  
182  77  
182  78  
181  79  
181  80  
181  81  
180  82  
180  83  
179  84  
179  85  
178  86  
178  87  
178  88  
177  89  
177  90  
176  91  
176  92  
175  93  
175  94  
175  95  
174  96  
174  97  
173  98  
173  99  
172  100  
172  101  
172  102  
171  103  
171  104  
170  105  
170  106  
169  107  
169  108  
169  109  
168  110  
168  111  
167  112  
167  113  
166  114  
166  115  
166  116  
165  117  
165  118  
164  119  
164  120  
163  121  
163  122  
162  123  
162  124  
162  125  
161  126  
161  127  
160  128  
160  129  
160  130  
159  131  
159  132  
158  133  
158  134  
157  135  
157  136  
156  137  
156  138  
156  139  
155  140  
155  141  
154  142  
154  143  
154  144  
153  145  
153  146  
152  147  
152  148  
151  149  
151  150  
150  151  
150  152  
150  153  
149  154  
149  155  
148  156  
148  157  
148  158  
147  159  
147  160  
146  161  
146  162  
145  163  
145  164  
145  165  
144  166  
144  167  
143  168  
143  169  
142  170  
142  171  
141  172  
141  173  
141  174  
140  175  
140  176  
139  177  
139  178  
138  179  
138  180  
138  181  
137  182  
137  183  
136  184  
136  185  
135  186  
135  187  
134  188  
134  189  
134  190  
133  191  
133  192  
132  193  
132  194  
131  195  
131  196  
131  197  
130  198  
130  199  
129  200  
129  201  
128  202  
128  203  
128  204  
127  205  
127  206  
126  207  
126  208  
125  209  
125  210  
125  211  
124  212  
124  213  
123  214  
123  215  
122  216  
122  217  
121  218  
121  219  
121  220  
120  221  
120  222  
119  223  
119  224  
118  225  
118  226  
117  227  
117  228  
117  229  
116  230  
116  231  
115  232  
115  233  
115  234  
114  235  
114  236  
113  237  
113  238  
112  239  
112  240  
111  241  
111  242  
111  243  
110  244  
110  245  
109  246  
109  247  
108  248  
108  249  
107  250  
107  251  
107  252  
106  253  
106  254  
105  255  
105  256  
104  257  
104  258  
103  259  
103  260  
103  261  
102  262  
102  263  
101  264  
101  265  
100  266  
100  267  
99  268  
99  269  
98  270  
98  271  
97  272  
97  273  
96  274  
95  275  
222  67  
223  67  
224  67  
225  68  
226  68  
227  68  
228  69  
229  69  
230  69  
231  70  
232  70  
233  70  
234  70  
235  71  
236  71  
237  71  
238  72  
239  72  
240  72  
241  73  
242  73  
243  73  
244  74  
245  74  
246  74  
247  75  
248  75  
249  75  
250  75  
251  76  
252  76  
253  76  
254  77  
255  77  
256  77  
257  78  
258  78  
259  78  
260  79  
261  79  
262  79  
263  80  
264  80  
265  80  
266  80  
267  80  
268  80  
269  81  
270  81  
271  81  
272  81  
273  90  
274  90  
275  90  
276  91  
277  91  
278  91  
279  92  
280  92  
281  92  
282  93  
283  93  
284  93  
285  94  
286  94  
287  94  
288  95  
289  95  
290  95  
291  96  
292  96  
293  96  
294  97  
295  97  
296  97  
297  97  
298  98  
299  98  
300  98  
301  99  
302  99  
303  99  
304  100  
305  100  
306  100  
116  92  
115  93  
115  94  
114  95  
114  96  
114  97  
113  98  
113  99  
113  100  
112  101  
112  102  
111  103  
111  104  
110  105  
110  106  
109  107  
109  108  
108  109  
108  110  
107  111  
107  112  
106  113  
306  92  
307  92  
308  93  
309  93  
310  93  
311  94  
312  94  
313  94  
314  95  
315  95  
316  95  
317  96  
318  96  
319  96  
320  97  
321  97  
322  97  
323  98  
324  98  
325  98  
326  98  
327  99  
328  99  
329  99  
330  100  
331  100  
332  100  
333  101  
334  101  
335  101  
336  102  
337  102  
338  102  
339  102  
340  103  
341  103  
342  103  
343  104  
344  104  
345  104  
346  105  
347  105  
348  105  
349  106  
350  106  
351  106  
352  107  
353  107  
354  107  
355  108  
356  108  
357  108  
358  108  
359  109  
360  109  
361  109  
362  110  
363  110  
364  110  
365  111  
366  111  
367  111  
368  112  
369  112  
370  112  
271  95  
272  95  
273  95  
274  96  
275  96  
276  96  
277  96  
278  97  
279  97  
280  97  
281  98  
282  98  
283  98  
284  99  
285  99  
286  99  
287  100  
288  100  
289  100  
290  100  
291  101  
292  101  
293  101  
294  102  
295  102  
296  102  
297  103  
298  103  
299  103  
300  104  
301  104  
302  104  
303  105  
304  105  
305  105  
306  106  
307  106  
308  106  
309  107  
310  107  
311  107  
312  107  
313  108  
314  108  
315  108  
316  109  
317  109  
318  109  
319  110  
320  110  
321  110  
322  111  
323  111  
324  111  
325  112  
326  112  
327  112  
328  113  
329  113  
330  113  
331  114  
332  114  
333  114  
334  115  
335  115  
336  115  
337  115  
338  116  
339  116  
340  116  
341  117  
342  117  
343  117  
344  118  
345  118  
346  118  
347  119  
348  119  
349  119  
350  120  
351  120  
352  120  
353  121  
354  121  
355  121  
356  122  
357  122  
358  122  
359  123  
360  123  
361  123  
362  123  
363  124  
364  124  
365  124  
366  125  
367  125  
368  125  
369  126  
370  126  
371  126  
372  127  
373  127  
374  127  
375  128  
376  128  
274  100  
275  100  
276  100  
277  101  
278  101  
279  101  
280  102  
281  102  
282  102  
283  103  
284  103  
285  103  
286  104  
287  104  
288  104  
289  105  
290  105  
291  105  
292  106  
293  106  
294  106  
295  106  
296  107  
297  107  
298  107  
299  108  
300  108  
301  108  
302  109  
303  109  
304  109  
305  110  
306  110  
307  110  
308  111  
309  111  
310  111  
311  112  
312  112  
313  112  
314  112  
315  113  
316  113  
317  113  
318  114  
319  114  
320  114  
321  115  
322  115  
323  115  
324  116  
325  116  
326  116  
327  116  
328  117  
329  117  
330  117  
331  118  
332  118  
333  118  
334  119  
335  119  
261  101  
261  102  
261  103  
260  104  
260  105  
259  106  
259  107  
258  108  
258  109  
258  110  
257  111  
257  112  
256  113  
256  114  
256  115  
255  116  
255  117  
254  118  
254  119  
254  120  
253  121  
326  107  
327  107  
328  107  
329  108  
330  108  
331  108  
332  109  
333  109  
334  109  
335  110  
336  110  
337  110  
338  111  
339  111  
340  111  
341  112  
342  112  
343  112  
344  113  
345  113  
346  113  
347  114  
348  114  
349  114  
350  114  
351  115  
352  115  
353  115  
354  116  
355  116  
356  116  
357  117  
358  117  
359  117  
360  118  
361  118  
362  118  
363  119  
364  119  
365  119  
366  119  
367  120  
368  120  
369  120  
370  121  
371  121  
372  121  
373  122  
374  122  
375  122  
376  123  
377  123  
378  123  
379  124  
380  124  
381  124  
382  124  
383  125  
304  117  
305  117  
306  117  
307  118  
308  118  
309  118  
310  119  
311  119  
312  119  
313  120  
314  120  
315  120  
316  121  
317  121  
318  121  
319  122  
320  122  
321  122  
322  123  
323  123  
324  123  
325  124  
326  124  
327  124  
328  125  
329  125  
330  125  
331  126  
332  126  
333  126  
334  127  
335  127  
336  127  
337  127  
338  128  
339  128  
340  128  
341  129  
342  129  
343  129  
344  130  
345  130  
346  130  
347  131  
348  131  
349  131  
350  132  
351  132  
352  132  
351  141  
350  142  
350  143  
350  144  
349  145  
349  146  
348  147  
348  148  
347  149  
347  150  
347  151  
346  152  
346  153  
345  154  
345  155  
344  156  
344  157  
344  158  
343  159  
343  160  
378  141  
379  141  
380  142  
381  142  
382  142  
383  143  
384  143  
385  143  
386  143  
387  144  
388  144  
389  144  
390  145  
391  145  
392  145  
393  146  
394  146  
395  146  
396  147  
397  147  
398  147  
399  148  
400  148  
401  148  
402  149  
403  149  
404  149  
405  150  
406  150  
407  150  
408  151  
409  151  
410  151  
411  152  
412  152  
413  152  
247  166  
248  166  
249  167  
250  167  
251  167  
252  168  
253  168  
254  168  
255  168  
256  169  
257  169  
258  169  
259  169  
260  169  
261  170  
262  170  
263  170  
264  171  
265  171  
266  171  
267  172  
268  172  
269  172  
270  172  
271  173  
272  173  
273  173  
274  174  
275  174  
276  174  
277  175  
278  175  
279  175  
280  175  
281  176  
282  176  
283  176  
284  177  
285  177  
286  177  
287  178  
288  178  
289  178  
290  179  
291  179  
292  179  
293  180  
294  180  
295  180  
296  181  
297  181  
298  181  
299  182  
300  182  
301  182  
302  183  
303  183  
304  183  
305  184  
306  184  
307  184  
230  172  
229  173  
229  174  
229  175  
228  176  
228  177  
227  178  
227  179  
226  180  
226  181  
226  182  
225  183  
225  184  
224  185  
224  186  
224  187  
223  188  
223  189  
223  190  
222  191  
222  192  
221  193  
221  194  
221  195  
220  196  
220  197  
219  198  
219  199  
219  200  
218  201  
218  202  
218  203  
217  204  
217  205  
216  206  
216  207  
216  208  
215  209  
215  210  
214  211  
214  212  
214  213  
213  214  
213  215  
213  216  
212  217  
212  218  
211  219  
211  220  
211  221  
210  222  
210  223  
209  224  
209  225  
209  226  
208  227  
208  228  
208  229  
207  230  
207  231  
244  173  
245  174  
246  174  
247  174  
248  175  
249  175  
250  175  
251  176  
252  176  
253  176  
254  177  
255  177  
256  178  
257  178  
258  178  
259  179  
260  179  
261  179  
262  180  
263  180  
264  180  
265  181  
266  181  
267  182  
268  182  
269  183  
270  183  
271  184  
272  184  
273  184  
274  185  
275  185  
276  186  
277  186  
278  187  
279  187  
233  183  
233  184  
233  185  
232  186  
232  187  
231  188  
231  189  
231  190  
230  191  
230  192  
229  193  
229  194  
229  195  
228  196  
228  197  
227  198  
227  199  
227  200  
226  201  
226  202  
225  203  
225  204  
225  205  
224  206  
224  207  
223  208  
223  209  
223  210  
222  211  
222  212  
221  213  
221  214  
221  215  
220  216  
220  217  
219  218  
219  219  
219  220  
218  221  
218  222  
217  223  
217  224  
217  225  
216  226  
216  227  
215  228  
215  229  
215  230  
214  231  
214  232  
213  233  
213  234  
213  235  
119  194  
119  195  
118  196  
118  197  
117  198  
117  199  
116  200  
116  201  
116  202  
115  203  
115  204  
114  205  
114  206  
113  207  
113  208  
113  209  
113  210  
112  211  
112  212  
111  213  
110  214  
110  215  
110  216  
109  217  
109  218  
108  219  
108  220  
107  221  
107  222  
106  223  
106  224  
106  225  
105  226  
105  227  
104  228  
104  229  
103  230  
103  231  
103  232  
102  233  
102  234  
101  235  
101  236  
100  237  
100  238  
100  239  
99  240  
99  241  
98  242  
98  243  
97  244  
97  245  
96  246  
96  247  
96  248  
95  249  
95  250  
94  251  
94  252  
93  253  
93  254  
92  255  
92  256  
92  257  
91  258  
91  259  
90  260  
90  261  
89  262  
89  263  
89  264  
88  265  
88  266  
87  267  
87  268  
86  269  
86  270  
85  271  
85  272  
85  273  
84  274  
84  275  
83  276  
357  239  
358  239  
359  239  
360  240  
361  240  
362  240  
363  240  
364  241  
365  241  
366  241  
367  242  
368  242  
369  242  
370  243  
371  243  
372  243  
373  244  
374  244  
375  244  
376  245  
377  245  
378  245  
379  246  
380  246  
381  247  
382  247  
211  252  
212  253  
213  253  
214  253  
215  254  
216  254  
217  255  
218  255  
219  255  
220  256  
221  256  
222  256  
223  257  
224  257  
225  257  
226  258  
227  258  
228  259  
229  259  
230  259  
231  260  
232  260  
233  260  
234  261  
235  261  
236  262  
237  262  
238  262  
239  263  
240  263  
241  263  
242  264  
243  264  
244  265  
245  265  
246  265  
247  266  
248  266  
249  266  
250  267  
251  267  
252  267  
253  268  
254  268  
255  269  
256  269  
257  269  
258  270  
259  270  
260  270  
261  271  
262  271  
263  272  
264  272  
265  272  
266  273  
267  273  
268  273  
269  274  
270  274  
271  274  
272  275  
273  275  
274  276  
275  276  
276  276  
277  277  
278  277  
279  277  
280  278  
281  278  
282  278  
283  279  
284  279  
285  279  
286  280  
287  280  
288  281  
289  281  
290  281  
291  282  
292  282  
293  282  
294  283  
295  283  
296  283  
297  284  
298  284  
299  284  
300  285  
301  285  
302  286  
303  286  
304  286  
305  287  
306  287  
307  287  
308  288  
309  288  
310  288  
311  289  
312  289  
313  289  
314  290  
315  290  
316  291  
317  291  
318  291  
319  292  
320  292  
321  292  
322  293  
323  293  
324  293  
325  294  
326  294  
327  294  
328  295  
329  295  
330  296  
331  296  
332  296  
333  297  
334  297  
335  297  
336  298  
337  298  
338  298  
339  299  
340  299  
341  299  
342  300  
343  300  
344  300  
345  301  
346  301  
347  302  
348  302  
349  302  
350  303  
351  303  
352  303  
353  304  
354  304  
355  304  
356  305  
357  305  
358  305  
359  306  
360  306  
361  306  
362  307  
363  307  
364  308  
365  308  
366  308  
367  309  
368  309  
369  309  
370  310  
371  310  
372  310  
373  311  
374  311  
375  311  
376  312  
377  312  
378  312  
379  313  
380  313  
381  314  
382  314  
383  314  
384  315  
385  315  
386  315  
387  316  
388  316  
389  316  
390  317  
391  317  
392  318  
393  318  
394  318  
395  319  
396  319  
397  319  
398  320  
399  320  
400  321  
401  321  
402  321  
403  322  
404  322  
405  322  
406  323  
407  323  
408  323  
409  324  
410  324  
411  324  
412  325  
413  325  
414  325  
415  326  
416  326  
417  327  
418  327  
419  327  
420  328  
421  328  
422  328  
423  329  
424  329  
425  329  
426  330  
427  330  
428  331  
429  331  
430  331  
431  332  
432  333  
248  255  
249  255  
250  255  
251  256  
252  256  
253  257  
254  257  
255  257  
256  258  
257  258  
258  258  
259  259  
260  259  
261  259  
262  260  
263  260  
264  261  
265  261  
266  261  
267  262  
268  262  
269  262  
270  263  
271  263  
272  263  
273  264  
274  264  
275  264  
276  265  
277  265  
278  266  
279  266  
280  266  
281  267  
282  267  
283  267  
284  268  
285  268  
286  269  
287  269  
288  269  
289  270  
290  270  
291  270  
292  271  
293  271  
294  271  
295  272  
296  272  
297  272  
298  273  
299  273  
300  274  
301  274  
302  274  
303  275  
304  275  
305  275  
306  276  
307  276  
308  277  
309  277  
310  277  
311  278  
312  278  
313  278  
314  279  
315  279  
316  279  
317  280  
318  280  
319  280  
320  281  
321  281  
322  282  
323  282  
324  282  
325  283  
326  283  
327  283  
328  284  
329  284  
330  285  
331  285  
332  285  
333  285  
334  286  
335  286  
336  287  
337  287  
338  287  
339  288  
340  288  
341  288  
342  289  
343  289  
344  289  
345  290  
346  290  
347  291  
348  291  
349  291  
350  292  
351  292  
352  292  
353  293  
354  293  
355  293  
356  294  
357  294  
358  295  
359  295  
360  295  
361  296  
362  296  
363  296  
364  297  
365  297  
366  297  
367  298  
368  298  
369  298  
370  299  
371  299  
372  300  
373  300  
374  300  
375  301  
376  301  
377  302  
378  302  
379  302  
380  303  
381  303  
382  303  
383  304  
384  304  
385  304  
386  305  
387  305  
388  305  
389  306  
390  306  
391  306  
392  307  
393  307  
394  307  
395  308  
396  308  
397  309  
398  309  
399  309  
400  310  
401  310  
402  310  
403  311  
404  311  
405  312  
406  312  
407  312  
408  313  
409  313  
410  313  
411  314  
412  314  
413  314  
414  315  
415  315  
211  256  
212  256  
213  257  
214  257  
215  257  
216  258  
217  258  
218  258  
219  259  
220  259  
221  260  
222  260  
223  260  
224  261  
225  261  
226  261  
227  262  
228  262  
229  263  
230  263  
231  263  
232  264  
233  264  
234  264  
235  265  
236  265  
237  266  
238  266  
239  266  
240  267  
241  267  
242  267  
243  268  
244  268  
245  268  
246  269  
247  269  
248  270  
249  270  
250  270  
251  271  
252  271  
253  271  
254  272  
255  272  
256  273  
257  273  
258  273  
259  274  
260  274  
261  274  
262  275  
263  275  
264  275  
265  276  
266  276  
267  277  
268  277  
269  277  
270  278  
271  278  
272  278  
273  279  
274  279  
275  279  
276  280  
277  280  
278  281  
279  281  
280  281  
281  282  
282  282  
283  282  
284  283  
285  283  
286  283  
287  284  
288  284  
289  284  
290  285  
291  285  
292  286  
293  286  
294  286  
295  287  
296  287  
297  287  
298  288  
299  288  
300  288  
301  289  
302  289  
303  290  
304  290  
305  290  
306  291  
307  291  
308  291  
309  292  
310  292  
311  292  
312  293  
313  293  
314  293  
315  294  
316  294  
317  295  
318  295  
319  295  
320  296  
321  296  
322  296  
323  297  
324  297  
325  297  
326  298  
327  298  
328  298  
329  299  
330  299  
331  300  
332  300  
333  300  
334  301  
335  301  
336  301  
337  302  
338  302  
339  302  
340  303  
341  303  
342  303  
343  304  
344  304  
345  305  
346  305  
347  305  
348  306  
349  306  
350  306  
351  307  
352  307  
353  307  
354  308  
355  308  
356  309  
357  309  
358  309  
359  310  
360  310  
361  310  
362  311  
363  311  
364  311  
365  312  
366  312  
367  312  
368  313  
369  313  
370  313  
371  314  
372  314  
373  314  
374  315  
375  315  
376  316  
377  316  
378  316  
379  317  
380  317  
381  317  
382  318  
383  318  
384  318  
385  319  
386  319  
387  320  
388  320  
389  320  
390  321  
391  321  
392  321  
393  322  
394  322  
395  322  
396  323  
397  323  
398  324  
399  324  
400  324  
401  325  
402  325  
403  325  
404  326  
405  326  
406  326  
407  327  
408  327  
409  328  
410  328  
411  328  
412  329  
413  329  
414  329  
415  330  
416  330  
417  330  
418  331  
419  331  
420  331  
421  332  
422  332  
423  333  
424  333  
425  333  
426  334  
427  334  
428  334  
429  335  
448  256  
448  257  
448  258  
447  259  
447  260  
447  261  
446  262  
446  263  
446  264  
445  265  
445  266  
445  267  
444  268  
444  269  
444  270  
443  271  
443  272  
443  273  
442  274  
442  275  
442  276  
441  277  
441  278  
440  279  
440  280  
440  281  
439  282  
439  283  
438  284  
438  285  
438  286  
437  287  
437  288  
437  289  
436  290  
436  291  
436  292  
435  293  
435  294  
435  295  
434  296  
434  297  
434  298  
434  299  
433  300  
433  301  
433  302  
432  303  
432  304  
432  305  
431  306  
431  307  
431  308  
430  309  
430  310  
429  311  
196  259  
196  260  
195  261  
195  262  
194  263  
194  264  
194  265  
193  266  
193  267  
192  268  
192  269  
192  270  
191  271  
191  272  
190  273  
190  274  
190  275  
189  276  
189  277  
188  278  
188  279  
188  280  
187  281  
187  282  
186  283  
186  284  
186  285  
185  286  
185  287  
184  288  
184  289  
183  290  
183  291  
183  292  
182  293  
182  294  
181  295  
181  296  
181  297  
180  298  
180  299  
180  300  
179  301  
179  302  
178  303  
178  304  
177  305  
177  306  
177  307  
176  308  
176  309  
175  310  
175  311  
175  312  
174  313  
174  314  
173  315  
173  316  
173  317  
172  318  
172  319  
171  320  
171  321  
171  322  
170  323  
170  324  
170  325  
169  326  
169  327  
168  328  
168  329  
207  259  
208  259  
209  259  
210  259  
211  260  
212  260  
213  261  
214  261  
215  261  
216  262  
217  262  
218  263  
219  263  
220  263  
221  264  
222  264  
223  265  
224  265  
225  265  
226  266  
227  266  
228  266  
229  267  
230  267  
231  268  
232  268  
233  268  
234  269  
235  269  
236  270  
237  270  
238  270  
239  271  
240  271  
414  261  
413  262  
413  263  
412  264  
412  265  
412  266  
411  267  
411  268  
410  269  
410  270  
410  271  
409  272  
409  273  
409  274  
408  275  
408  276  
407  277  
407  278  
406  279  
406  280  
405  281  
405  282  
405  283  
404  284  
404  285  
403  286  
403  287  
403  288  
402  289  
203  265  
203  266  
203  267  
202  268  
202  269  
201  270  
201  271  
201  272  
200  273  
200  274  
199  275  
199  276  
199  277  
198  278  
198  279  
197  280  
197  281  
196  282  
196  283  
196  284  
195  285  
195  286  
195  287  
194  288  
194  289  
193  290  
193  291  
193  292  
192  293  
192  294  
191  295  
191  296  
191  297  
190  298  
190  299  
189  300  
189  301  
188  302  
188  303  
188  304  
187  305  
187  306  
186  307  
186  308  
186  309  
185  310  
185  311  
184  312  
184  313  
184  314  
183  315  
183  316  
182  317  
182  318  
181  319  
181  320  
181  321  
246  275  
247  275  
248  275  
249  276  
250  276  
251  277  
252  277  
253  277  
254  278  
255  278  
256  278  
257  279  
258  279  
259  279  
260  280  
261  280  
262  281  
263  281  
264  282  
265  282  
266  282  
267  283  
268  283  
269  283  
270  284  
271  284  
272  284  
273  285  
274  285  
275  286  
276  286  
277  286  
278  287  
279  287  
280  287  
281  288  
282  288  
283  289  
284  289  
285  289  
286  290  
287  290  
288  290  
289  291  
290  291  
291  291  
292  292  
293  292  
294  293  
295  293  
296  293  
297  294  
298  294  
299  294  
300  295  
301  295  
302  296  
303  296  
304  296  
305  297  
306  297  
307  297  
308  298  
309  298  
310  298  
311  299  
312  299  
320  302  
321  302  
322  302  
323  303  
324  303  
325  304  
326  304  
327  304  
328  305  
329  305  
330  305  
331  306  
332  306  
333  306  
334  307  
335  307  
336  307  
337  308  
338  308  
339  308  
340  309  
341  309  
342  309  
343  310  
344  310  
345  311  
346  311  
347  312  
348  312  
349  312  
350  313  
351  313  
352  314  
353  314  
354  314  
355  315  
356  315  
357  315  
358  316  
359  316  
360  317  
361  317  
362  317  
363  318  
364  318  
365  318  
366  319  
367  319  
368  319  
369  320  
370  320  
371  320  
372  321  
373  321  
374  321  
375  322  
376  322  
377  323  
378  323  
379  324  
380  324  
381  324  
382  325  
383  325  
384  325  
385  326  
386  326  
387  326  
388  327  
389  327  
390  328  
391  328  
392  328  
393  329  
394  329  
395  329  
396  330  
397  330  
398  330  
399  331  
400  331  
401  331  
402  332  
403  332  
404  333  
405  333  
406  333  
407  334  
408  334  
409  334  
410  335  
411  335  
412  336  
68  310  
68  311  
67  312  
67  313  
66  314  
66  315  
66  316  
65  317  
65  318  
64  319  
64  320  
63  321  
63  322  
62  323  
62  324  
62  325  
61  326  
61  327  
60  328  
60  329  
59  330  
59  331  
58  332  
58  333  
58  334  
57  335  
57  336  
56  337  
56  338  
55  339  
55  340  
54  341  
54  342  
54  343  
53  344  
53  345  
52  346  
52  347  
51  348  
51  349  
50  350  
50  351  
50  352  
49  353  
49  354  
48  355  
48  356  
47  357  
47  358  
47  359  
46  360  
46  361  
45  362  
45  363  
45  364  
44  365  
44  366  
43  367  
43  368  
43  369  
42  370  
42  371  
42  372  
41  373  
41  374  
40  375  
40  376  
39  377  
39  378  
39  379  
38  380  
38  381  
38  382  
37  383  
37  384  
36  385  
36  386  
35  387  
35  388  
35  389  
34  390  
34  391  
33  392  
33  393  
32  394  
32  395  
32  396  
79  313  
79  314  
78  315  
78  316  
77  317  
77  318  
76  319  
76  320  
75  321  
75  322  
75  323  
74  324  
74  325  
73  326  
73  327  
72  328  
72  329  
71  330  
71  331  
70  332  
70  333  
70  334  
69  335  
69  336  
68  337  
68  338  
67  339  
67  340  
67  341  
66  342  
66  343  
65  344  
65  345  
64  346  
64  347  
64  348  
63  349  
63  350  
62  351  
62  352  
61  353  
61  354  
60  355  
60  356  
59  357  
59  358  
58  359  
58  360  
58  361  
57  362  
57  363  
56  364  
56  365  
181  330  
182  331  
183  331  
184  331  
185  332  
186  332  
187  332  
188  333  
189  333  
190  333  
191  334  
192  334  
193  334  
194  335  
195  335  
196  336  
197  336  
198  336  
199  337  
200  337  
201  337  
202  338  
203  338  
204  338  
205  339  
206  339  
207  339  
208  340  
209  340  
171  331  
172  331  
173  331  
174  332  
175  332  
176  332  
177  333  
178  333  
179  334  
180  334  
181  334  
182  335  
183  335  
184  336  
185  336  
186  336  
187  337  
188  337  
189  338  
190  338  
191  338  
192  339  
193  339  
194  339  
195  340  
196  340  
197  341  
198  341  
199  341  
200  342  
201  342  
202  343  
203  343  
204  343  
205  344  
206  344  
207  345  
208  345  
209  345  
210  346  
211  346  
212  347  
213  347  
214  347  
215  348  
216  348  
217  348  
218  349  
219  349  
220  350  
221  350  
222  350  
223  351  
224  351  
225  352  
226  352  
227  352  
228  353  
229  353  
230  354  
231  354  
232  354  
233  355  
234  355  
235  355  
236  356  
237  356  
238  357  
239  357  
240  357  
241  358  
242  358  
243  359  
244  359  
245  359  
246  360  
247  360  
248  361  
249  361  
250  361  
251  362  
252  362  
253  362  
254  363  
255  363  
256  364  
257  364  
258  364  
259  365  
260  365  
261  366  
262  366  
263  366  
264  367  
265  367  
266  368  
267  368  
268  368  
269  369  
270  369  
271  369  
272  370  
273  370  
274  371  
275  371  
276  371  
277  372  
278  372  
279  373  
280  373  
281  373  
282  374  
283  374  
284  374  
285  375  
286  375  
287  376  
288  376  
175  336  
176  336  
177  337  
178  337  
179  337  
180  338  
181  338  
182  339  
183  339  
184  339  
185  340  
186  340  
187  340  
188  341  
189  341  
190  342  
191  342  
192  342  
193  343  
194  343  
195  343  
196  344  
197  344  
198  345  
199  345  
200  345  
201  346  
202  346  
203  347  
204  347  
205  347  
206  348  
207  348  
208  348  
209  349  
210  349  
211  350  
212  350  
213  350  
214  351  
215  351  
216  352  
217  352  
218  352  
219  353  
220  353  
221  354  
222  354  
223  354  
224  355  
225  355  
226  356  
227  356  
228  356  
229  357  
230  357  
231  358  
232  358  
233  358  
234  359  
235  359  
236  360  
237  360  
238  360  
239  361  
240  361  
241  361  
242  362  
243  362  
244  363  
245  363  
246  363  
247  364  
248  364  
249  365  
250  365  
251  365  
252  366  
253  366  
254  367  
255  367  
256  367  
257  368  
258  368  
259  369  
260  369  
261  369  
262  370  
263  370  
264  371  
265  371  
266  371  
267  372  
268  372  
269  373  
270  373  
271  373  
272  374  
273  374  
274  374  
275  375  
276  375  
277  376  
278  376  
279  376  
280  377  
281  377  
282  378  
283  378  
284  378  
164  337  
163  338  
163  339  
163  340  
162  341  
162  342  
161  343  
161  344  
160  345  
160  346  
159  347  
159  348  
159  349  
158  350  
158  351  
157  352  
157  353  
156  354  
156  355  
156  356  
155  357  
155  358  
154  359  
154  360  
153  361  
153  362  
153  363  
152  364  
152  365  
151  366  
151  367  
150  368  
150  369  
150  370  
149  371  
149  372  
148  373  
148  374  
147  375  
147  376  
147  377  
146  378  
146  379  
145  380  
145  381  
144  382  
144  383  
144  384  
143  385  
143  386  
142  387  
142  388  
141  389  
141  390  
141  391  
140  392  
140  393  
139  394  
139  395  
139  396  
138  397  
138  398  
137  399  
137  400  
136  401  
136  402  
136  403  
135  404  
135  405  
134  406  
134  407  
134  408  
175  340  
176  340  
177  340  
178  341  
179  341  
180  342  
181  342  
182  343  
183  343  
184  343  
185  344  
186  344  
187  345  
188  345  
189  346  
190  346  
191  346  
192  347  
193  347  
194  348  
195  348  
196  348  
197  349  
198  349  
199  350  
200  350  
201  350  
202  351  
203  351  
204  352  
205  352  
206  352  
207  353  
208  353  
209  354  
210  354  
211  354  
212  355  
213  355  
214  356  
215  356  
216  356  
217  357  
218  357  
219  358  
220  358  
221  359  
222  359  
223  360  
224  360  
225  361  
226  361  
227  362  
228  362  
229  362  
230  363  
231  363  
232  364  
233  364  
234  364  
235  365  
236  365  
237  366  
238  366  
239  367  
240  367  
241  368  
242  368  
243  368  
244  369  
245  369  
246  370  
247  370  
248  371  
249  371  
250  371  
251  372  
252  372  
253  373  
167  341  
167  342  
167  343  
166  344  
166  345  
165  346  
165  347  
164  348  
164  349  
163  350  
163  351  
163  352  
162  353  
162  354  
161  355  
161  356  
161  357  
160  358  
160  359  
159  360  
159  361  
158  362  
158  363  
158  364  
157  365  
157  366  
156  367  
156  368  
155  369  
155  370  
154  371  
154  372  
153  373  
153  374  
153  375  
152  376  
152  377  
151  378  
151  379  
150  380  
150  381  
150  382  
149  383  
149  384  
148  385  
148  386  
148  387  
147  388  
147  389  
146  390  
146  391  
145  392  
145  393  
145  394  
144  395  
144  396  
144  397  
143  398  
143  399  
142  400  
142  401  
141  402  
141  403  
141  404  
140  405  
140  406  
139  407  
139  408  
139  409  
172  341  
171  342  
171  343  
171  344  
170  345  
170  346  
169  347  
169  348  
169  349  
168  350  
168  351  
167  352  
167  353  
166  354  
166  355  
166  356  
165  357  
165  358  
164  359  
164  360  
163  361  
163  362  
163  363  
162  364  
162  365  
161  366  
161  367  
160  368  
160  369  
159  370  
159  371  
159  372  
158  373  
158  374  
157  375  
157  376  
156  377  
156  378  
156  379  
155  380  
155  381  
154  382  
154  383  
154  384  
153  385  
153  386  
152  387  
152  388  
151  389  
151  390  
151  391  
150  392  
150  393  
149  394  
149  395  
149  396  
148  397  
148  398  
148  399  
147  400  
147  401  
146  402  
146  403  
146  404  
145  405  
145  406  
144  407  
144  408  
144  409  
219  343  
220  344  
221  344  
222  345  
223  345  
224  345  
225  346  
226  346  
227  347  
228  347  
229  347  
230  348  
231  348  
232  348  
233  349  
234  349  
235  350  
236  350  
237  350  
238  351  
239  351  
240  351  
241  352  
242  352  
243  353  
244  353  
245  353  
246  354  
247  354  
248  355  
249  355  
250  355  
251  356  
252  356  
253  356  
254  357  
255  357  
256  358  
257  358  
258  358  
424  366  
424  367  
423  368  
423  369  
423  370  
423  371  
423  372  
423  373  
422  374  
422  375  
422  376  
421  377  
421  378  
421  379  
420  380  
420  381  
420  382  
419  383  
419  384  
419  385  
418  386  
418  387  
418  388  
417  389  
417  390  
417  391  
416  392  
416  393  
415  394  
415  395  
415  396  
414  397  
414  398  
414  399  
413  400  
413  401  
412  402  
412  403  
412  404  
411  405  
411  406  
411  407  
410  408  
410  409  
410  410  
409  411  
409  412  
408  413  
408  414  
408  415  
407  416  
407  417  
407  418  
406  419  
406  420  
405  421  
405  422  
405  423  
404  424  
404  425  
299  374  
300  375  
301  375  
302  376  
303  376  
304  376  
305  377  
306  377  
307  377  
308  378  
309  378  
310  379  
311  379  
312  379  
313  380  
314  380  
315  380  
316  381  
317  381  
318  382  
319  382  
320  382  
321  383  
322  383  
323  384  
324  384  
325  384  
326  385  
327  385  
328  386  
329  386  
330  386  
331  387  
332  387  
333  388  
334  388  
335  388  
336  389  
337  389  
338  389  
339  390  
340  390  
341  391  
342  391  
343  392  
344  392  
345  393  
346  393  
347  393  
348  394  
349  394  
350  395  
351  395  
295  379  
296  379  
297  380  
298  380  
299  381  
300  381  
301  381  
302  382  
303  382  
304  383  
305  383  
306  383  
307  384  
308  384  
309  385  
310  385  
311  385  
312  386  
313  386  
314  387  
315  387  
316  387  
317  388  
318  388  
319  389  
320  389  
321  389  
322  390  
323  390  
324  391  
325  391  
326  391  
327  392  
328  392  
329  393  
330  393  
331  393  
332  394  
333  394  
334  394  
335  395  
336  395  
337  396  
338  396  
339  396  
340  397  
341  397  
342  398  
343  398  
344  398  
345  399  
346  399  
347  400  
348  400  
349  400  
350  401  
351  401  
352  402  
353  402  
354  402  
355  403  
356  403  
357  404  
358  404  
359  404  
360  405  
361  405  
362  405  
363  406  
364  406  
365  407  
366  407  
367  407  
368  408  
369  408  
370  409  
371  409  
372  409  
373  410  
374  410  
375  411  
376  411  
377  411  
378  412  
379  412  
380  412  
381  413  
382  413  
383  414  
384  414  
385  414  
386  415  
387  415  
388  416  
389  416  
390  416  
391  417  
392  417  
393  417  
394  418  
395  418  
396  418  
397  419  
398  419  
399  420  
400  420  
401  421  
402  421  
294  382  
295  383  
296  383  
297  384  
298  384  
299  384  
300  385  
301  385  
302  386  
303  386  
304  386  
305  387  
306  387  
307  388  
308  388  
309  388  
310  389  
311  389  
312  390  
313  390  
314  390  
315  391  
316  391  
317  392  
318  392  
319  392  
320  393  
321  393  
322  394  
323  394  
324  394  
325  395  
326  395  
327  396  
328  396  
329  396  
330  397  
331  397  
332  398  
333  398  
334  398  
335  399  
336  399  
337  399  
338  400  
339  400  
340  401  
341  401  
342  401  
343  402  
344  402  
345  403  
346  403  
347  403  
348  404  
349  404  
350  405  
351  405  
352  405  
353  406  
354  406  
355  407  
356  407  
357  407  
358  408  
359  408  
360  408  
361  409  
362  409  
363  410  
364  410  
365  410  
366  411  
367  411  
368  412  
369  412  
370  412  
371  413  
372  413  
373  414  
374  414  
375  414  
376  415  
377  415  
378  415  
379  416  
380  416  
381  417  
382  417  
383  417  
384  418  
385  418  
386  418  
387  419  
288  387  
289  387  
290  387  
291  388  
292  388  
293  389  
294  389  
295  390  
296  390  
297  390  
298  391  
299  391  
300  392  
301  392  
302  392  
303  393  
304  393  
305  394  
306  394  
307  394  
308  395  
309  395  
310  395  
311  396  
312  396  
313  397  
314  397  
315  397  
316  398  
317  398  
318  399  
319  399  
320  400  
321  400  
322  400  
323  401  
324  401  
325  402  
326  402  
327  403  
328  403  
329  403  
330  404  
331  404  
332  405  
333  405  
334  405  
335  406  
336  406  
337  407  
338  407  
339  407  
340  408  
341  408  
342  409  
343  409  
344  409  
345  410  
346  410  
347  410  
348  411  
349  411  
350  412  
351  412  
352  412  
353  413  
354  413  
355  414  
356  414  
357  414  
358  415  
359  415  
360  416  
361  416  
362  416  
363  417  
364  417  
365  418  
366  418  
367  418  
368  419  
369  419  
370  419  
371  420  
372  420  
373  421  
374  421  
270  389  
271  390  
272  390  
273  391  
274  391  
275  392  
276  392  
277  393  
278  393  
279  394  
280  394  
281  395  
282  395  
283  396  
284  396  
285  397  
286  397  
287  398  
288  398  
289  399  
290  399  
291  400  
292  401  
293  401  
294  402  
295  402  
296  403  
297  403  
298  404  
299  404  
300  405  
301  405  
302  406  
303  407  
304  407  
305  408  
306  408  
307  409  
308  409  
309  410  
310  410  
311  411  
312  411  
313  412  
314  412  
315  413  
316  413  
317  414  
318  414  
103  391  
104  391  
105  392  
106  392  
107  393  
108  393  
109  394  
110  394  
111  395  
112  395  
113  396  
114  396  
115  396  
116  396  
117  397  
118  397  
119  398  
120  398  
121  399  
122  399  
273  395  
274  395  
275  396  
276  396  
277  397  
278  397  
279  398  
280  398  
281  399  
282  400  
283  400  
284  401  
285  401  
286  402  
287  402  
288  403  
289  403  
290  404  
291  404  
292  405  
293  405  
294  406  
295  406  
214  398  
213  399  
212  400  
212  401  
212  402  
211  403  
211  404  
211  405  
210  406  
210  407  
210  408  
209  409  
209  410  
208  411  
208  412  
208  413  
207  414  
207  415  
207  416  
206  417  
206  418  
206  419  
205  420  
205  421  
204  422  
204  423  
359  398  
360  398  
361  399  
362  399  
363  399  
364  400  
365  400  
366  401  
367  401  
368  402  
369  402  
370  403  
371  403  
372  403  
373  404  
374  404  
375  405  
376  405  
377  405  
378  406  
379  406  
380  406  
381  407  
382  407  
383  408  
384  408  
385  409  
386  409  
387  410  
388  410  
389  411  
247  403  
248  403  
249  404  
250  404  
251  404  
252  405  
253  405  
254  406  
255  406  
256  406  
257  407  
258  407  
259  408  
260  408  
261  409  
262  409  
263  409  
264  409  
265  410  
266  410  
267  411  
268  411  
269  412  
270  412  
271  412  
272  413  
273  413  
274  414  
275  414  
276  415  
277  415  
278  415  
279  416  
280  416  
281  417  
282  417  
283  417  
284  418  
285  418  
286  418  
47  412  
47  413  
46  414  
46  415  
46  416  
45  417  
44  418  
44  419  
43  420  
43  421  
43  422  
42  423  
42  424  
41  425  
41  426  
40  427  
40  428  
39  429  
39  430  
38  431  
38  432  
37  433  
37  434  
37  435  
36  436  
36  437  
36  438  
35  439  
35  440  
34  441  
34  442  
33  443  
33  444  
33  445  
32  446  
32  447  
145  415  
146  416  
147  416  
148  416  
149  417  
150  417  
151  417  
152  418  
153  418  
154  418  
155  419  
156  419  
157  420  
158  420  
159  420  
160  421  
161  421  
162  422  
163  422  
164  422  
165  423  
166  423  
167  424  
168  424  
169  425  
170  425  
171  426  
172  426  
173  427  
174  427  
175  427  
176  428  
177  428  
178  429  
179  429  
180  429  
181  430  
182  430  
183  431  
184  431  
185  432  
186  432  
187  432  
188  433  
189  433  
190  434  
191  434  
192  435  
193  435  
194  435  
195  436  
196  436  
197  437  
198  437  
199  437  
200  438  
201  438  
202  439  
203  439  
204  439  
205  440  
206  440  
207  441  
208  441  
209  441  
210  442  
211  442  
212  443  
213  443  
214  443  
215  444  
216  444  
217  445  
218  445  
219  446  
220  446  
221  446  
222  447  
223  447  
224  448  
225  448  
226  448  
227  449  
228  449  
229  450  
230  450  
231  451  
232  451  
139  417  
140  417  
141  417  
142  418  
143  418  
144  419  
145  419  
146  420  
147  420  
148  421  
149  421  
150  421  
151  422  
152  422  
153  423  
154  423  
155  424  
156  424  
157  425  
158  425  
159  425  
160  426  
161  426  
162  427  
163  427  
164  427  
165  428  
166  428  
167  429  
168  429  
169  429  
170  430  
171  430  
172  431  
173  431  
174  431  
175  432  
176  432  
177  433  
178  433  
179  434  
180  434  
181  434  
182  435  
183  435  
184  436  
185  436  
186  436  
187  437  
188  437  
189  438  
190  438  
191  439  
192  439  
193  439  
194  440  
195  440  
196  441  
197  441  
198  441  
199  442  
200  442  
201  443  
202  443  
203  444  
204  444  
205  444  
206  445  
207  445  
208  446  
209  446  
210  446  
211  447  
212  447  
213  448  
214  448  
215  449  
216  449  
217  449  
218  450  
219  450  
220  451  
221  451  
222  451  
223  452  
224  452  
225  453  
226  453  
227  454  
228  454  
229  454  
230  455  
231  455  
232  456  
233  456  
234  457  
235  457  
236  457  
237  458  
238  458  
239  459  
240  459  
241  460  
242  460  
243  460  
244  461  
245  461  
246  462  
247  462  
248  462  
249  463  
250  463  
251  464  
252  464  
253  464  
254  465  
255  465  
256  466  
257  466  
258  467  
259  467  
260  467  
261  468  
262  468  
263  469  
264  469  
265  470  
266  470  
267  470  
268  471  
269  471  
270  472  
271  472  
272  473  
273  473  
274  473  
275  474  
276  474  
277  475  
278  475  
279  475  
280  476  
281  476  
282  477  
283  477  
284  478  
285  478  
286  478  
287  479  
288  479  
289  480  
290  480  
291  481  
292  481  
293  481  
294  482  
295  482  
296  483  
297  483  
298  483  
299  484  
300  484  
301  485  
302  485  
303  486  
304  486  
305  486  
306  487  
307  487  
308  488  
309  488  
310  488  
311  489  
312  489  
313  490  
314  490  
315  491  
316  491  
317  491  
318  492  
319  492  
320  493  
321  493  
322  494  
323  494  
324  494  
325  495  
326  495  
327  496  
328  496  
329  496  
330  497  
331  497  
332  498  
333  498  
334  499  
335  499  
336  499  
337  500  
338  500  
339  501  
340  501  
341  501  
342  502  
343  502  
344  503  
345  503  
346  503  
347  504  
348  504  
349  505  
350  505  
351  506  
352  506  
353  506  
354  507  
355  507  
356  508  
357  508  
358  509  
359  509  
360  509  
361  510  
362  510  
363  511  
364  511  
365  511  
366  512  
367  512  
368  513  
369  513  
370  513  
49  418  
49  419  
48  420  
48  421  
47  422  
47  423  
46  424  
46  425  
45  426  
45  427  
44  428  
44  429  
44  430  
43  431  
43  432  
42  433  
42  434  
41  435  
41  436  
41  437  
40  438  
40  439  
39  440  
39  441  
38  442  
38  443  
38  444  
37  445  
37  446  
36  447  
36  448  
35  449  
35  450  
35  451  
34  452  
34  453  
33  454  
33  455  
32  456  
32  457  
32  458  
132  418  
133  418  
134  419  
135  419  
136  419  
137  420  
138  420  
139  421  
140  421  
141  421  
142  422  
143  422  
144  423  
145  423  
146  424  
147  424  
148  424  
149  425  
150  425  
151  426  
152  426  
153  427  
154  427  
155  428  
156  428  
157  428  
158  429  
159  429  
160  430  
161  430  
162  430  
163  431  
164  431  
165  431  
166  432  
167  432  
168  433  
169  433  
170  434  
171  434  
172  434  
173  435  
174  435  
175  436  
176  436  
177  436  
178  437  
179  437  
180  438  
181  438  
182  439  
183  439  
184  439  
185  440  
186  440  
187  441  
188  441  
189  441  
190  442  
191  442  
192  443  
193  443  
194  444  
195  444  
196  444  
197  445  
198  445  
199  446  
200  446  
201  447  
202  447  
203  447  
204  448  
205  448  
206  449  
207  449  
208  449  
209  450  
210  450  
211  451  
212  451  
213  452  
214  452  
215  452  
216  453  
217  453  
218  454  
219  454  
220  454  
221  455  
222  455  
223  456  
224  456  
225  457  
226  457  
227  457  
228  458  
229  458  
230  459  
231  459  
232  460  
233  460  
234  460  
235  461  
236  461  
237  462  
238  462  
239  463  
240  463  
241  463  
242  464  
243  464  
244  465  
245  465  
246  465  
247  466  
248  466  
249  467  
250  467  
251  468  
252  468  
253  468  
254  469  
255  469  
256  470  
257  470  
258  471  
259  471  
260  471  
261  472  
262  472  
263  473  
264  473  
265  473  
266  474  
267  474  
268  475  
269  475  
270  476  
271  476  
272  476  
273  477  
274  477  
275  478  
276  478  
277  479  
278  479  
279  479  
280  480  
281  480  
282  481  
283  481  
284  482  
285  482  
286  482  
287  483  
288  483  
289  484  
290  484  
291  484  
292  485  
293  485  
294  486  
295  486  
296  487  
297  487  
298  487  
299  488  
300  488  
301  489  
302  489  
303  489  
304  490  
305  490  
306  491  
307  491  
308  491  
309  492  
310  492  
311  493  
312  493  
313  494  
314  494  
315  494  
316  495  
317  495  
318  496  
319  496  
320  497  
321  497  
322  497  
323  498  
324  498  
325  499  
326  499  
327  500  
328  500  
329  500  
330  501  
331  501  
332  502  
333  502  
334  503  
335  503  
336  503  
337  504  
338  504  
339  505  
340  505  
341  505  
342  506  
343  506  
344  506  
345  507  
346  507  
347  508  
348  508  
349  509  
350  509  
351  510  
352  510  
353  510  
354  511  
355  511  
356  512  
357  512  
358  512  
359  513  
360  513  
361  514  
362  514  
363  515  
364  515  
365  515  
366  516  
367  516  
323  421  
324  422  
325  422  
326  423  
327  424  
328  424  
329  425  
330  425  
331  426  
332  426  
333  427  
334  427  
335  428  
336  428  
337  429  
338  429  
339  430  
340  430  
341  431  
342  431  
343  432  
344  432  
345  433  
346  433  
347  434  
348  434  
349  435  
350  435  
351  436  
352  436  
353  437  
354  437  
173  423  
174  423  
175  424  
176  424  
177  424  
178  425  
179  425  
180  426  
181  426  
182  427  
183  427  
184  427  
185  428  
186  428  
187  429  
188  429  
189  429  
190  430  
191  430  
192  431  
193  431  
194  432  
195  432  
196  432  
197  433  
198  433  
199  434  
200  434  
201  434  
202  435  
203  435  
204  435  
205  436  
206  436  
207  437  
208  437  
209  438  
210  438  
211  439  
212  439  
213  440  
214  440  
215  440  
216  441  
217  441  
218  442  
219  442  
220  442  
221  443  
222  443  
223  444  
224  444  
225  444  
226  445  
227  445  
228  446  
229  446  
230  446  
231  447  
232  447  
233  447  
234  448  
235  448  
100  425  
99  426  
99  427  
99  428  
98  429  
98  430  
97  431  
97  432  
97  433  
96  434  
96  435  
96  436  
95  437  
95  438  
94  439  
94  440  
94  441  
93  442  
93  443  
92  444  
92  445  
92  446  
91  447  
91  448  
90  449  
90  450  
90  451  
89  452  
89  453  
88  454  
88  455  
88  456  
87  457  
87  458  
87  459  
86  460  
86  461  
85  462  
85  463  
85  464  
84  465  
84  466  
83  467  
83  468  
83  469  
82  470  
82  471  
81  472  
81  473  
81  474  
80  475  
80  476  
79  477  
79  478  
78  479  
78  480  
78  481  
77  482  
77  483  
76  484  
76  485  
76  486  
75  487  
75  488  
123  427  
122  428  
122  429  
121  430  
121  431  
120  432  
120  433  
120  434  
119  435  
119  436  
118  437  
118  438  
118  439  
117  440  
117  441  
116  442  
116  443  
115  444  
115  445  
115  446  
114  447  
114  448  
113  449  
113  450  
112  451  
112  452  
111  453  
111  454  
111  455  
110  456  
110  457  
110  458  
109  459  
109  460  
108  461  
108  462  
108  463  
107  464  
107  465  
106  466  
106  467  
105  468  
105  469  
105  470  
104  471  
104  472  
103  473  
103  474  
102  475  
102  476  
102  477  
101  478  
101  479  
101  480  
100  481  
100  482  
99  483  
99  484  
98  485  
98  486  
98  487  
97  488  
97  489  
97  490  
96  491  
96  492  
95  493  
95  494  
95  495  
94  496  
94  497  
93  498  
93  499  
93  500  
92  501  
92  502  
91  503  
91  504  
91  505  
344  428  
345  429  
346  429  
347  429  
348  430  
349  430  
350  431  
351  432  
352  432  
353  432  
354  433  
355  433  
356  434  
357  434  
358  435  
359  435  
360  436  
361  436  
362  437  
363  437  
364  438  
365  438  
366  439  
367  439  
368  440  
369  441  
126  429  
125  430  
125  431  
124  432  
124  433  
124  434  
123  435  
123  436  
122  437  
122  438  
121  439  
121  440  
121  441  
120  442  
120  443  
119  444  
119  445  
119  446  
118  447  
118  448  
117  449  
117  450  
116  451  
116  452  
116  453  
115  454  
115  455  
114  456  
114  457  
113  458  
113  459  
113  460  
112  461  
112  462  
111  463  
111  464  
111  465  
110  466  
110  467  
109  468  
109  469  
109  470  
108  471  
108  472  
107  473  
107  474  
107  475  
106  476  
106  477  
105  478  
105  479  
104  480  
104  481  
104  482  
103  483  
103  484  
102  485  
102  486  
102  487  
101  488  
101  489  
100  490  
100  491  
100  492  
99  493  
99  494  
98  495  
98  496  
98  497  
97  498  
97  499  
96  500  
96  501  
96  502  
130  430  
129  431  
128  432  
128  433  
128  434  
127  435  
127  436  
126  437  
126  438  
126  439  
125  440  
125  441  
124  442  
124  443  
123  444  
123  445  
123  446  
122  447  
122  448  
121  449  
121  450  
121  451  
120  452  
120  453  
119  454  
119  455  
119  456  
118  457  
118  458  
117  459  
117  460  
117  461  
116  462  
116  463  
115  464  
115  465  
115  466  
114  467  
114  468  
113  469  
113  470  
113  471  
112  472  
112  473  
111  474  
111  475  
111  476  
110  477  
110  478  
109  479  
109  480  
108  481  
108  482  
108  483  
107  484  
107  485  
106  486  
106  487  
106  488  
105  489  
105  490  
104  491  
104  492  
104  493  
103  494  
103  495  
102  496  
102  497  
102  498  
402  430  
402  431  
402  432  
401  433  
401  434  
401  435  
400  436  
400  437  
400  438  
399  439  
399  440  
399  441  
398  442  
398  443  
398  444  
397  445  
397  446  
397  447  
396  448  
396  449  
396  450  
395  451  
395  452  
395  453  
394  454  
394  455  
394  456  
393  457  
393  458  
393  459  
392  460  
392  461  
392  462  
391  463  
391  464  
391  465  
390  466  
390  467  
390  468  
389  469  
389  470  
389  471  
388  472  
388  473  
388  474  
387  475  
387  476  
387  477  
386  478  
386  479  
386  480  
385  481  
385  482  
384  483  
384  484  
384  485  
383  486  
383  487  
383  488  
382  489  
382  490  
382  491  
381  492  
381  493  
380  494  
380  495  
380  496  
379  497  
379  498  
379  499  
378  500  
378  501  
115  432  
115  433  
114  434  
114  435  
113  436  
113  437  
112  438  
112  439  
112  440  
111  441  
111  442  
110  443  
110  444  
110  445  
109  446  
109  447  
108  448  
108  449  
107  450  
107  451  
107  452  
106  453  
106  454  
105  455  
105  456  
104  457  
104  458  
103  459  
103  460  
103  461  
103  462  
102  463  
102  464  
101  465  
101  466  
100  467  
100  468  
99  469  
99  470  
99  471  
98  472  
98  473  
98  474  
97  475  
97  476  
96  477  
96  478  
95  479  
95  480  
95  481  
94  482  
94  483  
93  484  
93  485  
93  486  
92  487  
92  488  
91  489  
91  490  
90  491  
90  492  
89  493  
89  494  
88  495  
88  496  
88  497  
87  498  
131  435  
131  436  
130  437  
130  438  
129  439  
129  440  
129  441  
128  442  
128  443  
127  444  
127  445  
127  446  
126  447  
126  448  
125  449  
125  450  
125  451  
124  452  
124  453  
123  454  
123  455  
123  456  
122  457  
122  458  
121  459  
121  460  
120  461  
120  462  
120  463  
119  464  
119  465  
118  466  
118  467  
118  468  
117  469  
117  470  
116  471  
116  472  
116  473  
115  474  
115  475  
114  476  
114  477  
114  478  
113  479  
113  480  
112  481  
112  482  
112  483  
111  484  
111  485  
110  486  
110  487  
110  488  
109  489  
109  490  
108  491  
108  492  
108  493  
107  494  
107  495  
106  496  
106  497  
148  436  
149  436  
150  437  
151  437  
152  438  
153  438  
154  439  
155  439  
156  439  
157  440  
158  440  
159  441  
160  441  
161  442  
162  442  
163  442  
164  443  
165  443  
166  444  
167  444  
168  444  
169  445  
170  445  
171  446  
172  446  
173  447  
174  447  
175  447  
176  448  
177  448  
178  449  
179  449  
180  450  
181  450  
182  451  
183  451  
184  452  
185  452  
186  453  
187  453  
188  453  
189  454  
190  454  
191  455  
192  455  
329  450  
329  451  
329  452  
329  453  
328  454  
328  455  
328  456  
327  457  
327  458  
327  459  
327  460  
327  461  
327  462  
326  463  
326  464  
326  465  
326  466  
326  467  
326  468  
325  469  
321  451  
321  452  
321  453  
321  454  
321  455  
320  456  
320  457  
320  458  
320  459  
320  460  
319  461  
319  462  
319  463  
319  464  
318  465  
318  466  
318  467  
318  468  
317  469  
317  470  
243  452  
244  452  
245  453  
246  453  
247  454  
248  454  
249  455  
250  455  
251  455  
252  456  
253  456  
254  457  
255  457  
256  458  
257  458  
258  458  
259  459  
260  459  
261  460  
262  460  
263  460  
264  461  
265  461  
266  462  
267  462  
268  463  
269  463  
270  463  
271  464  
272  464  
273  464  
274  465  
275  465  
276  466  
277  466  
278  467  
279  467  
280  468  
281  468  
282  469  
283  469  
284  469  
285  470  
286  470  
287  471  
288  471  
289  472  
290  472  
291  472  
292  473  
293  473  
294  474  
295  474  
296  474  
297  475  
298  475  
299  476  
300  476  
301  477  
302  477  
303  477  
304  478  
305  478  
306  479  
307  479  
308  479  
309  480  
310  480  
311  481  
312  481  
313  481  
314  482  
315  482  
316  482  
317  483  
318  483  
319  484  
320  484  
321  485  
322  485  
323  485  
324  486  
325  486  
326  487  
327  487  
328  488  
329  488  
330  489  
331  489  
332  489  
333  490  
334  490  
335  491  
336  491  
337  491  
338  492  
339  492  
340  493  
341  493  
342  493  
343  494  
344  494  
345  495  
346  495  
347  495  
348  496  
349  496  
350  497  
351  497  
352  498  
353  498  
354  498  
355  499  
356  499  
368  458  
368  459  
367  460  
367  461  
367  462  
366  463  
366  464  
365  465  
365  466  
365  467  
364  468  
364  469  
364  470  
363  471  
363  472  
363  473  
362  474  
362  475  
361  476  
361  477  
361  478  
360  479  
360  480  
377  463  
377  464  
377  465  
376  466  
376  467  
375  468  
375  469  
375  470  
374  471  
374  472  
374  473  
373  474  
373  475  
373  476  
372  477  
372  478  
372  479  
371  480  
371  481  
370  482  
370  483  
370  484  
369  485  
369  486  
369  487  
368  488  
368  489  
368  490  
367  491  
367  492  
289  467  
290  467  
291  467  
292  468  
293  468  
294  469  
295  469  
296  469  
297  470  
298  470  
299  471  
300  471  
301  471  
302  472  
303  472  
304  473  
305  473  
306  473  
307  474  
308  474  
222  476  
222  477  
221  478  
221  479  
221  480  
220  481  
220  482  
220  483  
219  484  
219  485  
218  486  
218  487  
218  488  
217  489  
217  490  
216  491  
216  492  
216  493  
215  494  
215  495  
214  496  
214  497  
214  498  
213  499  
213  500  
213  501  
212  502  
212  503  
211  504  
211  505  
211  506  
210  507  
210  508  
209  509  
209  510  
209  511  
208  512  
208  513  
207  514  
207  515  
207  516  
206  517  
206  518  
206  519  
205  520  
205  521  
204  522  
204  523  
204  524  
203  525  
203  526  
202  527  
202  528  
202  529  
201  530  
201  531  
200  532  
200  533  
200  534  
199  535  
199  536  
199  537  
198  538  
32  477  
33  477  
34  478  
35  478  
36  479  
37  479  
38  480  
39  480  
40  480  
41  481  
42  481  
43  482  
44  482  
45  483  
46  483  
47  484  
48  484  
49  484  
50  485  
51  485  
52  486  
53  486  
54  487  
55  487  
56  488  
57  488  
58  488  
59  489  
60  489  
61  490  
62  490  
63  491  
64  491  
65  492  
66  492  
67  492  
68  493  
69  493  
252  481  
253  481  
254  482  
255  482  
256  483  
257  483  
258  484  
259  484  
260  484  
261  485  
262  485  
263  486  
264  486  
265  487  
266  487  
267  487  
268  488  
269  488  
270  489  
271  489  
272  489  
273  490  
274  490  
275  491  
276  491  
277  492  
278  492  
279  493  
280  493  
281  493  
282  494  
283  494  
284  495  
285  495  
286  495  
287  496  
288  496  
289  497  
290  497  
291  498  
292  498  
293  498  
294  499  
295  499  
296  500  
297  500  
298  500  
299  501  
300  501  
301  502  
302  502  
303  503  
304  503  
305  503  
306  504  
307  504  
308  505  
309  505  
310  505  
311  506  
312  506  
313  507  
314  507  
315  508  
316  508  
317  508  
318  509  
319  509  
320  510  
321  510  
322  511  
323  511  
324  511  
325  512  
326  512  
327  513  
328  513  
329  513  
330  514  
331  514  
332  515  
333  515  
334  516  
335  516  
336  516  
337  517  
338  517  
334  485  
335  485  
336  486  
337  486  
338  487  
339  487  
340  487  
341  488  
342  488  
343  489  
344  489  
345  489  
346  490  
347  490  
348  491  
349  491  
350  492  
351  492  
352  492  
353  493  
354  493  
355  494  
356  495  
357  495  
241  486  
240  487  
240  488  
240  489  
239  490  
239  491  
238  492  
238  493  
238  494  
237  495  
237  496  
236  497  
236  498  
236  499  
235  500  
235  501  
235  502  
234  503  
234  504  
233  505  
233  506  
233  507  
232  508  
232  509  
231  510  
231  511  
231  512  
230  513  
230  514  
230  515  
229  516  
229  517  
228  518  
228  519  
228  520  
227  521  
227  522  
227  523  
226  524  
226  525  
225  526  
225  527  
225  528  
224  529  
224  530  
223  531  
223  532  
223  533  
222  534  
222  535  
222  536  
221  537  
221  538  
220  539  
220  540  
220  541  
219  542  
219  543  
218  544  
218  545  
217  546  
217  547  
216  548  
49  490  
50  490  
51  491  
52  491  
53  492  
54  492  
55  493  
56  493  
57  493  
58  493  
59  494  
60  494  
61  495  
62  495  
63  495  
64  496  
65  496  
66  497  
67  497  
68  497  
69  498  
70  498  
71  499  
72  499  
73  500  
74  500  
75  501  
76  501  
77  502  
78  502  
79  503  
107  509  
108  510  
109  510  
110  511  
111  511  
112  512  
113  512  
114  512  
115  513  
116  513  
117  514  
118  514  
119  515  
120  515  
121  516  
122  516  
123  516  
124  517  
125  517  
126  518  
127  518  
128  519  
129  519  
130  519  
131  520  
132  520  
101  512  
102  513  
103  513  
104  514  
105  514  
106  515  
107  515  
108  516  
109  516  
110  516  
111  517  
112  517  
113  518  
114  518  
115  519  
116  519  
117  520  
118  520  
119  520  
120  521  
121  521  
122  522  
123  522  
124  523  
125  523  
126  524  
127  524  
128  524  
129  525  
130  525  
131  526  
132  526  
133  527  
134  527  
135  528  
136  528  
137  528  
138  529  
139  529  
140  530  
141  530  
142  531  
143  531  
144  532  
145  532  
146  533  
147  533  
148  533  
149  534  
150  534  
151  535  
152  535  
153  536  
154  536  
155  537  
156  537  
157  537  
158  538  
159  538  
160  539  
161  539  
162  540  
163  540  
164  540  
165  541  
166  541  
167  542  
168  542  
169  543  
170  543  
171  544  
172  544  
173  544  
174  545  
175  545  
176  546  
177  546  
178  547  
179  547  
180  548  
181  548  
182  548  
183  549  
184  549  
185  550  
186  550  
187  551  
188  551  
189  552  
190  552  
191  553  
192  553  
193  554  
194  555  
97  515  
98  516  
99  516  
100  517  
101  517  
102  517  
103  518  
104  518  
105  519  
106  519  
107  520  
108  520  
109  521  
110  521  
111  522  
112  522  
113  522  
114  523  
115  523  
116  524  
117  524  
118  525  
119  525  
120  526  
121  526  
122  526  
123  527  
124  527  
125  528  
126  528  
127  529  
128  529  
129  530  
130  530  
131  530  
132  531  
133  531  
134  532  
135  532  
136  533  
137  533  
138  534  
139  534  
140  535  
141  535  
142  535  
143  536  
144  536  
145  537  
146  537  
147  538  
148  538  
149  539  
150  539  
151  540  
152  540  
153  540  
154  541  
155  541  
156  542  
157  542  
158  543  
159  543  
160  544  
161  544  
162  544  
163  545  
164  545  
165  546  
166  546  
167  547  
168  547  
169  548  
170  548  
171  549  
172  549  
173  549  
174  550  
175  550  
176  551  
177  551  
178  552  
179  552  
180  553  
181  553  
182  553  
183  554  
80  516  
80  517  
79  518  
79  519  
78  520  
78  521  
78  522  
77  523  
77  524  
76  525  
76  526  
76  527  
75  528  
75  529  
74  530  
74  531  
74  532  
73  533  
73  534  
73  535  
72  536  
72  537  
71  538  
71  539  
71  540  
70  541  
70  542  
69  543  
69  544  
69  545  
68  546  
68  547  
67  548  
67  549  
66  550  
66  551  
66  552  
65  553  
65  554  
64  555  
64  556  
64  557  
63  558  
63  559  
62  560  
62  561  
62  562  
61  563  
61  564  
60  565  
60  566  
59  567  
59  568  
59  569  
58  570  
58  571  
57  572  
57  573  
56  574  
56  575  
56  576  
55  577  
55  578  
54  579  
54  580  
53  581  
53  582  
53  583  
52  584  
52  585  
51  586  
51  587  
51  588  
50  589  
50  590  
49  591  
49  592  
49  593  
448  520  
448  521  
448  522  
447  523  
447  524  
447  525  
446  526  
446  527  
446  528  
446  529  
445  530  
445  531  
445  532  
444  533  
444  534  
444  535  
443  536  
443  537  
443  538  
442  539  
138  522  
139  522  
140  523  
141  523  
142  523  
143  524  
144  524  
145  525  
146  525  
147  526  
148  526  
149  527  
150  527  
151  528  
152  528  
153  528  
154  529  
155  529  
156  530  
157  530  
158  530  
159  531  
160  531  
161  532  
162  532  
163  533  
164  533  
165  533  
166  534  
167  534  
168  535  
169  535  
170  536  
171  536  
172  536  
173  537  
174  537  
175  538  
176  538  
177  539  
178  539  
179  540  
180  540  
181  540  
182  541  
183  541  
184  542  
185  542  
186  543  
187  543  
188  543  
88  526  
88  527  
87  528  
87  529  
87  530  
86  531  
86  532  
85  533  
85  534  
85  535  
84  536  
84  537  
83  538  
83  539  
83  540  
82  541  
82  542  
82  543  
81  544  
81  545  
80  546  
80  547  
80  548  
79  549  
79  550  
78  551  
78  552  
78  553  
77  554  
77  555  
76  556  
76  557  
76  558  
75  559  
75  560  
75  561  
74  562  
74  563  
73  564  
73  565  
73  566  
72  567  
72  568  
72  569  
71  570  
71  571  
70  572  
70  573  
70  574  
69  575  
69  576  
68  577  
68  578  
68  579  
67  580  
67  581  
66  582  
66  583  
66  584  
65  585  
65  586  
65  587  
64  588  
64  589  
92  526  
92  527  
92  528  
91  529  
91  530  
90  531  
90  532  
90  533  
89  534  
89  535  
88  536  
88  537  
88  538  
87  539  
87  540  
87  541  
86  542  
86  543  
85  544  
85  545  
85  546  
84  547  
84  548  
83  549  
83  550  
83  551  
82  552  
82  553  
81  554  
81  555  
81  556  
80  557  
80  558  
79  559  
79  560  
79  561  
78  562  
78  563  
78  564  
77  565  
77  566  
76  567  
76  568  
76  569  
75  570  
75  571  
74  572  
74  573  
74  574  
73  575  
73  576  
72  577  
72  578  
72  579  
71  580  
71  581  
71  582  
70  583  
70  584  
69  585  
69  586  
69  587  
68  588  
68  589  
343  532  
342  533  
342  534  
342  535  
341  536  
341  537  
341  538  
340  539  
340  540  
340  541  
339  542  
339  543  
339  544  
338  545  
338  546  
338  547  
337  548  
337  549  
337  550  
336  551  
336  552  
336  553  
335  554  
335  555  
334  556  
334  557  
334  558  
333  559  
333  560  
333  561  
332  562  
332  563  
331  564  
331  565  
331  566  
330  567  
330  568  
330  569  
329  570  
329  571  
328  572  
328  573  
327  574  
327  575  
327  576  
326  577  
326  578  
325  579  
325  580  
325  581  
81  534  
80  535  
80  536  
80  537  
79  538  
79  539  
78  540  
78  541  
78  542  
77  543  
77  544  
77  545  
76  546  
76  547  
75  548  
75  549  
75  550  
74  551  
74  552  
74  553  
73  554  
73  555  
72  556  
72  557  
72  558  
71  559  
71  560  
70  561  
70  562  
70  563  
69  564  
69  565  
68  566  
68  567  
68  568  
67  569  
67  570  
66  571  
66  572  
66  573  
65  574  
65  575  
64  576  
64  577  
64  578  
63  579  
63  580  
63  581  
62  582  
62  583  
61  584  
61  585  
61  586  
60  587  
60  588  
59  589  
59  590  
59  591  
58  592  
58  593  
58  594  
332  543  
332  544  
331  545  
331  546  
331  547  
330  548  
330  549  
329  550  
329  551  
329  552  
328  553  
328  554  
328  555  
327  556  
327  557  
327  558  
326  559  
326  560  
326  561  
325  562  
325  563  
363  543  
363  544  
363  545  
362  546  
362  547  
361  548  
361  549  
361  550  
360  551  
360  552  
360  553  
359  554  
359  555  
359  556  
358  557  
358  558  
358  559  
358  560  
357  561  
357  562  
357  563  
73  544  
73  545  
72  546  
72  547  
72  548  
71  549  
71  550  
71  551  
70  552  
70  553  
69  554  
69  555  
69  556  
68  557  
68  558  
67  559  
67  560  
67  561  
66  562  
66  563  
65  564  
65  565  
65  566  
64  567  
64  568  
63  569  
63  570  
63  571  
62  572  
62  573  
61  574  
61  575  
61  576  
60  577  
60  578  
59  579  
59  580  
59  581  
58  582  
58  583  
58  584  
57  585  
57  586  
56  587  
56  588  
56  589  
55  590  
55  591  
54  592  
54  593  
54  594  
448  548  
448  549  
448  550  
448  551  
448  552  
447  553  
447  554  
447  555  
446  556  
446  557  
446  558  
445  559  
445  560  
445  561  
444  562  
444  563  
444  564  
443  565  
443  566  
443  567  
442  568  
442  569  
442  570  
441  571  
441  572  
441  573  
441  574  
440  575  
440  576  
440  577  
439  578  
439  579  
439  580  
438  581  
438  582  
438  583  
45  558  
44  559  
44  560  
43  561  
43  562  
43  563  
42  564  
42  565  
41  566  
41  567  
41  568  
40  569  
40  570  
39  571  
39  572  
38  573  
38  574  
38  575  
37  576  
37  577  
36  578  
36  579  
36  580  
35  581  
35  582  
223  558  
224  559  
225  560  
226  560  
227  561  
228  561  
229  561  
230  562  
231  562  
232  563  
233  563  
234  564  
235  564  
236  564  
237  565  
238  565  
239  566  
240  566  
241  567  
242  567  
243  567  
244  568  
245  568  
246  569  
247  569  
248  570  
249  570  
250  570  
251  571  
252  571  
253  572  
254  572  
255  573  
256  573  
257  573  
258  574  
259  574  
260  575  
261  575  
262  576  
263  576  
264  577  
265  577  
266  578  
267  578  
268  579  
269  579  
270  579  
271  580  
272  580  
273  581  
274  581  
275  582  
276  582  
277  583  
278  583  
279  584  
280  584  
281  585  
282  585  
283  586  
284  586  
285  587  
286  587  
287  588  
288  588  
289  589  
290  589  
291  589  
292  590  
293  590  
294  591  
436  561  
436  562  
435  563  
435  564  
435  565  
434  566  
434  567  
434  568  
433  569  
433  570  
433  571  
432  572  
432  573  
432  574  
432  575  
431  576  
431  577  
431  578  
430  579  
430  580  
430  581  
429  582  
429  583  
429  584  
428  585  
428  586  
223  567  
224  567  
225  568  
226  568  
227  568  
228  569  
229  569  
230  570  
231  570  
232  571  
233  571  
234  572  
235  572  
236  573  
237  573  
238  573  
239  574  
240  574  
241  575  
242  575  
243  576  
244  576  
245  577  
246  577  
247  577  
248  578  
249  578  
250  579  
251  579  
252  580  
253  580  
254  581  
255  581  
256  581  
257  582  
258  582  
259  583  
260  583  
261  584  
262  584  
263  585  
264  585  
265  586  
266  586  
267  586  
268  587  
269  587  
270  588  
271  588  
272  589  
273  589  
274  590  
275  590  
276  591  
277  591  
278  591  
279  592  
280  592  
281  593  
282  593  
283  594  
284  594  
285  595  
286  595  
287  596  
288  596  
289  597  
290  597  
291  597  
292  598  
293  598  
294  599  
295  599  
296  600  
297  600  
298  601  
299  601  
300  602  
301  602  
302  602  
303  603  
304  603  
305  604  
355  568  
355  569  
354  570  
354  571  
354  572  
353  573  
353  574  
353  575  
352  576  
352  577  
352  578  
351  579  
351  580  
351  581  
351  582  
350  583  
350  584  
350  585  
349  586  
349  587  
349  588  
348  589  
348  590  
348  591  
347  592  
347  593  
346  594  
346  595  
346  596  
345  597  
345  598  
345  599  
344  600  
344  601  
344  602  
343  603  
343  604  
343  605  
342  606  
342  607  
342  608  
225  573  
226  573  
227  574  
228  574  
229  575  
230  575  
231  576  
232  576  
233  577  
234  577  
235  577  
236  578  
237  578  
238  579  
239  579  
240  580  
241  580  
242  581  
243  581  
244  581  
245  582  
246  582  
247  583  
248  583  
249  584  
250  584  
251  585  
252  585  
253  586  
254  586  
255  586  
256  587  
257  587  
258  588  
259  588  
260  589  
261  589  
262  590  
263  590  
264  590  
265  591  
266  591  
267  592  
268  592  
269  593  
270  593  
271  594  
272  594  
273  595  
274  595  
275  596  
276  596  
277  597  
278  597  
279  597  
280  598  
281  598  
282  599  
283  599  
284  600  
285  600  
286  601  
287  601  
288  602  
289  602  
290  603  
291  603  
292  604  
293  604  
294  605  
295  605  
296  605  
297  606  
298  606  
299  607  
300  607  
301  608  
302  608  
184  574  
184  575  
183  576  
183  577  
183  578  
182  579  
182  580  
182  581  
181  582  
181  583  
180  584  
180  585  
180  586  
179  587  
179  588  
178  589  
178  590  
178  591  
177  592  
177  593  
177  594  
176  595  
176  596  
175  597  
175  598  
175  599  
174  600  
174  601  
174  602  
173  603  
173  604  
173  605  
172  606  
172  607  
171  608  
220  578  
221  579  
222  579  
223  580  
224  580  
225  581  
226  581  
227  582  
228  582  
229  583  
230  583  
231  583  
232  584  
233  584  
234  585  
235  585  
236  586  
237  586  
238  587  
239  587  
240  588  
241  588  
242  589  
243  589  
244  589  
245  590  
246  590  
247  591  
248  591  
249  592  
250  592  
251  593  
252  593  
253  594  
254  594  
255  595  
256  595  
257  595  
258  596  
259  596  
260  597  
261  597  
262  598  
263  598  
264  599  
265  599  
266  600  
267  600  
268  601  
269  601  
270  601  
271  602  
272  602  
273  603  
274  603  
275  604  
276  604  
277  605  
278  605  
279  606  
280  606  
281  606  
282  607  
283  607  
284  608  
285  608  
202  587  
202  588  
202  589  
201  590  
201  591  
200  592  
200  593  
200  594  
199  595  
199  596  
199  597  
198  598  
198  599  
197  600  
197  601  
197  602  
196  603  
196  604  
195  605  
195  606  
195  607  
194  608  
296  592  
297  592  
298  593  
299  593  
300  594  
301  595  
302  595  
303  596  
304  596  
305  597  
306  597  
307  598  
308  598  
309  599  
310  599  
311  600  
312  600  
313  601  
314  601  
315  601  
316  602  
317  602  
318  603  
319  603  
320  604  
73  599  
74  599  
75  600  
76  600  
77  601  
78  601  
79  602  
80  602  
81  603  
82  603  
83  604  
84  604  
85  605  
86  605  
87  606  
88  606  
89  607  
90  607  
91  608  
92  608  
93  608  
