224  65  
225  65  
226  65  
227  65  
228  65  
229  65  
230  65  
231  65  
232  66  
233  66  
234  66  
235  66  
236  66  
237  66  
238  67  
239  67  
240  67  
241  67  
242  68  
243  68  
244  69  
245  69  
246  69  
210  66  
210  67  
210  68  
210  69  
210  70  
209  71  
209  72  
209  73  
209  74  
209  75  
209  76  
209  77  
209  78  
209  79  
209  80  
209  81  
209  82  
209  83  
209  84  
209  85  
209  86  
209  87  
209  88  
209  89  
178  68  
178  69  
178  70  
178  71  
178  72  
178  73  
178  74  
178  75  
178  76  
178  77  
178  78  
178  79  
179  80  
179  81  
179  82  
179  83  
179  84  
179  85  
179  86  
179  87  
179  88  
179  89  
179  90  
179  91  
179  92  
179  93  
179  94  
179  95  
179  96  
179  97  
179  98  
179  99  
179  100  
179  101  
382  80  
381  81  
381  82  
380  83  
380  84  
379  85  
378  86  
377  87  
376  88  
375  89  
374  90  
373  91  
372  92  
371  93  
371  94  
370  95  
369  96  
368  97  
367  98  
367  99  
366  100  
365  101  
364  102  
364  103  
363  104  
362  105  
361  106  
360  107  
359  108  
359  109  
358  110  
357  111  
356  112  
356  113  
355  114  
354  115  
353  116  
352  117  
351  118  
351  119  
350  120  
349  121  
348  122  
347  123  
347  124  
346  125  
345  126  
345  127  
344  128  
343  129  
342  130  
342  131  
341  132  
340  133  
339  134  
338  135  
337  136  
337  137  
336  138  
335  139  
335  140  
334  141  
333  142  
332  143  
332  144  
331  145  
330  146  
329  147  
328  148  
328  149  
327  150  
327  151  
326  152  
325  153  
324  154  
323  155  
322  156  
322  157  
321  158  
321  159  
387  81  
388  82  
388  83  
389  84  
389  85  
390  86  
390  87  
391  88  
392  89  
392  90  
393  91  
393  92  
394  93  
394  94  
395  95  
395  96  
396  97  
397  98  
397  99  
398  100  
398  101  
399  102  
399  103  
400  104  
401  105  
401  106  
402  107  
402  108  
403  109  
404  110  
404  111  
405  112  
406  113  
406  114  
407  115  
407  116  
408  117  
409  118  
409  119  
410  120  
410  121  
411  122  
412  123  
412  124  
413  125  
413  126  
414  127  
415  128  
415  129  
416  130  
416  131  
417  132  
418  133  
418  134  
419  135  
419  136  
420  137  
421  138  
421  139  
422  140  
422  141  
423  142  
424  143  
424  144  
425  145  
425  146  
426  147  
427  148  
427  149  
428  150  
428  151  
429  152  
430  153  
430  154  
431  155  
431  156  
432  157  
432  158  
433  159  
434  160  
434  161  
435  162  
436  163  
436  164  
437  165  
437  166  
438  167  
439  168  
439  169  
440  170  
440  171  
441  172  
442  173  
442  174  
443  175  
443  176  
444  177  
445  178  
445  179  
446  180  
446  181  
447  182  
448  183  
448  184  
114  103  
115  104  
116  104  
117  104  
118  104  
119  105  
120  105  
121  105  
122  105  
123  105  
124  106  
125  106  
126  106  
127  106  
128  107  
129  107  
130  107  
131  107  
132  107  
133  108  
134  108  
135  108  
102  105  
103  105  
101  106  
99  107  
100  107  
98  108  
96  109  
97  109  
94  110  
95  110  
93  111  
91  112  
92  112  
90  113  
88  114  
89  114  
86  115  
87  115  
85  116  
83  117  
84  117  
81  118  
82  118  
80  119  
78  120  
79  120  
76  121  
77  121  
74  122  
75  122  
73  123  
71  124  
72  124  
69  125  
70  125  
68  126  
66  127  
67  127  
64  128  
65  128  
63  129  
61  130  
62  130  
60  131  
321  110  
319  111  
320  111  
317  112  
318  112  
315  113  
316  113  
313  114  
314  114  
311  115  
312  115  
309  116  
310  116  
307  117  
308  117  
305  118  
306  118  
303  119  
304  119  
301  120  
302  120  
299  121  
300  121  
297  122  
298  122  
295  123  
296  123  
293  124  
294  124  
291  125  
292  125  
289  126  
290  126  
287  127  
288  127  
285  128  
286  128  
282  129  
283  129  
284  129  
281  130  
110  112  
111  113  
112  113  
113  113  
114  113  
115  113  
116  113  
117  114  
118  114  
119  114  
120  114  
121  115  
122  115  
123  115  
124  115  
125  116  
126  116  
127  116  
128  116  
129  116  
130  117  
131  117  
132  117  
133  117  
134  117  
135  118  
136  118  
137  118  
138  118  
139  119  
140  119  
141  119  
142  120  
143  120  
144  120  
145  120  
146  120  
147  121  
148  121  
149  121  
150  121  
151  121  
152  122  
153  122  
154  122  
155  122  
156  123  
157  123  
32  126  
33  126  
34  126  
35  126  
36  127  
37  127  
38  127  
39  127  
40  128  
41  128  
42  128  
43  128  
44  128  
45  129  
46  129  
47  129  
48  129  
49  130  
50  130  
51  130  
52  130  
53  131  
54  131  
32  129  
33  130  
34  130  
35  130  
36  130  
37  131  
38  131  
39  131  
40  131  
41  131  
42  132  
43  132  
44  132  
45  132  
46  133  
47  133  
48  133  
49  133  
50  134  
51  134  
52  134  
53  134  
54  134  
401  146  
402  147  
403  148  
404  149  
405  150  
406  151  
407  152  
408  153  
409  154  
410  155  
411  156  
412  157  
413  158  
414  159  
415  160  
416  161  
417  162  
418  163  
419  164  
420  165  
420  166  
421  167  
422  168  
423  169  
424  170  
424  171  
425  172  
426  173  
427  174  
428  175  
428  176  
429  177  
430  178  
431  179  
432  180  
432  181  
432  182  
388  157  
389  158  
390  159  
391  159  
392  160  
393  161  
394  161  
395  162  
396  163  
397  164  
398  165  
399  166  
400  166  
401  167  
402  168  
403  169  
404  170  
405  171  
406  172  
407  173  
408  174  
409  175  
410  176  
411  177  
412  178  
254  164  
254  165  
254  166  
253  167  
253  168  
253  169  
252  170  
252  171  
252  172  
252  173  
252  174  
251  175  
251  176  
250  177  
250  178  
250  179  
250  180  
250  181  
249  182  
249  183  
249  184  
248  185  
248  186  
248  187  
351  172  
352  172  
353  172  
354  172  
355  172  
356  172  
357  172  
358  172  
359  172  
360  172  
361  172  
362  172  
363  172  
364  172  
365  172  
366  172  
367  172  
368  173  
369  173  
370  173  
371  173  
372  173  
61  190  
62  190  
63  190  
64  191  
65  191  
66  191  
67  191  
68  191  
69  191  
70  192  
71  192  
72  192  
73  192  
74  192  
75  193  
76  193  
77  193  
78  193  
79  193  
80  194  
81  194  
82  194  
83  194  
84  194  
85  195  
86  195  
87  195  
88  195  
89  195  
351  190  
351  191  
351  192  
351  193  
352  194  
352  195  
352  196  
352  197  
352  198  
352  199  
352  200  
352  201  
352  202  
352  203  
352  204  
352  205  
352  206  
352  207  
352  208  
352  209  
352  210  
352  211  
352  212  
352  213  
352  214  
352  215  
352  216  
352  217  
352  218  
352  219  
352  220  
370  192  
370  193  
370  194  
370  195  
370  196  
370  197  
370  198  
370  199  
370  200  
370  201  
370  202  
370  203  
370  204  
370  205  
370  206  
370  207  
370  208  
370  209  
370  210  
370  211  
370  212  
370  213  
370  214  
371  215  
371  216  
371  217  
371  218  
371  219  
371  220  
371  221  
371  222  
371  223  
371  224  
371  225  
371  226  
371  227  
371  228  
371  229  
371  230  
371  231  
371  232  
371  233  
371  234  
371  235  
371  236  
371  237  
371  238  
372  239  
372  240  
325  193  
324  194  
326  194  
327  194  
328  194  
329  195  
330  195  
331  195  
332  195  
333  196  
334  196  
335  196  
336  196  
337  197  
338  197  
339  197  
340  197  
341  197  
342  198  
343  198  
344  198  
345  198  
346  198  
347  199  
348  199  
349  199  
61  195  
62  195  
63  195  
64  195  
65  196  
66  196  
67  196  
68  196  
69  196  
70  197  
71  197  
72  197  
73  197  
74  197  
75  198  
76  198  
77  198  
78  198  
79  198  
80  198  
81  199  
82  199  
83  199  
84  199  
85  199  
86  200  
87  200  
88  200  
89  200  
90  200  
91  201  
92  201  
93  201  
94  201  
95  201  
96  201  
97  202  
98  202  
99  202  
100  202  
101  202  
102  203  
103  203  
104  203  
105  203  
106  203  
107  204  
108  204  
109  204  
110  204  
111  204  
112  205  
113  205  
114  205  
115  205  
116  205  
117  205  
118  206  
119  206  
120  206  
121  206  
122  206  
123  207  
124  207  
125  207  
126  207  
127  207  
128  207  
129  208  
130  208  
131  208  
132  208  
133  208  
134  209  
135  209  
136  209  
137  209  
138  209  
139  209  
140  210  
141  210  
142  210  
143  210  
144  210  
145  211  
146  211  
147  211  
148  211  
149  211  
150  212  
151  212  
152  212  
153  212  
154  212  
155  212  
156  213  
157  213  
158  213  
159  213  
160  213  
161  214  
162  214  
163  214  
164  214  
165  214  
166  215  
167  215  
168  215  
169  215  
170  215  
171  215  
172  216  
173  216  
174  216  
175  216  
176  216  
177  217  
178  217  
179  217  
180  217  
181  217  
182  217  
183  218  
184  218  
185  218  
186  218  
187  218  
188  219  
189  219  
190  219  
191  219  
192  219  
193  220  
194  220  
195  220  
196  220  
197  220  
198  220  
199  221  
200  221  
201  221  
202  221  
203  221  
204  222  
205  222  
206  222  
207  222  
208  222  
209  223  
210  223  
211  223  
212  223  
213  223  
214  224  
215  224  
216  224  
217  224  
218  224  
219  224  
98  197  
99  197  
100  197  
101  197  
102  197  
103  198  
104  198  
105  198  
106  198  
107  199  
108  199  
109  199  
110  199  
111  199  
112  200  
113  200  
114  200  
115  200  
116  200  
117  200  
118  201  
119  201  
120  201  
121  201  
122  202  
123  202  
124  202  
125  202  
126  202  
127  202  
128  203  
129  203  
130  203  
131  203  
132  203  
133  204  
134  204  
135  204  
136  204  
137  204  
138  205  
139  205  
140  205  
141  205  
142  205  
143  205  
144  206  
145  206  
146  206  
147  206  
148  206  
149  206  
150  207  
151  207  
152  207  
153  207  
154  207  
155  207  
156  207  
324  197  
325  197  
326  198  
327  198  
328  198  
329  198  
330  199  
331  199  
332  199  
333  200  
334  200  
335  200  
336  200  
337  200  
338  201  
339  201  
340  201  
341  201  
342  201  
343  201  
344  202  
345  202  
346  202  
347  202  
348  203  
54  204  
55  204  
56  205  
57  205  
58  205  
59  205  
60  205  
61  206  
62  206  
63  206  
64  206  
65  206  
66  207  
67  207  
68  207  
69  207  
70  207  
71  208  
72  208  
73  208  
74  208  
75  208  
76  209  
77  209  
78  209  
79  209  
80  209  
81  210  
82  210  
83  210  
84  210  
85  210  
86  210  
87  211  
88  211  
89  211  
90  211  
91  211  
92  211  
93  212  
94  212  
95  212  
96  212  
97  212  
98  213  
99  213  
100  213  
101  213  
102  213  
103  214  
104  214  
105  214  
106  214  
107  214  
108  215  
109  215  
110  215  
111  215  
112  215  
113  215  
114  216  
115  216  
116  216  
117  216  
118  216  
119  217  
120  217  
121  217  
122  217  
123  217  
124  217  
125  218  
126  218  
127  218  
128  218  
129  218  
130  218  
131  219  
132  219  
133  219  
134  219  
135  219  
136  220  
137  220  
138  220  
139  220  
140  220  
141  221  
142  221  
143  221  
144  221  
145  221  
146  221  
147  222  
148  222  
149  222  
150  222  
151  222  
152  223  
153  223  
154  223  
155  223  
156  223  
157  224  
158  224  
159  224  
160  224  
161  224  
162  224  
163  225  
164  225  
165  225  
166  225  
167  225  
168  225  
169  226  
170  226  
171  226  
172  226  
173  226  
174  227  
175  227  
176  227  
177  227  
178  227  
179  227  
180  228  
181  228  
182  228  
183  228  
184  228  
185  229  
186  229  
187  229  
188  229  
189  229  
190  229  
191  230  
192  230  
193  230  
194  230  
195  230  
196  231  
197  231  
198  231  
199  231  
200  231  
201  231  
202  232  
203  232  
204  232  
205  232  
206  232  
207  232  
208  233  
209  233  
210  233  
211  233  
212  233  
322  205  
323  205  
324  205  
325  205  
326  206  
327  206  
328  206  
329  206  
330  206  
331  207  
332  207  
333  207  
334  207  
335  208  
336  208  
337  208  
338  208  
339  208  
340  209  
341  209  
342  209  
343  209  
344  210  
345  210  
346  210  
347  210  
348  211  
349  211  
400  211  
401  211  
402  211  
403  212  
404  212  
405  212  
406  212  
407  213  
408  213  
409  213  
410  213  
411  213  
412  214  
413  214  
414  214  
415  214  
416  215  
417  215  
418  215  
419  215  
420  215  
421  215  
422  216  
423  216  
424  216  
425  216  
426  217  
427  217  
428  217  
429  217  
430  218  
431  218  
322  212  
323  212  
324  213  
325  213  
326  213  
327  213  
328  213  
329  214  
330  214  
331  214  
332  215  
333  215  
334  215  
335  215  
336  215  
337  215  
338  216  
339  216  
340  216  
341  216  
342  217  
343  217  
344  217  
345  217  
346  217  
347  218  
348  218  
349  218  
191  213  
192  213  
193  213  
194  214  
195  214  
196  215  
197  215  
198  215  
199  215  
200  215  
201  215  
202  216  
203  216  
204  216  
205  216  
206  216  
207  216  
208  217  
209  217  
210  217  
211  217  
212  218  
213  218  
214  218  
249  214  
250  214  
251  214  
252  214  
247  215  
248  215  
245  216  
246  216  
243  217  
244  217  
239  218  
240  218  
241  218  
242  218  
237  219  
238  219  
233  220  
234  220  
235  220  
236  220  
231  221  
232  221  
228  222  
229  222  
230  222  
226  223  
227  223  
400  214  
401  215  
402  215  
403  216  
404  216  
405  216  
406  216  
407  216  
408  216  
409  217  
410  217  
411  217  
412  217  
413  217  
414  218  
415  218  
416  218  
417  218  
418  218  
419  219  
420  219  
421  219  
422  219  
423  220  
424  220  
425  220  
426  220  
427  220  
428  221  
429  221  
430  221  
431  221  
432  221  
401  222  
402  222  
403  222  
404  222  
405  223  
406  223  
407  223  
408  223  
409  224  
410  224  
411  224  
412  224  
413  224  
414  225  
415  225  
416  225  
417  225  
418  225  
419  226  
420  226  
421  226  
422  226  
423  226  
424  227  
425  227  
426  227  
427  227  
428  227  
429  227  
430  228  
431  228  
432  228  
433  228  
78  224  
79  224  
80  224  
81  224  
82  224  
83  225  
84  225  
85  225  
86  225  
87  225  
88  225  
89  226  
90  226  
91  226  
92  226  
93  226  
94  227  
95  227  
96  227  
97  227  
98  227  
99  228  
100  228  
101  228  
102  228  
103  228  
104  228  
105  229  
106  229  
107  229  
108  229  
109  229  
110  230  
111  230  
112  230  
113  230  
114  230  
115  230  
116  231  
117  231  
118  231  
119  231  
120  231  
121  231  
122  232  
123  232  
124  232  
125  232  
126  232  
127  233  
128  233  
129  233  
130  233  
131  233  
132  233  
133  234  
134  234  
135  234  
136  234  
137  235  
138  235  
139  235  
140  235  
141  235  
142  235  
143  236  
144  236  
145  236  
146  236  
147  236  
148  237  
149  237  
150  237  
151  237  
152  237  
153  237  
154  238  
155  238  
156  238  
157  238  
158  238  
159  239  
160  239  
161  239  
162  239  
163  239  
164  239  
165  240  
166  240  
167  240  
168  240  
169  240  
170  240  
171  241  
172  241  
173  241  
174  241  
175  241  
176  242  
177  242  
178  242  
179  242  
180  242  
181  242  
182  243  
183  243  
184  243  
185  243  
186  243  
187  243  
321  231  
322  231  
323  231  
324  231  
325  231  
326  231  
327  232  
328  232  
329  232  
330  232  
331  233  
332  233  
333  233  
334  233  
335  233  
336  233  
337  234  
338  234  
339  234  
340  234  
341  234  
342  234  
416  232  
417  232  
418  232  
419  233  
420  233  
421  233  
422  234  
423  234  
424  234  
425  234  
426  234  
427  235  
428  235  
429  235  
430  235  
431  235  
432  236  
433  236  
434  236  
435  236  
436  236  
320  238  
321  238  
322  238  
323  238  
324  238  
325  238  
326  238  
327  238  
328  238  
329  239  
330  239  
331  239  
332  239  
333  239  
334  239  
335  240  
336  240  
337  240  
338  240  
339  240  
340  241  
341  241  
342  241  
343  242  
344  242  
345  242  
346  242  
347  243  
348  243  
349  243  
350  244  
351  244  
352  244  
353  244  
354  244  
355  244  
356  245  
357  245  
358  245  
359  245  
360  246  
361  246  
362  246  
363  246  
364  246  
365  246  
366  247  
367  247  
368  247  
369  247  
370  248  
371  248  
372  248  
373  248  
374  248  
375  248  
376  249  
377  249  
378  249  
379  249  
380  249  
381  250  
382  250  
383  250  
384  250  
385  250  
386  251  
387  251  
388  251  
389  251  
390  251  
391  251  
392  252  
393  252  
394  252  
349  239  
350  240  
351  240  
352  240  
353  240  
354  240  
355  241  
356  241  
357  241  
358  241  
359  241  
360  242  
361  242  
362  242  
363  242  
364  243  
365  243  
366  243  
367  243  
368  243  
369  243  
370  244  
371  244  
372  244  
373  244  
374  244  
375  245  
376  245  
377  245  
378  245  
379  245  
380  246  
381  246  
382  246  
383  246  
384  246  
385  247  
386  247  
387  247  
388  247  
389  247  
390  247  
391  248  
392  248  
393  248  
394  248  
395  248  
396  249  
397  249  
398  249  
399  249  
45  242  
45  243  
45  244  
45  245  
45  246  
45  247  
45  248  
45  249  
44  250  
44  251  
44  252  
44  253  
44  254  
44  255  
44  256  
44  257  
44  258  
44  259  
44  260  
44  261  
45  262  
45  263  
45  264  
45  265  
45  266  
45  267  
45  268  
45  269  
264  243  
264  244  
263  245  
264  246  
264  247  
264  248  
264  249  
264  250  
264  251  
264  252  
264  253  
264  254  
264  255  
264  256  
264  257  
264  258  
264  259  
264  260  
264  261  
264  262  
264  263  
264  264  
264  265  
264  266  
264  267  
264  268  
264  269  
264  270  
264  271  
264  272  
264  273  
264  274  
265  275  
265  276  
265  277  
265  278  
265  279  
265  280  
265  281  
265  282  
265  283  
265  284  
265  285  
265  286  
265  287  
265  288  
265  289  
265  290  
265  291  
265  292  
265  293  
76  247  
77  247  
78  247  
79  248  
80  248  
81  248  
82  248  
83  248  
84  249  
85  249  
86  249  
87  249  
88  249  
89  249  
90  250  
91  250  
92  250  
93  250  
94  250  
95  251  
96  251  
97  251  
98  251  
99  251  
100  251  
101  252  
102  252  
103  252  
104  252  
105  252  
106  252  
107  253  
108  253  
109  253  
110  253  
111  253  
112  254  
113  254  
114  254  
115  254  
116  254  
117  254  
135  251  
136  251  
137  251  
138  251  
139  251  
140  251  
141  251  
142  251  
143  251  
144  251  
145  251  
146  251  
147  251  
148  251  
149  252  
150  252  
151  252  
152  252  
153  252  
154  252  
155  253  
156  253  
157  253  
158  254  
159  254  
160  254  
161  255  
162  255  
163  255  
77  258  
78  258  
79  258  
80  258  
81  258  
82  259  
83  259  
84  259  
85  259  
86  260  
87  260  
88  260  
89  260  
90  260  
91  261  
92  261  
93  261  
94  261  
95  261  
96  261  
97  262  
98  262  
99  262  
100  262  
101  262  
102  262  
103  262  
104  262  
53  263  
53  264  
53  265  
52  266  
52  267  
52  268  
52  269  
53  270  
53  271  
53  272  
53  273  
52  274  
52  275  
52  276  
53  277  
53  278  
53  279  
52  280  
52  281  
52  282  
52  283  
53  284  
53  285  
53  286  
52  287  
52  288  
52  289  
52  290  
53  291  
53  292  
53  293  
52  294  
52  295  
52  296  
52  297  
53  298  
53  299  
129  264  
130  264  
131  264  
132  264  
133  264  
134  264  
135  264  
136  264  
137  264  
138  264  
139  264  
117  265  
118  265  
119  265  
120  265  
121  265  
122  265  
123  265  
124  265  
125  265  
126  265  
127  265  
128  265  
141  265  
142  265  
143  265  
144  265  
145  265  
146  266  
147  266  
148  266  
149  266  
150  266  
151  266  
152  267  
153  267  
154  267  
155  267  
156  267  
157  267  
158  268  
159  268  
160  268  
161  268  
162  269  
163  269  
164  269  
165  269  
281  265  
282  265  
283  265  
284  265  
285  266  
286  266  
287  266  
288  266  
289  266  
290  266  
291  267  
292  267  
293  267  
294  267  
295  267  
296  268  
297  268  
298  268  
299  268  
300  268  
301  268  
302  269  
303  269  
304  269  
305  269  
306  269  
307  270  
308  270  
309  270  
310  270  
311  270  
312  270  
313  271  
314  271  
315  271  
316  271  
317  272  
318  272  
319  272  
320  272  
321  272  
322  272  
323  273  
324  273  
325  273  
326  273  
327  273  
328  274  
329  274  
330  274  
331  274  
186  266  
187  267  
188  267  
189  267  
190  267  
191  267  
192  268  
193  268  
194  268  
195  268  
196  268  
197  268  
198  269  
199  269  
200  269  
201  269  
202  269  
203  270  
204  270  
205  270  
206  270  
48  269  
48  270  
48  271  
48  272  
48  273  
48  274  
48  275  
48  276  
48  277  
48  278  
48  279  
48  280  
48  281  
48  282  
48  283  
48  284  
48  285  
48  286  
48  287  
48  288  
48  289  
48  290  
48  291  
48  292  
47  293  
47  294  
47  295  
47  296  
47  297  
47  298  
47  299  
47  300  
47  301  
47  302  
47  303  
47  304  
47  305  
47  306  
47  307  
47  308  
47  309  
47  310  
47  311  
47  312  
47  313  
47  314  
47  315  
47  316  
47  317  
47  318  
47  319  
47  320  
47  321  
47  322  
47  323  
47  324  
47  325  
47  326  
47  327  
47  328  
47  329  
47  330  
47  331  
46  332  
46  333  
46  334  
46  335  
46  336  
46  337  
46  338  
150  271  
151  271  
152  271  
153  271  
154  271  
155  272  
156  272  
157  272  
158  272  
159  272  
160  273  
161  273  
162  273  
163  273  
164  273  
165  273  
166  274  
167  274  
168  275  
169  275  
57  277  
57  278  
57  279  
57  280  
57  281  
57  282  
57  283  
57  284  
57  285  
57  286  
57  287  
57  288  
57  289  
57  290  
57  291  
57  292  
57  293  
57  294  
57  295  
57  296  
57  297  
57  298  
57  299  
57  300  
57  301  
57  302  
57  303  
57  304  
57  305  
57  306  
57  307  
57  308  
57  309  
57  310  
57  311  
57  312  
57  313  
57  314  
57  315  
57  316  
57  317  
57  318  
57  319  
57  320  
57  321  
57  322  
57  323  
57  324  
57  325  
57  326  
57  327  
57  328  
57  329  
56  330  
56  331  
56  332  
56  333  
57  334  
56  335  
56  336  
56  337  
106  279  
106  280  
106  281  
106  282  
106  283  
106  284  
106  285  
106  286  
106  287  
106  288  
106  289  
106  290  
106  291  
106  292  
106  293  
106  294  
106  295  
106  296  
106  297  
106  298  
106  299  
106  300  
106  301  
106  302  
106  303  
106  304  
106  305  
106  306  
106  307  
106  308  
106  309  
106  310  
106  311  
106  312  
106  313  
106  314  
106  315  
106  316  
106  317  
106  318  
106  319  
106  320  
106  321  
106  322  
106  323  
38  284  
38  285  
38  286  
38  287  
38  288  
38  289  
38  290  
38  291  
38  292  
38  293  
38  294  
38  295  
38  296  
38  297  
38  298  
38  299  
38  300  
38  301  
38  302  
38  303  
38  304  
38  305  
38  306  
38  307  
38  308  
38  309  
38  310  
38  311  
38  312  
38  313  
38  314  
38  315  
38  316  
38  317  
38  318  
38  319  
38  320  
38  321  
38  322  
38  323  
38  324  
38  325  
38  326  
38  327  
38  328  
175  295  
175  296  
175  297  
175  298  
175  299  
175  300  
175  301  
175  302  
175  303  
175  304  
175  305  
175  306  
175  307  
175  308  
175  309  
175  310  
175  311  
175  312  
175  313  
175  314  
175  315  
175  316  
175  317  
175  318  
175  319  
176  320  
176  321  
176  322  
176  323  
176  324  
176  325  
176  326  
176  327  
176  328  
317  296  
317  297  
317  298  
317  299  
317  300  
317  301  
317  302  
317  303  
317  304  
317  305  
317  306  
317  307  
317  308  
317  309  
317  310  
317  311  
317  312  
317  313  
317  314  
317  315  
317  316  
317  317  
317  318  
317  319  
317  320  
318  321  
318  322  
318  323  
318  324  
318  325  
318  326  
318  327  
318  328  
318  329  
318  330  
318  331  
318  332  
318  333  
318  334  
318  335  
318  336  
318  337  
318  338  
318  339  
318  340  
318  341  
318  342  
318  343  
318  344  
318  345  
318  346  
265  298  
265  299  
265  300  
265  301  
265  302  
265  303  
265  304  
265  305  
265  306  
265  307  
265  308  
265  309  
265  310  
265  311  
265  312  
265  313  
265  314  
265  315  
265  316  
265  317  
265  318  
265  319  
265  320  
265  321  
265  322  
265  323  
265  324  
422  299  
423  299  
424  299  
425  299  
426  300  
427  300  
428  300  
429  300  
430  300  
431  301  
432  301  
433  301  
434  301  
435  301  
436  302  
437  302  
438  302  
439  302  
440  302  
441  302  
442  303  
443  303  
444  303  
445  303  
446  303  
447  303  
448  303  
170  304  
169  305  
169  306  
169  307  
169  308  
169  309  
169  310  
169  311  
169  312  
169  313  
169  314  
169  315  
169  316  
169  317  
169  318  
169  319  
169  320  
169  321  
169  322  
169  323  
169  324  
169  325  
169  326  
169  327  
373  307  
373  308  
373  309  
373  310  
373  311  
373  312  
373  313  
373  314  
373  315  
373  316  
373  317  
373  318  
373  319  
373  320  
373  321  
373  322  
373  323  
373  324  
373  325  
373  326  
373  327  
374  328  
374  329  
374  330  
374  331  
374  332  
374  333  
374  334  
374  335  
374  336  
374  337  
374  338  
374  339  
374  340  
374  341  
374  342  
374  343  
374  344  
374  345  
374  346  
374  347  
374  348  
374  349  
374  350  
374  351  
374  352  
374  353  
374  354  
374  355  
374  356  
374  357  
374  358  
374  359  
374  360  
374  361  
374  362  
374  363  
375  364  
375  365  
375  366  
375  367  
375  368  
375  369  
375  370  
380  309  
380  310  
380  311  
380  312  
380  313  
380  314  
380  315  
380  316  
380  317  
380  318  
380  319  
380  320  
380  321  
380  322  
380  323  
380  324  
380  325  
380  326  
380  327  
380  328  
380  329  
380  330  
380  331  
380  332  
380  333  
380  334  
380  335  
381  336  
381  337  
381  338  
381  339  
381  340  
381  341  
381  342  
381  343  
381  344  
381  345  
381  346  
381  347  
381  348  
381  349  
381  350  
381  351  
381  352  
381  353  
381  354  
381  355  
381  356  
381  357  
381  358  
381  359  
434  315  
434  316  
434  317  
434  318  
434  319  
434  320  
434  321  
434  322  
434  323  
434  324  
434  325  
434  326  
434  327  
434  328  
435  329  
435  330  
435  331  
435  332  
435  333  
435  334  
435  335  
435  336  
435  337  
435  338  
435  339  
435  340  
435  341  
435  342  
435  343  
435  344  
435  345  
435  346  
435  347  
435  348  
435  349  
435  350  
435  351  
435  352  
436  353  
436  354  
436  355  
436  356  
436  357  
436  358  
436  359  
436  360  
436  361  
436  362  
436  363  
436  364  
436  365  
436  366  
436  367  
436  368  
436  369  
409  321  
409  322  
409  323  
409  324  
409  325  
409  326  
409  327  
409  328  
409  329  
409  330  
409  331  
409  332  
409  333  
409  334  
409  335  
409  336  
409  337  
409  338  
409  339  
409  340  
409  341  
409  342  
409  343  
409  344  
409  345  
409  346  
409  347  
409  348  
409  349  
409  350  
409  351  
410  352  
410  353  
410  354  
410  355  
410  356  
410  357  
410  358  
410  359  
410  360  
410  361  
410  362  
410  363  
102  329  
103  329  
100  330  
101  330  
97  331  
98  331  
99  331  
94  332  
95  332  
96  332  
91  333  
92  333  
93  333  
89  334  
90  334  
87  335  
88  335  
85  336  
86  336  
82  337  
83  337  
84  337  
80  338  
81  338  
77  339  
78  339  
79  339  
76  340  
72  341  
74  341  
75  341  
73  342  
364  329  
364  330  
364  331  
364  332  
364  333  
365  334  
365  335  
365  336  
365  337  
365  338  
365  339  
365  340  
365  341  
365  342  
365  343  
365  344  
365  345  
365  346  
365  347  
365  348  
365  349  
365  350  
365  351  
365  352  
365  353  
365  354  
365  355  
365  356  
366  357  
366  358  
366  359  
366  360  
366  361  
366  362  
366  363  
366  364  
366  365  
366  366  
366  367  
366  368  
396  331  
396  332  
396  333  
396  334  
396  335  
396  336  
396  337  
396  338  
396  339  
396  340  
396  341  
396  342  
396  343  
396  344  
396  345  
396  346  
396  347  
396  348  
396  349  
397  350  
397  351  
397  352  
397  353  
397  354  
397  355  
397  356  
397  357  
397  358  
397  359  
397  360  
397  361  
397  362  
397  363  
397  364  
397  365  
397  366  
397  367  
397  368  
397  369  
397  370  
397  371  
397  372  
361  332  
361  333  
361  334  
361  335  
361  336  
361  337  
361  338  
361  339  
361  340  
361  341  
361  342  
361  343  
361  344  
362  345  
362  346  
362  347  
362  348  
362  349  
362  350  
362  351  
362  352  
362  353  
362  354  
362  355  
362  356  
362  357  
362  358  
362  359  
362  360  
362  361  
362  362  
362  363  
362  364  
362  365  
362  366  
362  367  
392  334  
392  335  
392  336  
392  337  
392  338  
392  339  
392  340  
392  341  
392  342  
393  343  
393  344  
393  345  
393  346  
393  347  
393  348  
393  349  
393  350  
393  351  
393  352  
393  353  
393  354  
393  355  
393  356  
393  357  
393  358  
393  359  
393  360  
393  361  
393  362  
394  363  
394  364  
394  365  
394  366  
394  367  
394  368  
394  369  
394  370  
394  371  
135  335  
136  335  
137  335  
138  335  
139  335  
140  335  
141  335  
142  336  
143  336  
144  336  
145  336  
146  336  
147  336  
148  337  
149  337  
150  337  
151  337  
152  337  
153  337  
154  337  
155  337  
156  338  
157  338  
158  338  
159  338  
160  338  
161  338  
162  339  
162  340  
162  341  
108  337  
109  337  
110  337  
111  337  
112  337  
113  337  
114  337  
115  337  
116  337  
117  337  
118  337  
119  337  
120  337  
121  337  
122  337  
123  337  
124  337  
125  337  
126  338  
127  338  
128  338  
129  338  
130  338  
131  338  
201  338  
202  338  
203  339  
204  339  
205  339  
206  339  
207  339  
208  339  
209  339  
210  339  
211  339  
212  340  
213  340  
214  340  
215  340  
216  340  
217  340  
218  340  
219  341  
220  341  
221  341  
222  341  
223  341  
224  341  
225  341  
226  342  
227  342  
228  342  
229  342  
371  344  
371  345  
371  346  
371  347  
371  348  
371  349  
371  350  
371  351  
371  352  
371  353  
371  354  
371  355  
371  356  
371  357  
371  358  
371  359  
371  360  
371  361  
371  362  
371  363  
371  364  
371  365  
371  366  
371  367  
371  368  
371  369  
175  345  
175  346  
175  347  
175  348  
175  349  
176  350  
176  351  
176  352  
176  353  
176  354  
176  355  
176  356  
176  357  
176  358  
176  359  
176  360  
176  361  
176  362  
176  363  
176  364  
176  365  
176  366  
175  367  
175  368  
175  369  
255  352  
256  352  
257  352  
258  352  
259  352  
260  352  
261  352  
262  352  
263  353  
264  353  
265  353  
266  353  
267  353  
268  353  
269  353  
270  353  
271  353  
272  354  
273  354  
274  354  
275  354  
276  354  
277  354  
278  354  
279  354  
280  354  
284  354  
285  354  
281  355  
282  355  
283  355  
289  366  
290  366  
291  366  
292  366  
293  366  
294  367  
295  367  
296  367  
297  367  
298  367  
299  367  
300  367  
301  367  
302  368  
303  368  
304  368  
305  368  
306  368  
307  368  
308  368  
309  369  
310  369  
311  369  
312  369  
313  369  
314  369  
315  369  
316  369  
317  370  
318  370  
319  370  
320  370  
321  370  
322  370  
323  370  
324  371  
325  371  
326  371  
327  371  
328  371  
329  371  
330  371  
331  372  
332  372  
333  372  
334  372  
335  372  
336  372  
337  372  
338  373  
339  373  
340  373  
341  373  
342  373  
343  373  
344  373  
345  373  
346  373  
347  373  
348  369  
349  369  
350  369  
351  369  
352  369  
353  369  
354  369  
355  370  
356  370  
357  370  
358  370  
359  370  
360  370  
361  370  
362  370  
363  370  
364  370  
365  371  
366  371  
367  371  
368  371  
369  371  
370  371  
371  371  
372  371  
117  370  
118  370  
119  370  
120  370  
121  370  
122  370  
123  370  
124  370  
125  370  
126  371  
127  371  
128  371  
129  371  
130  371  
131  371  
132  371  
133  371  
134  372  
135  372  
136  372  
137  372  
138  372  
139  372  
140  372  
141  372  
142  373  
143  373  
144  373  
145  373  
146  373  
147  373  
148  373  
149  373  
150  374  
151  374  
152  374  
153  374  
154  374  
155  374  
156  374  
157  374  
158  374  
159  375  
160  375  
161  375  
162  375  
163  375  
164  375  
165  375  
166  376  
167  376  
168  376  
169  376  
170  376  
171  376  
172  377  
173  377  
174  377  
289  370  
290  370  
291  370  
292  370  
293  370  
294  370  
295  370  
296  371  
297  371  
298  371  
299  371  
300  371  
301  371  
302  371  
303  371  
304  372  
305  372  
306  372  
307  372  
308  372  
309  372  
310  373  
311  373  
312  373  
313  373  
314  373  
315  373  
316  373  
317  374  
318  374  
319  374  
320  374  
321  374  
322  374  
323  374  
324  374  
325  375  
326  375  
327  375  
328  375  
329  375  
330  375  
331  375  
332  375  
333  376  
334  376  
335  376  
336  376  
337  376  
338  376  
114  374  
115  374  
116  374  
117  374  
118  374  
119  374  
120  374  
121  375  
122  375  
123  375  
124  375  
125  375  
126  375  
127  375  
128  375  
129  375  
130  375  
131  376  
132  376  
133  376  
134  376  
135  376  
136  376  
137  376  
138  376  
139  376  
140  377  
141  377  
142  377  
143  377  
144  377  
145  377  
146  377  
147  377  
148  378  
149  378  
150  378  
151  378  
152  378  
153  378  
154  378  
155  379  
156  379  
157  379  
158  379  
159  379  
160  379  
161  379  
162  379  
163  379  
164  380  
165  380  
166  380  
167  380  
168  380  
169  380  
170  380  
171  380  
172  380  
173  380  
174  381  
175  381  
176  381  
177  381  
178  381  
179  381  
180  381  
181  382  
182  382  
183  382  
184  382  
185  382  
186  382  
187  382  
188  382  
189  383  
190  383  
191  383  
192  383  
193  383  
194  383  
195  383  
196  383  
197  383  
198  383  
199  383  
200  383  
201  384  
202  384  
203  384  
204  384  
205  384  
206  384  
207  384  
208  385  
209  385  
210  385  
211  385  
212  385  
213  385  
214  385  
215  386  
216  386  
217  386  
218  386  
219  386  
220  386  
221  386  
222  386  
223  387  
224  387  
225  387  
226  387  
227  387  
228  387  
229  387  
230  387  
231  387  
232  388  
233  388  
234  388  
235  388  
236  388  
237  388  
238  388  
239  388  
240  389  
241  389  
242  389  
243  389  
244  389  
245  389  
246  389  
247  389  
248  390  
249  390  
250  390  
251  390  
252  390  
253  390  
254  390  
255  390  
256  391  
257  391  
258  391  
259  391  
260  391  
261  391  
262  391  
263  392  
264  392  
265  392  
266  392  
267  392  
268  392  
269  392  
270  392  
271  392  
272  392  
273  393  
274  393  
275  393  
276  393  
277  393  
278  393  
279  393  
280  393  
281  393  
282  393  
283  393  
284  394  
285  394  
286  394  
287  394  
288  394  
289  394  
290  394  
291  394  
292  394  
293  394  
294  394  
295  394  
296  394  
297  394  
298  395  
299  395  
300  395  
301  395  
302  395  
303  395  
304  395  
305  396  
306  396  
307  396  
308  396  
309  396  
310  396  
311  396  
312  396  
313  396  
314  396  
315  397  
316  397  
317  397  
318  397  
352  374  
353  374  
354  375  
355  375  
356  375  
357  375  
358  375  
359  375  
360  376  
361  376  
362  376  
363  376  
364  376  
365  376  
366  376  
367  376  
368  377  
369  377  
370  377  
371  377  
372  377  
373  377  
374  377  
375  377  
376  377  
377  377  
378  377  
379  377  
380  377  
381  377  
382  378  
300  378  
301  378  
302  378  
303  378  
304  378  
305  379  
306  379  
307  379  
308  379  
309  379  
310  379  
311  379  
312  379  
313  379  
314  380  
315  380  
316  380  
317  380  
318  380  
319  380  
320  381  
321  381  
322  381  
323  381  
324  381  
389  379  
390  380  
391  380  
392  380  
393  380  
394  380  
395  380  
396  380  
397  380  
398  381  
399  381  
400  381  
401  381  
402  381  
403  381  
404  381  
405  381  
406  382  
407  382  
408  382  
409  382  
410  382  
411  382  
412  382  
413  382  
355  380  
356  380  
357  380  
358  380  
359  380  
360  380  
361  380  
362  381  
363  381  
364  381  
365  381  
366  381  
367  381  
368  381  
369  382  
370  382  
371  382  
372  382  
373  382  
374  382  
110  382  
111  382  
112  382  
113  382  
114  382  
115  382  
116  382  
117  383  
118  383  
119  383  
120  383  
121  383  
122  383  
123  383  
124  383  
125  384  
126  384  
127  384  
128  384  
129  384  
130  384  
131  384  
132  384  
133  385  
134  385  
135  385  
136  385  
137  385  
138  385  
139  385  
140  385  
141  386  
142  386  
143  386  
144  386  
145  386  
146  386  
147  386  
148  387  
149  387  
150  387  
151  387  
152  387  
153  387  
154  387  
155  387  
156  388  
157  388  
158  388  
159  388  
160  388  
161  388  
162  388  
163  388  
164  388  
165  389  
166  389  
167  389  
168  389  
169  389  
170  389  
171  389  
172  389  
173  390  
174  390  
175  390  
176  390  
177  390  
178  390  
179  390  
180  391  
181  391  
182  391  
183  391  
184  391  
185  391  
186  391  
187  391  
188  391  
189  391  
190  391  
191  391  
192  392  
193  392  
194  392  
195  392  
196  392  
197  392  
198  393  
199  393  
200  393  
201  393  
202  393  
203  393  
204  393  
205  393  
206  393  
207  394  
208  394  
209  394  
210  394  
211  394  
212  394  
213  394  
214  394  
215  394  
216  395  
217  395  
218  395  
219  395  
220  395  
221  395  
222  395  
223  395  
224  396  
225  396  
226  396  
227  396  
228  396  
229  396  
230  396  
231  396  
232  397  
233  397  
234  397  
235  397  
236  397  
237  397  
238  397  
239  397  
240  398  
241  398  
242  398  
243  398  
244  398  
245  398  
246  398  
247  398  
248  398  
249  399  
250  399  
251  399  
252  399  
253  399  
254  399  
255  399  
256  399  
257  400  
258  400  
259  400  
260  400  
261  400  
262  400  
263  400  
264  400  
265  400  
266  401  
267  401  
268  401  
269  401  
270  401  
271  401  
272  401  
273  401  
274  401  
275  402  
276  402  
277  402  
278  402  
279  402  
280  402  
281  402  
282  402  
283  403  
284  403  
285  403  
286  403  
287  403  
288  403  
289  403  
290  403  
291  403  
292  403  
293  404  
294  404  
295  404  
296  404  
297  404  
298  404  
299  404  
300  404  
301  404  
302  404  
303  405  
214  382  
215  382  
216  382  
217  382  
218  382  
219  382  
220  382  
221  383  
222  383  
223  383  
224  383  
225  383  
226  383  
227  383  
228  383  
229  383  
230  383  
231  384  
232  384  
233  384  
234  384  
235  384  
236  384  
237  384  
238  384  
239  384  
240  384  
241  384  
242  385  
243  385  
244  385  
245  385  
246  385  
247  385  
248  385  
249  386  
250  386  
251  386  
252  386  
253  386  
254  386  
255  386  
256  386  
257  386  
258  387  
259  387  
260  387  
261  387  
262  387  
263  387  
264  387  
265  388  
266  388  
267  388  
268  388  
269  388  
270  388  
271  388  
272  389  
273  389  
274  389  
275  389  
276  389  
417  387  
418  387  
419  387  
420  388  
421  388  
422  388  
423  388  
424  388  
425  388  
426  388  
427  388  
428  388  
429  389  
430  389  
431  389  
432  389  
433  389  
434  389  
435  389  
436  389  
437  389  
438  389  
439  389  
440  390  
441  390  
112  388  
113  388  
114  388  
115  388  
116  388  
117  388  
118  389  
119  389  
120  389  
121  389  
122  389  
123  389  
124  389  
125  389  
126  389  
127  390  
128  390  
129  390  
130  390  
131  390  
132  390  
133  390  
134  391  
135  391  
136  391  
137  391  
138  391  
139  391  
140  391  
141  391  
142  391  
143  392  
144  392  
145  392  
146  392  
147  392  
148  392  
149  392  
150  392  
151  392  
152  393  
153  393  
154  393  
155  393  
156  393  
157  393  
158  393  
159  393  
160  393  
161  394  
162  394  
163  394  
164  394  
165  394  
166  394  
167  394  
168  394  
169  395  
170  395  
171  395  
172  395  
173  395  
174  395  
175  395  
176  395  
177  396  
178  396  
179  396  
180  396  
181  396  
182  396  
183  396  
184  396  
185  396  
186  396  
187  396  
188  396  
189  397  
190  397  
191  397  
192  397  
193  397  
194  397  
195  397  
196  397  
197  398  
198  398  
199  398  
200  398  
201  398  
202  398  
203  398  
204  398  
205  399  
206  399  
207  399  
208  399  
209  399  
210  399  
211  399  
212  399  
213  400  
214  400  
215  400  
216  400  
217  400  
218  400  
219  400  
220  400  
221  401  
222  401  
223  401  
224  401  
225  401  
226  401  
227  401  
228  401  
229  402  
230  402  
231  402  
232  402  
233  402  
234  402  
235  402  
236  402  
237  403  
238  403  
239  403  
240  403  
241  403  
242  403  
243  403  
244  403  
245  404  
246  404  
247  404  
248  404  
249  404  
250  404  
251  404  
252  404  
253  405  
254  405  
255  405  
256  405  
257  405  
258  405  
259  405  
260  405  
261  406  
262  406  
263  406  
264  406  
265  406  
266  406  
267  406  
268  406  
269  407  
270  407  
271  407  
272  407  
273  407  
274  407  
275  407  
276  407  
277  407  
278  408  
279  408  
280  408  
281  408  
282  408  
283  408  
284  408  
285  408  
286  408  
287  409  
288  409  
289  409  
290  409  
291  409  
292  409  
293  409  
294  409  
295  409  
296  409  
297  409  
298  409  
299  409  
300  409  
107  392  
107  393  
107  394  
107  395  
107  396  
107  397  
107  398  
107  399  
107  400  
107  401  
107  402  
107  403  
107  404  
107  405  
107  406  
107  407  
107  408  
107  409  
107  410  
107  411  
107  412  
107  413  
107  414  
107  415  
107  416  
107  417  
107  418  
107  419  
107  420  
107  421  
107  422  
107  423  
107  424  
107  425  
107  426  
107  427  
107  428  
107  429  
107  430  
107  431  
107  432  
107  433  
107  434  
107  435  
421  394  
422  394  
423  394  
424  394  
425  394  
426  394  
427  395  
428  395  
429  395  
430  395  
431  395  
432  395  
433  395  
434  395  
435  395  
436  396  
437  396  
438  396  
439  396  
440  396  
441  396  
442  396  
443  397  
444  397  
445  397  
446  397  
447  397  
448  397  
166  404  
167  404  
168  404  
169  404  
170  404  
171  404  
172  404  
173  404  
174  404  
175  404  
176  405  
177  405  
178  405  
179  405  
180  405  
181  405  
182  405  
183  405  
184  405  
185  405  
194  408  
195  408  
196  408  
197  408  
198  408  
199  409  
200  409  
201  409  
202  409  
203  409  
204  409  
205  409  
206  409  
207  409  
208  410  
209  410  
210  410  
211  410  
212  410  
213  410  
214  411  
215  411  
216  411  
217  411  
218  411  
219  411  
220  411  
221  411  
222  411  
223  411  
224  411  
225  411  
226  411  
227  411  
228  411  
160  411  
160  412  
160  413  
160  414  
160  415  
160  416  
160  417  
160  418  
160  419  
160  420  
160  421  
160  422  
160  423  
160  424  
160  425  
160  426  
160  427  
160  428  
160  429  
160  430  
160  431  
160  432  
160  433  
160  434  
160  435  
160  436  
160  437  
160  438  
160  439  
160  440  
160  441  
160  442  
160  443  
160  444  
160  445  
160  446  
160  447  
160  448  
160  449  
160  450  
160  451  
160  452  
160  453  
160  454  
160  455  
160  456  
160  457  
160  458  
160  459  
160  460  
160  461  
160  462  
160  463  
160  464  
160  465  
160  466  
160  467  
160  468  
160  469  
160  470  
160  471  
160  472  
349  412  
350  413  
351  413  
352  413  
353  413  
354  413  
355  413  
356  413  
357  413  
358  413  
359  414  
360  414  
361  414  
362  414  
363  414  
364  414  
365  414  
366  414  
367  415  
368  415  
369  415  
370  415  
371  415  
372  415  
373  415  
374  416  
375  416  
376  416  
377  416  
378  416  
379  416  
380  416  
381  416  
382  417  
383  417  
384  417  
385  417  
386  417  
387  417  
388  417  
389  417  
390  417  
391  417  
392  417  
393  418  
394  418  
395  418  
396  418  
397  418  
398  418  
399  418  
400  418  
401  419  
402  419  
403  419  
404  419  
405  419  
406  419  
407  419  
408  419  
409  420  
410  420  
411  420  
412  420  
413  420  
414  420  
415  421  
416  421  
417  421  
418  421  
419  422  
420  422  
421  422  
187  415  
187  416  
187  417  
187  418  
187  419  
187  420  
187  421  
187  422  
187  423  
187  424  
187  425  
187  426  
187  427  
187  428  
187  429  
187  430  
187  431  
187  432  
187  433  
187  434  
187  435  
187  436  
187  437  
187  438  
187  439  
187  440  
187  441  
187  442  
187  443  
187  444  
187  445  
187  446  
187  447  
187  448  
187  449  
187  450  
187  451  
187  452  
187  453  
187  454  
187  455  
187  456  
187  457  
187  458  
187  459  
187  460  
187  461  
187  462  
187  463  
351  415  
348  416  
349  416  
350  416  
352  416  
353  416  
354  416  
355  417  
356  417  
357  417  
358  417  
359  417  
360  417  
361  417  
362  417  
363  418  
364  418  
365  418  
366  418  
367  418  
368  418  
369  418  
309  420  
310  420  
311  420  
312  420  
313  420  
314  420  
315  420  
316  421  
317  421  
318  421  
319  421  
320  421  
321  421  
322  421  
323  422  
324  422  
325  422  
326  422  
327  422  
328  422  
329  422  
330  422  
331  422  
332  423  
333  423  
334  423  
335  423  
336  423  
337  423  
226  422  
226  423  
226  424  
226  425  
226  426  
226  427  
226  428  
226  429  
226  430  
226  431  
226  432  
226  433  
226  434  
226  435  
226  436  
226  437  
226  438  
226  439  
226  440  
226  441  
226  442  
226  443  
226  444  
226  445  
226  446  
226  447  
226  448  
226  449  
226  450  
226  451  
226  452  
226  453  
226  454  
226  455  
226  456  
226  457  
226  458  
226  459  
226  460  
226  461  
226  462  
226  463  
226  464  
226  465  
226  466  
226  467  
257  423  
257  424  
257  425  
257  426  
257  427  
257  428  
257  429  
257  430  
257  431  
257  432  
257  433  
257  434  
257  435  
257  436  
257  437  
257  438  
257  439  
257  440  
257  441  
257  442  
257  443  
257  444  
257  445  
257  446  
257  447  
257  448  
257  449  
257  450  
257  451  
257  452  
257  453  
257  454  
257  455  
257  456  
257  457  
257  458  
257  459  
257  460  
257  461  
257  462  
257  463  
257  464  
257  465  
257  466  
257  467  
257  468  
257  469  
257  470  
346  423  
347  424  
348  424  
349  424  
350  424  
351  424  
352  424  
353  424  
354  424  
355  424  
356  424  
357  425  
358  425  
359  425  
360  425  
361  425  
362  425  
363  425  
364  425  
365  425  
366  426  
367  426  
368  426  
369  426  
370  426  
371  426  
372  426  
373  427  
374  427  
375  427  
376  427  
377  427  
378  427  
379  427  
380  427  
381  427  
382  428  
383  428  
384  428  
385  428  
386  428  
387  428  
388  428  
389  428  
390  428  
391  428  
392  429  
393  429  
394  429  
395  429  
396  429  
397  429  
398  429  
399  429  
400  430  
401  430  
402  430  
403  430  
404  430  
405  430  
406  430  
407  430  
408  431  
409  431  
410  431  
425  423  
426  423  
427  423  
428  423  
429  423  
430  423  
431  423  
432  423  
433  424  
434  424  
435  424  
436  424  
437  424  
438  424  
439  424  
440  424  
441  424  
442  425  
443  425  
444  425  
445  425  
446  425  
447  425  
448  425  
233  426  
234  427  
234  428  
234  429  
234  430  
234  431  
234  432  
234  433  
234  434  
234  435  
234  436  
234  437  
234  438  
234  439  
234  440  
234  441  
234  442  
234  443  
234  444  
234  445  
234  446  
234  447  
234  448  
234  449  
234  450  
234  451  
234  452  
234  453  
234  454  
234  455  
234  456  
234  457  
234  458  
234  459  
234  460  
234  461  
234  462  
234  463  
234  464  
234  465  
234  466  
234  467  
326  430  
327  430  
328  430  
329  430  
330  430  
331  430  
332  430  
333  430  
334  431  
335  431  
336  431  
337  431  
338  431  
339  431  
340  431  
341  431  
342  431  
343  432  
344  432  
345  432  
346  432  
347  432  
348  432  
417  432  
418  432  
419  432  
420  432  
421  432  
422  432  
423  432  
424  433  
425  433  
426  433  
427  433  
428  433  
429  433  
430  433  
431  433  
432  433  
433  434  
434  434  
435  434  
436  434  
437  434  
438  434  
439  434  
440  434  
441  435  
442  435  
443  435  
444  435  
445  435  
446  435  
447  435  
448  435  
301  433  
301  434  
301  435  
301  436  
301  437  
301  438  
301  439  
301  440  
301  441  
301  442  
301  443  
301  444  
301  445  
301  446  
301  447  
301  448  
302  449  
302  450  
302  451  
301  452  
301  453  
301  454  
302  455  
302  456  
302  457  
302  458  
302  459  
302  460  
302  461  
302  462  
302  463  
302  464  
302  465  
302  466  
302  467  
302  468  
302  469  
302  470  
302  471  
302  472  
302  473  
302  474  
302  475  
320  437  
320  438  
320  439  
320  440  
320  441  
320  442  
320  443  
320  444  
320  445  
320  446  
320  447  
320  448  
320  449  
320  450  
320  451  
320  452  
320  453  
320  454  
320  455  
320  456  
320  457  
320  458  
320  459  
320  460  
320  461  
320  462  
320  463  
320  464  
320  465  
320  466  
320  467  
320  468  
320  469  
321  470  
321  471  
321  472  
321  473  
321  474  
321  475  
321  476  
321  477  
321  478  
321  479  
321  480  
321  481  
321  482  
351  438  
351  439  
351  440  
351  441  
351  442  
351  443  
351  444  
351  445  
351  446  
351  447  
352  448  
352  449  
352  450  
352  451  
352  452  
352  453  
352  454  
352  455  
352  456  
352  457  
352  458  
352  459  
352  460  
352  461  
352  462  
352  463  
352  464  
352  465  
352  466  
352  467  
352  468  
352  469  
352  470  
352  471  
352  472  
352  473  
352  474  
352  475  
352  476  
352  477  
352  478  
353  479  
353  480  
353  481  
353  482  
353  483  
353  484  
353  485  
353  486  
353  487  
353  488  
353  489  
353  490  
353  491  
353  492  
353  493  
353  494  
353  495  
353  496  
353  497  
353  498  
353  499  
353  500  
353  501  
354  502  
354  503  
354  504  
354  505  
354  506  
354  507  
354  508  
354  509  
354  510  
354  511  
355  512  
214  441  
214  442  
214  443  
214  444  
214  445  
214  446  
214  447  
214  448  
214  449  
214  450  
214  451  
214  452  
214  453  
214  454  
214  455  
214  456  
213  457  
213  458  
213  459  
213  460  
213  461  
213  462  
213  463  
213  464  
213  465  
213  466  
213  467  
213  468  
213  469  
213  470  
213  471  
213  472  
213  473  
213  474  
213  475  
213  476  
213  477  
213  478  
213  479  
213  480  
213  481  
213  482  
214  483  
165  442  
165  443  
165  444  
165  445  
165  446  
165  447  
165  448  
165  449  
165  450  
165  451  
165  452  
165  453  
165  454  
165  455  
165  456  
165  457  
165  458  
165  459  
165  460  
165  461  
165  462  
165  463  
165  464  
165  465  
165  466  
165  467  
165  468  
165  469  
165  470  
165  471  
166  472  
165  473  
164  474  
182  443  
182  444  
182  445  
182  446  
182  447  
182  448  
182  449  
182  450  
182  451  
182  452  
182  453  
182  454  
182  455  
182  456  
182  457  
182  458  
182  459  
182  460  
182  461  
182  462  
182  463  
376  443  
376  444  
376  445  
376  446  
376  447  
376  448  
376  449  
376  450  
376  451  
376  452  
376  453  
376  454  
376  455  
376  456  
376  457  
376  458  
376  459  
376  460  
376  461  
376  462  
376  463  
376  464  
198  444  
198  445  
198  446  
198  447  
198  448  
198  449  
198  450  
198  451  
198  452  
198  453  
198  454  
198  455  
198  456  
199  457  
199  458  
199  459  
199  460  
199  461  
199  462  
199  463  
199  464  
199  465  
199  466  
199  467  
218  444  
218  445  
218  446  
218  447  
218  448  
218  449  
218  450  
218  451  
218  452  
218  453  
218  454  
218  455  
218  456  
218  457  
218  458  
218  459  
218  460  
218  461  
218  462  
218  463  
218  464  
218  465  
218  466  
218  467  
218  468  
218  469  
218  470  
383  445  
383  446  
383  447  
383  448  
383  449  
383  450  
383  451  
383  452  
383  453  
383  454  
383  455  
383  456  
383  457  
383  458  
384  459  
384  460  
384  461  
384  462  
384  463  
384  464  
384  465  
384  466  
384  467  
384  468  
384  469  
384  470  
384  471  
384  472  
384  473  
384  474  
384  475  
384  476  
384  477  
384  478  
384  479  
347  446  
347  447  
348  448  
348  449  
348  450  
348  451  
348  452  
348  453  
348  454  
348  455  
348  456  
348  457  
348  458  
348  459  
348  460  
348  461  
348  462  
348  463  
348  464  
348  465  
348  466  
348  467  
348  468  
348  469  
348  470  
348  471  
348  472  
348  473  
349  474  
349  475  
349  476  
349  477  
349  478  
440  449  
440  450  
440  451  
440  452  
440  453  
440  454  
440  455  
440  456  
440  457  
440  458  
441  459  
441  460  
441  461  
441  462  
441  463  
441  464  
441  465  
441  466  
441  467  
441  468  
441  469  
441  470  
441  471  
441  472  
441  473  
441  474  
441  475  
441  476  
441  477  
441  478  
441  479  
442  480  
442  481  
442  482  
442  483  
413  454  
413  455  
413  456  
413  457  
413  458  
413  459  
413  460  
413  461  
413  462  
413  463  
414  464  
414  465  
414  466  
414  467  
414  468  
414  469  
414  470  
414  471  
414  472  
414  473  
414  474  
414  475  
414  476  
414  477  
414  478  
414  479  
414  480  
414  481  
414  482  
414  483  
414  484  
414  485  
414  486  
414  487  
414  488  
414  489  
414  490  
414  491  
414  492  
414  493  
414  494  
415  495  
393  456  
394  457  
394  458  
394  459  
394  460  
394  461  
394  462  
394  463  
394  464  
394  465  
394  466  
394  467  
394  468  
394  469  
394  470  
394  471  
394  472  
394  473  
394  474  
394  475  
394  476  
394  477  
394  478  
394  479  
394  480  
395  481  
395  482  
395  483  
395  484  
395  485  
395  486  
395  487  
395  488  
395  489  
395  490  
395  491  
395  492  
395  493  
395  494  
394  495  
394  496  
394  497  
394  498  
394  499  
394  500  
394  501  
394  502  
394  503  
394  504  
394  505  
394  506  
394  507  
394  508  
394  509  
394  510  
394  511  
394  512  
394  513  
394  514  
394  515  
394  516  
394  517  
394  518  
394  519  
394  520  
394  521  
394  522  
345  464  
345  465  
345  466  
345  467  
345  468  
344  469  
345  470  
345  471  
345  472  
345  473  
345  474  
345  475  
345  476  
345  477  
345  478  
345  479  
345  480  
345  481  
344  482  
344  483  
344  484  
344  485  
344  486  
344  487  
154  476  
155  476  
149  477  
150  477  
151  477  
152  477  
153  477  
144  478  
145  478  
146  478  
147  478  
148  478  
140  479  
141  479  
142  479  
143  479  
136  480  
137  480  
138  480  
139  480  
132  481  
133  481  
134  481  
135  481  
264  476  
265  477  
266  477  
267  477  
268  477  
269  477  
270  477  
271  477  
272  477  
273  477  
274  477  
275  477  
276  477  
277  477  
278  477  
279  477  
280  478  
281  478  
282  478  
283  478  
284  478  
285  478  
286  478  
287  478  
288  478  
289  478  
290  478  
291  479  
292  479  
293  479  
294  479  
295  479  
296  479  
297  479  
298  479  
399  486  
399  487  
399  488  
399  489  
399  490  
399  491  
399  492  
399  493  
399  494  
399  495  
399  496  
399  497  
399  498  
399  499  
399  500  
399  501  
399  502  
399  503  
399  504  
399  505  
399  506  
399  507  
399  508  
399  509  
399  510  
399  511  
399  512  
399  513  
399  514  
400  515  
400  516  
400  517  
400  518  
400  519  
374  487  
375  488  
374  489  
375  490  
375  491  
375  492  
375  493  
375  494  
375  495  
375  496  
375  497  
375  498  
375  499  
375  500  
375  501  
375  502  
375  503  
375  504  
375  505  
375  506  
375  507  
375  508  
375  509  
375  510  
375  511  
375  512  
375  513  
385  487  
385  488  
385  489  
385  490  
385  491  
385  492  
385  493  
385  494  
385  495  
385  496  
385  497  
385  498  
385  499  
385  500  
385  501  
385  502  
386  503  
386  504  
386  505  
386  506  
386  507  
386  508  
386  509  
386  510  
386  511  
386  512  
405  487  
405  488  
405  489  
405  490  
405  491  
405  492  
405  493  
405  494  
405  495  
405  496  
405  497  
405  498  
405  499  
405  500  
405  501  
405  502  
405  503  
405  504  
405  505  
405  506  
405  507  
405  508  
405  509  
405  510  
405  511  
405  512  
405  513  
405  514  
405  515  
405  516  
405  517  
406  518  
406  519  
406  520  
271  500  
272  500  
273  500  
274  501  
275  501  
276  501  
277  501  
278  501  
279  501  
280  501  
281  501  
282  501  
283  501  
284  501  
285  501  
286  501  
287  502  
288  502  
289  502  
290  502  
189  504  
190  504  
191  504  
192  504  
193  504  
194  504  
195  505  
196  505  
197  505  
198  505  
199  505  
200  505  
201  505  
202  505  
203  505  
204  505  
205  505  
206  505  
207  505  
208  505  
209  505  
210  505  
211  505  
212  505  
213  506  
214  506  
215  506  
216  506  
217  506  
218  506  
219  506  
220  506  
221  506  
222  506  
223  506  
224  506  
225  507  
226  507  
227  507  
228  507  
229  507  
230  507  
231  507  
232  507  
233  507  
234  507  
235  507  
245  506  
246  506  
247  506  
248  506  
249  506  
250  506  
251  506  
252  506  
253  506  
254  506  
255  507  
256  507  
257  507  
258  507  
259  507  
260  507  
261  507  
262  507  
263  507  
264  507  
265  508  
266  508  
267  508  
268  508  
269  508  
270  508  
271  508  
272  508  
273  508  
274  508  
275  508  
276  508  
304  506  
305  506  
306  506  
307  506  
308  506  
309  506  
310  506  
311  506  
312  506  
313  506  
314  506  
315  506  
316  506  
317  506  
318  506  
303  507  
319  507  
303  508  
319  508  
304  509  
319  509  
314  510  
315  510  
316  510  
317  510  
318  510  
179  518  
180  518  
181  518  
182  518  
183  518  
184  518  
185  518  
186  518  
187  518  
188  518  
189  518  
190  518  
191  518  
192  518  
193  518  
194  518  
195  518  
196  518  
197  518  
173  519  
174  519  
175  519  
176  519  
177  519  
178  519  
198  519  
199  519  
200  519  
201  519  
202  519  
203  519  
204  519  
205  519  
206  519  
207  519  
208  519  
209  519  
210  519  
211  519  
212  519  
213  519  
214  519  
215  519  
216  519  
167  520  
168  520  
169  520  
170  520  
171  520  
172  520  
217  520  
218  520  
219  520  
220  520  
221  520  
222  520  
223  520  
224  520  
225  520  
226  520  
227  520  
228  520  
229  521  
230  521  
231  521  
232  521  
233  521  
234  521  
235  521  
236  521  
237  521  
238  521  
239  521  
240  521  
241  521  
242  521  
243  521  
244  521  
245  521  
246  521  
247  521  
248  521  
249  521  
250  522  
251  522  
252  522  
253  522  
254  522  
255  522  
256  522  
257  522  
258  522  
259  522  
260  522  
261  523  
262  523  
263  523  
264  523  
265  523  
266  523  
267  523  
268  523  
269  523  
270  523  
271  523  
272  523  
273  523  
274  523  
275  523  
276  523  
277  523  
278  523  
279  524  
280  524  
281  524  
282  524  
283  524  
284  524  
285  524  
286  524  
287  524  
288  524  
289  524  
290  524  
291  524  
292  525  
293  525  
294  525  
295  525  
296  525  
297  525  
173  523  
174  523  
175  523  
176  523  
177  523  
178  523  
179  523  
180  523  
181  523  
182  523  
183  523  
184  523  
185  523  
186  523  
187  523  
188  523  
189  523  
190  523  
191  523  
192  523  
193  523  
194  523  
195  523  
196  523  
197  523  
198  523  
199  523  
200  523  
201  523  
202  523  
203  523  
204  523  
205  523  
206  523  
207  523  
210  523  
211  523  
212  523  
213  523  
167  524  
168  524  
169  524  
170  524  
171  524  
172  524  
208  524  
209  524  
214  524  
215  524  
216  524  
217  524  
218  524  
219  524  
220  524  
228  525  
229  525  
230  525  
231  525  
232  525  
233  525  
234  525  
235  525  
236  525  
237  525  
238  525  
239  525  
240  525  
241  525  
242  525  
243  525  
244  525  
245  525  
246  525  
247  526  
248  526  
249  526  
250  526  
251  526  
252  526  
253  526  
254  526  
255  526  
256  526  
257  526  
258  526  
259  526  
260  526  
261  527  
262  527  
263  527  
264  527  
265  527  
266  527  
267  527  
268  527  
269  527  
270  528  
271  528  
272  528  
273  528  
274  528  
275  528  
276  528  
277  528  
278  528  
279  528  
280  528  
281  528  
282  528  
283  529  
284  529  
285  529  
286  529  
287  529  
288  529  
289  530  
290  530  
291  530  
292  530  
293  530  
294  530  
295  531  
296  531  
297  531  
298  531  
299  531  
300  531  
301  531  
302  531  
303  531  
304  531  
305  531  
306  531  
307  531  
308  531  
309  531  
208  543  
209  543  
210  543  
211  543  
212  543  
213  543  
214  543  
215  543  
216  543  
217  543  
218  543  
219  543  
220  543  
221  544  
222  544  
223  544  
224  544  
225  544  
226  544  
227  544  
228  544  
229  544  
230  544  
231  544  
232  544  
233  544  
234  544  
235  544  
236  544  
237  544  
238  545  
239  545  
240  545  
241  545  
242  545  
243  545  
244  545  
245  545  
246  545  
247  545  
248  545  
249  545  
250  545  
251  545  
252  545  
253  545  
254  546  
255  546  
256  546  
257  546  
258  546  
259  546  
260  546  
261  546  
262  546  
263  546  
264  546  
265  546  
266  546  
267  546  
268  546  
269  546  
270  546  
271  547  
272  547  
273  547  
274  547  
275  547  
276  547  
277  547  
278  547  
279  547  
280  547  
281  547  
282  547  
283  547  
284  547  
285  547  
286  547  
287  548  
288  548  
289  548  
290  548  
291  548  
292  548  
293  548  
294  548  
295  548  
296  548  
297  548  
298  548  
299  548  
300  549  
301  549  
302  549  
303  549  
304  549  
305  549  
306  549  
307  549  
308  549  
309  549  
310  549  
311  549  
312  549  
313  549  
314  550  
315  550  
316  550  
317  550  
318  550  
319  550  
320  550  
321  550  
322  550  
323  550  
324  550  
325  550  
326  550  
327  550  
328  550  
329  550  
330  551  
331  551  
332  551  
333  551  
334  551  
335  551  
336  551  
337  551  
338  551  
339  551  
340  551  
341  551  
342  551  
343  551  
344  551  
345  551  
346  551  
347  552  
348  552  
349  552  
350  552  
351  552  
352  552  
353  552  
354  552  
355  552  
356  552  
182  548  
182  549  
182  550  
182  551  
182  552  
182  553  
182  554  
182  555  
182  556  
182  557  
182  558  
182  559  
182  560  
182  561  
182  562  
182  563  
182  564  
182  565  
182  566  
182  567  
182  568  
182  569  
182  570  
182  571  
182  572  
182  573  
182  574  
182  575  
183  576  
412  555  
413  555  
414  555  
415  555  
416  555  
417  555  
418  555  
419  555  
420  555  
421  555  
422  555  
423  555  
424  555  
425  555  
426  555  
427  555  
428  555  
429  555  
430  555  
431  555  
432  555  
433  555  
434  555  
435  555  
436  555  
437  555  
438  555  
439  555  
440  555  
441  555  
442  555  
443  555  
444  555  
445  555  
446  555  
447  555  
448  555  
386  557  
386  558  
386  559  
386  560  
386  561  
386  562  
386  563  
386  564  
386  565  
386  566  
386  567  
386  568  
387  569  
387  570  
387  571  
387  572  
387  573  
387  574  
387  575  
387  576  
387  577  
387  578  
387  579  
387  580  
387  581  
387  582  
387  583  
387  584  
387  585  
387  586  
387  587  
387  588  
387  589  
387  590  
387  591  
387  592  
387  593  
387  594  
387  595  
387  596  
387  597  
387  598  
387  599  
387  600  
388  601  
388  602  
248  561  
249  561  
250  561  
251  561  
252  561  
253  561  
254  561  
255  561  
256  561  
257  561  
258  561  
259  561  
260  561  
261  561  
262  561  
263  561  
264  561  
265  561  
266  561  
267  562  
268  562  
269  562  
270  562  
271  562  
272  562  
273  562  
274  562  
275  562  
276  562  
277  562  
278  562  
279  563  
280  563  
281  563  
282  563  
283  563  
284  563  
285  563  
286  563  
287  563  
288  563  
289  563  
290  563  
291  563  
292  563  
293  563  
294  563  
295  563  
296  563  
297  564  
298  564  
299  564  
300  564  
301  564  
302  564  
303  564  
304  564  
305  564  
306  564  
307  564  
376  566  
376  567  
376  568  
376  569  
376  570  
376  571  
376  572  
376  573  
376  574  
376  575  
376  576  
376  577  
376  578  
376  579  
376  580  
376  581  
376  582  
376  583  
376  584  
376  585  
376  586  
376  587  
376  588  
376  589  
376  590  
376  591  
376  592  
376  593  
376  594  
376  595  
376  596  
376  597  
376  598  
376  599  
376  600  
376  601  
376  602  
376  603  
376  604  
376  605  
376  606  
376  607  
369  567  
369  568  
369  569  
369  570  
369  571  
369  572  
369  573  
369  574  
369  575  
369  576  
369  577  
369  578  
369  579  
369  580  
369  581  
369  582  
369  583  
370  584  
370  585  
370  586  
370  587  
370  588  
370  589  
370  590  
370  591  
370  592  
370  593  
370  594  
370  595  
370  596  
370  597  
370  598  
370  599  
370  600  
370  601  
370  602  
370  603  
370  604  
370  605  
370  606  
369  607  
369  608  
241  568  
241  569  
241  570  
241  571  
241  572  
241  573  
241  574  
241  575  
241  576  
241  577  
241  578  
241  579  
241  580  
241  581  
241  582  
241  583  
241  584  
241  585  
241  586  
241  587  
241  588  
241  589  
241  590  
241  591  
182  589  
182  590  
182  591  
182  592  
183  593  
183  594  
183  595  
183  596  
183  597  
183  598  
183  599  
183  600  
183  601  
183  602  
183  603  
183  604  
183  605  
183  606  
182  607  
182  608  
