333  233  
333  234  
333  235  
333  236  
333  237  
333  238  
333  239  
333  240  
333  241  
333  242  
333  243  
333  244  
333  245  
333  246  
334  247  
334  248  
334  249  
334  250  
334  251  
334  252  
334  253  
336  234  
336  235  
336  236  
336  237  
337  238  
337  239  
337  240  
336  241  
337  242  
337  243  
337  244  
337  245  
337  246  
337  247  
337  248  
337  249  
337  250  
337  251  
337  252  
337  253  
337  254  
229  254  
229  255  
229  256  
229  257  
229  258  
229  259  
229  260  
229  261  
229  262  
229  263  
229  264  
229  265  
229  266  
229  267  
229  268  
229  269  
229  270  
228  271  
228  272  
229  273  
229  274  
229  275  
228  276  
228  277  
228  278  
228  279  
228  280  
228  281  
228  282  
228  283  
228  284  
228  285  
228  286  
228  287  
228  288  
228  289  
228  290  
228  291  
228  292  
228  293  
228  294  
228  295  
228  296  
228  297  
228  298  
228  299  
228  300  
227  301  
227  302  
227  303  
227  304  
227  305  
227  306  
227  307  
227  308  
227  309  
227  310  
227  311  
227  312  
227  313  
227  314  
227  315  
227  316  
227  317  
227  318  
227  319  
227  320  
227  321  
227  322  
227  323  
227  324  
227  325  
227  326  
227  327  
226  328  
226  329  
226  330  
226  331  
226  332  
226  333  
226  334  
226  335  
226  336  
226  337  
226  338  
226  339  
226  340  
226  341  
226  342  
226  343  
226  344  
226  345  
226  346  
226  347  
416  271  
416  272  
416  273  
416  274  
416  275  
417  276  
417  277  
417  278  
417  279  
417  280  
417  281  
417  282  
417  283  
417  284  
417  285  
417  286  
417  287  
417  288  
417  289  
417  290  
417  291  
417  292  
200  274  
200  275  
200  276  
200  277  
200  278  
200  279  
200  280  
200  281  
200  282  
200  283  
200  284  
200  285  
200  286  
200  287  
200  288  
199  289  
199  290  
199  291  
199  292  
199  293  
199  294  
199  295  
199  296  
199  297  
199  298  
199  299  
199  300  
199  301  
199  302  
199  303  
199  304  
199  305  
199  306  
199  307  
198  308  
198  309  
198  310  
198  311  
198  312  
198  313  
198  314  
198  315  
115  276  
115  277  
115  278  
115  279  
115  280  
115  281  
115  282  
115  283  
115  284  
115  285  
115  286  
114  287  
114  288  
114  289  
114  290  
114  291  
114  292  
114  293  
114  294  
114  295  
114  296  
113  297  
113  298  
113  299  
113  300  
113  301  
113  302  
113  303  
113  304  
113  305  
113  306  
113  307  
112  308  
112  309  
112  310  
112  311  
112  312  
112  313  
112  314  
112  315  
112  316  
112  317  
111  318  
233  279  
233  280  
233  281  
233  282  
233  283  
233  284  
233  285  
232  286  
232  287  
232  288  
232  289  
232  290  
232  291  
232  292  
232  293  
232  294  
232  295  
232  296  
232  297  
232  298  
232  299  
232  300  
232  301  
232  302  
232  303  
232  304  
232  305  
231  306  
231  307  
231  308  
231  309  
231  310  
231  311  
231  312  
231  313  
231  314  
231  315  
231  316  
231  317  
231  318  
231  319  
231  320  
231  321  
231  322  
231  323  
231  324  
231  325  
231  326  
231  327  
231  328  
231  329  
231  330  
231  331  
230  332  
230  333  
230  334  
230  335  
230  336  
230  337  
230  338  
230  339  
230  340  
230  341  
230  342  
230  343  
230  344  
230  345  
230  346  
230  347  
230  348  
230  349  
229  350  
229  351  
229  352  
229  353  
229  354  
229  355  
229  356  
229  357  
229  358  
229  359  
229  360  
229  361  
229  362  
229  363  
229  364  
229  365  
229  366  
229  367  
229  368  
229  369  
229  370  
229  371  
229  372  
229  373  
229  374  
229  375  
229  376  
229  377  
228  378  
228  379  
228  380  
228  381  
228  382  
228  383  
228  384  
228  385  
228  386  
228  387  
228  388  
228  389  
228  390  
228  391  
228  392  
228  393  
228  394  
228  395  
228  396  
228  397  
228  398  
228  399  
228  400  
228  401  
228  402  
228  403  
228  404  
228  405  
228  406  
228  407  
227  408  
227  409  
227  410  
227  411  
227  412  
227  413  
227  414  
227  415  
227  416  
227  417  
227  418  
227  419  
227  420  
227  421  
227  422  
227  423  
227  424  
227  425  
227  426  
227  427  
227  428  
227  429  
227  430  
227  431  
226  432  
226  433  
226  434  
226  435  
226  436  
226  437  
177  281  
177  282  
177  283  
177  284  
177  285  
177  286  
177  287  
177  288  
177  289  
177  290  
176  291  
176  292  
176  293  
176  294  
176  295  
176  296  
176  297  
176  298  
176  299  
176  300  
176  301  
176  302  
176  303  
181  281  
181  282  
181  283  
181  284  
181  285  
181  286  
180  287  
180  288  
180  289  
180  290  
180  291  
180  292  
180  293  
180  294  
180  295  
180  296  
180  297  
180  298  
180  299  
180  300  
180  301  
180  302  
180  303  
180  304  
180  305  
179  306  
179  307  
179  308  
179  309  
179  310  
179  311  
179  312  
179  313  
179  314  
179  315  
281  284  
281  285  
281  286  
281  287  
281  288  
281  289  
281  290  
281  291  
281  292  
281  293  
281  294  
281  295  
281  296  
281  297  
281  298  
281  299  
281  300  
281  301  
281  302  
281  303  
281  304  
281  305  
281  306  
281  307  
281  308  
281  309  
281  310  
281  311  
281  312  
286  285  
286  286  
286  287  
286  288  
286  289  
286  290  
286  291  
286  292  
286  293  
286  294  
286  295  
286  296  
286  297  
286  298  
286  299  
286  300  
286  301  
286  302  
286  303  
286  304  
286  305  
286  306  
286  307  
286  308  
286  309  
286  310  
443  285  
443  286  
443  287  
443  288  
443  289  
443  290  
443  291  
443  292  
443  293  
443  294  
443  295  
443  296  
443  297  
443  298  
443  299  
443  300  
444  301  
444  302  
444  303  
444  304  
444  305  
444  306  
444  307  
444  308  
444  309  
296  286  
296  287  
296  288  
296  289  
296  290  
296  291  
296  292  
296  293  
296  294  
296  295  
296  296  
296  297  
296  298  
296  299  
297  300  
297  301  
297  302  
297  303  
297  304  
297  305  
297  306  
297  307  
297  308  
297  309  
297  310  
297  311  
297  312  
297  313  
298  314  
298  315  
298  316  
298  317  
452  287  
452  288  
452  289  
452  290  
452  291  
452  292  
452  293  
453  294  
453  295  
453  296  
453  297  
453  298  
453  299  
453  300  
453  301  
453  302  
453  303  
453  304  
453  305  
453  306  
453  307  
454  308  
454  309  
454  310  
454  311  
454  312  
454  313  
454  314  
454  315  
454  316  
454  317  
454  318  
454  319  
454  320  
454  321  
454  322  
454  323  
455  324  
455  325  
455  326  
455  327  
455  328  
455  329  
455  330  
455  331  
455  332  
455  333  
455  334  
455  335  
22  301  
22  302  
22  303  
22  304  
21  305  
21  306  
21  307  
21  308  
21  309  
21  310  
21  311  
21  312  
20  313  
20  314  
20  315  
20  316  
20  317  
20  318  
20  319  
20  320  
19  321  
19  322  
19  323  
19  324  
19  325  
19  326  
19  327  
19  328  
18  329  
18  330  
18  331  
18  332  
18  333  
18  334  
18  335  
18  336  
18  337  
17  338  
17  339  
17  340  
17  341  
17  342  
17  343  
17  344  
17  345  
16  346  
16  347  
16  348  
16  349  
16  350  
16  351  
16  352  
16  353  
16  354  
16  355  
15  356  
15  357  
15  358  
15  359  
15  360  
15  361  
15  362  
14  363  
14  364  
14  365  
14  366  
14  367  
14  368  
14  369  
14  370  
13  371  
13  372  
13  373  
13  374  
13  375  
13  376  
13  377  
13  378  
13  379  
12  380  
12  381  
12  382  
12  383  
374  318  
374  319  
374  320  
374  321  
374  322  
374  323  
374  324  
374  325  
374  326  
374  327  
375  328  
375  329  
375  330  
374  331  
374  332  
375  333  
375  334  
375  335  
370  336  
375  336  
371  337  
372  337  
373  337  
374  337  
397  324  
397  325  
397  326  
397  327  
397  328  
397  329  
397  330  
397  331  
397  332  
397  333  
397  334  
397  335  
397  336  
397  337  
397  338  
397  339  
397  340  
397  341  
397  342  
397  343  
397  344  
397  345  
397  346  
397  347  
397  348  
397  349  
397  350  
397  351  
397  352  
397  353  
398  354  
398  355  
398  356  
398  357  
398  358  
398  359  
398  360  
398  361  
398  362  
398  363  
398  364  
194  325  
195  325  
196  325  
197  325  
190  326  
191  326  
192  326  
193  326  
186  327  
187  327  
188  327  
189  327  
181  328  
182  328  
183  328  
184  328  
185  328  
177  329  
178  329  
179  329  
180  329  
174  330  
175  330  
176  330  
401  326  
401  327  
401  328  
401  329  
401  330  
401  331  
401  332  
401  333  
401  334  
401  335  
401  336  
401  337  
401  338  
401  339  
401  340  
401  341  
401  342  
401  343  
401  344  
401  345  
401  346  
401  347  
401  348  
401  349  
401  350  
401  351  
402  352  
402  353  
402  354  
402  355  
402  356  
402  357  
402  358  
402  359  
402  360  
402  361  
402  362  
402  363  
402  364  
402  365  
402  366  
402  367  
402  368  
402  369  
422  329  
422  330  
422  331  
422  332  
422  333  
421  334  
421  335  
422  336  
422  337  
422  338  
422  339  
422  340  
422  341  
422  342  
422  343  
422  344  
422  345  
422  346  
422  347  
422  348  
426  341  
426  342  
426  343  
426  344  
426  345  
426  346  
426  347  
426  348  
426  349  
426  350  
426  351  
426  352  
426  353  
427  354  
427  355  
427  356  
427  357  
427  358  
427  359  
427  360  
427  361  
427  362  
427  363  
427  364  
427  365  
427  366  
427  367  
427  368  
427  369  
427  370  
427  371  
427  372  
427  373  
427  374  
427  375  
426  376  
426  377  
426  378  
456  343  
456  344  
456  345  
456  346  
456  347  
456  348  
456  349  
456  350  
456  351  
456  352  
456  353  
456  354  
456  355  
456  356  
456  357  
457  358  
457  359  
457  360  
457  361  
457  362  
457  363  
457  364  
457  365  
457  366  
457  367  
457  368  
457  369  
457  370  
457  371  
457  372  
457  373  
457  374  
457  375  
457  376  
458  377  
458  378  
458  379  
458  380  
458  381  
458  382  
458  383  
458  384  
458  385  
458  386  
458  387  
458  388  
458  389  
458  390  
458  391  
458  392  
458  393  
458  394  
459  395  
459  396  
459  397  
459  398  
459  399  
459  400  
459  401  
459  402  
459  403  
459  404  
459  405  
459  406  
459  407  
459  408  
459  409  
459  410  
459  411  
459  412  
459  413  
460  414  
460  415  
460  416  
460  417  
460  418  
460  419  
460  420  
460  421  
460  422  
460  423  
460  424  
460  425  
460  426  
460  427  
460  428  
460  429  
460  430  
460  431  
460  432  
460  433  
460  434  
460  435  
461  436  
461  437  
461  438  
461  439  
461  440  
461  441  
461  442  
461  443  
461  444  
436  345  
437  346  
437  347  
437  348  
437  349  
437  350  
437  351  
437  352  
437  353  
437  354  
437  355  
437  356  
437  357  
437  358  
438  359  
437  360  
437  361  
437  362  
437  363  
437  364  
438  365  
438  366  
434  351  
433  352  
433  353  
433  354  
434  355  
434  356  
434  357  
434  358  
434  359  
434  360  
434  361  
434  362  
434  363  
434  364  
434  365  
434  366  
434  367  
434  368  
434  369  
435  370  
435  371  
435  372  
435  373  
435  374  
435  375  
29  354  
29  355  
29  356  
29  357  
29  358  
29  359  
29  360  
29  361  
29  362  
30  363  
30  364  
30  365  
29  366  
29  367  
29  368  
29  369  
29  370  
29  371  
29  372  
29  373  
29  374  
29  375  
28  376  
28  377  
28  378  
28  379  
28  380  
28  381  
28  382  
28  383  
28  384  
27  385  
27  386  
27  387  
27  388  
27  389  
27  390  
27  391  
27  392  
27  393  
27  394  
26  395  
26  396  
26  397  
26  398  
26  399  
26  400  
26  401  
26  402  
25  403  
25  404  
25  405  
25  406  
25  407  
25  408  
25  409  
25  410  
25  411  
24  412  
24  413  
24  414  
24  415  
24  416  
24  417  
24  418  
24  419  
24  420  
23  421  
23  422  
23  423  
23  424  
23  425  
23  426  
23  427  
23  428  
22  429  
22  430  
22  431  
22  432  
22  433  
22  434  
225  355  
225  356  
225  357  
225  358  
225  359  
225  360  
225  361  
225  362  
225  363  
225  364  
225  365  
225  366  
225  367  
225  368  
225  369  
225  370  
225  371  
225  372  
224  373  
225  374  
225  375  
224  376  
224  377  
224  378  
224  379  
224  380  
224  381  
224  382  
224  383  
224  384  
224  385  
224  386  
224  387  
224  388  
224  389  
224  390  
224  391  
224  392  
224  393  
224  394  
224  395  
224  396  
224  397  
224  398  
224  399  
224  400  
224  401  
224  402  
224  403  
223  404  
223  405  
223  406  
223  407  
223  408  
223  409  
223  410  
223  411  
223  412  
223  413  
223  414  
223  415  
223  416  
223  417  
223  418  
223  419  
223  420  
223  421  
223  422  
223  423  
223  424  
223  425  
223  426  
223  427  
223  428  
223  429  
223  430  
223  431  
223  432  
222  433  
222  434  
222  435  
222  436  
222  437  
222  438  
222  439  
222  440  
69  356  
69  357  
69  358  
69  359  
69  360  
69  361  
69  362  
69  363  
69  364  
68  365  
68  366  
68  367  
68  368  
68  369  
68  370  
68  371  
68  372  
68  373  
68  374  
67  375  
67  376  
67  377  
67  378  
67  379  
67  380  
67  381  
67  382  
67  383  
67  384  
67  385  
66  386  
66  387  
66  388  
66  389  
66  390  
66  391  
66  392  
310  362  
310  363  
310  364  
310  365  
310  366  
310  367  
310  368  
310  369  
310  370  
310  371  
310  372  
310  373  
310  374  
310  375  
310  376  
310  377  
310  378  
310  379  
310  380  
310  381  
310  382  
310  383  
310  384  
310  385  
310  386  
310  387  
310  388  
310  389  
310  390  
310  391  
310  392  
310  393  
310  394  
310  395  
310  396  
310  397  
310  398  
310  399  
310  400  
310  401  
310  402  
310  403  
310  404  
310  405  
310  406  
310  407  
310  408  
310  409  
310  410  
310  411  
310  412  
310  413  
310  414  
310  415  
310  416  
310  417  
310  418  
310  419  
310  420  
310  421  
310  422  
310  423  
310  424  
310  425  
310  426  
310  427  
310  428  
310  429  
310  430  
310  431  
310  432  
310  433  
310  434  
310  435  
310  436  
310  437  
310  438  
310  439  
310  440  
310  441  
310  442  
310  443  
310  444  
310  445  
310  446  
310  447  
310  448  
196  366  
196  367  
196  368  
196  369  
196  370  
196  371  
196  372  
196  373  
196  374  
196  375  
196  376  
196  377  
196  378  
196  379  
196  380  
196  381  
196  382  
196  383  
196  384  
196  385  
195  386  
195  387  
195  388  
195  389  
195  390  
195  391  
195  392  
195  393  
195  394  
195  395  
195  396  
195  397  
195  398  
195  399  
195  400  
195  401  
195  402  
195  403  
195  404  
195  405  
195  406  
194  407  
194  408  
194  409  
194  410  
194  411  
194  412  
194  413  
194  414  
106  368  
106  369  
106  370  
106  371  
106  372  
106  373  
106  374  
105  375  
105  376  
105  377  
105  378  
105  379  
105  380  
105  381  
105  382  
105  383  
105  384  
105  385  
105  386  
105  387  
104  388  
104  389  
104  390  
104  391  
104  392  
104  393  
104  394  
104  395  
278  368  
278  369  
278  370  
278  371  
278  372  
278  373  
278  374  
278  375  
278  376  
278  377  
278  378  
278  379  
278  380  
278  381  
278  382  
278  383  
278  384  
278  385  
278  386  
278  387  
278  388  
278  389  
278  390  
278  391  
278  392  
278  393  
278  394  
278  395  
278  396  
278  397  
278  398  
278  399  
278  400  
278  401  
278  402  
278  403  
278  404  
278  405  
278  406  
277  407  
277  408  
277  409  
277  410  
277  411  
277  412  
277  413  
277  414  
277  415  
277  416  
277  417  
314  373  
314  374  
314  375  
314  376  
314  377  
314  378  
314  379  
314  380  
314  381  
314  382  
314  383  
314  384  
314  385  
314  386  
314  387  
314  388  
314  389  
314  390  
314  391  
314  392  
315  393  
172  375  
173  376  
173  377  
173  378  
173  379  
173  380  
173  381  
173  382  
173  383  
173  384  
173  385  
173  386  
173  387  
173  388  
173  389  
173  390  
173  391  
173  392  
173  393  
173  394  
173  395  
173  396  
173  397  
173  398  
173  399  
173  400  
173  401  
173  402  
173  403  
173  404  
172  405  
172  406  
172  407  
172  408  
172  409  
172  410  
172  411  
172  412  
172  413  
172  414  
172  415  
131  376  
130  377  
130  378  
130  379  
130  380  
130  381  
130  382  
130  383  
130  384  
129  385  
129  386  
129  387  
129  388  
129  389  
129  390  
129  391  
129  392  
129  393  
129  394  
129  395  
402  377  
402  378  
402  379  
402  380  
402  381  
402  382  
403  383  
403  384  
403  385  
403  386  
403  387  
403  388  
403  389  
403  390  
403  391  
403  392  
403  393  
403  394  
403  395  
403  396  
403  397  
403  398  
403  399  
403  400  
403  401  
403  402  
403  403  
403  404  
403  405  
403  406  
403  407  
403  408  
403  409  
403  410  
403  411  
398  378  
398  379  
398  380  
399  381  
399  382  
399  383  
399  384  
399  385  
399  386  
399  387  
399  388  
399  389  
399  390  
399  391  
399  392  
399  393  
399  394  
399  395  
399  396  
399  397  
399  398  
399  399  
399  400  
399  401  
399  402  
399  403  
399  404  
399  405  
399  406  
399  407  
399  408  
399  409  
399  410  
399  411  
399  412  
399  413  
399  414  
399  415  
399  416  
399  417  
399  418  
400  419  
400  420  
400  421  
400  422  
400  423  
400  424  
400  425  
400  426  
400  427  
400  428  
400  429  
400  430  
400  431  
400  432  
400  433  
400  434  
400  435  
400  436  
400  437  
400  438  
400  439  
400  440  
400  441  
400  442  
400  443  
297  384  
297  385  
296  386  
296  387  
296  388  
296  389  
296  390  
296  391  
296  392  
296  393  
296  394  
296  395  
296  396  
296  397  
296  398  
296  399  
296  400  
296  401  
296  402  
296  403  
296  404  
296  405  
296  406  
296  407  
296  408  
296  409  
296  410  
296  411  
296  412  
296  413  
296  414  
296  415  
296  416  
296  417  
296  418  
296  419  
296  420  
314  401  
314  402  
314  403  
314  404  
314  405  
314  406  
314  407  
314  408  
314  409  
314  410  
314  411  
314  412  
314  413  
314  414  
314  415  
314  416  
314  417  
314  418  
314  419  
314  420  
314  421  
314  422  
314  423  
314  424  
314  425  
314  426  
314  427  
314  428  
314  429  
314  430  
314  431  
314  432  
314  433  
314  434  
314  435  
314  436  
314  437  
314  438  
314  439  
314  440  
314  441  
314  442  
314  443  
314  444  
314  445  
314  446  
376  401  
376  402  
376  403  
376  404  
376  405  
376  406  
376  407  
376  408  
376  409  
376  410  
376  411  
376  412  
376  413  
376  414  
376  415  
376  416  
376  417  
376  418  
376  419  
376  420  
376  421  
376  422  
376  423  
376  424  
376  425  
376  426  
376  427  
376  428  
376  429  
376  430  
376  431  
376  432  
376  433  
376  434  
376  435  
376  436  
376  437  
391  403  
391  404  
391  405  
391  406  
391  407  
391  408  
391  409  
391  410  
391  411  
392  412  
392  413  
392  414  
392  415  
392  416  
392  417  
392  418  
392  419  
392  420  
392  421  
392  422  
392  423  
392  424  
392  425  
392  426  
392  427  
392  428  
392  429  
392  430  
392  431  
392  432  
392  433  
392  434  
392  435  
392  436  
392  437  
392  438  
392  439  
392  440  
392  441  
393  442  
393  443  
393  444  
393  445  
393  446  
393  447  
394  448  
394  449  
394  450  
371  404  
371  405  
371  406  
371  407  
371  408  
371  409  
371  410  
371  411  
371  412  
371  413  
371  414  
371  415  
371  416  
371  417  
371  418  
371  419  
371  420  
371  421  
371  422  
371  423  
371  424  
371  425  
371  426  
371  427  
371  428  
371  429  
371  430  
371  431  
371  432  
371  433  
371  434  
371  435  
371  436  
371  437  
371  438  
371  439  
371  440  
371  441  
371  442  
371  443  
371  444  
371  445  
346  405  
346  406  
346  407  
346  408  
345  409  
345  410  
345  411  
345  412  
345  413  
345  414  
346  415  
346  416  
346  417  
345  418  
345  419  
345  420  
345  421  
345  422  
345  423  
345  424  
345  425  
345  426  
345  427  
346  428  
346  429  
346  430  
346  431  
346  432  
346  433  
331  406  
331  407  
331  408  
331  409  
331  410  
331  411  
331  412  
331  413  
331  414  
331  415  
331  416  
331  417  
331  418  
331  419  
331  420  
331  421  
331  422  
331  423  
331  424  
331  425  
331  426  
331  427  
331  428  
404  419  
404  420  
404  421  
404  422  
404  423  
404  424  
404  425  
404  426  
404  427  
404  428  
404  429  
404  430  
404  431  
404  432  
404  433  
404  434  
404  435  
404  436  
404  437  
404  438  
404  439  
404  440  
404  441  
404  442  
404  443  
404  444  
404  445  
404  446  
404  447  
404  448  
404  449  
404  450  
404  451  
404  452  
404  453  
405  454  
405  455  
405  456  
405  457  
405  458  
405  459  
405  460  
405  461  
405  462  
405  463  
405  464  
437  421  
437  422  
437  423  
437  424  
437  425  
437  426  
437  427  
437  428  
437  429  
437  430  
437  431  
437  432  
437  433  
437  434  
437  435  
437  436  
437  437  
437  438  
437  439  
437  440  
437  441  
437  442  
437  443  
437  444  
437  445  
437  446  
437  447  
437  448  
438  449  
438  450  
438  451  
438  452  
438  453  
439  454  
187  429  
188  429  
189  429  
190  429  
191  429  
172  430  
173  430  
174  430  
175  430  
176  430  
177  430  
178  430  
179  430  
180  430  
181  430  
182  430  
183  430  
184  430  
185  430  
186  430  
169  431  
170  431  
171  431  
428  429  
428  430  
428  431  
429  432  
429  433  
429  434  
429  435  
429  436  
429  437  
429  438  
429  439  
429  440  
429  441  
429  442  
429  443  
429  444  
429  445  
429  446  
429  447  
429  448  
424  431  
424  432  
424  433  
424  434  
424  435  
424  436  
424  437  
425  438  
425  439  
425  440  
425  441  
425  442  
425  443  
425  444  
425  445  
425  446  
425  447  
425  448  
425  449  
425  450  
425  451  
47  435  
48  435  
49  435  
50  435  
51  435  
52  435  
53  435  
54  435  
55  435  
56  435  
57  435  
36  436  
37  436  
38  436  
39  436  
40  436  
41  436  
42  436  
43  436  
44  436  
45  436  
46  436  
27  437  
28  437  
29  437  
30  437  
31  437  
32  437  
33  437  
34  437  
35  437  
64  443  
65  443  
66  443  
67  443  
68  443  
69  443  
70  443  
71  443  
72  443  
73  443  
74  443  
75  443  
76  443  
77  443  
78  443  
79  443  
80  443  
81  443  
51  444  
52  444  
53  444  
54  444  
55  444  
56  444  
57  444  
58  444  
59  444  
60  444  
61  444  
62  444  
63  444  
82  444  
83  444  
84  444  
85  444  
86  444  
87  444  
38  445  
39  445  
40  445  
41  445  
42  445  
43  445  
44  445  
45  445  
46  445  
47  445  
48  445  
49  445  
50  445  
88  445  
89  445  
90  445  
91  445  
92  445  
93  445  
94  445  
105  445  
106  445  
107  445  
108  445  
109  445  
110  445  
111  445  
112  445  
24  446  
25  446  
26  446  
27  446  
28  446  
29  446  
30  446  
31  446  
32  446  
33  446  
34  446  
35  446  
36  446  
37  446  
95  446  
96  446  
97  446  
98  446  
99  446  
100  446  
101  446  
102  446  
103  446  
104  446  
13  447  
14  447  
15  447  
16  447  
17  447  
18  447  
19  447  
20  447  
21  447  
22  447  
23  447  
6  448  
7  448  
8  448  
9  448  
10  448  
11  448  
12  448  
207  446  
208  446  
209  446  
210  446  
211  446  
212  446  
213  446  
214  446  
215  446  
216  446  
217  446  
194  447  
195  447  
196  447  
197  447  
198  447  
199  447  
200  447  
201  447  
202  447  
203  447  
204  447  
205  447  
206  447  
181  448  
182  448  
183  448  
184  448  
185  448  
186  448  
187  448  
188  448  
189  448  
190  448  
191  448  
192  448  
193  448  
159  449  
160  449  
161  449  
162  449  
163  449  
164  449  
165  449  
166  449  
167  449  
168  449  
169  449  
170  449  
171  449  
172  449  
173  449  
174  449  
175  449  
176  449  
177  449  
178  449  
179  449  
180  449  
272  449  
273  449  
274  449  
275  449  
276  450  
277  450  
278  450  
279  450  
280  450  
281  451  
282  451  
283  451  
284  451  
285  451  
286  451  
287  452  
288  452  
289  452  
290  452  
291  452  
292  452  
293  452  
294  453  
295  453  
296  453  
297  453  
298  453  
299  454  
300  454  
301  454  
302  454  
303  454  
304  454  
305  455  
306  455  
307  455  
308  455  
309  455  
310  455  
311  456  
312  456  
313  456  
32  460  
33  460  
34  460  
35  460  
36  460  
37  460  
38  460  
39  460  
40  460  
41  460  
42  460  
43  460  
44  460  
45  460  
15  461  
16  461  
17  461  
18  461  
19  461  
20  461  
21  461  
22  461  
23  461  
24  461  
25  461  
26  461  
27  461  
28  461  
29  461  
30  461  
31  461  
5  462  
6  462  
7  462  
8  462  
9  462  
10  462  
11  462  
12  462  
13  462  
14  462  
355  463  
356  463  
357  464  
358  464  
359  464  
360  464  
361  464  
362  465  
363  465  
364  465  
365  465  
366  465  
367  466  
368  466  
369  466  
370  466  
371  466  
372  466  
373  466  
374  467  
375  467  
376  467  
377  467  
378  467  
379  467  
380  468  
381  468  
330  464  
331  464  
332  464  
333  464  
334  464  
335  465  
336  465  
337  465  
338  465  
339  465  
340  465  
341  466  
342  466  
343  466  
344  466  
345  466  
346  466  
347  466  
348  467  
349  467  
90  466  
90  467  
90  468  
90  469  
90  470  
90  471  
90  472  
90  473  
90  474  
90  475  
90  476  
89  477  
89  478  
89  479  
89  480  
89  481  
89  482  
89  483  
89  484  
89  485  
89  486  
89  487  
89  488  
89  489  
89  490  
89  491  
88  492  
88  493  
88  494  
88  495  
88  496  
88  497  
88  498  
87  499  
87  500  
87  501  
87  502  
87  503  
87  504  
87  505  
87  506  
87  507  
87  508  
180  466  
181  466  
182  466  
183  466  
184  466  
185  466  
186  466  
187  466  
191  466  
192  466  
188  467  
189  467  
190  467  
193  467  
194  467  
195  467  
196  467  
197  467  
198  467  
199  467  
200  467  
201  467  
202  467  
203  467  
204  467  
205  467  
206  467  
207  467  
208  467  
209  467  
210  467  
211  467  
212  467  
213  467  
214  467  
215  467  
216  467  
217  467  
218  467  
219  468  
220  468  
221  469  
221  470  
54  470  
21  471  
22  471  
23  471  
24  471  
25  471  
26  471  
27  471  
28  471  
29  471  
30  471  
31  471  
32  471  
33  471  
34  471  
35  471  
36  471  
37  471  
38  471  
39  471  
40  471  
41  471  
42  471  
43  471  
44  471  
45  471  
46  471  
47  471  
48  471  
49  471  
50  471  
51  471  
52  471  
53  471  
5  472  
6  472  
7  472  
8  472  
9  472  
10  472  
11  472  
12  472  
13  472  
14  472  
15  472  
16  472  
17  472  
18  472  
19  472  
20  472  
412  472  
413  472  
414  473  
415  473  
416  473  
417  473  
418  473  
419  473  
420  474  
421  474  
422  474  
423  474  
424  474  
425  474  
426  475  
427  475  
428  475  
429  475  
430  475  
431  475  
432  476  
433  476  
434  476  
435  476  
436  476  
437  476  
438  477  
439  477  
440  477  
441  477  
442  477  
443  477  
444  478  
445  478  
446  478  
447  478  
448  478  
449  478  
450  479  
451  479  
452  479  
453  479  
454  479  
455  479  
456  480  
457  480  
458  480  
459  480  
460  480  
461  480  
462  481  
214  474  
215  474  
216  474  
191  475  
192  475  
193  475  
194  475  
195  475  
196  475  
197  475  
198  475  
199  475  
200  475  
201  475  
202  475  
203  475  
204  475  
205  475  
206  475  
207  475  
208  475  
209  475  
210  475  
211  475  
212  475  
213  475  
179  476  
180  476  
181  476  
182  476  
183  476  
184  476  
185  476  
186  476  
187  476  
188  476  
189  476  
190  476  
314  476  
314  477  
314  478  
314  479  
314  480  
314  481  
314  482  
314  483  
314  484  
314  485  
314  486  
314  487  
314  488  
314  489  
314  490  
314  491  
314  492  
314  493  
314  494  
314  495  
314  496  
314  497  
314  498  
314  499  
314  500  
314  501  
314  502  
314  503  
314  504  
314  505  
314  506  
314  507  
314  508  
314  509  
314  510  
314  511  
314  512  
314  513  
314  514  
314  515  
314  516  
314  517  
314  518  
314  519  
314  520  
314  521  
314  522  
314  523  
314  524  
314  525  
314  526  
314  527  
314  528  
314  529  
314  530  
314  531  
314  532  
314  533  
314  534  
314  535  
313  536  
313  537  
313  538  
313  539  
295  477  
295  478  
295  479  
294  480  
294  481  
294  482  
294  483  
294  484  
294  485  
294  486  
294  487  
294  488  
294  489  
294  490  
294  491  
294  492  
294  493  
294  494  
294  495  
294  496  
295  497  
294  498  
294  499  
294  500  
295  501  
295  502  
295  503  
295  504  
295  505  
295  506  
295  507  
295  508  
295  509  
295  510  
295  511  
295  512  
295  513  
295  514  
295  515  
295  516  
295  517  
295  518  
295  519  
295  520  
331  478  
331  479  
331  480  
331  481  
331  482  
331  483  
331  484  
331  485  
331  486  
331  487  
331  488  
331  489  
331  490  
331  491  
331  492  
331  493  
331  494  
331  495  
331  496  
331  497  
331  498  
331  499  
331  500  
331  501  
331  502  
331  503  
331  504  
331  505  
331  506  
331  507  
331  508  
331  509  
331  510  
331  511  
331  512  
331  513  
331  514  
331  515  
331  516  
331  517  
331  518  
331  519  
331  520  
331  521  
331  522  
331  523  
331  524  
331  525  
331  526  
331  527  
332  528  
346  483  
346  484  
346  485  
346  486  
346  487  
346  488  
346  489  
346  490  
346  491  
346  492  
346  493  
346  494  
346  495  
346  496  
346  497  
346  498  
346  499  
346  500  
346  501  
346  502  
346  503  
347  504  
347  505  
347  506  
347  507  
347  508  
347  509  
347  510  
347  511  
347  512  
347  513  
347  514  
347  515  
347  516  
347  517  
376  485  
376  486  
376  487  
376  488  
376  489  
376  490  
376  491  
376  492  
376  493  
376  494  
376  495  
376  496  
376  497  
376  498  
376  499  
376  500  
376  501  
376  502  
376  503  
376  504  
376  505  
376  506  
376  507  
376  508  
376  509  
377  510  
377  511  
377  512  
377  513  
377  514  
377  515  
377  516  
377  517  
377  518  
377  519  
377  520  
377  521  
377  522  
377  523  
377  524  
377  525  
377  526  
57  486  
57  487  
57  488  
57  489  
56  490  
56  491  
56  492  
56  493  
56  494  
56  495  
56  496  
56  497  
55  498  
55  499  
55  500  
55  501  
55  502  
55  503  
55  504  
55  505  
55  506  
55  507  
55  508  
55  509  
185  488  
186  488  
187  488  
188  488  
189  488  
193  488  
194  488  
195  488  
196  488  
197  488  
198  488  
199  488  
200  488  
201  488  
202  488  
203  488  
204  488  
205  488  
206  488  
207  488  
208  488  
209  488  
210  488  
211  488  
212  488  
213  488  
214  488  
215  488  
216  488  
183  489  
184  489  
190  489  
191  489  
192  489  
156  489  
157  489  
158  489  
159  489  
160  489  
161  489  
162  489  
163  489  
164  489  
165  489  
166  489  
167  489  
168  489  
169  489  
170  489  
171  489  
172  489  
173  489  
174  489  
175  489  
393  489  
393  490  
393  491  
392  492  
392  493  
392  494  
392  495  
393  496  
393  497  
393  498  
393  499  
393  500  
393  501  
393  502  
393  503  
393  504  
393  505  
393  506  
393  507  
393  508  
393  509  
393  510  
393  511  
393  512  
393  513  
393  514  
393  515  
393  516  
393  517  
393  518  
393  519  
393  520  
393  521  
393  522  
393  523  
393  524  
277  491  
277  492  
277  493  
277  494  
277  495  
277  496  
277  497  
277  498  
277  499  
277  500  
277  501  
277  502  
277  503  
277  504  
277  505  
277  506  
277  507  
277  508  
277  509  
277  510  
388  492  
388  493  
388  494  
388  495  
388  496  
388  497  
388  498  
388  499  
389  500  
389  501  
389  502  
389  503  
389  504  
389  505  
389  506  
389  507  
389  508  
389  509  
389  510  
389  511  
389  512  
389  513  
390  514  
390  515  
390  516  
390  517  
390  518  
410  494  
411  494  
412  494  
413  494  
414  494  
415  495  
416  495  
417  495  
418  495  
419  495  
420  495  
421  495  
422  495  
423  495  
424  496  
425  496  
426  496  
427  496  
428  497  
428  498  
428  499  
428  500  
441  495  
441  496  
441  497  
441  498  
441  499  
441  500  
441  501  
441  502  
441  503  
441  504  
441  505  
441  506  
441  507  
441  508  
441  509  
441  510  
441  511  
441  512  
441  513  
441  514  
441  515  
334  498  
334  499  
334  500  
334  501  
334  502  
334  503  
334  504  
334  505  
334  506  
334  507  
334  508  
334  509  
334  510  
334  511  
334  512  
334  513  
334  514  
334  515  
334  516  
334  517  
334  518  
163  500  
164  500  
165  500  
166  500  
167  500  
168  500  
169  500  
170  500  
178  500  
179  500  
180  500  
181  500  
182  500  
183  500  
184  500  
185  500  
186  500  
187  500  
188  500  
189  500  
190  500  
191  500  
192  500  
193  500  
194  500  
195  500  
196  500  
197  500  
198  500  
199  500  
200  500  
201  500  
202  500  
203  500  
204  500  
205  500  
206  500  
207  500  
208  500  
209  500  
210  500  
211  500  
212  500  
213  500  
156  501  
157  501  
158  501  
159  501  
160  501  
161  501  
162  501  
171  501  
172  501  
173  501  
174  501  
175  501  
176  501  
177  501  
229  500  
230  500  
231  500  
232  500  
233  500  
234  500  
235  500  
236  500  
237  500  
238  500  
239  500  
240  500  
241  500  
242  500  
243  500  
244  500  
245  500  
246  500  
247  500  
248  500  
249  500  
380  505  
380  506  
380  507  
380  508  
380  509  
380  510  
380  511  
380  512  
380  513  
380  514  
380  515  
380  516  
380  517  
380  518  
380  519  
380  520  
380  521  
380  522  
380  523  
380  524  
380  525  
380  526  
380  527  
381  528  
384  505  
384  506  
384  507  
384  508  
384  509  
384  510  
384  511  
384  512  
384  513  
384  514  
384  515  
384  516  
384  517  
384  518  
384  519  
384  520  
384  521  
384  522  
384  523  
384  524  
384  525  
384  526  
384  527  
432  509  
432  510  
432  511  
432  512  
432  513  
432  514  
432  515  
432  516  
433  517  
433  518  
433  519  
433  520  
433  521  
433  522  
433  523  
433  524  
433  525  
433  526  
432  527  
432  528  
433  529  
433  530  
433  531  
433  532  
433  533  
433  534  
136  513  
137  513  
138  513  
139  513  
140  513  
141  513  
142  513  
150  513  
151  513  
152  513  
153  513  
154  513  
155  513  
143  514  
144  514  
145  514  
146  514  
147  514  
148  514  
149  514  
162  514  
163  514  
164  514  
165  514  
166  514  
167  514  
168  514  
169  514  
170  514  
171  514  
172  514  
173  514  
174  514  
175  514  
176  514  
177  514  
178  514  
179  514  
180  514  
181  514  
182  514  
183  514  
184  514  
185  514  
186  514  
187  514  
188  514  
189  514  
190  514  
191  514  
192  514  
193  514  
194  514  
195  514  
196  514  
197  514  
198  514  
199  514  
200  514  
201  514  
202  514  
203  514  
204  514  
205  514  
206  514  
207  514  
208  514  
209  514  
210  514  
211  514  
2  517  
3  517  
4  517  
5  517  
6  517  
7  517  
8  517  
9  517  
10  517  
11  517  
12  517  
13  517  
14  517  
15  517  
16  517  
17  517  
18  517  
19  517  
20  517  
21  517  
25  517  
26  517  
22  518  
23  518  
24  518  
27  518  
28  518  
29  518  
30  518  
31  518  
32  518  
33  518  
34  518  
35  518  
36  518  
37  518  
38  518  
39  518  
40  518  
41  518  
42  518  
43  518  
91  518  
92  518  
93  518  
94  518  
95  519  
96  519  
97  519  
98  519  
99  519  
100  519  
101  519  
102  519  
103  519  
104  519  
105  519  
106  519  
107  519  
108  519  
109  519  
110  519  
111  519  
112  519  
113  519  
114  519  
115  519  
116  519  
51  519  
52  519  
53  519  
54  519  
55  519  
56  519  
57  519  
58  519  
59  519  
60  519  
61  520  
62  520  
63  520  
64  520  
65  520  
66  520  
67  520  
68  520  
69  520  
70  520  
71  520  
72  520  
73  520  
74  520  
75  520  
76  520  
77  520  
78  520  
79  520  
80  520  
81  521  
82  521  
83  521  
84  521  
85  521  
86  521  
87  521  
88  521  
89  521  
90  521  
91  522  
92  522  
93  522  
94  522  
175  526  
176  526  
177  526  
178  526  
179  526  
180  526  
181  526  
182  526  
183  526  
184  526  
185  526  
186  526  
187  526  
188  526  
189  526  
190  526  
191  526  
192  526  
193  526  
194  526  
195  526  
196  526  
197  526  
198  526  
199  527  
200  527  
201  527  
202  527  
203  527  
204  527  
205  527  
206  527  
207  527  
208  527  
209  527  
210  527  
211  527  
212  527  
2  528  
3  529  
4  529  
5  529  
6  529  
7  529  
8  529  
9  529  
10  529  
11  529  
12  529  
13  529  
14  529  
15  529  
16  529  
17  529  
18  529  
19  530  
20  530  
21  530  
22  530  
23  530  
24  530  
25  530  
26  530  
27  530  
28  530  
29  530  
30  530  
31  530  
32  530  
33  531  
34  531  
35  531  
36  531  
37  531  
38  531  
39  531  
40  531  
41  531  
42  531  
43  531  
44  531  
45  531  
46  532  
47  532  
48  532  
49  532  
50  532  
51  532  
52  532  
53  532  
54  532  
55  532  
56  532  
57  532  
58  532  
59  532  
60  533  
61  533  
62  533  
63  533  
64  533  
65  533  
66  533  
67  533  
68  533  
69  533  
70  533  
71  533  
72  533  
73  533  
74  533  
75  533  
76  534  
77  534  
78  534  
79  534  
80  534  
81  534  
82  534  
83  534  
84  534  
85  534  
86  534  
87  534  
88  534  
142  538  
143  538  
144  538  
145  538  
146  538  
147  538  
148  538  
149  538  
150  538  
151  538  
152  538  
153  538  
154  538  
155  538  
156  538  
157  538  
158  538  
159  538  
160  538  
161  538  
162  538  
163  538  
164  538  
165  538  
166  538  
167  538  
168  538  
169  538  
170  538  
171  538  
172  538  
173  538  
174  538  
175  538  
176  538  
177  539  
178  539  
179  539  
180  539  
181  539  
182  539  
183  539  
184  539  
185  539  
186  539  
187  539  
188  539  
189  539  
200  540  
201  540  
202  540  
203  540  
204  540  
205  540  
206  540  
207  540  
208  540  
209  540  
210  540  
211  540  
212  540  
213  540  
214  540  
215  540  
216  541  
217  541  
218  541  
219  542  
219  543  
219  544  
219  545  
8  541  
9  541  
10  541  
11  541  
12  541  
13  541  
14  541  
15  541  
16  542  
17  542  
18  542  
19  542  
20  542  
21  542  
22  542  
23  542  
24  543  
25  543  
26  543  
27  543  
28  543  
29  543  
30  543  
31  544  
32  544  
33  544  
34  545  
35  545  
36  545  
37  545  
38  545  
39  545  
40  545  
41  545  
42  545  
43  545  
44  545  
45  545  
46  545  
47  545  
48  545  
49  545  
50  545  
51  546  
52  546  
433  542  
433  543  
433  544  
433  545  
433  546  
433  547  
433  548  
433  549  
433  550  
433  551  
433  552  
432  553  
432  554  
432  555  
431  556  
431  557  
431  558  
431  559  
431  560  
431  561  
431  562  
60  547  
61  547  
62  547  
63  547  
64  547  
65  547  
66  547  
67  547  
68  547  
69  547  
70  547  
71  547  
72  547  
73  547  
74  547  
75  547  
76  547  
77  547  
78  547  
79  547  
80  547  
81  547  
82  547  
83  547  
84  547  
85  547  
86  547  
87  547  
88  547  
89  547  
90  548  
91  548  
92  548  
93  548  
94  548  
95  548  
96  549  
97  549  
98  549  
99  549  
100  549  
101  549  
219  548  
218  549  
218  550  
218  551  
218  552  
218  553  
218  554  
218  555  
218  556  
218  557  
218  558  
218  559  
218  560  
218  561  
218  562  
218  563  
218  564  
217  565  
217  566  
217  567  
217  568  
217  569  
217  570  
217  571  
217  572  
217  573  
217  574  
217  575  
217  576  
217  577  
407  549  
407  550  
407  551  
407  552  
407  553  
407  554  
407  555  
407  556  
407  557  
408  558  
408  559  
408  560  
408  561  
408  562  
408  563  
408  564  
408  565  
408  566  
408  567  
408  568  
408  569  
408  570  
408  571  
408  572  
408  573  
408  574  
408  575  
408  576  
409  577  
409  578  
409  579  
409  580  
409  581  
409  582  
409  583  
409  584  
409  585  
409  586  
409  587  
409  588  
409  589  
409  590  
409  591  
409  592  
409  593  
409  594  
409  595  
410  596  
410  597  
127  557  
128  557  
129  557  
130  557  
131  557  
132  557  
133  557  
134  557  
135  557  
136  557  
137  557  
138  557  
139  557  
140  558  
141  558  
142  558  
143  558  
144  558  
145  558  
146  558  
147  558  
148  558  
149  558  
150  558  
154  558  
155  558  
156  558  
157  558  
158  558  
159  558  
160  558  
161  558  
151  559  
152  559  
153  559  
19  564  
20  564  
21  564  
22  564  
23  565  
24  565  
25  565  
26  565  
27  565  
28  565  
29  565  
30  565  
31  566  
32  566  
33  566  
34  566  
35  566  
36  566  
37  566  
38  566  
39  567  
40  567  
41  567  
42  567  
43  567  
44  567  
2  565  
3  565  
4  566  
5  566  
6  566  
7  566  
8  566  
9  566  
10  566  
11  567  
12  567  
13  567  
14  567  
15  567  
16  567  
17  567  
18  567  
19  568  
20  568  
21  568  
22  568  
23  568  
24  568  
25  568  
26  568  
27  569  
28  569  
29  569  
30  569  
31  569  
32  569  
33  569  
34  569  
35  569  
36  570  
37  570  
38  570  
39  570  
40  570  
41  570  
42  570  
43  570  
44  570  
45  570  
46  571  
47  571  
48  571  
49  571  
50  571  
51  571  
52  571  
53  572  
54  572  
55  572  
56  572  
57  572  
58  572  
59  572  
60  572  
61  573  
62  573  
63  573  
64  573  
65  573  
66  573  
67  573  
68  573  
69  574  
70  574  
71  574  
72  574  
73  574  
74  574  
75  574  
76  574  
77  575  
78  575  
79  575  
80  575  
81  575  
82  575  
83  575  
84  575  
85  575  
86  576  
87  576  
88  576  
89  576  
90  576  
91  576  
92  576  
93  577  
94  577  
95  577  
96  577  
97  577  
98  577  
99  577  
100  577  
101  577  
102  577  
103  577  
104  577  
105  578  
106  578  
107  578  
108  578  
109  578  
76  571  
77  571  
78  571  
79  571  
80  571  
81  572  
82  572  
83  572  
84  572  
85  572  
86  572  
87  572  
88  572  
89  573  
90  573  
91  573  
92  573  
93  573  
94  573  
95  573  
96  574  
97  574  
98  574  
99  574  
100  574  
101  574  
102  574  
103  574  
104  574  
105  574  
106  574  
107  575  
108  575  
109  575  
110  575  
111  575  
112  575  
113  575  
114  575  
115  575  
116  575  
117  576  
118  576  
119  576  
120  576  
121  576  
122  576  
123  576  
124  577  
125  577  
126  577  
127  577  
128  577  
129  577  
130  577  
131  577  
132  577  
133  578  
134  578  
135  578  
136  578  
137  578  
138  578  
139  578  
140  578  
150  578  
151  578  
152  578  
153  578  
154  578  
141  579  
142  579  
143  579  
144  579  
145  579  
146  579  
147  579  
148  579  
149  579  
467  572  
467  573  
467  574  
467  575  
467  576  
467  577  
467  578  
467  579  
467  580  
467  581  
467  582  
467  583  
467  584  
467  585  
467  586  
467  587  
468  588  
468  589  
468  590  
468  591  
468  592  
468  593  
468  594  
468  595  
468  596  
468  597  
468  598  
469  599  
470  599  
471  599  
472  599  
473  599  
117  579  
118  579  
119  579  
120  579  
121  580  
122  580  
123  580  
124  580  
125  580  
126  580  
127  580  
128  580  
129  580  
130  581  
131  581  
132  581  
133  581  
134  581  
135  581  
136  581  
137  581  
138  581  
139  581  
149  581  
150  581  
151  581  
152  581  
153  581  
154  581  
155  581  
140  582  
141  582  
142  582  
143  582  
144  582  
145  582  
146  582  
147  582  
148  582  
165  583  
166  583  
167  583  
168  583  
169  583  
170  583  
171  583  
172  583  
173  583  
174  583  
175  583  
176  583  
177  583  
178  583  
179  583  
180  583  
181  583  
182  583  
183  583  
184  583  
185  583  
186  583  
187  583  
188  583  
189  583  
190  583  
191  583  
192  583  
193  583  
194  583  
195  583  
196  583  
197  583  
198  583  
199  583  
200  583  
146  584  
147  584  
148  584  
149  584  
150  584  
151  584  
152  584  
153  584  
154  584  
155  584  
156  584  
157  584  
158  584  
159  584  
160  584  
161  584  
162  584  
163  584  
164  584  
105  585  
106  585  
107  585  
108  585  
109  585  
110  585  
111  585  
112  585  
113  585  
114  585  
115  585  
116  585  
117  585  
118  585  
119  585  
120  585  
121  585  
122  585  
123  585  
124  585  
125  585  
126  585  
127  585  
128  585  
129  585  
130  585  
131  585  
132  585  
133  585  
134  585  
135  585  
136  585  
137  585  
138  585  
139  585  
140  585  
141  585  
142  585  
143  585  
144  585  
145  585  
283  584  
283  585  
283  586  
283  587  
283  588  
283  589  
283  590  
283  591  
283  592  
283  593  
283  594  
283  595  
283  596  
283  597  
283  598  
283  599  
283  600  
283  601  
283  602  
283  603  
283  604  
283  605  
283  606  
283  607  
283  608  
283  609  
283  610  
283  611  
283  612  
283  613  
283  614  
283  615  
282  616  
282  617  
282  618  
282  619  
282  620  
282  621  
282  622  
282  623  
282  624  
282  625  
282  626  
282  627  
282  628  
282  629  
282  630  
282  631  
282  632  
282  633  
283  634  
41  586  
42  586  
43  586  
44  586  
45  586  
46  586  
47  586  
48  586  
49  586  
50  586  
51  586  
52  586  
53  586  
54  586  
55  586  
56  586  
57  586  
58  586  
59  586  
60  586  
61  586  
62  586  
63  586  
64  586  
65  586  
66  586  
67  586  
68  586  
69  586  
70  586  
71  586  
72  586  
73  586  
74  586  
75  586  
76  586  
77  586  
78  586  
79  586  
80  586  
81  586  
82  586  
83  586  
84  586  
85  586  
86  586  
87  586  
88  586  
89  586  
90  586  
91  586  
92  586  
93  586  
94  586  
95  586  
96  586  
97  586  
2  587  
3  587  
4  587  
5  587  
6  587  
7  587  
8  587  
9  587  
10  587  
11  587  
12  587  
13  587  
14  587  
15  587  
16  587  
17  587  
18  587  
19  587  
20  587  
21  587  
22  587  
23  587  
24  587  
25  587  
26  587  
27  587  
28  587  
29  587  
30  587  
31  587  
32  587  
33  587  
34  587  
35  587  
36  587  
37  587  
38  587  
39  587  
40  587  
418  635  
419  635  
420  635  
421  635  
422  635  
423  635  
424  635  
425  635  
426  635  
427  635  
428  635  
429  635  
430  635  
431  635  
404  636  
405  636  
406  636  
407  636  
408  636  
409  636  
410  636  
411  636  
412  636  
413  636  
414  636  
415  636  
416  636  
417  636  
390  637  
391  637  
392  637  
393  637  
394  637  
395  637  
396  637  
397  637  
398  637  
399  637  
400  637  
401  637  
402  637  
403  637  
377  638  
378  638  
379  638  
380  638  
381  638  
382  638  
383  638  
384  638  
385  638  
386  638  
387  638  
388  638  
389  638  
353  639  
354  639  
355  639  
356  639  
357  639  
358  639  
359  639  
360  639  
361  639  
362  639  
363  639  
364  639  
365  639  
366  639  
367  639  
368  639  
369  639  
370  639  
371  639  
372  639  
373  639  
374  639  
375  639  
376  639  
