188  129  
189  129  
190  129  
191  129  
192  130  
193  130  
194  130  
195  131  
196  131  
197  131  
198  131  
199  132  
200  132  
201  132  
202  132  
203  133  
204  133  
205  133  
206  134  
207  134  
208  134  
209  134  
172  131  
173  131  
174  131  
175  131  
176  132  
177  132  
178  132  
179  132  
180  133  
181  133  
182  133  
183  134  
184  134  
185  134  
186  134  
187  135  
188  135  
189  135  
190  136  
191  136  
192  136  
193  136  
244  179  
244  180  
244  181  
244  182  
244  183  
244  184  
244  185  
244  186  
244  187  
244  188  
244  189  
244  190  
244  191  
244  192  
244  193  
244  194  
244  195  
244  196  
244  197  
244  198  
244  199  
244  200  
243  201  
243  202  
243  203  
243  204  
243  205  
243  206  
243  207  
243  208  
243  209  
243  210  
243  211  
243  212  
243  213  
243  214  
243  215  
243  216  
243  217  
243  218  
243  219  
244  220  
244  221  
244  222  
244  223  
244  224  
244  225  
245  226  
206  182  
206  183  
206  184  
206  185  
206  186  
206  187  
206  188  
206  189  
206  190  
206  191  
206  192  
206  193  
206  194  
206  195  
206  196  
206  197  
206  198  
206  199  
206  200  
206  201  
206  202  
205  203  
205  204  
205  205  
205  206  
205  207  
205  208  
206  209  
206  210  
206  211  
206  212  
218  188  
218  189  
218  190  
218  191  
218  192  
218  193  
218  194  
218  195  
218  196  
218  197  
218  198  
218  199  
218  200  
218  201  
218  202  
218  203  
218  204  
218  205  
218  206  
217  207  
217  208  
217  209  
217  210  
217  211  
217  212  
217  213  
217  214  
217  215  
217  216  
217  217  
212  218  
213  218  
214  218  
215  218  
216  218  
222  189  
222  190  
222  191  
222  192  
222  193  
222  194  
222  195  
222  196  
222  197  
222  198  
222  199  
222  200  
222  201  
222  202  
221  203  
221  204  
221  205  
221  206  
221  207  
221  208  
221  209  
221  210  
221  211  
221  212  
221  213  
221  214  
221  215  
233  192  
233  193  
233  194  
233  195  
233  196  
233  197  
233  198  
233  199  
232  200  
232  201  
232  202  
232  203  
232  204  
232  205  
232  206  
232  207  
232  208  
232  209  
232  210  
232  211  
232  212  
232  213  
232  214  
232  215  
232  216  
232  217  
127  197  
127  198  
127  199  
127  200  
127  201  
127  202  
127  203  
127  204  
127  205  
127  206  
127  207  
127  208  
127  209  
127  210  
126  211  
126  212  
126  213  
126  214  
126  215  
126  216  
126  217  
126  218  
126  219  
140  198  
140  199  
140  200  
140  201  
140  202  
140  203  
140  204  
139  205  
139  206  
139  207  
139  208  
139  209  
139  210  
139  211  
139  212  
139  213  
139  214  
139  215  
139  216  
138  217  
138  218  
138  219  
138  220  
138  221  
135  203  
135  204  
135  205  
135  206  
134  207  
134  208  
134  209  
134  210  
134  211  
134  212  
134  213  
134  214  
134  215  
134  216  
134  217  
133  218  
133  219  
133  220  
133  221  
133  222  
133  223  
327  206  
327  207  
327  208  
327  209  
327  210  
327  211  
327  212  
327  213  
327  214  
327  215  
327  216  
327  217  
327  218  
327  219  
327  220  
327  221  
327  222  
327  223  
327  224  
327  225  
303  211  
303  212  
303  213  
303  214  
303  215  
303  216  
303  217  
303  218  
303  219  
303  220  
303  221  
303  222  
303  223  
303  224  
303  225  
303  226  
303  227  
302  228  
302  229  
302  230  
303  231  
303  232  
303  233  
303  234  
303  235  
303  236  
303  237  
303  238  
303  239  
303  240  
303  241  
306  211  
306  212  
306  213  
306  214  
306  215  
306  216  
306  217  
306  218  
306  219  
306  220  
306  221  
306  222  
306  223  
306  224  
306  225  
306  226  
306  227  
306  228  
306  229  
306  230  
306  231  
306  232  
306  233  
306  234  
306  235  
306  236  
307  237  
307  238  
307  239  
307  240  
307  241  
307  242  
316  214  
316  215  
316  216  
316  217  
316  218  
316  219  
316  220  
316  221  
316  222  
316  223  
316  224  
316  225  
316  226  
316  227  
316  228  
316  229  
316  230  
316  231  
316  232  
316  233  
316  234  
316  235  
316  236  
316  237  
316  238  
316  239  
316  240  
316  241  
316  242  
366  217  
366  218  
366  219  
366  220  
366  221  
366  222  
366  223  
366  224  
366  225  
367  226  
367  227  
367  228  
367  229  
367  230  
367  231  
367  232  
367  233  
367  234  
367  235  
367  236  
367  237  
367  238  
367  239  
367  240  
367  241  
367  242  
367  243  
368  244  
368  245  
368  246  
368  247  
368  248  
368  249  
368  250  
368  251  
368  252  
381  229  
381  230  
382  231  
382  232  
382  233  
382  234  
382  235  
382  236  
382  237  
382  238  
382  239  
382  240  
382  241  
382  242  
382  243  
382  244  
382  245  
382  246  
382  247  
382  248  
382  249  
382  250  
382  251  
383  252  
383  253  
383  254  
383  255  
378  230  
378  231  
378  232  
378  233  
378  234  
378  235  
378  236  
378  237  
378  238  
378  239  
378  240  
378  241  
378  242  
378  243  
378  244  
378  245  
378  246  
378  247  
379  248  
379  249  
379  250  
379  251  
379  252  
371  232  
371  233  
371  234  
371  235  
371  236  
371  237  
371  238  
371  239  
371  240  
371  241  
371  242  
371  243  
371  244  
371  245  
371  246  
371  247  
371  248  
372  249  
372  250  
372  251  
389  234  
389  235  
389  236  
389  237  
389  238  
390  239  
390  240  
390  241  
390  242  
390  243  
390  244  
390  245  
390  246  
390  247  
390  248  
390  249  
390  250  
390  251  
390  252  
390  253  
203  268  
203  269  
203  270  
203  271  
203  272  
203  273  
203  274  
203  275  
203  276  
203  277  
203  278  
203  279  
203  280  
203  281  
203  282  
203  283  
203  284  
203  285  
203  286  
203  287  
203  288  
203  289  
202  290  
202  291  
215  271  
215  272  
215  273  
215  274  
215  275  
215  276  
215  277  
215  278  
215  279  
215  280  
215  281  
215  282  
215  283  
215  284  
215  285  
215  286  
215  287  
215  288  
215  289  
215  290  
215  291  
215  292  
215  293  
214  294  
214  295  
215  296  
215  297  
215  298  
214  299  
214  300  
214  301  
214  302  
214  303  
214  304  
215  305  
214  306  
214  307  
214  308  
214  309  
214  310  
214  311  
214  312  
214  313  
214  314  
214  315  
214  316  
214  317  
214  318  
214  319  
214  320  
220  274  
219  275  
219  276  
219  277  
219  278  
219  279  
219  280  
219  281  
219  282  
219  283  
219  284  
219  285  
219  286  
219  287  
219  288  
219  289  
219  290  
219  291  
219  292  
219  293  
219  294  
219  295  
219  296  
219  297  
219  298  
219  299  
219  300  
218  301  
218  302  
218  303  
218  304  
218  305  
218  306  
218  307  
218  308  
218  309  
218  310  
218  311  
218  312  
218  313  
218  314  
218  315  
218  316  
218  317  
218  318  
218  319  
218  320  
218  321  
122  277  
121  278  
121  279  
121  280  
121  281  
121  282  
121  283  
121  284  
121  285  
121  286  
121  287  
121  288  
121  289  
121  290  
121  291  
120  292  
120  293  
120  294  
120  295  
120  296  
120  297  
120  298  
120  299  
120  300  
120  301  
119  302  
119  303  
119  304  
119  305  
119  306  
119  307  
119  308  
119  309  
119  310  
119  311  
119  312  
119  313  
231  277  
231  278  
231  279  
231  280  
231  281  
231  282  
231  283  
230  284  
230  285  
230  286  
230  287  
230  288  
230  289  
230  290  
230  291  
230  292  
230  293  
230  294  
230  295  
230  296  
230  297  
230  298  
230  299  
230  300  
230  301  
230  302  
230  303  
230  304  
230  305  
230  306  
230  307  
230  308  
230  309  
230  310  
230  311  
230  312  
230  313  
230  314  
230  315  
230  316  
230  317  
230  318  
230  319  
230  320  
246  277  
247  277  
248  277  
249  277  
250  278  
251  278  
252  278  
253  278  
254  278  
255  278  
256  278  
257  279  
258  279  
259  279  
260  279  
261  279  
262  279  
263  280  
264  280  
265  280  
266  280  
267  280  
268  280  
269  280  
270  281  
271  281  
272  281  
273  281  
274  281  
275  281  
276  282  
277  282  
246  281  
247  281  
248  281  
249  281  
250  282  
251  282  
252  282  
253  282  
254  282  
255  282  
256  282  
257  283  
258  283  
259  283  
260  283  
261  283  
262  283  
263  284  
264  284  
265  284  
266  284  
267  284  
268  284  
269  284  
270  285  
271  285  
272  285  
294  282  
294  283  
293  284  
293  285  
293  286  
293  287  
293  288  
293  289  
293  290  
293  291  
293  292  
293  293  
293  294  
293  295  
293  296  
293  297  
293  298  
293  299  
293  300  
293  301  
293  302  
293  303  
293  304  
293  305  
293  306  
293  307  
293  308  
293  309  
294  310  
294  311  
294  312  
294  313  
294  314  
294  315  
294  316  
294  317  
128  287  
128  288  
128  289  
128  290  
128  291  
128  292  
128  293  
128  294  
128  295  
128  296  
128  297  
128  298  
128  299  
128  300  
127  301  
127  302  
127  303  
127  304  
127  305  
127  306  
127  307  
279  290  
279  291  
279  292  
279  293  
279  294  
279  295  
279  296  
279  297  
279  298  
279  299  
279  300  
279  301  
279  302  
279  303  
279  304  
279  305  
279  306  
279  307  
279  308  
279  309  
279  310  
279  311  
279  312  
279  313  
279  314  
279  315  
279  316  
279  317  
279  318  
279  319  
279  320  
279  321  
279  322  
279  323  
279  324  
279  325  
279  326  
279  327  
279  328  
279  329  
279  330  
279  331  
279  332  
279  333  
279  334  
279  335  
279  336  
279  337  
279  338  
279  339  
279  340  
282  291  
282  292  
282  293  
282  294  
282  295  
282  296  
282  297  
282  298  
282  299  
282  300  
282  301  
282  302  
282  303  
282  304  
282  305  
282  306  
282  307  
282  308  
282  309  
282  310  
282  311  
282  312  
282  313  
282  314  
282  315  
282  316  
282  317  
282  318  
282  319  
282  320  
282  321  
282  322  
282  323  
282  324  
282  325  
282  326  
282  327  
282  328  
282  329  
282  330  
282  331  
282  332  
282  333  
282  334  
282  335  
282  336  
282  337  
282  338  
282  339  
282  340  
282  341  
282  342  
282  343  
282  344  
282  345  
282  346  
374  303  
374  304  
374  305  
374  306  
374  307  
374  308  
374  309  
374  310  
374  311  
374  312  
374  313  
374  314  
374  315  
374  316  
374  317  
374  318  
374  319  
374  320  
375  321  
375  322  
375  323  
375  324  
375  325  
375  326  
375  327  
375  328  
375  329  
375  330  
375  331  
376  332  
376  333  
376  334  
376  335  
376  336  
376  337  
376  338  
376  339  
376  340  
376  341  
376  342  
377  343  
377  344  
377  345  
373  346  
374  346  
375  346  
376  346  
329  305  
329  306  
328  307  
328  308  
328  309  
327  310  
327  311  
327  312  
326  313  
326  314  
326  315  
326  316  
326  317  
326  318  
326  319  
326  320  
326  321  
326  322  
326  323  
326  324  
326  325  
405  308  
405  309  
405  310  
405  311  
405  312  
405  313  
405  314  
405  315  
405  316  
405  317  
405  318  
405  319  
405  320  
405  321  
406  322  
406  323  
406  324  
406  325  
406  326  
406  327  
385  309  
385  310  
385  311  
385  312  
385  313  
385  314  
385  315  
385  316  
385  317  
386  318  
386  319  
386  320  
386  321  
386  322  
386  323  
386  324  
386  325  
386  326  
386  327  
386  328  
386  329  
387  330  
387  331  
388  332  
387  333  
387  334  
387  335  
387  336  
393  311  
393  312  
393  313  
393  314  
393  315  
393  316  
393  317  
393  318  
393  319  
393  320  
393  321  
393  322  
394  323  
394  324  
393  325  
393  326  
393  327  
393  328  
393  329  
393  330  
436  319  
437  320  
437  321  
437  322  
437  323  
437  324  
437  325  
437  326  
437  327  
437  328  
437  329  
437  330  
437  331  
437  332  
437  333  
437  334  
438  335  
438  336  
438  337  
438  338  
438  339  
438  340  
438  341  
438  342  
438  343  
438  344  
438  345  
438  346  
438  347  
438  348  
438  349  
438  350  
293  328  
294  328  
295  328  
296  328  
297  328  
298  328  
299  328  
300  329  
301  329  
302  329  
303  329  
304  329  
305  330  
306  330  
307  330  
308  330  
309  330  
310  330  
311  331  
312  331  
313  331  
314  331  
315  331  
316  331  
317  332  
318  332  
319  332  
320  332  
321  332  
322  333  
323  333  
324  333  
325  333  
326  333  
220  330  
221  330  
222  330  
223  330  
224  330  
225  330  
226  331  
227  331  
228  331  
229  331  
230  331  
231  331  
232  331  
233  331  
234  332  
235  332  
236  332  
237  332  
238  332  
239  332  
240  333  
293  331  
294  331  
295  331  
296  331  
297  331  
298  331  
299  332  
300  332  
301  332  
302  332  
303  332  
304  333  
305  333  
306  333  
307  333  
308  333  
309  333  
310  334  
311  334  
312  334  
313  334  
314  334  
315  334  
316  335  
317  335  
318  335  
319  335  
320  335  
321  335  
322  336  
92  336  
92  337  
92  338  
92  339  
92  340  
92  341  
92  342  
92  343  
92  344  
92  345  
91  346  
91  347  
91  348  
91  349  
91  350  
91  351  
91  352  
91  353  
91  354  
91  355  
90  356  
90  357  
90  358  
90  359  
89  337  
89  338  
89  339  
89  340  
88  341  
88  342  
88  343  
88  344  
88  345  
88  346  
88  347  
88  348  
88  349  
88  350  
88  351  
88  352  
87  353  
87  354  
87  355  
87  356  
87  357  
87  358  
183  337  
183  338  
183  339  
183  340  
183  341  
183  342  
182  343  
182  344  
183  345  
183  346  
183  347  
183  348  
183  349  
183  350  
182  351  
182  352  
182  353  
182  354  
182  355  
182  356  
182  357  
182  358  
182  359  
182  360  
182  361  
182  362  
182  363  
182  364  
182  365  
182  366  
182  367  
182  368  
182  369  
182  370  
182  371  
182  372  
182  373  
182  374  
182  375  
182  376  
182  377  
181  378  
181  379  
181  380  
181  381  
181  382  
181  383  
181  384  
181  385  
181  386  
181  387  
181  388  
181  389  
181  390  
181  391  
181  392  
178  393  
179  393  
180  393  
186  341  
186  342  
186  343  
186  344  
186  345  
186  346  
186  347  
186  348  
186  349  
186  350  
186  351  
186  352  
186  353  
186  354  
186  355  
186  356  
186  357  
186  358  
186  359  
186  360  
186  361  
186  362  
185  363  
185  364  
185  365  
185  366  
185  367  
185  368  
185  369  
185  370  
185  371  
185  372  
185  373  
185  374  
185  375  
185  376  
185  377  
185  378  
185  379  
185  380  
185  381  
185  382  
185  383  
185  384  
184  385  
184  386  
184  387  
184  388  
184  389  
184  390  
184  391  
184  392  
184  393  
199  358  
199  359  
199  360  
199  361  
199  362  
199  363  
199  364  
199  365  
199  366  
199  367  
199  368  
199  369  
199  370  
199  371  
199  372  
199  373  
199  374  
199  375  
199  376  
199  377  
199  378  
199  379  
199  380  
199  381  
199  382  
199  383  
199  384  
199  385  
199  386  
199  387  
198  388  
198  389  
198  390  
198  391  
198  392  
198  393  
198  394  
198  395  
199  396  
199  397  
194  398  
195  398  
196  398  
197  398  
198  398  
115  361  
115  362  
115  363  
115  364  
115  365  
115  366  
115  367  
115  368  
115  369  
114  370  
114  371  
114  372  
114  373  
114  374  
114  375  
114  376  
114  377  
114  378  
114  379  
114  380  
114  381  
114  382  
114  383  
113  384  
113  385  
113  386  
113  387  
113  388  
113  389  
113  390  
113  391  
113  392  
113  393  
113  394  
113  395  
113  396  
113  397  
113  398  
113  399  
112  400  
112  401  
112  402  
112  403  
112  404  
112  405  
112  406  
112  407  
112  408  
112  409  
111  410  
241  361  
241  362  
241  363  
241  364  
241  365  
241  366  
241  367  
241  368  
241  369  
241  370  
241  371  
241  372  
240  373  
240  374  
240  375  
240  376  
240  377  
240  378  
240  379  
240  380  
240  381  
240  382  
240  383  
240  384  
240  385  
240  386  
240  387  
240  388  
240  389  
240  390  
240  391  
240  392  
240  393  
240  394  
240  395  
240  396  
240  397  
240  398  
240  399  
240  400  
240  401  
282  364  
282  365  
282  366  
282  367  
282  368  
282  369  
282  370  
282  371  
282  372  
282  373  
282  374  
282  375  
282  376  
282  377  
282  378  
282  379  
282  380  
282  381  
282  382  
282  383  
282  384  
282  385  
282  386  
282  387  
282  388  
282  389  
282  390  
282  391  
282  392  
282  393  
282  394  
282  395  
282  396  
282  397  
282  398  
282  399  
282  400  
282  401  
282  402  
282  403  
282  404  
282  405  
51  365  
50  366  
50  367  
50  368  
50  369  
50  370  
50  371  
50  372  
50  373  
50  374  
50  375  
50  376  
50  377  
50  378  
50  379  
50  380  
49  381  
49  382  
49  383  
49  384  
49  385  
49  386  
49  387  
49  388  
49  389  
49  390  
49  391  
48  392  
48  393  
330  366  
330  367  
330  368  
330  369  
330  370  
330  371  
330  372  
330  373  
330  374  
330  375  
330  376  
330  377  
330  378  
330  379  
330  380  
330  381  
330  382  
330  383  
331  384  
331  385  
331  386  
331  387  
331  388  
331  389  
331  390  
331  391  
331  392  
331  393  
331  394  
331  395  
331  396  
331  397  
331  398  
331  399  
331  400  
331  401  
331  402  
331  403  
331  404  
331  405  
331  406  
331  407  
331  408  
331  409  
331  410  
331  411  
279  368  
279  369  
279  370  
279  371  
279  372  
279  373  
279  374  
279  375  
279  376  
279  377  
279  378  
279  379  
279  380  
279  381  
279  382  
279  383  
279  384  
279  385  
279  386  
279  387  
279  388  
279  389  
279  390  
279  391  
279  392  
279  393  
279  394  
279  395  
279  396  
279  397  
279  398  
279  399  
279  400  
279  401  
121  372  
121  373  
121  374  
121  375  
121  376  
121  377  
121  378  
121  379  
121  380  
120  381  
120  382  
120  383  
120  384  
120  385  
120  386  
120  387  
120  388  
120  389  
120  390  
120  391  
120  392  
119  393  
119  394  
119  395  
119  396  
119  397  
119  398  
119  399  
119  400  
119  401  
119  402  
119  403  
119  404  
119  405  
119  406  
119  407  
119  408  
119  409  
212  372  
212  373  
212  374  
212  375  
212  376  
212  377  
212  378  
212  379  
212  380  
212  381  
212  382  
212  383  
212  384  
211  385  
211  386  
211  387  
211  388  
211  389  
211  390  
211  391  
211  392  
211  393  
211  394  
211  395  
216  372  
216  373  
216  374  
216  375  
216  376  
216  377  
216  378  
216  379  
216  380  
216  381  
216  382  
216  383  
216  384  
216  385  
216  386  
216  387  
216  388  
216  389  
216  390  
216  391  
216  392  
216  393  
216  394  
216  395  
216  396  
126  373  
126  374  
126  375  
125  376  
125  377  
125  378  
125  379  
125  380  
125  381  
125  382  
125  383  
125  384  
125  385  
125  386  
125  387  
125  388  
125  389  
124  390  
124  391  
124  392  
124  393  
124  394  
124  395  
124  396  
124  397  
124  398  
124  399  
124  400  
124  401  
124  402  
124  403  
128  373  
128  374  
128  375  
128  376  
128  377  
128  378  
128  379  
128  380  
128  381  
128  382  
128  383  
128  384  
128  385  
127  386  
127  387  
127  388  
127  389  
127  390  
127  391  
127  392  
127  393  
127  394  
127  395  
127  396  
127  397  
127  398  
127  399  
127  400  
127  401  
126  402  
126  403  
294  374  
294  375  
294  376  
294  377  
294  378  
294  379  
294  380  
294  381  
294  382  
294  383  
294  384  
294  385  
294  386  
294  387  
294  388  
294  389  
294  390  
294  391  
294  392  
294  393  
294  394  
294  395  
294  396  
294  397  
294  398  
294  399  
294  400  
294  401  
294  402  
294  403  
294  404  
294  405  
294  406  
227  377  
227  378  
227  379  
227  380  
227  381  
227  382  
227  383  
227  384  
227  385  
227  386  
227  387  
227  388  
227  389  
227  390  
227  391  
227  392  
227  393  
227  394  
227  395  
227  396  
227  397  
304  378  
304  379  
304  380  
304  381  
304  382  
304  383  
304  384  
304  385  
304  386  
304  387  
304  388  
304  389  
304  390  
304  391  
304  392  
304  393  
304  394  
304  395  
304  396  
304  397  
304  398  
304  399  
304  400  
304  401  
304  402  
304  403  
304  404  
304  405  
304  406  
304  407  
308  378  
308  379  
308  380  
308  381  
308  382  
308  383  
308  384  
308  385  
308  386  
308  387  
308  388  
308  389  
308  390  
308  391  
308  392  
308  393  
308  394  
308  395  
308  396  
308  397  
308  398  
308  399  
308  400  
308  401  
308  402  
308  403  
308  404  
308  405  
308  406  
308  407  
308  408  
318  379  
317  380  
316  381  
316  382  
316  383  
315  384  
315  385  
315  386  
315  387  
315  388  
315  389  
315  390  
315  391  
315  392  
315  393  
315  394  
315  395  
315  396  
315  397  
315  398  
315  399  
315  400  
315  401  
319  383  
319  384  
319  385  
319  386  
319  387  
319  388  
319  389  
319  390  
319  391  
319  392  
319  393  
319  394  
319  395  
319  396  
319  397  
319  398  
319  399  
319  400  
319  401  
319  402  
319  403  
319  404  
319  405  
319  406  
319  407  
319  408  
319  409  
377  384  
377  385  
377  386  
377  387  
377  388  
377  389  
377  390  
377  391  
377  392  
377  393  
377  394  
378  395  
378  396  
378  397  
378  398  
378  399  
378  400  
378  401  
378  402  
378  403  
378  404  
378  405  
378  406  
378  407  
378  408  
378  409  
378  410  
378  411  
378  412  
378  413  
378  414  
378  415  
418  390  
418  391  
418  392  
418  393  
418  394  
418  395  
418  396  
418  397  
418  398  
418  399  
418  400  
418  401  
418  402  
419  403  
419  404  
419  405  
419  406  
419  407  
419  408  
419  409  
419  410  
419  411  
419  412  
419  413  
419  414  
419  415  
419  416  
419  417  
419  418  
419  419  
419  420  
419  421  
419  422  
394  395  
394  396  
394  397  
394  398  
394  399  
394  400  
394  401  
394  402  
394  403  
394  404  
394  405  
394  406  
394  407  
394  408  
394  409  
394  410  
394  411  
394  412  
395  413  
395  414  
395  415  
395  416  
395  417  
385  396  
385  397  
385  398  
385  399  
385  400  
385  401  
385  402  
385  403  
385  404  
386  405  
386  406  
386  407  
386  408  
386  409  
386  410  
386  411  
386  412  
386  413  
386  414  
386  415  
386  416  
389  396  
389  397  
389  398  
389  399  
389  400  
389  401  
389  402  
389  403  
389  404  
390  405  
390  406  
390  407  
390  408  
390  409  
390  410  
390  411  
390  412  
390  413  
390  414  
390  415  
390  416  
410  397  
410  398  
410  399  
410  400  
410  401  
410  402  
410  403  
410  404  
410  405  
410  406  
410  407  
410  408  
410  409  
410  410  
410  411  
410  412  
410  413  
410  414  
410  415  
410  416  
410  417  
411  418  
411  419  
78  399  
78  400  
78  401  
78  402  
78  403  
78  404  
78  405  
78  406  
78  407  
78  408  
78  409  
78  410  
78  411  
78  412  
78  413  
78  414  
78  415  
77  416  
77  417  
77  418  
77  419  
77  420  
77  421  
77  422  
77  423  
77  424  
77  425  
77  426  
77  427  
77  428  
77  429  
76  430  
76  431  
76  432  
76  433  
76  434  
76  435  
76  436  
76  437  
76  438  
76  439  
459  402  
460  402  
461  402  
462  403  
463  403  
464  403  
465  403  
466  403  
467  403  
468  403  
469  404  
470  404  
471  404  
472  404  
473  404  
474  404  
475  404  
476  404  
477  404  
478  404  
479  404  
232  403  
233  403  
234  403  
235  403  
236  403  
237  403  
238  403  
239  403  
240  404  
241  404  
242  404  
243  404  
244  404  
245  405  
246  405  
247  405  
248  405  
249  405  
250  405  
251  405  
252  405  
253  406  
254  406  
255  406  
256  406  
257  406  
258  406  
259  406  
260  406  
261  406  
262  406  
263  406  
264  406  
265  406  
266  407  
267  407  
268  407  
269  407  
270  407  
271  407  
272  407  
273  407  
274  407  
87  405  
87  406  
87  407  
87  408  
87  409  
87  410  
87  411  
87  412  
87  413  
86  414  
86  415  
86  416  
86  417  
86  418  
87  419  
87  420  
87  421  
87  422  
87  423  
87  424  
87  425  
87  426  
87  427  
86  428  
86  429  
86  430  
86  431  
86  432  
323  413  
324  413  
325  413  
326  413  
327  413  
328  413  
329  414  
330  414  
331  414  
332  414  
333  414  
334  414  
335  414  
336  414  
337  415  
338  415  
339  415  
340  415  
341  415  
342  415  
343  415  
344  415  
345  415  
346  416  
347  416  
348  416  
349  416  
350  416  
351  416  
352  416  
353  416  
354  416  
355  416  
368  416  
369  416  
370  416  
356  417  
357  417  
358  417  
359  417  
360  417  
361  417  
362  417  
363  417  
364  417  
365  417  
366  417  
367  417  
172  421  
173  421  
174  421  
175  421  
176  421  
187  421  
188  421  
189  421  
170  422  
171  422  
177  422  
178  422  
179  422  
180  422  
181  422  
182  422  
183  422  
184  422  
185  422  
186  422  
190  422  
191  422  
192  422  
193  422  
194  422  
195  422  
399  421  
400  422  
401  422  
402  422  
403  422  
404  422  
405  422  
406  422  
407  422  
408  422  
409  422  
410  423  
411  423  
412  423  
413  423  
414  423  
415  424  
416  424  
417  424  
418  424  
419  424  
420  424  
421  425  
422  425  
423  425  
424  425  
425  425  
426  425  
427  426  
428  426  
429  426  
430  426  
431  426  
432  426  
433  426  
434  426  
435  426  
436  426  
437  426  
438  426  
230  427  
231  427  
232  427  
237  427  
238  427  
239  427  
240  427  
241  427  
242  427  
243  427  
244  427  
245  427  
246  427  
247  427  
248  427  
233  428  
234  428  
235  428  
236  428  
249  428  
250  428  
251  428  
252  428  
253  428  
254  428  
255  428  
256  428  
257  428  
258  428  
259  429  
260  429  
261  429  
262  429  
263  429  
264  429  
265  429  
266  429  
267  429  
268  429  
269  430  
270  430  
271  430  
272  430  
273  431  
274  431  
275  431  
276  431  
277  431  
278  431  
279  431  
280  431  
281  432  
282  432  
283  432  
284  432  
285  432  
286  432  
287  432  
288  432  
289  432  
290  432  
291  432  
292  432  
293  432  
294  432  
295  432  
296  432  
297  432  
298  432  
299  433  
300  433  
301  433  
302  433  
303  433  
304  433  
305  433  
306  433  
307  433  
308  433  
309  434  
310  434  
311  434  
312  434  
313  434  
314  434  
315  434  
316  434  
317  434  
318  434  
319  434  
320  434  
321  435  
322  435  
323  435  
324  435  
325  436  
326  436  
327  436  
328  436  
329  436  
330  437  
52  430  
52  431  
52  432  
52  433  
52  434  
52  435  
52  436  
52  437  
52  438  
51  439  
51  440  
51  441  
51  442  
51  443  
51  444  
51  445  
51  446  
51  447  
50  448  
50  449  
50  450  
50  451  
338  436  
339  436  
340  436  
341  437  
342  437  
343  437  
344  437  
345  437  
346  437  
347  437  
348  437  
349  437  
350  438  
351  438  
352  438  
353  438  
354  438  
355  438  
356  438  
357  438  
358  438  
359  438  
360  438  
361  438  
362  439  
363  439  
364  439  
365  440  
366  440  
367  440  
368  440  
369  440  
370  440  
371  440  
372  440  
373  441  
374  441  
375  441  
376  441  
377  441  
378  441  
379  441  
380  442  
381  442  
382  442  
383  442  
384  442  
385  443  
386  443  
387  443  
388  443  
389  443  
390  443  
391  443  
392  443  
393  443  
394  443  
395  443  
404  443  
405  443  
406  443  
407  443  
408  443  
396  444  
397  444  
398  444  
399  444  
400  444  
401  444  
402  444  
403  444  
409  444  
410  444  
411  444  
412  444  
418  444  
419  444  
420  444  
421  444  
422  444  
423  444  
424  444  
425  444  
426  444  
427  444  
413  445  
414  445  
415  445  
416  445  
417  445  
428  445  
429  445  
430  445  
431  445  
432  445  
433  445  
434  445  
435  445  
436  445  
437  445  
438  445  
439  445  
440  446  
441  446  
442  446  
443  446  
444  446  
445  447  
446  447  
447  447  
448  447  
449  447  
450  447  
210  463  
210  464  
210  465  
210  466  
209  467  
209  468  
209  469  
209  470  
209  471  
209  472  
209  473  
209  474  
209  475  
209  476  
209  477  
209  478  
209  479  
209  480  
209  481  
209  482  
209  483  
209  484  
209  485  
209  486  
209  487  
209  488  
209  489  
209  490  
209  491  
209  492  
209  493  
209  494  
209  495  
209  496  
209  497  
208  498  
208  499  
208  500  
208  501  
208  502  
208  503  
203  504  
204  504  
205  504  
206  504  
207  504  
213  464  
213  465  
213  466  
213  467  
213  468  
213  469  
213  470  
213  471  
213  472  
213  473  
213  474  
213  475  
213  476  
213  477  
213  478  
213  479  
213  480  
213  481  
213  482  
213  483  
213  484  
213  485  
213  486  
213  487  
213  488  
213  489  
213  490  
213  491  
212  492  
212  493  
212  494  
212  495  
212  496  
212  497  
212  498  
212  499  
226  466  
226  467  
226  468  
226  469  
226  470  
226  471  
226  472  
226  473  
226  474  
226  475  
226  476  
226  477  
226  478  
226  479  
226  480  
226  481  
226  482  
226  483  
226  484  
225  485  
225  486  
225  487  
225  488  
225  489  
225  490  
225  491  
225  492  
225  493  
225  494  
225  495  
225  496  
225  497  
225  498  
225  499  
225  500  
225  501  
115  469  
115  470  
115  471  
115  472  
115  473  
115  474  
115  475  
115  476  
114  477  
114  478  
114  479  
114  480  
114  481  
114  482  
114  483  
114  484  
114  485  
114  486  
114  487  
114  488  
114  489  
114  490  
114  491  
114  492  
114  493  
113  494  
113  495  
113  496  
113  497  
113  498  
113  499  
113  500  
113  501  
113  502  
113  503  
113  504  
113  505  
83  470  
83  471  
83  472  
82  473  
82  474  
82  475  
82  476  
82  477  
82  478  
83  479  
83  480  
82  481  
82  482  
82  483  
82  484  
82  485  
82  486  
82  487  
83  488  
82  489  
82  490  
82  491  
82  492  
82  493  
72  472  
72  473  
72  474  
72  475  
72  476  
72  477  
72  478  
72  479  
72  480  
72  481  
72  482  
72  483  
72  484  
72  485  
72  486  
72  487  
72  488  
72  489  
72  490  
72  491  
72  492  
72  493  
72  494  
71  495  
71  496  
71  497  
71  498  
71  499  
71  500  
71  501  
71  502  
71  503  
71  504  
71  505  
71  506  
71  507  
71  508  
71  509  
71  510  
305  472  
305  473  
305  474  
305  475  
305  476  
305  477  
305  478  
305  479  
305  480  
305  481  
305  482  
305  483  
305  484  
305  485  
305  486  
305  487  
305  488  
305  489  
305  490  
305  491  
305  492  
305  493  
305  494  
305  495  
305  496  
305  497  
305  498  
305  499  
305  500  
305  501  
305  502  
305  503  
305  504  
309  472  
309  473  
309  474  
309  475  
309  476  
309  477  
309  478  
309  479  
309  480  
309  481  
309  482  
309  483  
309  484  
309  485  
309  486  
309  487  
309  488  
309  489  
309  490  
309  491  
309  492  
309  493  
309  494  
309  495  
309  496  
309  497  
309  498  
309  499  
309  500  
309  501  
309  502  
309  503  
309  504  
320  473  
319  474  
319  475  
319  476  
319  477  
319  478  
319  479  
319  480  
319  481  
319  482  
319  483  
319  484  
319  485  
319  486  
319  487  
319  488  
319  489  
320  490  
320  491  
320  492  
320  493  
320  494  
320  495  
320  496  
320  497  
320  498  
320  499  
320  500  
320  501  
320  502  
320  503  
320  504  
320  505  
389  479  
389  480  
389  481  
389  482  
389  483  
389  484  
389  485  
389  486  
389  487  
389  488  
389  489  
389  490  
389  491  
389  492  
389  493  
389  494  
389  495  
389  496  
389  497  
389  498  
389  499  
389  500  
389  501  
389  502  
389  503  
389  504  
389  505  
389  506  
389  507  
447  484  
447  485  
447  486  
447  487  
447  488  
447  489  
447  490  
447  491  
447  492  
447  493  
448  494  
448  495  
448  496  
448  497  
448  498  
448  499  
448  500  
448  501  
448  502  
448  503  
448  504  
448  505  
448  506  
448  507  
449  508  
448  509  
448  510  
449  511  
449  512  
449  513  
449  514  
449  515  
449  516  
449  517  
449  518  
449  519  
449  520  
449  521  
449  522  
449  523  
449  524  
449  525  
449  526  
449  527  
449  528  
449  529  
449  530  
450  531  
450  532  
450  533  
450  534  
450  535  
450  536  
193  514  
194  514  
195  514  
196  514  
197  514  
198  514  
199  514  
200  514  
201  514  
202  514  
203  514  
204  514  
205  514  
206  514  
207  514  
208  514  
209  514  
210  514  
211  514  
212  514  
213  514  
214  514  
215  514  
216  514  
217  515  
218  515  
219  515  
220  515  
221  515  
222  515  
223  515  
224  515  
225  515  
226  515  
227  515  
228  515  
229  515  
230  515  
231  515  
232  515  
298  518  
299  518  
300  518  
301  518  
302  518  
303  518  
304  518  
305  518  
306  518  
307  518  
308  518  
309  518  
310  518  
311  518  
312  518  
313  518  
314  518  
315  518  
316  518  
317  518  
318  519  
319  519  
320  519  
321  519  
322  519  
323  519  
324  519  
325  519  
326  519  
327  519  
328  519  
329  519  
330  519  
331  519  
332  519  
385  520  
386  520  
387  520  
388  520  
389  520  
390  520  
391  520  
392  520  
393  520  
394  520  
395  520  
396  520  
397  520  
398  520  
399  520  
400  520  
401  520  
402  520  
403  521  
404  521  
405  521  
406  521  
407  521  
408  521  
409  521  
410  521  
411  521  
412  521  
413  521  
106  521  
107  521  
108  521  
109  521  
110  521  
111  521  
112  521  
113  521  
114  521  
115  521  
116  521  
117  521  
118  521  
119  521  
120  521  
121  521  
122  521  
123  521  
124  521  
125  521  
126  521  
127  521  
128  521  
129  521  
99  522  
100  522  
101  522  
102  522  
103  522  
104  522  
105  522  
103  531  
104  531  
105  531  
106  531  
107  531  
108  531  
109  531  
110  531  
111  531  
112  531  
113  531  
114  531  
115  531  
116  531  
117  531  
118  531  
119  531  
120  531  
121  531  
122  531  
123  531  
124  531  
125  531  
126  531  
127  531  
128  531  
129  531  
130  531  
131  531  
132  531  
133  531  
183  534  
184  535  
185  535  
186  535  
187  535  
188  535  
189  535  
190  535  
191  535  
192  535  
193  535  
194  535  
195  535  
196  535  
197  535  
198  535  
199  535  
200  535  
201  535  
202  535  
203  535  
204  535  
205  535  
206  535  
207  535  
208  535  
209  536  
210  536  
211  536  
212  536  
213  536  
214  536  
215  536  
216  536  
112  539  
113  539  
114  539  
115  539  
116  539  
117  539  
118  539  
119  539  
120  539  
121  539  
111  540  
122  540  
123  540  
124  540  
125  540  
126  540  
127  540  
128  540  
129  540  
130  540  
131  540  
132  540  
133  540  
184  539  
185  539  
186  539  
187  539  
188  539  
189  539  
190  539  
191  539  
192  539  
193  539  
194  539  
195  539  
196  539  
197  539  
198  539  
199  539  
200  539  
201  539  
202  539  
203  539  
204  539  
205  539  
206  539  
207  539  
208  539  
209  539  
210  539  
211  539  
212  539  
213  539  
214  539  
215  539  
216  539  
217  539  
218  539  
219  539  
220  539  
238  540  
239  540  
240  540  
241  540  
242  540  
243  540  
244  540  
245  540  
246  540  
247  540  
248  540  
249  540  
250  540  
251  541  
252  541  
253  541  
254  541  
255  541  
256  541  
257  541  
258  541  
259  541  
260  541  
261  541  
262  541  
263  541  
264  541  
265  541  
266  541  
267  541  
268  541  
269  541  
270  541  
271  541  
272  541  
273  541  
274  541  
275  541  
276  541  
277  541  
278  541  
279  541  
280  541  
281  541  
282  541  
283  541  
284  541  
285  541  
286  541  
287  541  
288  541  
289  541  
290  541  
293  541  
294  541  
295  541  
296  541  
297  541  
298  541  
299  541  
300  541  
301  541  
302  541  
303  541  
304  541  
305  541  
291  542  
292  542  
306  542  
307  542  
308  542  
309  542  
310  542  
311  542  
312  542  
313  542  
314  542  
315  542  
316  542  
317  542  
318  542  
319  542  
320  542  
321  542  
322  542  
323  542  
324  542  
325  542  
326  542  
327  542  
328  542  
329  542  
330  542  
331  542  
332  542  
333  542  
334  542  
335  542  
336  542  
337  542  
338  542  
339  542  
340  542  
341  542  
342  542  
343  542  
344  542  
345  542  
346  542  
347  542  
348  542  
349  542  
350  542  
351  542  
352  542  
353  542  
354  542  
355  542  
356  542  
357  542  
358  542  
359  542  
360  542  
361  542  
362  542  
363  542  
364  542  
365  542  
366  542  
367  542  
368  542  
369  542  
370  542  
371  542  
372  542  
373  542  
374  542  
375  542  
376  542  
377  542  
385  542  
386  542  
387  542  
388  542  
389  542  
390  542  
391  542  
392  542  
393  542  
394  542  
395  542  
396  542  
398  542  
399  542  
400  542  
401  542  
402  542  
403  542  
404  542  
405  542  
406  542  
407  542  
408  542  
409  542  
410  542  
411  542  
412  542  
413  542  
414  542  
415  542  
416  542  
417  542  
418  542  
419  542  
420  542  
421  542  
422  542  
423  542  
424  542  
425  542  
426  542  
427  542  
428  542  
429  542  
430  542  
397  543  
431  543  
432  543  
433  543  
434  543  
435  543  
204  549  
205  549  
206  549  
207  549  
208  549  
209  549  
210  549  
211  549  
196  550  
197  550  
198  550  
199  550  
200  550  
201  550  
202  550  
203  550  
212  550  
213  550  
214  550  
215  550  
216  550  
217  550  
218  550  
219  550  
220  550  
221  550  
222  550  
223  550  
224  550  
225  550  
226  550  
227  550  
228  550  
229  551  
238  551  
239  551  
240  551  
241  551  
242  551  
243  551  
244  551  
245  551  
246  551  
247  551  
248  551  
249  551  
250  551  
251  551  
252  551  
253  551  
254  551  
255  551  
256  551  
257  551  
258  551  
259  551  
260  551  
261  551  
262  551  
301  551  
302  551  
303  551  
304  551  
305  551  
306  551  
307  551  
308  551  
309  551  
310  551  
311  551  
312  551  
313  551  
314  551  
315  551  
316  551  
317  551  
318  551  
319  551  
320  551  
321  551  
322  551  
323  551  
324  551  
325  551  
298  552  
299  552  
300  552  
363  555  
364  555  
365  555  
366  555  
367  555  
368  555  
369  555  
370  555  
371  555  
372  555  
373  555  
374  555  
375  555  
376  555  
377  555  
378  555  
379  555  
380  555  
381  555  
382  555  
383  555  
360  562  
361  562  
362  562  
368  562  
369  562  
370  562  
371  562  
372  562  
373  562  
381  562  
382  562  
383  562  
363  563  
364  563  
365  563  
366  563  
367  563  
374  563  
375  563  
376  563  
377  563  
378  563  
379  563  
380  563  
