306  86  
323  86  
324  86  
325  86  
326  86  
327  86  
328  86  
329  86  
330  86  
331  86  
332  86  
333  86  
334  86  
335  86  
336  86  
337  86  
338  86  
339  86  
340  86  
341  86  
342  86  
343  86  
344  86  
304  87  
305  87  
307  87  
308  87  
309  87  
310  87  
311  87  
312  87  
313  87  
314  87  
315  87  
316  87  
317  87  
318  87  
319  87  
320  87  
321  87  
322  87  
468  112  
468  113  
468  114  
469  115  
469  116  
469  117  
469  118  
469  119  
469  120  
469  121  
469  122  
469  123  
469  124  
469  125  
469  126  
469  127  
469  128  
469  129  
469  130  
469  131  
469  132  
470  133  
470  134  
470  135  
470  136  
470  137  
470  138  
471  139  
472  139  
473  139  
474  139  
475  139  
460  175  
460  176  
460  177  
460  178  
460  179  
460  180  
460  181  
460  182  
460  183  
460  184  
460  185  
460  186  
460  187  
460  188  
460  189  
460  190  
460  191  
460  192  
460  193  
460  194  
460  195  
461  196  
461  197  
461  198  
461  199  
461  200  
461  201  
461  202  
461  203  
461  204  
461  205  
461  206  
461  207  
461  208  
461  209  
461  210  
461  211  
461  212  
461  213  
461  214  
461  215  
461  216  
461  217  
461  218  
462  219  
462  220  
462  221  
462  222  
462  223  
462  224  
462  225  
462  226  
462  227  
462  228  
462  229  
462  230  
462  231  
462  232  
462  233  
462  234  
462  235  
462  236  
462  237  
462  238  
462  239  
462  240  
462  241  
462  242  
462  243  
462  244  
462  245  
462  246  
462  247  
462  248  
463  176  
463  177  
463  178  
463  179  
463  180  
463  181  
463  182  
463  183  
463  184  
463  185  
463  186  
463  187  
463  188  
463  189  
463  190  
463  191  
463  192  
464  193  
464  194  
464  195  
464  196  
464  197  
464  198  
464  199  
464  200  
464  201  
464  202  
464  203  
464  204  
464  205  
464  206  
464  207  
464  208  
464  209  
464  210  
464  211  
464  212  
464  213  
464  214  
464  215  
464  216  
464  217  
464  218  
465  219  
465  220  
465  221  
465  222  
465  223  
465  224  
465  225  
465  226  
465  227  
465  228  
465  229  
465  230  
465  231  
465  232  
465  233  
465  234  
465  235  
465  236  
465  237  
465  238  
465  239  
465  240  
465  241  
466  242  
466  243  
466  244  
449  180  
449  181  
449  182  
449  183  
449  184  
449  185  
449  186  
449  187  
449  188  
449  189  
449  190  
449  191  
449  192  
449  193  
449  194  
449  195  
449  196  
449  197  
449  198  
449  199  
449  200  
449  201  
449  202  
449  203  
449  204  
449  205  
450  206  
450  207  
450  208  
450  209  
450  210  
450  211  
450  212  
450  213  
450  214  
450  215  
450  216  
450  217  
450  218  
450  219  
450  220  
450  221  
450  222  
450  223  
450  224  
450  225  
450  226  
450  227  
450  228  
450  229  
450  230  
450  231  
450  232  
450  233  
451  234  
451  235  
451  236  
451  237  
451  238  
451  239  
451  240  
451  241  
451  242  
453  181  
453  182  
453  183  
453  184  
453  185  
453  186  
453  187  
453  188  
453  189  
453  190  
453  191  
453  192  
453  193  
453  194  
453  195  
453  196  
453  197  
453  198  
453  199  
453  200  
453  201  
453  202  
453  203  
454  204  
454  205  
454  206  
454  207  
454  208  
454  209  
454  210  
454  211  
454  212  
454  213  
454  214  
454  215  
454  216  
454  217  
454  218  
455  219  
455  220  
455  221  
455  222  
455  223  
455  224  
455  225  
455  226  
455  227  
455  228  
456  229  
456  230  
456  231  
456  232  
456  233  
456  234  
456  235  
456  236  
456  237  
456  238  
456  239  
456  240  
479  187  
479  188  
479  189  
479  190  
479  191  
479  192  
479  193  
479  194  
479  195  
479  196  
479  197  
479  198  
479  199  
479  200  
479  201  
479  202  
478  203  
478  204  
478  205  
478  206  
478  207  
478  208  
479  209  
479  210  
479  211  
479  212  
479  213  
479  214  
479  215  
479  216  
479  217  
479  218  
479  219  
479  220  
433  188  
434  188  
435  188  
436  188  
437  188  
438  188  
423  189  
424  189  
425  189  
426  189  
427  189  
428  189  
429  189  
430  189  
431  189  
432  189  
412  190  
413  190  
414  190  
415  190  
416  190  
417  190  
418  190  
419  190  
420  190  
421  190  
422  190  
405  191  
406  191  
407  191  
408  191  
409  191  
410  191  
411  191  
395  192  
396  192  
397  192  
398  192  
399  192  
400  192  
401  192  
402  192  
403  192  
404  192  
385  193  
386  193  
387  193  
388  193  
389  193  
390  193  
391  193  
392  193  
393  193  
394  193  
377  194  
378  194  
379  194  
380  194  
381  194  
382  194  
383  194  
384  194  
367  195  
368  195  
369  195  
370  195  
371  195  
372  195  
373  195  
374  195  
375  195  
376  195  
355  196  
356  196  
357  196  
358  196  
359  196  
360  196  
361  196  
362  196  
363  196  
364  196  
365  196  
366  196  
349  197  
350  197  
351  197  
352  197  
353  197  
354  197  
340  198  
341  198  
342  198  
343  198  
344  198  
345  198  
346  198  
347  198  
348  198  
329  199  
330  199  
331  199  
332  199  
333  199  
334  199  
335  199  
336  199  
337  199  
338  199  
339  199  
322  200  
323  200  
324  200  
325  200  
326  200  
327  200  
328  200  
312  201  
313  201  
314  201  
315  201  
316  201  
317  201  
318  201  
319  201  
320  201  
321  201  
303  202  
304  202  
305  202  
306  202  
307  202  
308  202  
309  202  
310  202  
311  202  
294  203  
295  203  
296  203  
297  203  
298  203  
299  203  
300  203  
301  203  
302  203  
285  204  
286  204  
287  204  
288  204  
289  204  
290  204  
291  204  
292  204  
293  204  
280  205  
281  205  
282  205  
283  205  
284  205  
293  232  
294  232  
295  232  
296  232  
297  232  
298  232  
299  232  
300  232  
283  233  
284  233  
285  233  
286  233  
287  233  
288  233  
289  233  
290  233  
291  233  
292  233  
270  234  
271  234  
272  234  
273  234  
274  234  
275  234  
276  234  
277  234  
278  234  
279  234  
280  234  
281  234  
282  234  
268  235  
269  235  
433  236  
434  236  
435  236  
436  236  
437  236  
438  236  
439  236  
440  236  
441  236  
418  237  
419  237  
420  237  
421  237  
422  237  
423  237  
424  237  
425  237  
426  237  
427  237  
428  237  
429  237  
430  237  
431  237  
432  237  
405  238  
406  238  
407  238  
408  238  
409  238  
410  238  
411  238  
412  238  
413  238  
414  238  
415  238  
416  238  
417  238  
389  239  
390  239  
391  239  
392  239  
393  239  
394  239  
395  239  
396  239  
397  239  
398  239  
399  239  
400  239  
401  239  
402  239  
403  239  
404  239  
375  240  
376  240  
377  240  
378  240  
379  240  
380  240  
381  240  
382  240  
383  240  
384  240  
385  240  
386  240  
387  240  
388  240  
362  241  
363  241  
364  241  
365  241  
366  241  
367  241  
368  241  
369  241  
370  241  
371  241  
372  241  
373  241  
374  241  
349  242  
350  242  
351  242  
352  242  
353  242  
354  242  
355  242  
356  242  
357  242  
358  242  
359  242  
360  242  
361  242  
336  243  
337  243  
338  243  
339  243  
340  243  
341  243  
342  243  
343  243  
344  243  
345  243  
346  243  
347  243  
348  243  
364  256  
365  256  
366  256  
367  256  
368  256  
369  256  
370  256  
371  256  
372  256  
373  256  
374  256  
375  256  
376  256  
377  256  
350  257  
351  257  
356  257  
357  257  
358  257  
359  257  
360  257  
361  257  
362  257  
363  257  
340  258  
341  258  
342  258  
343  258  
344  258  
345  258  
346  258  
347  258  
348  258  
349  258  
352  258  
353  258  
354  258  
355  258  
445  258  
426  259  
427  259  
428  259  
429  259  
430  259  
431  259  
432  259  
433  259  
434  259  
435  259  
436  259  
437  259  
438  259  
439  259  
440  259  
441  259  
442  259  
443  259  
444  259  
407  260  
408  260  
409  260  
410  260  
411  260  
412  260  
413  260  
414  260  
415  260  
416  260  
417  260  
418  260  
419  260  
420  260  
421  260  
422  260  
423  260  
424  260  
425  260  
389  261  
390  261  
391  261  
392  261  
393  261  
394  261  
395  261  
396  261  
397  261  
398  261  
399  261  
400  261  
401  261  
402  261  
403  261  
404  261  
405  261  
406  261  
122  259  
123  259  
124  259  
125  259  
126  259  
127  259  
128  259  
129  259  
130  259  
131  259  
132  259  
133  259  
144  259  
145  259  
146  259  
120  260  
121  260  
134  260  
135  260  
136  260  
137  260  
138  260  
139  260  
140  260  
143  260  
141  261  
142  261  
53  286  
53  287  
53  288  
53  289  
53  290  
53  291  
53  292  
53  293  
53  294  
53  295  
53  296  
53  297  
53  298  
53  299  
53  300  
53  301  
53  302  
53  303  
53  304  
53  305  
53  306  
53  307  
53  308  
53  309  
53  310  
53  311  
53  312  
53  313  
53  314  
53  315  
53  316  
53  317  
53  318  
53  319  
53  320  
53  321  
53  322  
53  323  
53  324  
53  325  
53  326  
53  327  
53  328  
53  329  
53  330  
53  331  
53  332  
53  333  
53  334  
53  335  
53  336  
53  337  
53  338  
53  339  
53  340  
53  341  
53  342  
53  343  
53  344  
53  345  
53  346  
53  347  
53  348  
64  288  
64  289  
64  290  
65  291  
65  292  
65  293  
65  294  
64  295  
65  296  
65  297  
65  298  
64  299  
64  300  
64  301  
64  302  
64  303  
64  304  
64  305  
64  306  
64  307  
65  308  
65  309  
65  310  
65  311  
64  312  
64  313  
64  314  
64  315  
64  316  
64  317  
64  318  
64  319  
64  320  
65  321  
65  322  
65  323  
65  324  
65  325  
65  326  
65  327  
65  328  
65  329  
65  330  
65  331  
65  332  
65  333  
65  334  
65  335  
65  336  
65  337  
64  338  
64  339  
65  340  
65  341  
65  342  
65  343  
65  344  
65  345  
65  346  
60  291  
60  292  
60  293  
60  294  
60  295  
60  296  
60  297  
60  298  
60  299  
60  300  
60  301  
60  302  
60  303  
60  304  
60  305  
60  306  
60  307  
60  308  
60  309  
60  310  
60  311  
60  312  
60  313  
60  314  
60  315  
60  316  
60  317  
60  318  
60  319  
60  320  
60  321  
60  322  
60  323  
60  324  
60  325  
60  326  
60  327  
60  328  
60  329  
60  330  
60  331  
60  332  
61  333  
61  334  
61  335  
61  336  
61  337  
61  338  
61  339  
61  340  
60  341  
60  342  
60  343  
60  344  
60  345  
60  346  
166  293  
166  294  
166  295  
166  296  
165  297  
165  298  
165  299  
165  300  
165  301  
165  302  
164  303  
164  304  
164  305  
164  306  
164  307  
164  308  
164  309  
164  310  
164  311  
165  312  
165  313  
165  314  
165  315  
165  316  
164  317  
164  318  
164  319  
164  320  
164  321  
164  322  
164  323  
164  324  
164  325  
164  326  
164  327  
164  328  
165  329  
165  330  
165  331  
165  332  
165  333  
165  334  
166  335  
166  336  
166  337  
166  338  
166  339  
167  340  
167  341  
167  342  
167  343  
168  344  
168  345  
168  346  
169  347  
169  348  
169  349  
170  350  
170  351  
119  298  
120  298  
121  298  
122  298  
98  299  
99  299  
100  299  
101  299  
102  299  
103  299  
104  299  
105  299  
106  299  
107  299  
108  299  
109  299  
110  299  
111  299  
112  299  
113  299  
114  299  
115  299  
116  299  
117  299  
118  299  
142  312  
142  313  
143  314  
143  315  
143  316  
143  317  
143  318  
143  319  
143  320  
143  321  
143  322  
143  323  
143  324  
143  325  
142  326  
143  327  
143  328  
143  329  
143  330  
143  331  
174  315  
174  316  
174  317  
174  318  
174  319  
174  320  
174  321  
174  322  
174  323  
175  324  
175  325  
175  326  
175  327  
175  328  
175  329  
175  330  
175  331  
175  332  
176  333  
176  334  
176  335  
176  336  
176  337  
177  338  
177  339  
177  340  
178  341  
178  342  
178  343  
178  344  
179  345  
179  346  
475  331  
475  332  
475  333  
475  334  
475  335  
475  336  
475  337  
475  338  
475  339  
475  340  
475  341  
475  342  
475  343  
475  344  
475  345  
475  346  
475  347  
475  348  
475  349  
475  350  
475  351  
475  352  
475  353  
475  354  
476  355  
475  356  
92  335  
93  335  
94  335  
95  336  
96  336  
97  336  
98  336  
99  336  
100  336  
101  336  
102  336  
103  336  
104  336  
105  336  
106  336  
107  336  
108  336  
109  336  
110  336  
111  336  
112  336  
113  336  
114  336  
115  336  
116  336  
117  336  
118  336  
119  336  
120  336  
121  336  
102  359  
103  359  
104  359  
105  360  
106  360  
107  360  
108  360  
109  360  
110  360  
111  360  
112  360  
113  360  
114  360  
115  360  
116  360  
117  360  
118  360  
119  360  
120  360  
121  360  
122  360  
123  360  
124  360  
125  360  
126  360  
127  360  
458  368  
458  369  
458  370  
458  371  
458  372  
458  373  
458  374  
458  375  
458  376  
458  377  
458  378  
458  379  
458  380  
458  381  
458  382  
458  383  
458  384  
458  385  
458  386  
458  387  
457  388  
457  389  
457  390  
457  391  
457  392  
457  393  
457  394  
457  395  
457  396  
457  397  
457  398  
457  399  
457  400  
457  401  
457  402  
457  403  
457  404  
457  405  
457  406  
457  407  
457  408  
457  409  
457  410  
457  411  
457  412  
457  413  
457  414  
457  415  
457  416  
457  417  
457  418  
457  419  
457  420  
457  421  
457  422  
457  423  
457  424  
458  425  
458  426  
458  427  
458  428  
458  429  
458  430  
458  431  
458  432  
458  433  
458  434  
458  435  
458  436  
458  437  
458  438  
458  439  
458  440  
458  441  
458  442  
458  443  
458  444  
458  445  
376  369  
377  369  
378  369  
379  369  
380  369  
381  369  
382  369  
383  369  
384  369  
385  369  
386  369  
387  369  
388  369  
389  369  
390  369  
391  369  
392  369  
393  369  
394  369  
395  369  
396  369  
397  369  
398  369  
399  369  
400  369  
401  369  
402  369  
403  369  
404  369  
405  369  
406  370  
407  370  
408  370  
409  370  
410  370  
411  370  
412  370  
413  370  
414  370  
415  370  
416  370  
417  370  
418  370  
419  370  
420  370  
421  370  
422  370  
423  370  
424  370  
425  370  
426  370  
427  370  
428  370  
429  370  
430  370  
431  370  
432  370  
433  370  
434  370  
435  370  
436  370  
437  370  
438  370  
439  370  
440  370  
441  370  
442  370  
443  370  
444  370  
445  370  
446  370  
447  370  
120  378  
121  378  
122  378  
123  378  
124  378  
125  378  
126  378  
127  378  
128  378  
129  378  
130  378  
131  378  
132  378  
133  378  
134  378  
135  378  
136  378  
137  378  
138  378  
139  378  
140  378  
141  378  
142  378  
143  378  
144  378  
145  378  
146  378  
464  378  
464  379  
464  380  
464  381  
464  382  
464  383  
464  384  
464  385  
464  386  
464  387  
464  388  
464  389  
464  390  
464  391  
464  392  
464  393  
464  394  
464  395  
464  396  
464  397  
464  398  
464  399  
464  400  
464  401  
465  402  
465  403  
465  404  
465  405  
465  406  
465  407  
465  408  
465  409  
465  410  
465  411  
465  412  
465  413  
465  414  
465  415  
465  416  
465  417  
465  418  
465  419  
465  420  
465  421  
465  422  
465  423  
465  424  
465  425  
465  426  
465  427  
465  428  
465  429  
465  430  
465  431  
465  432  
465  433  
465  434  
465  435  
465  436  
465  437  
465  438  
465  439  
465  440  
465  441  
465  442  
465  443  
465  444  
465  445  
465  446  
465  447  
465  448  
465  449  
465  450  
465  451  
453  384  
453  385  
453  386  
453  387  
453  388  
453  389  
453  390  
453  391  
453  392  
453  393  
453  394  
453  395  
453  396  
453  397  
453  398  
453  399  
453  400  
453  401  
453  402  
453  403  
453  404  
453  405  
453  406  
453  407  
453  408  
453  409  
453  410  
453  411  
453  412  
453  413  
453  414  
453  415  
453  416  
453  417  
453  418  
453  419  
453  420  
453  421  
453  422  
453  423  
453  424  
453  425  
453  426  
453  427  
453  428  
453  429  
453  430  
453  431  
453  432  
453  433  
453  434  
453  435  
453  436  
453  437  
453  438  
453  439  
453  440  
453  441  
453  442  
453  443  
453  444  
453  445  
454  446  
320  386  
321  386  
322  386  
323  386  
324  386  
325  386  
326  386  
327  386  
328  387  
329  387  
330  387  
331  387  
332  387  
333  387  
334  387  
335  387  
336  387  
337  387  
338  387  
339  387  
340  387  
341  387  
342  387  
343  387  
344  387  
345  387  
346  387  
347  387  
348  387  
349  387  
350  387  
351  387  
352  387  
353  387  
354  387  
355  387  
356  387  
357  387  
358  387  
359  387  
360  388  
361  388  
362  388  
363  388  
364  388  
365  388  
366  388  
367  388  
368  388  
369  388  
370  388  
371  388  
372  388  
373  388  
374  388  
375  388  
376  388  
377  388  
378  388  
379  388  
380  388  
381  388  
382  388  
383  388  
384  388  
385  388  
386  388  
387  388  
388  389  
389  389  
390  389  
391  389  
392  389  
393  389  
394  389  
395  389  
396  389  
397  389  
398  389  
399  389  
400  389  
401  389  
402  389  
403  389  
404  389  
405  389  
406  389  
407  389  
408  389  
409  389  
410  389  
411  389  
412  389  
413  389  
414  389  
415  389  
416  389  
417  389  
418  389  
419  390  
420  390  
421  390  
422  390  
423  390  
424  390  
425  390  
468  386  
468  387  
468  388  
468  389  
467  390  
467  391  
467  392  
467  393  
467  394  
467  395  
467  396  
467  397  
467  398  
467  399  
468  400  
468  401  
468  402  
468  403  
468  404  
468  405  
468  406  
468  407  
468  408  
468  409  
468  410  
468  411  
468  412  
468  413  
468  414  
468  415  
468  416  
468  417  
468  418  
468  419  
468  420  
468  421  
468  422  
468  423  
468  424  
468  425  
468  426  
468  427  
468  428  
468  429  
468  430  
468  431  
468  432  
468  433  
468  434  
468  435  
468  436  
468  437  
468  438  
468  439  
468  440  
468  441  
468  442  
468  443  
468  444  
468  445  
468  446  
468  447  
468  448  
468  449  
122  390  
123  390  
124  390  
125  390  
126  391  
127  391  
128  391  
129  391  
130  391  
131  391  
132  391  
133  391  
134  391  
135  391  
136  391  
137  391  
138  391  
139  391  
140  391  
141  391  
142  392  
143  392  
144  392  
145  392  
146  392  
147  392  
148  392  
149  392  
297  391  
297  392  
297  393  
296  394  
296  395  
296  396  
296  397  
296  398  
296  399  
296  400  
295  401  
295  402  
295  403  
295  404  
295  405  
295  406  
295  407  
295  408  
295  409  
295  410  
295  411  
295  412  
295  413  
295  414  
295  415  
295  416  
295  417  
295  418  
295  419  
296  420  
296  421  
296  422  
292  396  
292  397  
292  398  
292  399  
292  400  
292  401  
292  402  
291  403  
291  404  
291  405  
291  406  
291  407  
291  408  
291  409  
291  410  
291  411  
291  412  
291  413  
291  414  
291  415  
200  416  
201  416  
202  416  
203  416  
204  416  
205  417  
206  417  
207  417  
208  417  
209  417  
210  417  
211  418  
212  418  
213  418  
214  418  
215  418  
216  418  
217  418  
218  418  
219  418  
220  418  
233  418  
221  419  
222  419  
223  419  
224  419  
225  419  
226  419  
227  419  
228  419  
229  419  
231  419  
232  419  
230  420  
314  428  
315  428  
316  428  
317  428  
318  428  
319  428  
320  429  
321  429  
322  429  
323  429  
324  429  
325  429  
326  429  
327  429  
328  429  
329  429  
330  429  
331  429  
332  429  
333  430  
334  430  
335  430  
336  430  
337  430  
338  430  
339  430  
340  430  
341  430  
342  430  
343  430  
344  430  
345  431  
346  431  
347  431  
348  431  
349  431  
350  431  
351  431  
352  431  
353  431  
354  431  
355  431  
356  431  
357  431  
358  432  
359  432  
360  432  
361  432  
362  432  
363  432  
364  432  
365  432  
366  432  
367  432  
368  432  
385  434  
386  434  
387  434  
388  434  
389  434  
390  434  
391  434  
392  435  
393  435  
394  435  
395  435  
396  435  
397  435  
398  435  
399  435  
400  435  
401  435  
402  436  
403  436  
404  436  
405  436  
406  436  
407  436  
408  436  
409  436  
410  436  
411  436  
412  436  
413  436  
414  436  
415  436  
416  436  
417  437  
418  437  
419  437  
420  437  
421  437  
422  437  
423  437  
424  437  
425  437  
426  437  
427  437  
428  437  
429  438  
430  438  
431  438  
432  438  
433  438  
434  438  
435  438  
436  438  
437  438  
438  438  
439  438  
440  438  
441  439  
442  439  
443  439  
399  486  
399  487  
399  488  
399  489  
399  490  
399  491  
399  492  
399  493  
399  494  
399  495  
399  496  
399  497  
399  498  
399  499  
399  500  
399  501  
399  502  
399  503  
399  504  
399  505  
399  506  
399  507  
399  508  
399  509  
399  510  
399  511  
399  512  
399  513  
399  514  
399  515  
399  516  
399  517  
399  518  
399  519  
399  520  
399  521  
399  522  
399  523  
399  524  
399  525  
399  526  
399  527  
399  528  
399  529  
399  530  
399  531  
399  532  
399  533  
399  534  
399  535  
399  536  
399  537  
399  538  
399  539  
399  540  
399  541  
399  542  
399  543  
399  544  
399  545  
399  546  
399  547  
399  548  
399  549  
400  550  
400  551  
406  491  
406  492  
406  493  
406  494  
406  495  
406  496  
406  497  
406  498  
406  499  
406  500  
406  501  
406  502  
406  503  
406  504  
406  505  
406  506  
406  507  
406  508  
406  509  
406  510  
406  511  
406  512  
406  513  
406  514  
406  515  
406  516  
406  517  
406  518  
406  519  
406  520  
406  521  
406  522  
406  523  
406  524  
406  525  
406  526  
406  527  
406  528  
406  529  
406  530  
406  531  
407  532  
407  533  
402  492  
402  493  
402  494  
402  495  
402  496  
402  497  
402  498  
402  499  
402  500  
402  501  
402  502  
402  503  
402  504  
402  505  
402  506  
402  507  
402  508  
402  509  
402  510  
402  511  
402  512  
402  513  
402  514  
403  515  
403  516  
403  517  
403  518  
403  519  
403  520  
403  521  
403  522  
403  523  
403  524  
403  525  
403  526  
403  527  
403  528  
403  529  
403  530  
403  531  
403  532  
403  533  
403  534  
403  535  
403  536  
403  537  
403  538  
403  539  
403  540  
403  541  
403  542  
403  543  
403  544  
403  545  
403  546  
403  547  
403  548  
447  494  
448  494  
449  494  
450  495  
451  495  
452  495  
453  495  
454  495  
455  495  
456  496  
457  496  
458  496  
459  496  
460  496  
461  496  
462  496  
463  496  
464  496  
465  497  
466  497  
467  497  
468  497  
447  504  
447  505  
447  506  
447  507  
447  508  
447  509  
447  510  
447  511  
447  512  
447  513  
447  514  
447  515  
447  516  
447  517  
447  518  
447  519  
447  520  
447  521  
447  522  
447  523  
447  524  
447  525  
447  526  
447  527  
447  528  
447  529  
447  530  
447  531  
447  532  
447  533  
447  534  
447  535  
447  536  
447  537  
447  538  
447  539  
447  540  
447  541  
447  542  
447  543  
447  544  
447  545  
447  546  
447  547  
447  548  
447  549  
447  550  
447  551  
447  552  
447  553  
447  554  
447  555  
447  556  
447  557  
447  558  
447  559  
448  560  
448  561  
448  562  
448  563  
448  564  
448  565  
448  566  
448  567  
451  507  
451  508  
451  509  
451  510  
451  511  
451  512  
451  513  
451  514  
451  515  
451  516  
451  517  
451  518  
451  519  
451  520  
451  521  
451  522  
451  523  
451  524  
451  525  
451  526  
451  527  
451  528  
451  529  
451  530  
451  531  
451  532  
451  533  
451  534  
451  535  
451  536  
451  537  
451  538  
451  539  
451  540  
451  541  
451  542  
451  543  
451  544  
451  545  
451  546  
451  547  
451  548  
451  549  
451  550  
451  551  
451  552  
451  553  
451  554  
451  555  
451  556  
451  557  
451  558  
451  559  
451  560  
451  561  
451  562  
451  563  
451  564  
451  565  
451  566  
451  567  
451  568  
465  507  
465  508  
466  509  
466  510  
466  511  
466  512  
466  513  
466  514  
466  515  
466  516  
466  517  
466  518  
466  519  
466  520  
466  521  
466  522  
465  523  
465  524  
465  525  
466  526  
466  527  
466  528  
466  529  
466  530  
466  531  
466  532  
466  533  
467  534  
467  535  
466  536  
466  537  
466  538  
466  539  
466  540  
466  541  
466  542  
466  543  
466  544  
466  545  
467  546  
467  547  
466  548  
467  549  
467  550  
467  551  
476  523  
476  524  
476  525  
476  526  
476  527  
476  528  
476  529  
476  530  
476  531  
476  532  
476  533  
476  534  
476  535  
476  536  
477  537  
477  538  
477  539  
477  540  
477  541  
477  542  
456  572  
457  572  
458  572  
459  572  
460  572  
461  572  
462  573  
463  573  
464  573  
465  573  
466  573  
467  573  
468  574  
469  574  
470  574  
471  574  
472  574  
473  575  
474  575  
475  575  
476  575  
477  575  
478  576  
479  576  
479  587  
479  588  
479  589  
478  590  
478  591  
478  592  
478  593  
478  594  
478  595  
477  596  
478  597  
478  598  
478  599  
478  600  
478  601  
478  602  
478  603  
478  604  
478  605  
478  606  
478  607  
478  608  
478  609  
478  610  
478  611  
478  612  
478  613  
478  614  
478  615  
478  616  
478  617  
478  618  
478  619  
478  620  
478  621  
478  622  
478  623  
478  624  
479  625  
479  626  
479  627  
479  628  
479  629  
479  630  
479  631  
479  632  
479  633  
479  634  
478  635  
479  636  
479  637  
479  638  
479  639  
