454  2  
454  3  
454  4  
454  5  
454  6  
454  7  
454  8  
454  9  
454  10  
454  11  
454  12  
454  13  
454  14  
454  15  
454  16  
454  17  
454  18  
454  19  
454  20  
454  21  
454  22  
454  23  
454  24  
454  25  
454  26  
454  27  
454  28  
454  29  
454  30  
454  31  
454  32  
454  33  
454  34  
454  35  
454  36  
454  37  
454  38  
454  39  
454  40  
454  41  
454  42  
454  43  
454  44  
454  45  
454  46  
454  47  
454  48  
454  49  
454  50  
454  51  
454  52  
454  53  
454  54  
454  55  
454  56  
454  57  
454  58  
454  59  
454  60  
454  61  
454  62  
454  63  
454  64  
454  65  
454  66  
454  67  
454  68  
454  69  
454  70  
454  71  
454  72  
454  73  
454  74  
454  75  
454  76  
453  77  
453  78  
453  79  
454  80  
454  81  
454  82  
454  83  
454  84  
454  85  
454  86  
454  87  
454  88  
454  89  
454  90  
454  91  
454  92  
454  93  
454  94  
454  95  
454  96  
454  97  
454  98  
454  99  
454  100  
454  101  
454  102  
454  103  
454  104  
454  105  
453  106  
453  107  
454  108  
454  109  
454  110  
454  111  
454  112  
454  113  
454  114  
454  115  
454  116  
454  117  
454  118  
454  119  
454  120  
454  121  
454  122  
454  123  
454  124  
454  125  
454  126  
454  127  
273  31  
274  32  
275  32  
276  32  
277  32  
278  32  
279  32  
280  32  
281  32  
282  33  
283  33  
284  33  
285  33  
286  33  
287  33  
288  33  
289  33  
290  33  
291  33  
292  33  
293  33  
294  33  
295  33  
296  33  
327  82  
327  83  
327  84  
327  85  
327  86  
327  87  
327  88  
327  89  
327  90  
328  91  
328  92  
328  93  
328  94  
328  95  
328  96  
328  97  
328  98  
328  99  
328  100  
328  101  
266  103  
266  104  
266  105  
266  106  
265  107  
265  108  
266  109  
266  110  
266  111  
266  112  
266  113  
266  114  
266  115  
266  116  
266  117  
266  118  
266  119  
266  120  
266  121  
266  122  
266  123  
266  124  
266  125  
266  126  
266  127  
454  134  
454  135  
454  136  
454  137  
454  138  
454  139  
454  140  
454  141  
454  142  
454  143  
454  144  
454  145  
454  146  
454  147  
454  148  
454  149  
454  150  
454  151  
454  152  
454  153  
454  154  
454  155  
454  156  
454  157  
454  158  
454  159  
454  160  
454  161  
454  162  
454  163  
454  164  
454  165  
454  166  
454  167  
454  168  
454  169  
454  170  
454  171  
454  172  
454  173  
454  174  
454  175  
454  176  
454  177  
454  178  
454  179  
454  180  
454  181  
454  182  
454  183  
454  184  
454  185  
454  186  
454  187  
454  188  
454  189  
454  190  
454  191  
454  192  
454  193  
454  194  
454  195  
454  196  
454  197  
454  198  
454  199  
454  200  
454  201  
454  202  
454  203  
454  204  
454  205  
454  206  
454  207  
454  208  
454  209  
454  210  
454  211  
454  212  
454  213  
454  214  
454  215  
454  216  
454  217  
454  218  
454  219  
454  220  
454  221  
454  222  
454  223  
454  224  
454  225  
454  226  
454  227  
454  228  
454  229  
454  230  
454  231  
454  232  
454  233  
454  234  
454  235  
454  236  
454  237  
454  238  
454  239  
454  240  
454  241  
454  242  
454  243  
454  244  
454  245  
454  246  
454  247  
454  248  
454  249  
454  250  
454  251  
454  252  
454  253  
454  254  
454  255  
454  256  
454  257  
454  258  
454  259  
454  260  
454  261  
454  262  
454  263  
454  264  
454  265  
454  266  
454  267  
454  268  
454  269  
454  270  
454  271  
454  272  
454  273  
454  274  
454  275  
454  276  
454  277  
454  278  
454  279  
454  280  
454  281  
454  282  
454  283  
454  284  
454  285  
454  286  
454  287  
454  288  
454  289  
454  290  
454  291  
454  292  
454  293  
454  294  
454  295  
454  296  
454  297  
454  298  
454  299  
454  300  
454  301  
454  302  
454  303  
454  304  
454  305  
454  306  
454  307  
454  308  
454  309  
454  310  
454  311  
454  312  
454  313  
454  314  
454  315  
454  316  
454  317  
454  318  
454  319  
454  320  
454  321  
454  322  
454  323  
454  324  
454  325  
454  326  
454  327  
454  328  
454  329  
454  330  
454  331  
454  332  
454  333  
454  334  
454  335  
454  336  
454  337  
454  338  
454  339  
454  340  
454  341  
454  342  
454  343  
454  344  
454  345  
454  346  
454  347  
454  348  
454  349  
454  350  
454  351  
454  352  
454  353  
454  354  
454  355  
454  356  
454  357  
454  358  
454  359  
454  360  
454  361  
454  362  
454  363  
453  364  
454  365  
454  366  
454  367  
454  368  
454  369  
454  370  
454  371  
454  372  
454  373  
454  374  
454  375  
454  376  
454  377  
454  378  
454  379  
454  380  
454  381  
454  382  
454  383  
454  384  
454  385  
454  386  
454  387  
454  388  
454  389  
454  390  
454  391  
454  392  
454  393  
454  394  
454  395  
454  396  
454  397  
454  398  
454  399  
454  400  
454  401  
454  402  
454  403  
454  404  
454  405  
454  406  
454  407  
454  408  
454  409  
454  410  
454  411  
454  412  
454  413  
454  414  
454  415  
454  416  
454  417  
454  418  
454  419  
454  420  
454  421  
454  422  
454  423  
454  424  
454  425  
454  426  
454  427  
454  428  
454  429  
454  430  
454  431  
454  432  
454  433  
454  434  
454  435  
454  436  
454  437  
454  438  
454  439  
454  440  
454  441  
454  442  
454  443  
454  444  
454  445  
454  446  
454  447  
454  448  
454  449  
454  450  
454  451  
454  452  
454  453  
454  454  
454  455  
454  456  
454  457  
454  458  
454  459  
454  460  
454  461  
454  462  
454  463  
454  464  
454  465  
454  466  
454  467  
454  468  
454  469  
454  470  
454  471  
454  472  
454  473  
454  474  
454  475  
454  476  
454  477  
454  478  
454  479  
454  480  
454  481  
454  482  
454  483  
454  484  
454  485  
453  486  
453  487  
453  488  
453  489  
454  490  
454  491  
454  492  
454  493  
454  494  
454  495  
454  496  
454  497  
454  498  
454  499  
454  500  
454  501  
454  502  
454  503  
454  504  
454  505  
454  506  
453  507  
453  508  
454  509  
454  510  
454  511  
454  512  
454  513  
454  514  
454  515  
454  516  
454  517  
454  518  
454  519  
454  520  
454  521  
454  522  
454  523  
454  524  
454  525  
454  526  
454  527  
454  528  
454  529  
454  530  
454  531  
454  532  
454  533  
454  534  
454  535  
454  536  
454  537  
454  538  
454  539  
454  540  
454  541  
454  542  
454  543  
454  544  
454  545  
454  546  
454  547  
454  548  
454  549  
454  550  
454  551  
454  552  
454  553  
454  554  
454  555  
454  556  
454  557  
454  558  
454  559  
454  560  
454  561  
454  562  
454  563  
454  564  
454  565  
454  566  
454  567  
454  568  
454  569  
454  570  
454  571  
454  572  
454  573  
454  574  
454  575  
454  576  
454  577  
454  578  
454  579  
454  580  
454  581  
454  582  
454  583  
454  584  
454  585  
454  586  
454  587  
454  588  
454  589  
454  590  
454  591  
454  592  
454  593  
454  594  
454  595  
454  596  
454  597  
454  598  
454  599  
454  600  
454  601  
454  602  
454  603  
454  604  
454  605  
454  606  
454  607  
454  608  
454  609  
454  610  
454  611  
454  612  
454  613  
454  614  
454  615  
454  616  
454  617  
454  618  
454  619  
454  620  
454  621  
454  622  
454  623  
454  624  
454  625  
454  626  
454  627  
454  628  
454  629  
454  630  
454  631  
454  632  
454  633  
454  634  
454  635  
454  636  
454  637  
454  638  
454  639  
169  135  
170  135  
164  136  
165  136  
166  136  
167  136  
168  136  
158  137  
159  137  
160  137  
161  137  
162  137  
163  137  
152  138  
153  138  
154  138  
155  138  
156  138  
157  138  
146  139  
147  139  
148  139  
149  139  
150  139  
151  139  
140  140  
141  140  
142  140  
143  140  
144  140  
145  140  
135  141  
136  141  
137  141  
138  141  
139  141  
197  140  
198  140  
199  140  
200  140  
201  140  
202  140  
203  140  
204  140  
205  140  
206  140  
207  140  
208  140  
209  140  
210  140  
211  140  
212  140  
213  140  
214  140  
215  140  
216  140  
217  140  
218  140  
219  140  
220  140  
221  140  
222  140  
223  140  
224  140  
186  142  
187  142  
181  143  
182  143  
183  143  
184  143  
185  143  
176  144  
177  144  
178  144  
179  144  
180  144  
171  145  
172  145  
173  145  
174  145  
175  145  
166  146  
167  146  
168  146  
169  146  
170  146  
161  147  
162  147  
163  147  
164  147  
165  147  
156  148  
157  148  
158  148  
159  148  
160  148  
155  149  
352  152  
352  153  
352  154  
352  155  
352  156  
351  157  
352  158  
352  159  
352  160  
352  161  
352  162  
352  163  
352  164  
352  165  
352  166  
352  167  
352  168  
352  169  
352  170  
352  171  
351  172  
351  173  
105  158  
106  158  
107  158  
108  158  
109  158  
110  158  
111  158  
112  158  
113  158  
114  158  
115  158  
116  158  
117  158  
118  158  
119  158  
120  158  
121  158  
122  158  
123  158  
124  158  
125  158  
126  158  
127  158  
128  158  
129  158  
354  177  
354  178  
354  179  
354  180  
354  181  
355  182  
355  183  
355  184  
355  185  
355  186  
355  187  
355  188  
355  189  
355  190  
355  191  
355  192  
355  193  
355  194  
355  195  
355  196  
355  197  
355  198  
356  199  
356  200  
356  201  
356  202  
356  203  
356  204  
356  205  
356  206  
355  207  
105  181  
106  181  
107  181  
108  181  
109  181  
110  181  
111  181  
112  181  
113  181  
114  181  
115  181  
116  181  
117  181  
118  181  
119  181  
120  181  
121  181  
122  181  
123  181  
124  181  
125  181  
126  181  
127  181  
128  181  
129  181  
130  181  
131  181  
132  181  
133  181  
138  186  
138  187  
138  188  
138  189  
138  190  
139  191  
139  192  
139  193  
139  194  
139  195  
140  196  
140  197  
140  198  
140  199  
140  200  
140  201  
140  202  
140  203  
141  204  
141  205  
141  206  
141  207  
141  208  
141  209  
142  210  
142  211  
142  212  
142  213  
142  214  
142  215  
143  216  
143  217  
143  218  
143  219  
143  220  
143  221  
143  222  
144  223  
144  224  
144  225  
144  226  
144  227  
144  228  
144  229  
145  230  
145  231  
145  232  
145  233  
145  234  
155  197  
156  198  
156  199  
156  200  
156  201  
156  202  
156  203  
157  204  
157  205  
157  206  
157  207  
157  208  
157  209  
157  210  
158  211  
158  212  
158  213  
158  214  
158  215  
158  216  
158  217  
158  218  
159  219  
159  220  
159  221  
159  222  
160  223  
160  224  
160  225  
160  226  
160  227  
160  228  
160  229  
160  230  
161  231  
161  232  
161  233  
161  234  
161  235  
161  236  
162  237  
162  238  
162  239  
162  240  
181  197  
181  198  
181  199  
181  200  
181  201  
181  202  
182  203  
182  204  
182  205  
182  206  
182  207  
182  208  
182  209  
182  210  
182  211  
182  212  
183  213  
183  214  
183  215  
183  216  
183  217  
183  218  
183  219  
183  220  
184  221  
184  222  
184  223  
184  224  
184  225  
184  226  
356  211  
356  212  
356  213  
356  214  
356  215  
356  216  
355  217  
355  218  
355  219  
355  220  
355  221  
355  222  
355  223  
355  224  
355  225  
355  226  
355  227  
355  228  
355  229  
355  230  
355  231  
355  232  
354  233  
354  234  
354  235  
354  236  
354  237  
354  238  
354  239  
354  240  
353  241  
353  242  
353  243  
353  244  
353  245  
353  246  
353  247  
353  248  
353  249  
353  250  
353  251  
353  252  
353  253  
352  254  
352  255  
352  256  
352  257  
352  258  
352  259  
352  260  
351  261  
351  262  
351  263  
351  264  
351  265  
351  266  
350  267  
146  216  
146  217  
146  218  
146  219  
146  220  
147  221  
147  222  
147  223  
147  224  
147  225  
147  226  
148  227  
148  228  
148  229  
148  230  
148  231  
148  232  
148  233  
148  234  
149  235  
149  236  
149  237  
149  238  
149  239  
150  240  
150  241  
150  242  
150  243  
150  244  
150  245  
151  246  
151  247  
151  248  
151  249  
151  250  
151  251  
151  252  
152  253  
152  254  
314  223  
315  223  
316  223  
317  223  
318  223  
319  223  
320  223  
321  223  
322  223  
323  223  
324  223  
325  223  
326  223  
327  223  
328  223  
329  223  
330  223  
331  223  
332  223  
333  223  
334  223  
335  223  
338  224  
338  225  
338  226  
338  227  
338  228  
338  229  
338  230  
338  231  
338  232  
338  233  
338  234  
338  235  
337  236  
337  237  
337  238  
337  239  
337  240  
337  241  
337  242  
337  243  
337  244  
337  245  
337  246  
337  247  
336  248  
336  249  
336  250  
336  251  
336  252  
336  253  
336  254  
232  230  
233  230  
234  230  
235  230  
236  230  
237  230  
238  230  
239  230  
240  230  
241  230  
242  230  
243  230  
244  230  
245  230  
246  230  
247  230  
248  230  
249  230  
231  231  
231  232  
231  233  
231  234  
231  235  
211  232  
211  233  
211  234  
211  235  
211  236  
211  237  
211  238  
211  239  
211  240  
211  241  
211  242  
211  243  
211  244  
212  245  
212  246  
212  247  
212  248  
212  249  
212  250  
212  251  
212  252  
212  253  
212  254  
212  255  
213  256  
213  257  
213  258  
213  259  
213  260  
213  261  
213  262  
213  263  
213  264  
213  265  
213  266  
214  267  
214  268  
214  269  
214  270  
214  271  
214  272  
214  273  
214  274  
214  275  
214  276  
214  277  
214  278  
214  279  
214  280  
214  281  
215  282  
215  283  
215  284  
215  285  
215  286  
215  287  
275  235  
275  236  
275  237  
275  238  
275  239  
275  240  
275  241  
275  242  
275  243  
275  244  
275  245  
275  246  
275  247  
275  248  
275  249  
275  250  
275  251  
275  252  
275  253  
275  254  
275  255  
275  256  
275  257  
291  235  
291  236  
291  237  
291  238  
291  239  
291  240  
291  241  
291  242  
291  243  
291  244  
291  245  
291  246  
291  247  
291  248  
291  249  
291  250  
291  251  
291  252  
291  253  
291  254  
291  255  
291  256  
291  257  
295  235  
295  236  
295  237  
295  238  
295  239  
295  240  
295  241  
295  242  
295  243  
295  244  
295  245  
295  246  
295  247  
295  248  
295  249  
295  250  
295  251  
295  252  
295  253  
295  254  
295  255  
295  256  
295  257  
295  258  
295  259  
295  260  
295  261  
295  262  
301  235  
301  236  
300  237  
300  238  
300  239  
300  240  
300  241  
300  242  
300  243  
300  244  
300  245  
300  246  
300  247  
300  248  
300  249  
300  250  
300  251  
300  252  
300  253  
300  254  
300  255  
300  256  
300  257  
300  258  
300  259  
300  260  
300  261  
300  262  
300  263  
300  264  
300  265  
300  266  
300  267  
300  268  
300  269  
300  270  
300  271  
300  272  
300  273  
300  274  
300  275  
300  276  
300  277  
300  278  
300  279  
300  280  
300  281  
300  282  
299  283  
299  284  
299  285  
299  286  
299  287  
299  288  
299  289  
299  290  
299  291  
299  292  
299  293  
299  294  
299  295  
299  296  
299  297  
299  298  
299  299  
299  300  
299  301  
299  302  
299  303  
299  304  
299  305  
299  306  
299  307  
299  308  
299  309  
299  310  
299  311  
299  312  
299  313  
299  314  
299  315  
299  316  
299  317  
299  318  
299  319  
299  320  
299  321  
299  322  
299  323  
298  324  
298  325  
298  326  
298  327  
298  328  
298  329  
298  330  
298  331  
298  332  
298  333  
298  334  
298  335  
298  336  
298  337  
298  338  
271  236  
271  237  
271  238  
271  239  
271  240  
271  241  
271  242  
271  243  
271  244  
271  245  
271  246  
271  247  
271  248  
271  249  
271  250  
271  251  
271  252  
271  253  
271  254  
271  255  
271  256  
271  257  
231  237  
231  238  
231  239  
231  240  
231  241  
231  242  
231  243  
231  244  
231  245  
231  246  
232  247  
232  248  
232  249  
232  250  
232  251  
232  252  
232  253  
232  254  
232  255  
232  256  
158  259  
158  260  
158  261  
159  262  
159  263  
159  264  
159  265  
159  266  
159  267  
159  268  
160  269  
160  270  
160  271  
160  272  
160  273  
160  274  
161  275  
161  276  
161  277  
161  278  
161  279  
161  280  
161  281  
162  282  
162  283  
162  284  
162  285  
162  286  
162  287  
162  288  
163  289  
163  290  
251  261  
252  261  
253  261  
254  261  
258  261  
259  261  
260  261  
261  261  
262  261  
263  261  
264  261  
265  261  
236  262  
237  262  
238  262  
239  262  
240  262  
241  262  
242  262  
243  262  
244  262  
245  262  
246  262  
247  262  
248  262  
249  262  
250  262  
255  262  
256  262  
257  262  
153  262  
153  263  
153  264  
154  265  
154  266  
154  267  
154  268  
154  269  
154  270  
154  271  
154  272  
155  273  
155  274  
155  275  
155  276  
155  277  
156  278  
156  279  
156  280  
156  281  
234  266  
235  266  
236  266  
237  266  
238  266  
239  266  
240  266  
241  266  
242  266  
243  266  
244  266  
245  266  
246  266  
247  266  
248  266  
249  266  
250  266  
251  266  
252  266  
253  266  
254  266  
255  266  
256  266  
257  266  
258  266  
259  266  
260  266  
261  266  
262  266  
263  266  
264  266  
265  266  
266  266  
267  266  
268  266  
269  266  
270  266  
271  266  
272  266  
273  266  
274  266  
275  266  
276  266  
277  266  
278  266  
279  266  
280  266  
281  266  
282  266  
283  266  
284  266  
285  266  
286  266  
287  266  
288  266  
289  266  
290  266  
291  266  
216  267  
216  268  
216  269  
216  270  
216  271  
216  272  
216  273  
216  274  
217  275  
217  276  
217  277  
217  278  
217  279  
217  280  
217  281  
217  282  
217  283  
217  284  
217  285  
218  286  
218  287  
218  288  
218  289  
218  290  
218  291  
218  292  
218  293  
218  294  
218  295  
218  296  
218  297  
234  269  
235  269  
236  269  
237  269  
238  269  
239  269  
240  269  
241  269  
242  269  
243  269  
244  269  
245  269  
246  269  
247  269  
248  269  
249  269  
250  269  
251  269  
252  269  
253  269  
254  269  
255  269  
256  269  
257  269  
258  269  
259  269  
260  269  
261  269  
262  269  
263  269  
264  269  
265  269  
266  269  
267  269  
268  269  
269  269  
270  269  
271  269  
272  269  
273  269  
274  269  
275  269  
276  269  
277  269  
278  269  
279  269  
280  269  
281  269  
282  269  
283  269  
284  269  
285  269  
286  269  
287  269  
288  269  
289  269  
290  269  
291  269  
292  269  
295  270  
295  271  
295  272  
295  273  
295  274  
295  275  
295  276  
295  277  
295  278  
295  279  
295  280  
295  281  
295  282  
295  283  
295  284  
295  285  
295  286  
295  287  
295  288  
295  289  
294  290  
294  291  
294  292  
294  293  
294  294  
294  295  
294  296  
294  297  
294  298  
294  299  
294  300  
294  301  
294  302  
294  303  
294  304  
294  305  
294  306  
294  307  
294  308  
294  309  
294  310  
294  311  
294  312  
294  313  
294  314  
294  315  
294  316  
294  317  
294  318  
294  319  
294  320  
294  321  
294  322  
294  323  
294  324  
294  325  
294  326  
294  327  
294  328  
294  329  
294  330  
294  331  
294  332  
294  333  
294  334  
294  335  
294  336  
293  337  
238  273  
239  273  
240  273  
241  273  
242  273  
243  273  
244  273  
245  273  
246  273  
247  273  
248  273  
249  273  
250  273  
251  273  
252  273  
253  273  
254  273  
255  273  
256  273  
257  273  
258  273  
259  273  
260  273  
261  273  
262  273  
263  273  
264  273  
265  273  
266  273  
267  273  
230  280  
230  281  
230  282  
230  283  
230  284  
230  285  
230  286  
230  287  
230  288  
230  289  
230  290  
230  291  
230  292  
231  293  
231  294  
231  295  
231  296  
231  297  
231  298  
231  299  
231  300  
231  301  
155  298  
155  299  
155  300  
155  301  
156  302  
156  303  
156  304  
156  305  
156  306  
156  307  
157  308  
157  309  
157  310  
157  311  
157  312  
157  313  
157  314  
158  315  
158  316  
158  317  
158  318  
158  319  
158  320  
170  299  
170  300  
170  301  
170  302  
170  303  
170  304  
171  305  
171  306  
171  307  
171  308  
171  309  
172  310  
172  311  
172  312  
172  313  
172  314  
172  315  
172  316  
172  317  
173  318  
173  319  
173  320  
173  321  
348  300  
348  301  
348  302  
348  303  
348  304  
348  305  
348  306  
348  307  
348  308  
348  309  
348  310  
348  311  
348  312  
348  313  
348  314  
348  315  
348  316  
348  317  
348  318  
348  319  
348  320  
348  321  
348  322  
348  323  
238  301  
239  301  
240  301  
241  301  
242  301  
243  301  
244  301  
245  301  
246  301  
247  301  
248  301  
249  301  
250  301  
251  301  
252  301  
253  301  
254  301  
255  301  
256  301  
257  301  
258  301  
259  301  
260  301  
261  301  
262  301  
263  301  
264  301  
265  301  
266  301  
267  301  
236  305  
237  305  
238  305  
239  305  
240  305  
241  305  
242  305  
243  305  
244  305  
245  305  
246  305  
247  305  
248  305  
249  305  
250  305  
251  305  
252  305  
253  305  
254  305  
255  305  
256  305  
257  305  
258  305  
259  305  
260  305  
261  305  
262  305  
263  305  
264  305  
265  305  
266  305  
267  305  
268  305  
269  305  
270  305  
271  305  
272  305  
273  305  
274  305  
275  305  
276  305  
277  305  
278  305  
279  305  
280  305  
281  305  
282  305  
283  305  
284  305  
285  305  
286  305  
287  305  
288  305  
289  305  
290  305  
291  305  
292  305  
236  308  
237  308  
238  308  
239  308  
240  308  
241  308  
242  308  
243  308  
244  308  
245  308  
246  308  
247  308  
248  308  
249  308  
250  308  
251  308  
252  308  
253  308  
254  308  
255  308  
256  308  
257  308  
258  308  
259  308  
260  308  
261  308  
262  308  
263  308  
264  308  
265  308  
266  308  
267  308  
268  308  
269  308  
270  308  
271  308  
272  308  
273  308  
274  308  
275  308  
276  308  
277  308  
278  308  
279  308  
280  308  
281  308  
282  308  
283  308  
284  308  
285  308  
286  308  
287  308  
288  308  
289  308  
290  308  
291  308  
292  308  
160  309  
160  310  
160  311  
161  312  
161  313  
161  314  
161  315  
161  316  
162  317  
162  318  
162  319  
162  320  
162  321  
162  322  
163  323  
163  324  
163  325  
163  326  
163  327  
163  328  
164  329  
164  330  
164  331  
164  332  
164  333  
164  334  
165  335  
165  336  
165  337  
217  310  
217  311  
217  312  
217  313  
217  314  
217  315  
217  316  
217  317  
217  318  
218  319  
218  320  
218  321  
218  322  
218  323  
218  324  
218  325  
218  326  
218  327  
218  328  
218  329  
218  330  
218  331  
218  332  
218  333  
218  334  
218  335  
218  336  
218  337  
218  338  
218  339  
218  340  
218  341  
218  342  
218  343  
218  344  
218  345  
218  346  
218  347  
218  348  
218  349  
218  350  
237  311  
238  311  
239  311  
240  311  
241  311  
242  311  
243  311  
244  311  
245  311  
246  311  
247  311  
248  311  
249  311  
250  311  
251  311  
252  311  
253  311  
254  311  
255  311  
256  311  
257  311  
258  311  
259  311  
260  311  
261  311  
262  311  
263  311  
264  311  
265  311  
266  311  
236  312  
236  313  
236  314  
236  315  
236  316  
232  312  
232  313  
232  314  
232  315  
232  316  
232  317  
232  318  
232  319  
232  320  
232  321  
232  322  
232  323  
232  324  
233  325  
233  326  
233  327  
233  328  
233  329  
233  330  
233  331  
233  332  
233  333  
233  334  
233  335  
233  336  
220  313  
220  314  
220  315  
220  316  
220  317  
220  318  
220  319  
220  320  
220  321  
220  322  
221  323  
221  324  
221  325  
221  326  
221  327  
221  328  
221  329  
221  330  
221  331  
221  332  
222  333  
222  334  
222  335  
222  336  
222  337  
222  338  
222  339  
222  340  
222  341  
222  342  
222  343  
222  344  
221  345  
221  346  
221  347  
221  348  
348  331  
348  332  
348  333  
348  334  
348  335  
348  336  
348  337  
348  338  
348  339  
348  340  
348  341  
349  342  
349  343  
349  344  
349  345  
349  346  
349  347  
349  348  
349  349  
349  350  
349  351  
349  352  
349  353  
349  354  
349  355  
349  356  
349  357  
349  358  
349  359  
350  360  
350  361  
350  362  
351  363  
351  364  
351  365  
350  366  
350  367  
173  332  
173  333  
173  334  
173  335  
173  336  
174  337  
174  338  
174  339  
174  340  
174  341  
174  342  
174  343  
174  344  
175  345  
175  346  
175  347  
175  348  
175  349  
175  350  
175  351  
176  352  
176  353  
176  354  
176  355  
176  356  
176  357  
176  358  
177  359  
177  360  
177  361  
177  362  
169  333  
169  334  
169  335  
169  336  
170  337  
170  338  
170  339  
170  340  
170  341  
170  342  
170  343  
170  344  
171  345  
171  346  
171  347  
171  348  
171  349  
171  350  
172  351  
172  352  
172  353  
172  354  
239  341  
240  341  
241  341  
242  341  
243  341  
244  341  
245  341  
246  341  
247  341  
248  341  
249  341  
250  341  
251  341  
252  341  
253  341  
254  341  
255  341  
256  341  
257  341  
258  341  
259  341  
260  341  
261  341  
262  341  
263  341  
264  341  
265  341  
266  342  
267  342  
268  342  
269  342  
270  342  
271  342  
272  342  
273  342  
274  342  
275  342  
276  342  
277  342  
278  342  
279  342  
280  342  
281  342  
282  342  
283  342  
284  342  
285  342  
286  342  
287  342  
302  343  
303  343  
304  343  
305  343  
306  343  
307  343  
308  343  
309  343  
310  343  
311  343  
312  343  
313  343  
314  343  
315  343  
316  343  
317  343  
318  343  
319  343  
320  343  
321  343  
322  343  
323  343  
324  343  
325  343  
326  343  
327  343  
235  348  
236  348  
237  348  
238  348  
239  348  
240  348  
241  348  
242  348  
243  348  
244  348  
245  348  
246  348  
247  348  
248  348  
249  348  
250  348  
251  348  
252  348  
253  348  
254  348  
255  348  
256  348  
257  348  
258  348  
259  348  
260  348  
261  348  
262  348  
263  348  
264  348  
265  348  
266  348  
267  348  
268  348  
269  348  
270  348  
271  348  
272  348  
273  348  
274  348  
275  348  
276  348  
277  348  
278  348  
279  348  
280  348  
281  348  
282  348  
283  348  
284  348  
285  348  
286  348  
287  348  
288  348  
289  348  
290  348  
291  348  
292  348  
293  348  
294  348  
295  348  
296  348  
297  348  
269  355  
270  355  
271  355  
272  356  
273  356  
274  356  
275  356  
276  356  
277  356  
278  356  
279  356  
280  356  
281  356  
282  356  
283  356  
284  356  
285  356  
286  356  
287  356  
288  356  
289  356  
290  356  
291  356  
292  356  
293  356  
294  356  
295  356  
201  356  
201  357  
201  358  
201  359  
201  360  
201  361  
202  362  
202  363  
202  364  
202  365  
202  366  
202  367  
202  368  
202  369  
202  370  
202  371  
202  372  
202  373  
202  374  
203  375  
203  376  
203  377  
203  378  
203  379  
334  360  
334  361  
335  362  
335  363  
335  364  
335  365  
335  366  
335  367  
336  368  
336  369  
336  370  
336  371  
337  372  
337  373  
337  374  
338  375  
338  376  
338  377  
338  378  
338  379  
338  380  
338  381  
338  382  
338  383  
173  362  
173  363  
173  364  
173  365  
174  366  
174  367  
174  368  
174  369  
174  370  
174  371  
174  372  
174  373  
175  374  
175  375  
175  376  
175  377  
175  378  
175  379  
175  380  
175  381  
176  382  
176  383  
176  384  
176  385  
176  386  
176  387  
176  388  
177  389  
177  390  
177  391  
177  392  
177  393  
177  394  
177  395  
177  396  
300  362  
300  363  
300  364  
300  365  
300  366  
300  367  
301  368  
301  369  
301  370  
301  371  
301  372  
301  373  
301  374  
301  375  
301  376  
301  377  
301  378  
301  379  
302  380  
302  381  
302  382  
302  383  
302  384  
302  385  
302  386  
297  387  
298  387  
299  387  
300  387  
301  387  
178  370  
178  371  
178  372  
178  373  
178  374  
178  375  
179  376  
179  377  
179  378  
179  379  
179  380  
179  381  
179  382  
179  383  
180  384  
180  385  
180  386  
180  387  
180  388  
180  389  
180  390  
180  391  
181  392  
181  393  
181  394  
181  395  
181  396  
181  397  
181  398  
182  399  
182  400  
264  374  
265  375  
266  375  
267  375  
268  375  
269  375  
270  375  
271  375  
272  375  
273  375  
274  375  
275  375  
276  375  
277  375  
278  375  
279  375  
280  375  
281  375  
282  375  
283  375  
284  375  
285  375  
286  375  
287  375  
288  375  
289  375  
290  375  
291  375  
292  375  
293  375  
294  375  
295  375  
296  375  
297  375  
298  375  
227  387  
228  387  
229  387  
230  387  
231  387  
232  387  
233  387  
234  387  
235  387  
236  387  
237  387  
238  387  
239  387  
240  387  
241  387  
242  387  
243  387  
244  387  
245  387  
246  387  
247  387  
248  387  
249  387  
250  387  
251  387  
252  387  
253  387  
254  387  
255  387  
256  387  
257  387  
258  387  
259  387  
260  387  
261  387  
262  387  
263  387  
264  387  
265  387  
266  387  
267  387  
268  387  
269  387  
270  387  
271  387  
272  387  
273  387  
274  387  
275  387  
276  387  
277  387  
278  387  
279  387  
280  387  
281  387  
282  387  
283  387  
284  387  
285  387  
286  387  
287  387  
288  387  
289  387  
290  387  
291  387  
292  387  
293  387  
294  387  
295  387  
213  410  
213  411  
213  412  
214  413  
214  414  
214  415  
214  416  
214  417  
214  418  
214  419  
214  420  
214  421  
214  422  
215  423  
215  424  
215  425  
215  426  
215  427  
215  428  
215  429  
215  430  
215  431  
215  432  
216  433  
216  434  
216  435  
216  436  
216  437  
216  438  
216  439  
216  440  
216  441  
216  442  
217  443  
217  444  
217  445  
217  446  
217  447  
217  448  
226  413  
227  413  
228  413  
229  413  
230  413  
231  413  
232  413  
233  413  
234  413  
235  413  
236  413  
237  413  
238  413  
239  413  
240  413  
241  413  
242  413  
243  413  
244  413  
245  413  
246  413  
247  413  
248  413  
249  413  
250  413  
251  413  
252  413  
253  413  
254  413  
255  413  
256  413  
257  413  
258  413  
259  413  
260  413  
261  413  
262  413  
263  413  
264  413  
265  413  
266  413  
267  413  
268  413  
269  413  
270  413  
271  413  
272  413  
273  413  
274  413  
275  413  
276  413  
277  413  
278  413  
279  413  
280  413  
281  413  
282  413  
283  413  
284  413  
285  413  
286  413  
287  413  
288  413  
289  413  
290  413  
291  413  
292  413  
293  413  
294  413  
295  413  
296  413  
297  413  
298  413  
299  413  
300  413  
301  413  
302  413  
303  413  
304  413  
305  413  
306  413  
307  413  
308  413  
309  413  
310  413  
311  413  
312  413  
313  413  
314  413  
315  413  
316  413  
317  413  
318  413  
319  413  
320  413  
321  413  
322  413  
323  413  
324  413  
325  413  
208  419  
208  420  
208  421  
208  422  
208  423  
208  424  
208  425  
208  426  
208  427  
208  428  
208  429  
209  430  
209  431  
209  432  
209  433  
209  434  
209  435  
209  436  
209  437  
209  438  
209  439  
361  440  
361  441  
361  442  
361  443  
361  444  
361  445  
362  446  
362  447  
362  448  
362  449  
362  450  
362  451  
362  452  
362  453  
362  454  
362  455  
362  456  
362  457  
362  458  
363  459  
363  460  
363  461  
363  462  
363  463  
363  464  
363  465  
363  466  
363  467  
363  468  
363  469  
363  470  
363  471  
364  472  
364  473  
364  474  
364  475  
364  476  
364  477  
364  478  
364  479  
364  480  
364  481  
364  482  
364  483  
364  484  
365  485  
365  486  
365  487  
365  488  
365  489  
365  490  
365  491  
365  492  
348  448  
348  449  
348  450  
348  451  
348  452  
349  453  
349  454  
349  455  
349  456  
349  457  
349  458  
349  459  
349  460  
349  461  
349  462  
349  463  
349  464  
349  465  
349  466  
349  467  
350  468  
350  469  
350  470  
350  471  
350  472  
350  473  
350  474  
350  475  
350  476  
350  477  
350  478  
350  479  
350  480  
350  481  
350  482  
350  483  
351  484  
351  485  
351  486  
351  487  
351  488  
351  489  
351  490  
351  491  
352  492  
352  493  
352  494  
352  495  
352  496  
352  497  
352  498  
352  499  
353  500  
353  501  
353  502  
353  503  
198  452  
198  453  
197  454  
197  455  
197  456  
197  457  
197  458  
197  459  
197  460  
198  461  
198  462  
198  463  
198  464  
198  465  
198  466  
198  467  
198  468  
198  469  
198  470  
199  471  
199  472  
199  473  
199  474  
227  456  
228  456  
229  456  
230  456  
231  456  
232  456  
233  456  
234  456  
235  456  
236  456  
237  456  
238  456  
239  456  
240  456  
241  456  
242  456  
243  456  
244  456  
245  456  
246  456  
247  456  
248  456  
249  456  
250  456  
251  456  
252  456  
253  456  
254  456  
255  456  
256  456  
257  456  
258  456  
259  456  
260  456  
261  456  
262  456  
263  456  
264  456  
265  456  
266  456  
267  456  
268  456  
269  456  
270  456  
271  456  
272  456  
273  456  
274  456  
275  456  
276  456  
277  456  
278  456  
279  456  
280  456  
281  456  
282  456  
283  456  
284  456  
285  456  
286  456  
287  456  
288  456  
289  456  
290  456  
222  460  
223  460  
224  460  
225  460  
226  460  
227  460  
228  460  
229  460  
230  460  
231  460  
232  460  
233  460  
234  460  
235  460  
236  460  
237  460  
238  460  
239  460  
240  460  
241  460  
242  460  
243  460  
244  460  
245  460  
246  460  
247  460  
248  460  
249  460  
250  460  
251  460  
252  460  
253  460  
254  460  
255  460  
256  460  
257  460  
258  460  
259  460  
260  460  
261  460  
262  460  
263  460  
264  460  
265  460  
266  460  
267  460  
268  460  
269  460  
270  460  
271  460  
272  460  
273  460  
274  460  
275  460  
276  460  
277  460  
278  460  
279  460  
280  460  
281  460  
282  460  
283  460  
284  460  
285  460  
286  460  
287  460  
288  460  
289  460  
290  460  
291  460  
303  465  
302  466  
302  467  
303  468  
303  469  
303  470  
303  471  
303  472  
303  473  
303  474  
302  475  
302  476  
302  477  
302  478  
302  479  
302  480  
302  481  
303  482  
304  482  
305  482  
306  482  
307  482  
253  478  
254  478  
255  478  
256  479  
257  479  
258  479  
259  479  
260  479  
261  479  
262  479  
263  479  
264  479  
265  479  
266  479  
267  479  
268  479  
269  479  
270  479  
271  479  
272  479  
273  479  
274  479  
275  479  
276  479  
277  479  
278  479  
279  479  
280  479  
281  479  
282  479  
283  479  
284  479  
285  479  
286  479  
287  479  
288  479  
289  479  
290  479  
233  482  
234  483  
234  484  
234  485  
234  486  
234  487  
234  488  
234  489  
234  490  
234  491  
234  492  
235  493  
235  494  
235  495  
235  496  
235  497  
235  498  
235  499  
235  500  
235  501  
236  502  
236  503  
236  504  
236  505  
236  506  
236  507  
236  508  
236  509  
236  510  
236  511  
236  512  
236  513  
236  514  
237  515  
237  516  
237  517  
237  518  
237  519  
237  520  
237  521  
237  522  
237  523  
237  524  
238  525  
238  526  
238  527  
238  528  
238  529  
238  530  
238  531  
238  532  
238  533  
238  534  
238  535  
238  536  
239  537  
239  538  
239  539  
239  540  
239  541  
239  542  
239  543  
239  544  
239  545  
239  546  
240  547  
240  548  
240  549  
240  550  
240  551  
240  552  
240  553  
240  554  
240  555  
240  556  
240  557  
241  558  
241  559  
241  560  
241  561  
241  562  
241  563  
241  564  
241  565  
241  566  
241  567  
241  568  
241  569  
241  570  
241  571  
241  572  
241  573  
241  574  
242  575  
242  576  
242  577  
242  578  
242  579  
242  580  
242  581  
242  582  
242  583  
242  584  
242  585  
242  586  
242  587  
242  588  
242  589  
242  590  
242  591  
242  592  
334  488  
334  489  
334  490  
334  491  
334  492  
334  493  
334  494  
334  495  
334  496  
334  497  
333  498  
333  499  
333  500  
333  501  
333  502  
333  503  
333  504  
333  505  
333  506  
333  507  
333  508  
333  509  
333  510  
332  511  
332  512  
332  513  
332  514  
332  515  
332  516  
331  517  
331  518  
331  519  
331  520  
239  497  
239  498  
239  499  
239  500  
239  501  
239  502  
239  503  
239  504  
239  505  
239  506  
239  507  
239  508  
239  509  
240  510  
240  511  
240  512  
240  513  
240  514  
240  515  
240  516  
240  517  
240  518  
240  519  
240  520  
240  521  
242  498  
242  499  
242  500  
242  501  
242  502  
242  503  
242  504  
242  505  
242  506  
243  507  
243  508  
243  509  
243  510  
243  511  
243  512  
243  513  
243  514  
243  515  
243  516  
243  517  
244  518  
244  519  
244  520  
244  521  
244  522  
244  523  
244  524  
244  525  
244  526  
244  527  
244  528  
244  529  
244  530  
244  531  
245  532  
245  533  
245  534  
245  535  
245  536  
245  537  
245  538  
245  539  
245  540  
245  541  
245  542  
245  543  
245  544  
246  545  
246  546  
246  547  
246  548  
246  549  
246  550  
246  551  
246  552  
246  553  
246  554  
246  555  
246  556  
246  557  
246  558  
246  559  
246  560  
247  561  
247  562  
247  563  
247  564  
247  565  
247  566  
247  567  
247  568  
247  569  
247  570  
247  571  
247  572  
247  573  
247  574  
247  575  
247  576  
247  577  
248  578  
248  579  
248  580  
248  581  
248  582  
248  583  
248  584  
248  585  
248  586  
248  587  
366  500  
366  501  
366  502  
366  503  
366  504  
366  505  
367  506  
367  507  
367  508  
367  509  
367  510  
367  511  
367  512  
367  513  
367  514  
367  515  
367  516  
367  517  
367  518  
367  519  
367  520  
368  521  
368  522  
368  523  
368  524  
368  525  
167  508  
167  509  
167  510  
167  511  
166  512  
166  513  
166  514  
165  515  
165  516  
165  517  
165  518  
164  519  
164  520  
164  521  
163  522  
163  523  
163  524  
162  525  
162  526  
162  527  
162  528  
162  529  
162  530  
162  531  
251  590  
252  590  
253  590  
254  590  
255  590  
256  590  
257  590  
258  590  
259  590  
260  590  
261  590  
262  590  
263  590  
264  590  
265  590  
266  590  
267  590  
268  590  
269  590  
270  590  
271  590  
272  590  
273  590  
274  590  
275  590  
276  590  
277  590  
278  591  
279  591  
280  591  
281  591  
282  591  
283  591  
284  591  
285  591  
286  591  
287  591  
288  591  
289  591  
290  591  
291  591  
292  591  
293  591  
294  591  
295  591  
296  591  
297  591  
298  591  
299  591  
300  591  
301  591  
302  591  
303  591  
304  591  
305  591  
306  591  
307  591  
308  591  
309  591  
310  591  
311  591  
312  591  
313  591  
314  591  
315  591  
316  591  
317  591  
318  591  
319  591  
251  594  
252  594  
253  594  
254  594  
255  594  
256  594  
257  594  
258  594  
259  594  
260  594  
261  594  
262  594  
263  594  
264  594  
265  594  
266  594  
267  594  
268  594  
269  594  
270  594  
271  594  
272  594  
273  594  
274  594  
275  594  
276  594  
277  594  
278  594  
279  594  
280  594  
281  594  
282  594  
283  594  
284  594  
285  594  
286  594  
287  594  
288  594  
289  594  
290  594  
291  594  
292  594  
293  594  
294  594  
295  594  
296  594  
297  594  
298  594  
299  594  
300  594  
301  594  
302  594  
303  594  
304  594  
305  594  
306  594  
307  594  
308  594  
309  594  
310  594  
311  594  
312  594  
313  594  
314  594  
315  594  
316  594  
317  594  
257  597  
258  597  
259  597  
260  597  
261  597  
262  597  
263  597  
264  597  
265  597  
266  597  
267  597  
268  597  
269  597  
270  597  
271  597  
272  597  
273  597  
274  597  
275  597  
276  597  
277  597  
278  597  
279  597  
280  597  
281  597  
282  597  
283  597  
284  597  
285  597  
286  597  
287  597  
288  597  
289  597  
290  597  
291  597  
292  598  
265  606  
266  606  
267  606  
268  606  
269  606  
263  607  
264  607  
270  607  
271  607  
272  607  
273  607  
274  607  
275  607  
276  607  
277  607  
278  607  
279  607  
280  607  
281  607  
282  607  
283  607  
284  607  
285  607  
286  607  
287  607  
288  607  
289  607  
290  607  
26  608  
26  609  
26  610  
26  611  
26  612  
26  613  
26  614  
26  615  
26  616  
26  617  
26  618  
26  619  
26  620  
26  621  
26  622  
26  623  
26  624  
26  625  
26  626  
26  627  
26  628  
26  629  
26  630  
26  631  
26  632  
26  633  
26  634  
26  635  
26  636  
26  637  
26  638  
26  639  
247  609  
248  609  
249  609  
250  609  
251  609  
252  609  
253  609  
254  609  
255  610  
256  610  
257  610  
258  610  
259  610  
260  610  
261  610  
262  610  
263  610  
264  610  
265  610  
266  610  
267  610  
268  610  
269  610  
270  610  
271  610  
272  610  
273  610  
274  610  
275  610  
276  610  
277  610  
278  610  
