362  2  
363  2  
364  2  
365  2  
366  2  
356  3  
357  3  
358  3  
359  3  
360  3  
361  3  
350  4  
351  4  
352  4  
353  4  
354  4  
355  4  
342  5  
343  5  
344  5  
345  5  
346  5  
347  5  
348  5  
349  5  
334  6  
335  6  
336  6  
337  6  
338  6  
339  6  
340  6  
341  6  
328  7  
329  7  
330  7  
331  7  
332  7  
333  7  
326  8  
327  8  
424  6  
425  6  
426  6  
427  6  
428  6  
414  7  
415  7  
416  7  
417  7  
418  7  
419  7  
420  7  
421  7  
422  7  
423  7  
406  8  
407  8  
408  8  
409  8  
410  8  
411  8  
412  8  
413  8  
398  9  
399  9  
400  9  
401  9  
402  9  
403  9  
404  9  
405  9  
397  10  
342  9  
343  9  
344  9  
345  9  
346  9  
330  10  
331  10  
332  10  
333  10  
334  10  
335  10  
336  10  
337  10  
338  10  
339  10  
340  10  
341  10  
327  11  
328  11  
329  11  
386  11  
387  11  
388  11  
389  11  
378  12  
379  12  
380  12  
381  12  
382  12  
383  12  
384  12  
385  12  
368  13  
369  13  
370  13  
371  13  
372  13  
373  13  
374  13  
375  13  
376  13  
377  13  
361  14  
362  14  
363  14  
364  14  
365  14  
366  14  
367  14  
354  15  
355  15  
356  15  
357  15  
358  15  
359  15  
360  15  
346  16  
347  16  
348  16  
349  16  
350  16  
351  16  
352  16  
353  16  
340  17  
341  17  
342  17  
343  17  
344  17  
345  17  
330  18  
331  18  
332  18  
333  18  
334  18  
335  18  
336  18  
337  18  
338  18  
339  18  
323  19  
324  19  
325  19  
326  19  
327  19  
328  19  
329  19  
317  20  
318  20  
319  20  
320  20  
321  20  
322  20  
467  15  
468  15  
469  15  
460  16  
461  16  
462  16  
463  16  
464  16  
465  16  
466  16  
455  17  
456  17  
457  17  
458  17  
459  17  
444  18  
445  18  
446  18  
447  18  
448  18  
449  18  
450  18  
451  18  
452  18  
453  18  
454  18  
436  19  
437  19  
438  19  
439  19  
440  19  
441  19  
442  19  
443  19  
428  20  
429  20  
430  20  
431  20  
432  20  
433  20  
434  20  
435  20  
423  21  
424  21  
425  21  
426  21  
427  21  
197  16  
198  16  
199  16  
187  17  
188  17  
189  17  
190  17  
191  17  
192  17  
193  17  
194  17  
195  17  
196  17  
180  18  
181  18  
182  18  
183  18  
184  18  
185  18  
186  18  
177  19  
178  19  
179  19  
59  17  
59  18  
59  19  
59  20  
59  21  
60  22  
60  23  
60  24  
60  25  
60  26  
60  27  
60  28  
60  29  
60  30  
60  31  
60  32  
61  33  
61  34  
61  35  
61  36  
61  37  
61  38  
61  39  
61  40  
61  41  
61  42  
61  43  
61  44  
62  45  
62  46  
282  21  
282  22  
283  23  
283  24  
283  25  
283  26  
283  27  
283  28  
283  29  
283  30  
283  31  
283  32  
283  33  
283  34  
283  35  
283  36  
283  37  
283  38  
284  39  
284  40  
284  41  
284  42  
284  43  
284  44  
284  45  
284  46  
284  47  
284  48  
284  49  
284  50  
284  51  
284  52  
284  53  
284  54  
284  55  
284  56  
283  57  
153  22  
154  22  
155  22  
156  22  
157  22  
158  22  
147  23  
148  23  
149  23  
150  23  
151  23  
152  23  
141  24  
142  24  
143  24  
144  24  
145  24  
146  24  
139  25  
140  25  
129  26  
130  26  
131  26  
125  27  
126  27  
127  27  
128  27  
116  28  
117  28  
118  28  
119  28  
120  28  
121  28  
122  28  
123  28  
124  28  
111  29  
112  29  
113  29  
114  29  
115  29  
376  26  
377  26  
378  26  
379  26  
366  27  
367  27  
368  27  
369  27  
370  27  
371  27  
372  27  
373  27  
374  27  
375  27  
360  28  
361  28  
362  28  
363  28  
364  28  
365  28  
351  29  
352  29  
353  29  
354  29  
355  29  
356  29  
357  29  
358  29  
359  29  
342  30  
343  30  
344  30  
345  30  
346  30  
347  30  
348  30  
349  30  
350  30  
336  31  
337  31  
338  31  
339  31  
340  31  
341  31  
327  32  
328  32  
329  32  
330  32  
331  32  
332  32  
333  32  
334  32  
335  32  
318  33  
319  33  
320  33  
321  33  
322  33  
323  33  
324  33  
325  33  
326  33  
310  34  
311  34  
312  34  
313  34  
314  34  
315  34  
316  34  
317  34  
303  35  
304  35  
305  35  
306  35  
307  35  
308  35  
309  35  
191  27  
192  27  
193  27  
180  28  
181  28  
182  28  
183  28  
184  28  
185  28  
186  28  
187  28  
188  28  
189  28  
190  28  
174  29  
175  29  
176  29  
177  29  
178  29  
179  29  
169  30  
170  30  
171  30  
172  30  
173  30  
163  31  
164  31  
165  31  
166  31  
167  31  
168  31  
232  35  
233  35  
234  35  
235  35  
222  36  
223  36  
224  36  
225  36  
226  36  
227  36  
228  36  
229  36  
230  36  
231  36  
215  37  
216  37  
217  37  
218  37  
219  37  
220  37  
221  37  
209  38  
210  38  
211  38  
212  38  
213  38  
214  38  
206  39  
207  39  
208  39  
205  40  
203  41  
204  41  
426  35  
427  35  
428  35  
429  35  
430  35  
431  35  
432  35  
413  36  
416  36  
417  36  
418  36  
419  36  
420  36  
421  36  
422  36  
423  36  
424  36  
425  36  
405  37  
406  37  
407  37  
408  37  
409  37  
410  37  
411  37  
412  37  
414  37  
415  37  
398  38  
399  38  
400  38  
401  38  
402  38  
403  38  
404  38  
192  36  
193  36  
184  37  
185  37  
186  37  
187  37  
188  37  
189  37  
190  37  
191  37  
171  38  
172  38  
173  38  
174  38  
175  38  
176  38  
177  38  
178  38  
179  38  
180  38  
181  38  
182  38  
183  38  
47  41  
47  42  
48  43  
48  44  
48  45  
48  46  
48  47  
48  48  
48  49  
48  50  
48  51  
48  52  
48  53  
49  54  
49  55  
49  56  
49  57  
49  58  
50  59  
50  60  
50  61  
50  62  
50  63  
50  64  
50  65  
50  66  
49  67  
49  68  
155  41  
148  42  
149  42  
150  42  
151  42  
152  42  
153  42  
154  42  
140  43  
141  43  
142  43  
143  43  
144  43  
145  43  
146  43  
147  43  
134  44  
135  44  
136  44  
137  44  
138  44  
139  44  
130  45  
131  45  
132  45  
133  45  
331  45  
332  45  
333  45  
334  45  
335  45  
336  45  
322  46  
323  46  
324  46  
325  46  
326  46  
327  46  
328  46  
329  46  
330  46  
315  47  
316  47  
317  47  
318  47  
319  47  
320  47  
321  47  
138  47  
139  47  
140  47  
141  47  
132  48  
133  48  
134  48  
135  48  
136  48  
137  48  
125  49  
126  49  
127  49  
128  49  
129  49  
130  49  
131  49  
119  50  
120  50  
121  50  
122  50  
123  50  
124  50  
110  51  
111  51  
112  51  
113  51  
114  51  
115  51  
116  51  
117  51  
118  51  
105  52  
106  52  
107  52  
108  52  
109  52  
150  53  
151  53  
152  53  
153  53  
154  53  
155  53  
156  53  
141  54  
142  54  
143  54  
144  54  
145  54  
146  54  
147  54  
148  54  
149  54  
134  55  
135  55  
136  55  
137  55  
138  55  
139  55  
140  55  
125  56  
126  56  
127  56  
128  56  
129  56  
130  56  
131  56  
132  56  
133  56  
117  57  
118  57  
119  57  
120  57  
121  57  
122  57  
123  57  
124  57  
109  58  
110  58  
111  58  
112  58  
113  58  
114  58  
115  58  
116  58  
106  59  
107  59  
108  59  
224  56  
225  56  
226  56  
227  56  
228  56  
229  56  
230  56  
214  57  
215  57  
216  57  
217  57  
218  57  
219  57  
220  57  
221  57  
222  57  
223  57  
210  58  
211  58  
212  58  
213  58  
137  59  
138  59  
139  59  
140  59  
141  59  
142  59  
143  59  
127  60  
128  60  
129  60  
130  60  
131  60  
132  60  
133  60  
134  60  
135  60  
136  60  
119  61  
120  61  
121  61  
122  61  
123  61  
124  61  
125  61  
126  61  
112  62  
113  62  
114  62  
115  62  
116  62  
117  62  
118  62  
106  63  
107  63  
108  63  
109  63  
110  63  
111  63  
142  65  
143  65  
144  65  
145  65  
146  65  
147  65  
134  66  
135  66  
136  66  
137  66  
138  66  
139  66  
140  66  
141  66  
124  67  
125  67  
126  67  
127  67  
128  67  
129  67  
130  67  
131  67  
132  67  
133  67  
114  68  
115  68  
116  68  
117  68  
118  68  
119  68  
120  68  
121  68  
122  68  
123  68  
108  69  
109  69  
110  69  
111  69  
112  69  
113  69  
103  70  
104  70  
105  70  
106  70  
107  70  
101  71  
102  71  
479  66  
479  67  
479  68  
478  69  
478  70  
478  71  
478  72  
478  73  
478  74  
478  75  
477  76  
477  77  
477  78  
477  79  
477  80  
477  81  
477  82  
477  83  
477  84  
476  85  
476  86  
476  87  
476  88  
476  89  
476  90  
476  91  
476  92  
476  93  
476  94  
476  95  
132  74  
133  74  
134  74  
135  74  
136  74  
137  74  
121  75  
122  75  
123  75  
124  75  
125  75  
126  75  
127  75  
128  75  
129  75  
130  75  
131  75  
114  76  
115  76  
116  76  
117  76  
118  76  
119  76  
120  76  
152  75  
153  75  
154  75  
140  76  
141  76  
142  76  
143  76  
144  76  
145  76  
146  76  
147  76  
148  76  
149  76  
150  76  
151  76  
132  77  
133  77  
134  77  
135  77  
136  77  
137  77  
138  77  
139  77  
120  78  
121  78  
122  78  
123  78  
124  78  
125  78  
126  78  
127  78  
128  78  
129  78  
130  78  
131  78  
115  79  
116  79  
117  79  
118  79  
119  79  
16  76  
16  77  
16  78  
17  79  
17  80  
17  81  
17  82  
17  83  
16  84  
16  85  
16  86  
16  87  
16  88  
16  89  
16  90  
16  91  
16  92  
16  93  
16  94  
16  95  
16  96  
16  97  
465  78  
465  79  
465  80  
465  81  
465  82  
465  83  
465  84  
465  85  
465  86  
465  87  
465  88  
465  89  
465  90  
465  91  
465  92  
466  93  
466  94  
466  95  
466  96  
466  97  
466  98  
466  99  
466  100  
466  101  
162  90  
163  90  
164  90  
165  90  
166  90  
167  90  
146  91  
147  91  
148  91  
149  91  
150  91  
151  91  
152  91  
153  91  
154  91  
155  91  
156  91  
157  91  
158  91  
159  91  
160  91  
161  91  
135  92  
136  92  
137  92  
138  92  
139  92  
140  92  
141  92  
142  92  
143  92  
144  92  
145  92  
107  93  
108  93  
109  93  
110  93  
111  93  
112  93  
118  93  
119  93  
120  93  
121  93  
122  93  
123  93  
124  93  
125  93  
126  93  
127  93  
128  93  
129  93  
130  93  
131  93  
132  93  
133  93  
134  93  
113  94  
114  94  
115  94  
116  94  
117  94  
474  103  
474  104  
474  105  
474  106  
474  107  
474  108  
474  109  
473  110  
473  111  
473  112  
473  113  
473  114  
473  115  
473  116  
473  117  
473  118  
472  119  
472  120  
472  121  
472  122  
472  123  
472  124  
472  125  
472  126  
472  127  
472  128  
471  129  
471  130  
471  131  
471  132  
471  133  
471  134  
471  135  
470  136  
470  137  
470  138  
470  139  
470  140  
470  141  
470  142  
470  143  
470  144  
469  145  
469  146  
469  147  
465  109  
465  110  
465  111  
465  112  
465  113  
465  114  
466  115  
465  116  
465  117  
465  118  
465  119  
465  120  
465  121  
465  122  
465  123  
465  124  
465  125  
465  126  
465  127  
465  128  
465  129  
465  130  
465  131  
466  132  
466  133  
57  115  
57  116  
57  117  
57  118  
57  119  
57  120  
57  121  
57  122  
57  123  
57  124  
57  125  
57  126  
58  127  
58  128  
58  129  
58  130  
58  131  
58  132  
58  133  
58  134  
58  135  
58  136  
58  137  
59  138  
59  139  
59  140  
59  141  
59  142  
59  143  
316  117  
317  117  
318  117  
319  117  
320  117  
321  117  
295  118  
296  118  
297  118  
298  118  
299  118  
308  118  
309  118  
310  118  
311  118  
312  118  
313  118  
314  118  
315  118  
300  119  
301  119  
302  119  
303  119  
304  119  
305  119  
306  119  
307  119  
271  118  
271  119  
271  120  
271  121  
271  122  
271  123  
271  124  
271  125  
271  126  
271  127  
271  128  
271  129  
271  130  
271  131  
271  132  
271  133  
271  134  
271  135  
271  136  
271  137  
271  138  
271  139  
272  140  
272  141  
272  142  
272  143  
272  144  
272  145  
272  146  
272  147  
272  148  
272  149  
272  150  
272  151  
272  152  
272  153  
272  154  
273  155  
273  156  
273  157  
272  158  
272  159  
272  160  
272  161  
273  162  
273  163  
273  164  
273  165  
273  166  
273  167  
273  168  
273  169  
273  170  
273  171  
273  172  
273  173  
273  174  
273  175  
273  176  
273  177  
273  178  
273  179  
273  180  
273  181  
273  182  
273  183  
273  184  
273  185  
273  186  
273  187  
274  188  
274  189  
274  190  
274  191  
274  192  
274  193  
274  194  
274  195  
274  196  
275  126  
275  127  
275  128  
275  129  
275  130  
275  131  
275  132  
275  133  
276  134  
276  135  
276  136  
276  137  
276  138  
276  139  
276  140  
276  141  
276  142  
276  143  
276  144  
276  145  
276  146  
276  147  
276  148  
276  149  
276  150  
276  151  
276  152  
277  153  
277  154  
277  155  
277  156  
277  157  
277  158  
277  159  
277  160  
277  161  
277  162  
277  163  
277  164  
277  165  
277  166  
277  167  
277  168  
277  169  
277  170  
277  171  
277  172  
277  173  
277  174  
278  175  
278  176  
278  177  
278  178  
278  179  
278  180  
278  181  
278  182  
278  183  
278  184  
278  185  
278  186  
278  187  
278  188  
278  189  
278  190  
278  191  
278  192  
278  193  
278  194  
193  136  
193  137  
193  138  
193  139  
193  140  
193  141  
193  142  
193  143  
193  144  
194  145  
194  146  
194  147  
194  148  
194  149  
194  150  
194  151  
194  152  
193  153  
193  154  
189  155  
190  155  
191  155  
192  155  
360  142  
354  143  
355  143  
356  143  
357  143  
358  143  
359  143  
344  144  
345  144  
346  144  
347  144  
348  144  
349  144  
350  144  
351  144  
352  144  
353  144  
336  145  
337  145  
338  145  
339  145  
340  145  
341  145  
342  145  
343  145  
333  146  
334  146  
335  146  
59  155  
60  156  
60  157  
60  158  
60  159  
60  160  
60  161  
60  162  
61  163  
61  164  
61  165  
61  166  
61  167  
61  168  
62  169  
62  170  
62  171  
62  172  
62  173  
62  174  
62  175  
62  176  
62  177  
63  178  
62  179  
62  180  
62  181  
62  182  
63  183  
89  160  
89  161  
89  162  
89  163  
89  164  
89  165  
89  166  
90  167  
90  168  
90  169  
90  170  
90  171  
90  172  
90  173  
90  174  
90  175  
90  176  
91  177  
91  178  
91  179  
91  180  
91  181  
91  182  
91  183  
91  184  
91  185  
91  186  
92  187  
92  188  
92  189  
92  190  
92  191  
92  192  
92  193  
92  194  
92  195  
92  196  
93  197  
93  198  
93  199  
93  200  
93  201  
93  202  
93  203  
94  204  
95  205  
96  205  
97  205  
98  205  
352  171  
353  171  
354  171  
331  172  
332  172  
333  172  
334  172  
335  172  
336  172  
337  172  
338  172  
339  172  
340  172  
341  172  
342  172  
343  172  
344  172  
345  172  
346  172  
347  172  
348  172  
349  172  
350  172  
351  172  
475  180  
476  180  
477  180  
478  180  
479  180  
460  181  
461  181  
462  181  
463  181  
464  181  
465  181  
466  181  
467  181  
468  181  
469  181  
470  181  
471  181  
472  181  
473  181  
474  181  
450  182  
451  182  
452  182  
453  182  
454  182  
455  182  
456  182  
457  182  
458  182  
459  182  
442  182  
431  183  
432  183  
433  183  
434  183  
435  183  
436  183  
437  183  
438  183  
439  183  
440  183  
441  183  
422  184  
423  184  
424  184  
425  184  
426  184  
427  184  
428  184  
429  184  
430  184  
410  185  
411  185  
412  185  
413  185  
414  185  
415  185  
416  185  
417  185  
418  185  
419  185  
420  185  
421  185  
399  186  
400  186  
401  186  
402  186  
403  186  
404  186  
405  186  
406  186  
407  186  
408  186  
409  186  
386  187  
387  187  
388  187  
389  187  
390  187  
391  187  
392  187  
393  187  
394  187  
395  187  
396  187  
397  187  
398  187  
17  184  
17  185  
17  186  
17  187  
17  188  
17  189  
17  190  
17  191  
17  192  
17  193  
18  194  
18  195  
18  196  
18  197  
18  198  
18  199  
18  200  
18  201  
18  202  
18  203  
18  204  
18  205  
350  191  
351  191  
352  191  
353  191  
338  192  
339  192  
340  192  
341  192  
342  192  
343  192  
344  192  
345  192  
346  192  
347  192  
348  192  
349  192  
328  193  
329  193  
330  193  
331  193  
332  193  
333  193  
334  193  
335  193  
336  193  
337  193  
320  194  
321  194  
322  194  
323  194  
324  194  
325  194  
326  194  
327  194  
310  195  
311  195  
312  195  
313  195  
314  195  
315  195  
316  195  
317  195  
318  195  
319  195  
301  196  
302  196  
303  196  
304  196  
305  196  
306  196  
307  196  
308  196  
309  196  
294  197  
295  197  
296  197  
297  197  
298  197  
299  197  
300  197  
283  198  
284  198  
285  198  
286  198  
287  198  
288  198  
289  198  
290  198  
291  198  
292  198  
293  198  
450  192  
451  192  
452  192  
453  192  
440  193  
441  193  
442  193  
443  193  
444  193  
445  193  
446  193  
447  193  
448  193  
449  193  
431  194  
432  194  
433  194  
434  194  
435  194  
436  194  
437  194  
438  194  
439  194  
157  200  
158  200  
159  200  
143  201  
144  201  
145  201  
146  201  
147  201  
148  201  
149  201  
150  201  
151  201  
152  201  
153  201  
154  201  
155  201  
156  201  
132  202  
133  202  
134  202  
135  202  
136  202  
137  202  
138  202  
139  202  
140  202  
141  202  
142  202  
131  203  
130  204  
130  205  
129  206  
129  207  
472  201  
473  201  
474  201  
475  201  
476  201  
477  201  
478  201  
479  201  
461  202  
462  202  
463  202  
464  202  
465  202  
466  202  
467  202  
468  202  
469  202  
470  202  
471  202  
450  203  
451  203  
452  203  
453  203  
454  203  
455  203  
456  203  
457  203  
458  203  
459  203  
460  203  
433  204  
434  204  
435  204  
436  204  
437  204  
438  204  
439  204  
440  204  
441  204  
442  204  
419  205  
420  205  
421  205  
422  205  
423  205  
424  205  
425  205  
426  205  
427  205  
428  205  
429  205  
430  205  
431  205  
432  205  
205  205  
219  205  
220  205  
221  205  
222  205  
199  206  
200  206  
201  206  
202  206  
203  206  
204  206  
206  206  
207  206  
208  206  
209  206  
210  206  
211  206  
212  206  
213  206  
214  206  
215  206  
216  206  
217  206  
218  206  
400  206  
401  206  
402  206  
403  206  
404  206  
405  206  
406  206  
407  206  
408  206  
409  206  
410  206  
411  206  
387  207  
388  207  
389  207  
390  207  
391  207  
392  207  
393  207  
394  207  
395  207  
396  207  
397  207  
398  207  
399  207  
378  208  
379  208  
380  208  
381  208  
382  208  
383  208  
384  208  
385  208  
386  208  
370  209  
371  209  
372  209  
373  209  
374  209  
375  209  
376  209  
377  209  
77  210  
77  211  
77  212  
78  213  
78  214  
78  215  
78  216  
78  217  
78  218  
78  219  
78  220  
79  221  
79  222  
79  223  
79  224  
79  225  
79  226  
79  227  
79  228  
79  229  
80  230  
80  231  
80  232  
80  233  
80  234  
80  235  
80  236  
80  237  
80  238  
80  239  
80  240  
80  241  
80  242  
80  243  
80  244  
80  245  
81  246  
81  247  
81  248  
358  210  
359  210  
360  210  
361  210  
362  210  
345  211  
346  211  
347  211  
348  211  
349  211  
350  211  
351  211  
352  211  
353  211  
354  211  
355  211  
356  211  
357  211  
340  212  
341  212  
342  212  
343  212  
344  212  
394  210  
395  210  
396  210  
397  210  
398  210  
399  210  
400  210  
401  210  
402  210  
403  210  
404  210  
405  210  
406  210  
407  210  
408  210  
381  211  
385  211  
386  211  
387  211  
388  211  
389  211  
391  211  
392  211  
393  211  
382  212  
383  212  
384  212  
390  212  
320  213  
321  213  
324  213  
325  213  
326  213  
327  213  
328  213  
329  213  
330  213  
331  213  
306  214  
307  214  
308  214  
309  214  
310  214  
311  214  
312  214  
313  214  
314  214  
315  214  
316  214  
317  214  
318  214  
319  214  
322  214  
323  214  
289  215  
290  215  
291  215  
292  215  
293  215  
294  215  
295  215  
296  215  
297  215  
298  215  
299  215  
300  215  
301  215  
302  215  
303  215  
304  215  
305  215  
283  216  
284  216  
285  216  
286  216  
287  216  
288  216  
282  217  
475  214  
476  214  
477  214  
478  214  
479  214  
457  215  
458  215  
459  215  
460  215  
461  215  
462  215  
463  215  
464  215  
465  215  
466  215  
467  215  
468  215  
469  215  
470  215  
471  215  
472  215  
473  215  
474  215  
441  216  
442  216  
443  216  
444  216  
445  216  
446  216  
447  216  
448  216  
449  216  
450  216  
451  216  
452  216  
453  216  
454  216  
455  216  
456  216  
420  217  
421  217  
422  217  
423  217  
424  217  
425  217  
426  217  
427  217  
428  217  
429  217  
430  217  
431  217  
432  217  
433  217  
434  217  
435  217  
436  217  
437  217  
438  217  
439  217  
440  217  
407  218  
408  218  
409  218  
410  218  
411  218  
412  218  
413  218  
414  218  
415  218  
416  218  
417  218  
418  218  
419  218  
391  219  
392  219  
393  219  
394  219  
395  219  
396  219  
397  219  
398  219  
399  219  
400  219  
401  219  
402  219  
403  219  
404  219  
405  219  
406  219  
379  220  
380  220  
381  220  
382  220  
383  220  
384  220  
385  220  
386  220  
387  220  
388  220  
389  220  
390  220  
369  221  
370  221  
371  221  
372  221  
373  221  
374  221  
375  221  
376  221  
377  221  
378  221  
220  221  
221  221  
222  221  
223  221  
224  221  
225  221  
226  221  
227  221  
228  221  
210  222  
211  222  
212  222  
213  222  
214  222  
215  222  
216  222  
217  222  
218  222  
219  222  
208  223  
209  223  
237  223  
238  223  
239  223  
240  223  
241  223  
242  223  
243  223  
224  224  
225  224  
226  224  
227  224  
228  224  
229  224  
230  224  
231  224  
232  224  
233  224  
234  224  
235  224  
236  224  
214  225  
215  225  
216  225  
217  225  
218  225  
219  225  
220  225  
221  225  
222  225  
223  225  
213  226  
297  226  
298  226  
299  226  
300  226  
301  226  
302  226  
303  226  
304  226  
305  226  
306  226  
288  227  
289  227  
290  227  
291  227  
292  227  
293  227  
294  227  
295  227  
296  227  
277  228  
278  228  
279  228  
280  228  
281  228  
282  228  
283  228  
284  228  
285  228  
286  228  
287  228  
121  228  
122  228  
123  228  
124  228  
125  228  
109  229  
110  229  
111  229  
112  229  
113  229  
114  229  
115  229  
116  229  
117  229  
118  229  
119  229  
120  229  
105  230  
106  230  
107  230  
108  230  
463  228  
464  228  
465  228  
466  228  
467  228  
468  228  
469  228  
470  228  
471  228  
472  228  
473  228  
474  228  
475  228  
476  228  
477  228  
478  228  
479  228  
444  229  
448  229  
449  229  
450  229  
451  229  
452  229  
453  229  
454  229  
455  229  
456  229  
457  229  
458  229  
459  229  
460  229  
461  229  
462  229  
423  230  
424  230  
425  230  
426  230  
428  230  
429  230  
430  230  
431  230  
432  230  
433  230  
434  230  
435  230  
436  230  
437  230  
438  230  
439  230  
440  230  
441  230  
442  230  
443  230  
445  230  
446  230  
447  230  
412  231  
413  231  
414  231  
415  231  
416  231  
417  231  
418  231  
419  231  
420  231  
421  231  
422  231  
427  231  
395  232  
396  232  
397  232  
398  232  
399  232  
400  232  
401  232  
402  232  
403  232  
404  232  
405  232  
406  232  
407  232  
408  232  
409  232  
410  232  
411  232  
476  232  
461  233  
462  233  
463  233  
464  233  
465  233  
466  233  
467  233  
468  233  
469  233  
470  233  
472  233  
473  233  
474  233  
475  233  
477  233  
478  233  
479  233  
448  234  
449  234  
450  234  
451  234  
452  234  
453  234  
454  234  
455  234  
456  234  
457  234  
458  234  
459  234  
460  234  
471  234  
444  235  
445  235  
446  235  
447  235  
377  233  
378  233  
379  233  
380  233  
381  233  
382  233  
383  233  
384  233  
385  233  
386  233  
387  233  
364  234  
365  234  
366  234  
367  234  
368  234  
369  234  
370  234  
371  234  
372  234  
373  234  
374  234  
375  234  
376  234  
351  235  
352  235  
353  235  
354  235  
355  235  
356  235  
357  235  
358  235  
359  235  
360  235  
361  235  
362  235  
363  235  
345  236  
346  236  
347  236  
348  236  
349  236  
350  236  
127  237  
128  237  
129  237  
130  237  
111  238  
112  238  
113  238  
114  238  
115  238  
116  238  
117  238  
118  238  
119  238  
120  238  
121  238  
122  238  
123  238  
124  238  
125  238  
126  238  
104  239  
105  239  
106  239  
107  239  
108  239  
109  239  
110  239  
300  238  
301  238  
302  238  
303  238  
304  238  
305  238  
306  238  
307  238  
308  238  
281  239  
282  239  
283  239  
284  239  
285  239  
286  239  
287  239  
288  239  
289  239  
290  239  
291  239  
292  239  
293  239  
294  239  
295  239  
296  239  
297  239  
298  239  
299  239  
269  240  
270  240  
271  240  
272  240  
273  240  
274  240  
275  240  
276  240  
277  240  
278  240  
279  240  
280  240  
264  241  
265  241  
266  241  
267  241  
268  241  
372  238  
373  238  
374  238  
375  238  
376  238  
377  238  
378  238  
379  238  
380  238  
381  238  
382  238  
383  238  
384  238  
385  238  
386  238  
358  239  
359  239  
360  239  
361  239  
362  239  
363  239  
364  239  
365  239  
366  239  
367  239  
368  239  
369  239  
370  239  
371  239  
348  240  
349  240  
350  240  
351  240  
352  240  
353  240  
354  240  
355  240  
356  240  
357  240  
334  241  
335  241  
336  241  
337  241  
338  241  
339  241  
340  241  
341  241  
342  241  
343  241  
344  241  
345  241  
346  241  
347  241  
471  240  
472  240  
473  240  
474  240  
475  240  
476  240  
477  240  
478  240  
479  240  
451  241  
452  241  
453  241  
454  241  
455  241  
456  241  
457  241  
458  241  
459  241  
460  241  
461  241  
462  241  
463  241  
464  241  
465  241  
466  241  
467  241  
468  241  
469  241  
470  241  
429  242  
430  242  
431  242  
432  242  
433  242  
434  242  
435  242  
436  242  
437  242  
438  242  
439  242  
440  242  
441  242  
442  242  
443  242  
444  242  
445  242  
446  242  
447  242  
448  242  
449  242  
450  242  
411  243  
412  243  
413  243  
414  243  
415  243  
416  243  
417  243  
418  243  
419  243  
420  243  
421  243  
422  243  
423  243  
424  243  
425  243  
426  243  
427  243  
428  243  
393  244  
394  244  
395  244  
396  244  
397  244  
398  244  
399  244  
400  244  
401  244  
402  244  
403  244  
404  244  
405  244  
406  244  
407  244  
408  244  
409  244  
410  244  
374  245  
375  245  
376  245  
377  245  
378  245  
379  245  
380  245  
381  245  
382  245  
383  245  
384  245  
385  245  
386  245  
387  245  
388  245  
389  245  
390  245  
391  245  
392  245  
357  246  
358  246  
359  246  
360  246  
361  246  
362  246  
363  246  
364  246  
365  246  
366  246  
367  246  
368  246  
369  246  
370  246  
371  246  
372  246  
373  246  
338  247  
339  247  
340  247  
341  247  
342  247  
343  247  
344  247  
345  247  
346  247  
347  247  
348  247  
349  247  
350  247  
351  247  
352  247  
353  247  
354  247  
355  247  
356  247  
320  248  
321  248  
322  248  
323  248  
324  248  
325  248  
326  248  
327  248  
328  248  
329  248  
330  248  
331  248  
332  248  
333  248  
334  248  
335  248  
336  248  
337  248  
303  249  
304  249  
305  249  
306  249  
307  249  
308  249  
309  249  
310  249  
311  249  
312  249  
313  249  
314  249  
315  249  
316  249  
317  249  
318  249  
319  249  
286  243  
273  244  
274  244  
275  244  
276  244  
277  244  
278  244  
279  244  
280  244  
281  244  
282  244  
283  244  
284  244  
285  244  
264  245  
265  245  
266  245  
267  245  
268  245  
269  245  
270  245  
271  245  
272  245  
263  246  
118  247  
119  247  
120  247  
121  247  
122  247  
123  247  
124  247  
125  247  
126  247  
127  247  
128  247  
129  247  
130  247  
108  248  
109  248  
110  248  
111  248  
112  248  
113  248  
114  248  
115  248  
116  248  
117  248  
148  250  
149  250  
150  250  
151  250  
152  250  
153  250  
154  250  
155  250  
156  250  
157  250  
158  250  
159  250  
160  250  
161  250  
162  250  
163  250  
164  250  
142  251  
143  251  
144  251  
145  251  
146  251  
147  251  
141  252  
146  255  
147  255  
148  255  
149  255  
150  255  
154  255  
155  255  
156  255  
157  255  
158  255  
159  255  
160  255  
161  255  
162  255  
163  255  
164  255  
165  255  
119  256  
120  256  
121  256  
122  256  
123  256  
124  256  
125  256  
126  256  
127  256  
128  256  
129  256  
130  256  
131  256  
132  256  
133  256  
134  256  
135  256  
136  256  
137  256  
138  256  
139  256  
140  256  
141  256  
142  256  
143  256  
144  256  
145  256  
151  256  
152  256  
153  256  
109  257  
110  257  
111  257  
112  257  
113  257  
114  257  
115  257  
116  257  
117  257  
118  257  
179  259  
180  259  
181  259  
182  259  
183  259  
184  259  
185  259  
186  259  
187  259  
188  259  
189  259  
190  259  
191  259  
192  259  
193  259  
194  259  
195  259  
196  259  
197  259  
198  259  
199  259  
200  259  
201  259  
202  259  
203  259  
204  259  
205  259  
206  259  
207  259  
180  262  
181  262  
182  262  
183  262  
184  262  
185  262  
186  262  
187  262  
188  262  
189  262  
190  262  
191  262  
192  262  
193  262  
194  262  
195  262  
196  262  
197  262  
198  262  
199  262  
200  262  
201  262  
202  262  
203  262  
204  262  
205  262  
430  262  
431  262  
432  262  
433  262  
434  262  
435  262  
436  262  
437  262  
438  262  
439  262  
440  262  
441  262  
442  262  
443  262  
444  262  
403  263  
404  263  
405  263  
410  263  
411  263  
412  263  
413  263  
414  263  
415  263  
416  263  
417  263  
418  263  
419  263  
420  263  
421  263  
422  263  
423  263  
424  263  
425  263  
426  263  
427  263  
428  263  
429  263  
406  264  
407  264  
408  264  
409  264  
116  264  
117  264  
118  264  
119  264  
120  264  
121  264  
122  264  
123  264  
124  264  
125  264  
126  264  
127  264  
128  264  
129  264  
130  264  
131  264  
132  264  
133  264  
134  264  
135  264  
323  266  
324  266  
325  266  
326  266  
327  266  
328  266  
329  266  
330  266  
331  266  
332  266  
333  266  
334  266  
335  266  
336  266  
337  266  
338  266  
339  266  
340  266  
341  266  
342  266  
343  266  
344  266  
345  266  
346  266  
347  266  
348  266  
349  266  
350  266  
267  268  
268  268  
269  268  
270  268  
271  268  
272  268  
273  268  
274  268  
275  268  
276  268  
277  268  
278  268  
279  268  
280  268  
281  268  
282  268  
283  268  
284  268  
285  268  
286  268  
287  268  
288  268  
289  268  
290  268  
291  268  
292  268  
262  269  
263  269  
264  269  
265  269  
266  269  
227  269  
228  269  
229  269  
230  269  
231  269  
232  269  
233  269  
234  269  
235  269  
236  269  
237  269  
238  269  
239  269  
240  269  
241  269  
242  269  
243  269  
244  269  
245  269  
246  269  
247  269  
248  269  
249  269  
250  269  
251  269  
252  269  
253  269  
254  269  
157  270  
158  270  
159  270  
160  270  
161  270  
162  270  
163  270  
164  270  
165  270  
166  270  
167  270  
168  270  
169  270  
170  270  
171  270  
172  270  
173  270  
174  270  
175  270  
176  270  
177  270  
178  270  
179  270  
180  270  
175  273  
175  274  
175  275  
175  276  
175  277  
175  278  
175  279  
175  280  
176  281  
176  282  
176  283  
176  284  
176  285  
176  286  
176  287  
176  288  
176  289  
176  290  
176  291  
176  292  
193  273  
193  274  
193  275  
193  276  
194  277  
194  278  
194  279  
194  280  
194  281  
194  282  
194  283  
194  284  
194  285  
194  286  
195  287  
195  288  
195  289  
195  290  
195  291  
195  292  
195  293  
195  294  
196  295  
196  296  
196  297  
196  298  
196  299  
196  300  
196  301  
196  302  
196  303  
196  304  
74  290  
74  291  
74  292  
75  293  
75  294  
75  295  
75  296  
75  297  
75  298  
75  299  
75  300  
75  301  
75  302  
75  303  
76  304  
76  305  
76  306  
76  307  
76  308  
77  309  
77  310  
77  311  
77  312  
77  313  
77  314  
77  315  
77  316  
77  317  
77  318  
224  293  
224  294  
224  295  
224  296  
224  297  
224  298  
224  299  
225  300  
225  301  
225  302  
225  303  
225  304  
225  305  
225  306  
225  307  
225  308  
225  309  
226  310  
226  311  
226  312  
226  313  
226  314  
226  315  
226  316  
226  317  
226  318  
226  319  
226  320  
226  321  
226  322  
226  323  
226  324  
226  325  
226  326  
226  327  
226  328  
227  329  
227  330  
227  331  
227  332  
227  333  
227  334  
227  335  
227  336  
227  337  
227  338  
227  339  
227  340  
227  341  
227  342  
228  343  
228  344  
228  345  
228  346  
228  347  
228  348  
228  349  
228  350  
228  351  
228  352  
228  353  
228  354  
173  309  
173  310  
173  311  
173  312  
173  313  
173  314  
173  315  
173  316  
173  317  
173  318  
173  319  
173  320  
173  321  
174  322  
174  323  
174  324  
174  325  
174  326  
174  327  
174  328  
174  329  
174  330  
174  331  
174  332  
174  333  
175  334  
175  335  
175  336  
175  337  
175  338  
140  311  
140  312  
140  313  
140  314  
140  315  
140  316  
140  317  
141  318  
141  319  
141  320  
141  321  
141  322  
141  323  
141  324  
141  325  
141  326  
141  327  
141  328  
141  329  
141  330  
141  331  
141  332  
141  333  
141  334  
141  335  
141  336  
142  337  
142  338  
142  339  
142  340  
142  341  
142  342  
142  343  
142  344  
142  345  
142  346  
217  313  
217  314  
218  315  
218  316  
218  317  
218  318  
219  319  
219  320  
219  321  
219  322  
219  323  
219  324  
219  325  
219  326  
219  327  
220  328  
220  329  
220  330  
219  331  
219  332  
219  333  
219  334  
218  335  
218  336  
341  314  
342  314  
343  314  
344  314  
345  314  
346  314  
347  314  
348  314  
349  314  
350  314  
351  314  
352  314  
353  314  
354  314  
331  315  
332  315  
333  315  
334  315  
335  315  
336  315  
337  315  
338  315  
339  315  
340  315  
135  317  
135  318  
135  319  
135  320  
135  321  
135  322  
135  323  
135  324  
136  325  
136  326  
136  327  
136  328  
136  329  
136  330  
136  331  
136  332  
136  333  
136  334  
136  335  
137  336  
137  337  
137  338  
137  339  
137  340  
132  320  
132  321  
132  322  
132  323  
132  324  
132  325  
132  326  
132  327  
132  328  
132  329  
132  330  
132  331  
132  332  
133  333  
133  334  
133  335  
133  336  
133  337  
133  338  
134  339  
134  340  
337  322  
338  322  
339  322  
340  322  
341  322  
342  322  
343  322  
344  322  
345  322  
346  322  
347  322  
348  322  
349  322  
350  322  
351  322  
352  322  
353  322  
354  322  
355  322  
356  322  
357  322  
358  322  
359  322  
360  322  
331  323  
332  323  
333  323  
334  323  
335  323  
336  323  
21  325  
2  326  
3  326  
4  326  
5  326  
6  326  
7  326  
8  326  
9  326  
10  326  
11  326  
12  326  
13  326  
14  326  
15  326  
16  326  
17  326  
18  326  
19  326  
20  326  
5  329  
6  329  
7  329  
8  329  
9  329  
10  329  
11  329  
12  329  
13  329  
14  329  
15  329  
16  329  
17  329  
18  329  
19  329  
20  329  
21  329  
2  330  
3  330  
4  330  
13  340  
14  340  
15  340  
16  340  
17  340  
18  340  
19  340  
20  340  
21  340  
2  341  
3  341  
4  341  
5  341  
6  341  
7  341  
8  341  
9  341  
10  341  
11  341  
12  341  
347  341  
348  341  
349  341  
350  341  
351  341  
352  341  
353  341  
354  341  
355  341  
356  341  
357  341  
358  341  
359  341  
360  341  
361  341  
362  341  
363  341  
364  341  
365  341  
366  341  
367  341  
368  341  
369  341  
370  341  
371  341  
372  341  
373  341  
374  341  
375  341  
376  341  
377  341  
378  341  
379  341  
380  341  
381  341  
382  341  
383  341  
384  341  
385  341  
386  341  
326  342  
327  342  
328  342  
329  342  
330  342  
331  342  
332  342  
333  342  
334  342  
335  342  
336  342  
337  342  
338  342  
339  342  
340  342  
341  342  
342  342  
343  342  
344  342  
345  342  
346  342  
327  347  
328  347  
329  347  
330  347  
331  347  
332  347  
333  347  
334  347  
335  347  
336  347  
337  347  
338  347  
339  347  
340  347  
341  347  
342  347  
343  347  
344  347  
345  347  
346  347  
347  347  
348  347  
349  347  
350  347  
351  347  
352  347  
353  347  
354  347  
355  347  
356  347  
357  347  
358  347  
359  347  
326  348  
4  352  
5  352  
6  352  
7  352  
8  352  
9  352  
10  352  
11  352  
12  352  
13  352  
14  352  
15  352  
16  352  
17  352  
18  352  
19  352  
20  352  
21  352  
22  352  
23  352  
24  352  
2  353  
3  353  
327  358  
328  358  
329  358  
330  358  
331  358  
332  358  
333  358  
334  358  
335  358  
336  358  
337  358  
338  358  
339  358  
340  358  
341  358  
342  358  
343  358  
344  358  
345  358  
346  358  
347  358  
348  358  
349  358  
350  358  
351  358  
352  358  
353  358  
354  358  
355  358  
356  358  
357  358  
358  358  
359  358  
360  358  
361  358  
362  358  
363  358  
364  358  
365  358  
366  358  
367  358  
368  358  
309  360  
310  360  
311  360  
312  360  
313  360  
314  360  
318  360  
319  360  
320  360  
280  361  
281  361  
282  361  
283  361  
284  361  
285  361  
286  361  
287  361  
288  361  
289  361  
290  361  
291  361  
292  361  
293  361  
294  361  
295  361  
296  361  
297  361  
298  361  
299  361  
300  361  
301  361  
302  361  
303  361  
304  361  
305  361  
306  361  
307  361  
308  361  
315  361  
316  361  
317  361  
245  362  
246  362  
247  362  
248  362  
249  362  
250  362  
251  362  
252  362  
253  362  
254  362  
255  362  
256  362  
257  362  
259  362  
260  362  
261  362  
262  362  
263  362  
264  362  
265  362  
266  362  
267  362  
268  362  
269  362  
270  362  
271  362  
272  362  
273  362  
274  362  
275  362  
276  362  
277  362  
278  362  
279  362  
234  363  
235  363  
236  363  
237  363  
238  363  
239  363  
240  363  
241  363  
242  363  
243  363  
244  363  
258  363  
131  366  
132  367  
132  368  
132  369  
132  370  
132  371  
132  372  
132  373  
132  374  
133  375  
133  376  
133  377  
133  378  
133  379  
133  380  
133  381  
133  382  
133  383  
133  384  
133  385  
134  386  
134  387  
134  388  
134  389  
134  390  
134  391  
356  370  
357  370  
358  370  
359  370  
360  370  
335  371  
336  371  
337  371  
338  371  
339  371  
340  371  
341  371  
342  371  
343  371  
344  371  
345  371  
346  371  
347  371  
348  371  
349  371  
350  371  
351  371  
352  371  
353  371  
354  371  
355  371  
139  371  
139  372  
140  373  
140  374  
140  375  
140  376  
140  377  
140  378  
140  379  
140  380  
140  381  
140  382  
140  383  
140  384  
141  385  
141  386  
141  387  
141  388  
141  389  
141  390  
141  391  
141  392  
141  393  
141  394  
423  374  
424  374  
425  374  
426  374  
427  374  
428  374  
429  374  
430  374  
431  374  
432  374  
433  374  
434  374  
406  375  
407  375  
408  375  
409  375  
410  375  
411  375  
412  375  
413  375  
414  375  
415  375  
416  375  
417  375  
418  375  
419  375  
420  375  
421  375  
422  375  
285  375  
286  375  
287  375  
288  375  
252  376  
253  376  
254  376  
255  376  
256  376  
257  376  
258  376  
259  376  
260  376  
261  376  
262  376  
263  376  
264  376  
265  376  
266  376  
267  376  
268  376  
269  376  
270  376  
271  376  
272  376  
273  376  
274  376  
275  376  
276  376  
277  376  
278  376  
279  376  
280  376  
281  376  
282  376  
283  376  
284  376  
298  375  
299  375  
300  375  
301  375  
302  375  
303  375  
304  375  
305  375  
306  375  
307  375  
308  375  
309  375  
310  375  
311  375  
312  375  
313  375  
314  375  
315  375  
316  375  
317  375  
318  375  
319  375  
320  375  
321  375  
322  375  
323  375  
324  375  
325  375  
295  376  
296  376  
297  376  
82  381  
82  382  
82  383  
82  384  
83  385  
83  386  
83  387  
83  388  
84  389  
84  390  
84  391  
84  392  
84  393  
84  394  
84  395  
84  396  
84  397  
84  398  
84  399  
83  400  
83  401  
83  402  
83  403  
84  404  
84  405  
345  381  
346  381  
347  381  
348  381  
349  381  
350  381  
351  381  
352  381  
353  381  
354  381  
355  381  
356  381  
357  381  
358  381  
359  381  
360  381  
361  381  
362  381  
363  381  
364  381  
365  381  
366  381  
367  381  
375  381  
376  381  
377  381  
378  381  
379  381  
380  381  
381  381  
382  381  
383  381  
384  381  
385  381  
386  381  
387  381  
388  381  
389  381  
390  381  
391  381  
392  381  
393  381  
394  381  
395  381  
396  381  
397  381  
398  381  
399  381  
400  381  
401  381  
402  381  
403  381  
404  381  
405  381  
406  381  
407  381  
408  381  
409  381  
410  381  
411  381  
412  381  
413  381  
414  381  
415  381  
416  381  
417  381  
418  381  
419  381  
420  381  
421  381  
422  381  
423  381  
424  381  
425  381  
426  381  
427  381  
428  381  
429  381  
430  381  
431  381  
432  381  
433  381  
434  381  
435  381  
436  381  
348  385  
349  385  
350  385  
351  385  
352  385  
353  385  
354  385  
355  385  
356  385  
357  385  
358  385  
359  385  
360  385  
361  385  
362  385  
363  385  
364  385  
365  385  
366  385  
367  385  
368  385  
379  385  
380  385  
381  385  
382  385  
383  385  
384  385  
385  385  
369  386  
370  386  
371  386  
372  386  
373  386  
374  386  
375  386  
376  386  
377  386  
378  386  
401  385  
402  385  
403  385  
404  385  
405  385  
406  385  
407  385  
408  385  
409  385  
410  385  
411  385  
412  385  
413  385  
414  385  
415  385  
416  385  
417  385  
418  385  
419  385  
420  386  
281  391  
281  392  
281  393  
281  394  
281  395  
280  396  
280  397  
280  398  
280  399  
280  400  
280  401  
280  402  
280  403  
280  404  
280  405  
280  406  
281  407  
281  408  
281  409  
281  410  
40  409  
40  410  
40  411  
40  412  
40  413  
40  414  
40  415  
40  416  
40  417  
40  418  
40  419  
41  420  
41  421  
41  422  
41  423  
41  424  
41  425  
41  426  
41  427  
41  428  
41  429  
42  430  
44  409  
44  410  
44  411  
44  412  
45  413  
45  414  
45  415  
45  416  
45  417  
45  418  
45  419  
45  420  
45  421  
45  422  
45  423  
45  424  
46  425  
46  426  
46  427  
46  428  
46  429  
46  430  
46  431  
46  432  
13  412  
14  412  
15  412  
16  412  
17  412  
18  412  
19  412  
20  412  
21  412  
22  412  
23  412  
24  412  
25  412  
26  412  
27  412  
28  412  
29  412  
12  413  
12  414  
12  415  
96  417  
96  418  
96  419  
96  420  
96  421  
96  422  
96  423  
97  424  
97  425  
97  426  
97  427  
97  428  
97  429  
97  430  
97  431  
97  432  
97  433  
97  434  
97  435  
97  436  
97  437  
97  438  
97  439  
97  440  
97  441  
97  442  
97  443  
97  444  
97  445  
98  446  
98  447  
98  448  
98  449  
40  438  
40  439  
40  440  
40  441  
40  442  
40  443  
40  444  
41  445  
41  446  
41  447  
41  448  
41  449  
41  450  
41  451  
41  452  
42  453  
42  454  
42  455  
42  456  
42  457  
42  458  
42  459  
42  460  
42  461  
42  462  
42  463  
42  464  
42  465  
42  466  
43  467  
43  468  
43  469  
43  470  
43  471  
43  472  
43  473  
43  474  
43  475  
43  476  
44  477  
44  478  
45  440  
45  441  
45  442  
45  443  
45  444  
45  445  
45  446  
45  447  
46  448  
46  449  
46  450  
46  451  
46  452  
46  453  
46  454  
46  455  
47  456  
47  457  
47  458  
47  459  
47  460  
47  461  
47  462  
47  463  
47  464  
47  465  
47  466  
47  467  
47  468  
48  469  
48  470  
48  471  
48  472  
48  473  
48  474  
48  475  
48  476  
48  477  
17  444  
18  445  
18  446  
18  447  
18  448  
18  449  
18  450  
18  451  
19  452  
19  453  
19  454  
19  455  
19  456  
19  457  
19  458  
19  459  
19  460  
19  461  
19  462  
19  463  
19  464  
19  465  
19  466  
19  467  
19  468  
20  469  
20  470  
365  453  
366  453  
367  453  
368  453  
369  453  
370  453  
371  453  
372  453  
373  453  
378  453  
379  453  
380  453  
381  453  
382  453  
388  453  
389  453  
390  453  
391  453  
392  453  
393  453  
394  453  
395  453  
396  453  
374  454  
375  454  
376  454  
377  454  
383  454  
384  454  
385  454  
386  454  
387  454  
409  453  
410  453  
411  453  
416  453  
417  453  
418  453  
419  453  
420  453  
421  453  
422  453  
423  453  
424  453  
425  453  
426  453  
427  453  
428  453  
429  453  
430  453  
431  453  
432  453  
433  453  
434  453  
435  453  
436  453  
437  453  
438  453  
439  453  
440  453  
441  453  
442  453  
443  453  
444  453  
445  453  
446  453  
447  453  
448  453  
449  453  
450  453  
451  453  
452  453  
453  453  
454  453  
455  453  
456  453  
457  453  
458  453  
459  453  
460  453  
461  453  
462  453  
463  453  
464  453  
412  454  
413  454  
414  454  
415  454  
241  454  
242  454  
243  454  
244  454  
245  454  
246  454  
247  454  
248  454  
249  454  
250  454  
251  454  
201  455  
202  455  
203  455  
204  455  
206  455  
207  455  
208  455  
209  455  
210  455  
211  455  
212  455  
213  455  
214  455  
215  455  
216  455  
217  455  
218  455  
219  455  
220  455  
221  455  
222  455  
223  455  
224  455  
225  455  
226  455  
227  455  
228  455  
229  455  
230  455  
231  455  
232  455  
233  455  
234  455  
235  455  
236  455  
237  455  
238  455  
239  455  
240  455  
252  455  
253  455  
254  455  
163  456  
164  456  
165  456  
166  456  
167  456  
168  456  
169  456  
170  456  
171  456  
172  456  
173  456  
174  456  
175  456  
176  456  
177  456  
178  456  
179  456  
180  456  
181  456  
182  456  
183  456  
184  456  
185  456  
186  456  
187  456  
188  456  
189  456  
190  456  
191  456  
192  456  
193  456  
194  456  
195  456  
196  456  
197  456  
198  456  
199  456  
200  456  
205  456  
140  457  
141  457  
142  457  
143  457  
144  457  
145  457  
146  457  
147  457  
148  457  
149  457  
150  457  
151  457  
152  457  
153  457  
154  457  
155  457  
156  457  
157  457  
158  457  
159  457  
160  457  
161  457  
162  457  
139  458  
262  454  
263  454  
264  454  
265  454  
266  454  
267  454  
268  454  
269  454  
270  454  
271  454  
272  454  
273  454  
274  454  
275  454  
276  454  
277  454  
278  454  
279  454  
280  454  
281  454  
282  454  
283  454  
284  454  
285  454  
286  454  
287  454  
288  454  
289  454  
290  454  
291  454  
292  454  
293  454  
294  454  
295  454  
296  454  
102  465  
102  466  
102  467  
102  468  
102  469  
102  470  
102  471  
103  472  
103  473  
103  474  
103  475  
103  476  
103  477  
103  478  
103  479  
103  480  
103  481  
103  482  
104  483  
104  484  
104  485  
104  486  
104  487  
104  488  
104  489  
104  490  
104  491  
104  492  
104  493  
104  494  
104  495  
104  496  
104  497  
104  498  
104  499  
104  500  
104  501  
105  502  
105  503  
105  504  
105  505  
105  506  
105  507  
105  508  
106  509  
106  510  
106  511  
106  512  
106  513  
106  514  
106  515  
106  516  
106  517  
106  518  
107  519  
107  520  
107  521  
107  522  
107  523  
107  524  
107  525  
107  526  
107  527  
383  465  
384  465  
385  465  
386  465  
387  465  
388  465  
389  465  
390  465  
391  465  
392  465  
393  465  
394  465  
395  465  
396  465  
397  465  
398  465  
399  465  
400  465  
401  465  
402  465  
403  465  
404  465  
405  465  
406  465  
407  465  
351  474  
352  474  
353  474  
354  474  
355  474  
356  474  
357  474  
358  474  
359  474  
360  474  
361  474  
362  474  
363  474  
364  474  
365  474  
366  474  
367  474  
368  474  
369  474  
370  474  
371  474  
372  474  
373  474  
374  474  
375  474  
376  474  
377  474  
378  474  
407  474  
406  475  
408  475  
409  475  
410  475  
411  475  
412  475  
413  475  
414  475  
415  475  
416  475  
417  475  
418  475  
419  475  
420  475  
421  475  
422  475  
423  475  
427  475  
428  475  
429  475  
424  476  
425  476  
426  476  
131  482  
132  482  
133  482  
134  482  
135  482  
136  482  
137  482  
138  482  
139  482  
140  482  
141  482  
142  482  
143  482  
144  482  
145  482  
146  482  
147  482  
148  482  
149  482  
150  482  
151  482  
152  483  
153  483  
154  483  
155  483  
156  483  
157  483  
200  483  
201  483  
202  483  
203  483  
204  483  
205  483  
206  483  
207  483  
208  483  
209  483  
210  483  
211  483  
212  483  
213  483  
214  483  
215  483  
218  483  
219  483  
220  483  
221  483  
222  483  
223  483  
224  483  
225  483  
216  484  
217  484  
135  486  
136  486  
137  486  
138  486  
139  486  
140  486  
141  486  
142  486  
143  486  
144  486  
145  486  
146  486  
147  486  
148  486  
149  486  
150  486  
151  486  
152  486  
153  487  
154  487  
155  487  
358  486  
359  486  
360  486  
361  486  
362  486  
363  486  
364  486  
365  486  
366  486  
367  486  
368  486  
369  486  
370  486  
371  486  
372  486  
373  486  
374  487  
375  487  
376  487  
377  487  
391  486  
392  486  
393  486  
394  486  
395  486  
396  486  
397  487  
398  487  
399  487  
400  487  
401  487  
402  487  
403  487  
404  487  
405  487  
406  487  
407  487  
408  487  
409  487  
410  487  
411  487  
412  487  
413  487  
414  487  
415  487  
416  487  
417  487  
418  487  
419  487  
420  487  
421  487  
422  487  
423  487  
424  487  
425  487  
426  487  
427  487  
428  488  
429  488  
430  488  
431  488  
432  488  
433  488  
434  488  
435  488  
436  488  
437  488  
438  488  
439  488  
440  488  
441  488  
442  488  
443  488  
444  488  
445  488  
446  488  
447  488  
448  488  
449  488  
450  488  
451  488  
452  488  
453  488  
454  488  
455  488  
456  488  
457  488  
458  488  
459  488  
460  488  
461  488  
462  488  
463  488  
464  488  
465  488  
466  488  
467  488  
468  488  
469  488  
470  488  
471  488  
472  488  
473  488  
474  488  
475  488  
476  488  
477  488  
478  488  
479  488  
53  489  
53  490  
54  491  
54  492  
54  493  
54  494  
54  495  
54  496  
54  497  
55  498  
55  499  
55  500  
55  501  
55  502  
55  503  
55  504  
55  505  
55  506  
55  507  
56  508  
56  509  
56  510  
56  511  
56  512  
56  513  
193  493  
194  493  
195  493  
196  493  
197  493  
198  493  
199  493  
200  493  
201  493  
202  493  
203  493  
204  493  
205  493  
206  493  
207  493  
208  493  
209  493  
210  493  
211  493  
212  493  
213  493  
214  493  
215  493  
216  493  
217  493  
218  493  
219  493  
220  493  
221  493  
222  493  
223  493  
224  493  
225  493  
226  493  
227  494  
228  494  
229  494  
230  494  
231  494  
232  494  
233  494  
234  494  
235  494  
236  494  
237  494  
238  494  
239  494  
240  494  
241  494  
242  494  
243  494  
244  494  
245  494  
246  494  
247  494  
248  494  
249  494  
250  494  
251  494  
252  494  
253  494  
254  494  
255  494  
256  494  
257  494  
188  497  
189  497  
190  497  
191  497  
192  497  
193  497  
194  497  
195  497  
196  497  
197  497  
198  497  
199  497  
200  497  
201  497  
202  497  
203  497  
204  497  
205  497  
206  497  
207  497  
208  497  
209  497  
210  497  
211  497  
212  497  
213  497  
214  497  
215  497  
216  497  
217  497  
218  497  
219  497  
220  497  
221  497  
222  497  
223  497  
224  497  
225  497  
226  497  
227  497  
228  497  
229  497  
230  497  
234  497  
235  497  
236  497  
237  497  
238  497  
239  497  
240  497  
241  497  
242  497  
243  497  
186  498  
187  498  
231  498  
232  498  
233  498  
244  498  
245  498  
398  499  
399  499  
400  499  
401  499  
402  499  
403  499  
404  499  
408  499  
409  499  
410  499  
411  499  
405  500  
406  500  
407  500  
412  500  
413  500  
414  500  
415  500  
416  500  
417  500  
418  500  
419  500  
420  500  
421  500  
422  500  
423  500  
424  500  
425  500  
426  500  
427  500  
428  500  
429  500  
430  500  
431  500  
432  500  
433  500  
434  500  
435  500  
440  500  
441  500  
442  500  
436  501  
437  501  
438  501  
439  501  
443  501  
444  501  
445  501  
446  501  
447  501  
448  501  
449  501  
450  501  
451  501  
452  501  
453  501  
454  501  
455  501  
456  501  
457  501  
458  501  
459  501  
460  501  
461  501  
462  501  
463  501  
464  501  
465  501  
466  501  
467  501  
468  501  
469  501  
470  501  
471  501  
472  501  
473  501  
474  501  
475  501  
476  501  
477  501  
478  501  
479  501  
134  501  
135  501  
136  501  
137  501  
138  501  
139  501  
140  501  
141  501  
142  501  
143  501  
144  501  
145  501  
146  501  
147  501  
148  501  
149  501  
150  501  
151  501  
152  501  
153  501  
154  501  
155  501  
156  501  
157  501  
158  501  
159  501  
160  501  
177  502  
178  502  
179  502  
180  502  
181  502  
182  502  
183  502  
184  502  
185  502  
186  502  
187  502  
188  502  
189  502  
190  502  
191  502  
192  502  
193  502  
194  502  
195  502  
196  502  
197  502  
198  502  
199  502  
200  502  
201  502  
202  502  
203  502  
207  502  
208  502  
204  503  
205  503  
206  503  
209  503  
210  503  
211  503  
212  503  
213  503  
214  503  
215  503  
216  503  
217  503  
218  503  
219  503  
220  503  
221  503  
222  503  
223  503  
224  503  
225  503  
226  503  
227  503  
228  503  
229  503  
230  503  
231  503  
232  504  
233  504  
234  504  
235  504  
236  504  
237  505  
238  505  
239  505  
240  505  
241  505  
134  504  
135  504  
136  504  
137  504  
138  504  
139  504  
140  504  
141  504  
142  504  
143  504  
144  504  
145  504  
146  504  
147  504  
148  504  
149  504  
150  504  
151  504  
152  504  
153  504  
154  504  
155  504  
156  504  
157  504  
158  504  
159  504  
160  504  
161  504  
162  504  
430  504  
431  504  
432  504  
433  504  
434  504  
435  504  
436  504  
440  504  
441  504  
445  504  
446  504  
447  504  
448  504  
449  504  
450  504  
451  504  
452  504  
453  504  
437  505  
438  505  
439  505  
442  505  
443  505  
444  505  
173  505  
174  505  
175  505  
176  505  
177  505  
178  505  
179  505  
180  505  
181  505  
182  505  
183  505  
185  505  
184  506  
186  506  
187  506  
188  506  
189  506  
190  506  
191  506  
192  506  
193  506  
194  506  
195  506  
196  506  
197  506  
198  506  
199  506  
200  506  
201  506  
202  506  
203  506  
204  506  
205  506  
206  506  
207  506  
208  506  
209  506  
210  506  
211  506  
212  506  
213  506  
214  506  
215  506  
216  506  
217  507  
218  507  
219  507  
220  507  
221  507  
222  507  
223  507  
224  507  
225  507  
226  507  
227  507  
228  507  
229  507  
230  508  
135  507  
136  507  
137  507  
138  507  
139  507  
140  507  
141  507  
142  507  
143  507  
144  508  
145  508  
146  508  
147  508  
148  508  
149  508  
150  508  
151  508  
152  508  
153  508  
154  508  
155  508  
156  508  
157  508  
158  508  
159  508  
160  508  
273  507  
274  507  
275  507  
276  507  
277  507  
278  507  
279  507  
280  507  
281  507  
286  507  
287  507  
288  507  
289  507  
290  507  
291  507  
292  507  
293  507  
282  508  
283  508  
284  508  
285  508  
168  509  
169  509  
170  509  
171  509  
172  509  
173  509  
174  509  
175  509  
176  509  
177  509  
178  509  
179  509  
180  509  
181  509  
182  509  
183  509  
184  510  
185  510  
186  510  
187  510  
188  510  
189  510  
190  510  
191  510  
192  510  
193  510  
194  510  
195  510  
196  510  
197  510  
198  510  
199  510  
200  510  
201  510  
202  510  
203  510  
204  510  
205  510  
206  510  
207  511  
208  511  
209  511  
210  511  
211  511  
212  511  
213  511  
214  511  
215  511  
216  511  
217  511  
218  511  
219  511  
375  509  
376  510  
377  510  
378  510  
379  510  
380  510  
381  510  
382  510  
383  510  
384  510  
385  510  
386  510  
387  510  
388  510  
389  510  
390  510  
391  510  
392  510  
393  510  
394  510  
395  510  
396  510  
397  510  
398  510  
399  510  
400  511  
401  511  
402  511  
403  511  
404  511  
405  511  
406  511  
407  511  
408  511  
409  511  
410  511  
411  511  
412  511  
413  511  
414  511  
415  511  
416  511  
420  511  
421  511  
422  511  
423  511  
417  512  
418  512  
419  512  
424  512  
425  512  
227  512  
228  512  
229  512  
230  512  
231  512  
232  512  
233  512  
234  512  
235  512  
236  512  
237  512  
238  512  
239  512  
240  512  
241  512  
242  512  
243  512  
244  512  
245  513  
246  513  
247  513  
262  512  
263  513  
264  513  
265  514  
266  514  
267  514  
268  514  
269  514  
270  514  
271  514  
272  514  
273  514  
274  514  
275  514  
276  514  
277  514  
278  514  
279  514  
280  514  
281  514  
282  515  
283  515  
284  515  
285  515  
286  515  
287  515  
288  515  
289  515  
290  515  
291  515  
292  515  
293  515  
294  515  
295  515  
296  515  
297  515  
298  515  
299  515  
433  512  
434  512  
435  512  
436  512  
437  512  
438  512  
439  512  
440  512  
441  512  
442  512  
443  512  
444  512  
445  512  
446  512  
447  512  
448  512  
449  512  
450  512  
451  512  
452  512  
453  512  
454  512  
455  512  
456  512  
457  512  
458  512  
459  512  
460  512  
461  513  
149  514  
150  514  
151  514  
152  514  
153  514  
154  514  
155  514  
156  514  
157  514  
158  514  
159  514  
160  514  
161  514  
162  514  
163  514  
164  514  
165  514  
166  515  
167  515  
168  515  
169  515  
170  515  
171  515  
172  515  
173  515  
174  515  
175  515  
176  515  
177  515  
178  515  
179  515  
180  515  
181  515  
182  515  
183  515  
184  515  
185  516  
186  516  
187  516  
188  516  
189  516  
190  516  
191  516  
192  516  
193  516  
194  516  
195  516  
196  516  
197  516  
198  516  
199  516  
200  516  
201  516  
202  516  
203  517  
204  517  
205  517  
206  517  
207  517  
208  517  
209  517  
210  517  
211  517  
212  517  
213  517  
214  517  
215  517  
216  517  
217  517  
218  517  
219  517  
220  517  
221  518  
222  518  
223  518  
224  518  
225  518  
226  518  
227  518  
228  518  
229  518  
230  518  
231  518  
232  518  
233  518  
234  518  
235  518  
236  518  
237  518  
238  518  
239  519  
240  519  
241  519  
242  519  
243  519  
244  519  
245  519  
246  519  
247  519  
248  519  
249  519  
250  519  
251  519  
252  519  
253  519  
254  519  
258  519  
259  519  
260  519  
261  519  
262  519  
255  520  
256  520  
257  520  
393  515  
398  515  
399  515  
400  515  
401  515  
402  515  
403  515  
404  515  
405  515  
406  515  
407  515  
408  515  
409  515  
410  515  
411  515  
412  515  
413  515  
414  515  
415  515  
416  515  
424  515  
425  515  
426  515  
427  515  
428  515  
429  515  
430  515  
431  515  
432  515  
433  515  
394  516  
395  516  
396  516  
397  516  
417  516  
418  516  
419  516  
420  516  
421  516  
422  516  
423  516  
434  516  
435  516  
436  516  
437  516  
438  516  
439  516  
440  516  
441  516  
442  516  
27  517  
27  518  
27  519  
27  520  
27  521  
27  522  
27  523  
27  524  
27  525  
27  526  
28  527  
28  528  
28  529  
28  530  
28  531  
28  532  
28  533  
28  534  
28  535  
28  536  
28  537  
28  538  
29  539  
29  540  
29  541  
29  542  
29  543  
29  544  
49  519  
49  520  
49  521  
49  522  
49  523  
50  524  
50  525  
50  526  
50  527  
50  528  
50  529  
50  530  
50  531  
50  532  
50  533  
50  534  
50  535  
51  536  
51  537  
51  538  
51  539  
51  540  
51  541  
51  542  
373  519  
374  519  
375  519  
376  519  
377  519  
378  519  
379  519  
380  519  
381  519  
382  519  
383  519  
384  519  
385  519  
386  519  
387  519  
388  519  
389  519  
390  520  
391  520  
392  520  
393  520  
394  520  
395  520  
396  520  
397  520  
398  520  
399  520  
400  520  
401  520  
402  520  
403  520  
404  520  
405  520  
406  520  
407  520  
408  520  
409  520  
410  520  
411  520  
412  520  
413  520  
414  520  
415  520  
416  520  
417  520  
418  520  
422  520  
423  520  
424  520  
425  520  
419  521  
420  521  
421  521  
426  521  
427  521  
428  521  
429  521  
430  521  
431  521  
432  521  
433  521  
434  521  
435  521  
436  521  
437  521  
438  521  
439  521  
440  521  
441  521  
443  521  
444  521  
445  521  
446  521  
442  522  
271  520  
272  520  
273  520  
274  520  
275  521  
276  521  
277  521  
278  521  
279  521  
280  521  
281  521  
282  521  
283  521  
284  521  
285  521  
286  521  
287  521  
288  521  
289  521  
290  521  
291  521  
292  521  
293  522  
294  522  
295  522  
296  522  
297  522  
298  522  
299  522  
300  522  
301  522  
302  522  
303  522  
304  522  
305  522  
306  522  
307  522  
308  522  
309  522  
310  522  
311  522  
312  522  
313  523  
314  523  
315  523  
316  523  
317  523  
318  523  
319  523  
320  523  
321  523  
322  523  
323  523  
324  523  
325  523  
326  523  
327  523  
328  523  
329  523  
330  523  
331  523  
332  523  
333  523  
334  523  
335  523  
336  523  
337  523  
338  524  
339  524  
340  524  
341  524  
342  524  
343  524  
344  524  
345  524  
346  524  
347  524  
351  524  
352  524  
348  525  
349  525  
350  525  
353  525  
354  525  
355  525  
356  525  
357  525  
358  525  
359  525  
360  525  
361  525  
362  525  
363  525  
364  525  
365  525  
366  525  
367  525  
368  525  
369  525  
370  525  
371  525  
372  525  
373  526  
374  526  
375  526  
376  526  
377  526  
378  526  
379  526  
380  526  
381  526  
382  526  
383  526  
384  526  
385  526  
386  526  
387  526  
388  527  
389  527  
454  522  
455  522  
456  522  
457  522  
458  522  
459  522  
460  522  
461  522  
462  522  
463  522  
464  522  
465  522  
466  522  
467  522  
468  522  
469  522  
470  522  
471  522  
472  522  
473  522  
442  529  
443  529  
444  529  
445  529  
446  529  
447  529  
448  529  
449  529  
450  529  
451  529  
452  529  
453  529  
454  529  
455  529  
456  529  
457  529  
458  529  
459  529  
460  529  
461  529  
462  529  
463  529  
98  544  
98  545  
98  546  
98  547  
98  548  
98  549  
99  550  
99  551  
99  552  
99  553  
99  554  
99  555  
99  556  
99  557  
99  558  
99  559  
100  560  
100  561  
100  562  
100  563  
100  564  
100  565  
100  566  
100  567  
101  568  
101  569  
101  570  
101  571  
101  572  
101  573  
101  574  
414  545  
415  545  
416  545  
417  545  
418  545  
419  545  
420  545  
421  546  
422  546  
423  546  
424  546  
425  546  
426  546  
427  546  
428  546  
429  546  
430  546  
431  546  
432  546  
433  546  
434  546  
435  546  
436  546  
437  546  
438  546  
439  546  
440  546  
441  546  
442  546  
443  546  
444  546  
445  546  
446  546  
447  546  
448  546  
449  546  
450  546  
451  546  
424  548  
419  549  
420  549  
421  549  
422  549  
423  549  
425  549  
426  549  
427  549  
428  549  
429  549  
430  549  
431  549  
432  549  
433  549  
434  549  
435  549  
436  549  
437  549  
438  549  
439  549  
440  549  
441  549  
442  549  
443  549  
444  549  
445  549  
446  549  
447  549  
448  549  
449  549  
450  549  
451  549  
205  584  
206  584  
207  584  
208  584  
209  584  
210  584  
211  584  
212  584  
213  584  
214  584  
215  584  
216  584  
217  584  
218  584  
219  584  
220  585  
221  585  
222  585  
223  585  
224  585  
225  585  
226  585  
227  585  
228  585  
229  585  
230  585  
231  585  
232  585  
263  586  
264  586  
265  586  
266  586  
267  586  
268  586  
269  586  
270  586  
271  586  
272  586  
273  586  
274  586  
275  586  
276  587  
277  587  
278  587  
279  587  
280  587  
281  587  
282  587  
283  587  
284  587  
285  587  
286  587  
287  587  
288  587  
289  587  
290  587  
291  587  
292  587  
293  587  
294  587  
295  587  
296  587  
297  587  
298  587  
299  587  
300  587  
301  587  
302  587  
303  587  
364  589  
365  589  
366  589  
367  589  
369  589  
370  589  
368  590  
371  590  
372  590  
373  590  
374  590  
375  590  
376  590  
377  590  
378  590  
379  590  
380  590  
381  590  
382  590  
383  590  
384  590  
385  590  
386  590  
387  590  
388  590  
389  590  
57  594  
57  595  
57  596  
57  597  
57  598  
57  599  
57  600  
58  601  
58  602  
58  603  
58  604  
58  605  
58  606  
58  607  
58  608  
59  609  
59  610  
59  611  
59  612  
59  613  
59  614  
59  615  
59  616  
60  617  
60  618  
60  619  
62  599  
62  600  
62  601  
62  602  
62  603  
62  604  
62  605  
63  606  
63  607  
63  608  
63  609  
63  610  
63  611  
63  612  
63  613  
64  614  
64  615  
64  616  
64  617  
64  618  
64  619  
64  620  
65  621  
65  622  
65  623  
65  624  
65  625  
65  626  
66  627  
66  628  
66  629  
66  630  
162  606  
163  606  
164  606  
165  606  
166  606  
167  606  
168  606  
169  606  
170  606  
171  606  
172  606  
173  606  
174  606  
175  606  
176  606  
177  606  
178  606  
179  606  
180  606  
181  606  
182  606  
183  606  
184  606  
185  606  
186  606  
187  606  
188  606  
189  606  
190  606  
191  606  
192  606  
193  606  
194  607  
195  607  
196  607  
197  607  
198  607  
199  607  
200  607  
201  607  
202  607  
203  607  
204  607  
205  607  
206  607  
210  607  
211  607  
212  607  
213  607  
214  607  
215  607  
216  607  
217  607  
218  607  
219  607  
220  607  
221  607  
222  607  
223  607  
224  607  
225  607  
226  607  
227  607  
228  607  
229  607  
230  607  
231  607  
232  607  
233  607  
234  607  
207  608  
208  608  
209  608  
235  608  
236  608  
237  608  
238  608  
239  608  
240  608  
241  608  
242  608  
243  608  
244  608  
245  608  
246  608  
247  608  
248  608  
249  608  
250  608  
251  608  
252  608  
253  608  
254  608  
255  608  
256  608  
257  608  
258  608  
259  608  
267  608  
268  608  
269  608  
270  608  
271  609  
272  609  
273  609  
274  609  
275  609  
276  609  
277  609  
278  609  
279  609  
280  609  
281  609  
282  609  
283  609  
284  609  
285  609  
286  609  
287  609  
288  609  
289  609  
290  609  
291  609  
292  609  
293  609  
294  609  
295  609  
296  609  
297  609  
298  609  
299  609  
300  609  
301  609  
302  609  
303  609  
304  609  
305  610  
306  610  
307  610  
308  610  
309  611  
310  611  
311  611  
312  611  
313  611  
314  611  
315  611  
316  611  
317  611  
318  611  
319  611  
320  611  
321  611  
322  611  
323  611  
324  611  
325  611  
326  611  
327  611  
328  611  
329  611  
330  611  
331  611  
335  611  
336  611  
337  611  
338  611  
339  611  
340  611  
332  612  
333  612  
334  612  
351  612  
352  612  
353  612  
354  612  
355  612  
356  612  
357  612  
358  612  
359  612  
360  612  
361  612  
362  612  
363  612  
366  612  
367  612  
368  612  
369  612  
370  612  
371  612  
372  612  
387  612  
388  612  
389  612  
390  612  
391  612  
392  612  
393  612  
394  612  
395  612  
396  612  
397  612  
398  612  
399  612  
400  612  
401  612  
402  612  
403  612  
404  612  
405  612  
406  612  
407  612  
408  612  
409  612  
364  613  
365  613  
373  613  
374  613  
375  613  
376  613  
377  613  
378  613  
379  613  
380  613  
381  613  
382  613  
383  613  
384  613  
385  613  
386  613  
410  613  
411  613  
412  613  
413  613  
419  613  
420  613  
421  613  
422  613  
423  613  
424  613  
425  613  
426  613  
427  613  
430  613  
431  613  
432  613  
433  613  
434  613  
435  613  
436  613  
437  613  
438  613  
414  614  
415  614  
416  614  
417  614  
418  614  
428  614  
429  614  
159  613  
160  613  
161  613  
162  613  
163  613  
164  613  
165  613  
166  613  
167  614  
168  614  
169  614  
170  614  
171  614  
172  614  
173  614  
174  614  
175  614  
176  614  
177  614  
178  614  
179  614  
180  614  
181  614  
182  614  
183  614  
184  614  
185  614  
186  614  
187  615  
188  615  
189  615  
190  615  
191  615  
192  615  
193  615  
194  615  
195  615  
196  615  
197  615  
198  615  
199  615  
200  615  
201  615  
202  615  
