102  
21  115  131  20  44  37  48  33  40  29  23  22  22  24  30  27  28  73  32  23  31  25  37  23  21  23  25  47  33  21  108  26  83  53  21  39  93  42  36  57  53  43  21  61  24  49  99  80  114  21  103  38  90  57  45  70  21  23  21  51  25  93  92  35  92  20  20  41  20  30  34  77  43  37  21  28  22  29  21  37  29  48  35  72  22  21  40  27  40  32  21  90  21  51  42  23  23  31  43  22  20  28  
95  2  
95  3  
95  4  
95  5  
95  6  
95  7  
95  8  
94  9  
94  10  
94  11  
94  12  
94  13  
94  14  
94  15  
94  16  
94  17  
94  18  
94  19  
94  20  
94  21  
94  22  
124  2  
124  3  
124  4  
123  5  
123  6  
123  7  
123  8  
123  9  
123  10  
123  11  
123  12  
123  13  
123  14  
123  15  
123  16  
123  17  
123  18  
123  19  
123  20  
123  21  
123  22  
123  23  
123  24  
122  25  
122  26  
122  27  
122  28  
122  29  
122  30  
122  31  
122  32  
122  33  
122  34  
122  35  
122  36  
122  37  
122  38  
122  39  
122  40  
122  41  
122  42  
122  43  
121  44  
121  45  
121  46  
121  47  
121  48  
121  49  
121  50  
121  51  
121  52  
121  53  
121  54  
121  55  
121  56  
121  57  
121  58  
121  59  
121  60  
121  61  
121  62  
121  63  
121  64  
121  65  
121  66  
121  67  
121  68  
121  69  
121  70  
121  71  
121  72  
121  73  
121  74  
121  75  
120  76  
120  77  
120  78  
120  79  
120  80  
120  81  
120  82  
120  83  
120  84  
120  85  
120  86  
120  87  
120  88  
120  89  
120  90  
120  91  
120  92  
120  93  
120  94  
120  95  
120  96  
120  97  
119  98  
119  99  
119  100  
119  101  
119  102  
119  103  
119  104  
119  105  
119  106  
119  107  
119  108  
119  109  
119  110  
119  111  
119  112  
119  113  
119  114  
118  115  
118  116  
130  2  
130  3  
130  4  
130  5  
130  6  
130  7  
130  8  
130  9  
130  10  
130  11  
130  12  
130  13  
130  14  
130  15  
130  16  
130  17  
129  18  
129  19  
129  20  
129  21  
129  22  
129  23  
129  24  
129  25  
129  26  
129  27  
129  28  
129  29  
129  30  
129  31  
129  32  
129  33  
129  34  
129  35  
129  36  
128  37  
128  38  
128  39  
128  40  
128  41  
128  42  
128  43  
128  44  
128  45  
128  46  
128  47  
128  48  
128  49  
128  50  
128  51  
128  52  
128  53  
128  54  
128  55  
128  56  
128  57  
128  58  
128  59  
128  60  
128  61  
128  62  
128  63  
128  64  
128  65  
128  66  
128  67  
128  68  
128  69  
127  70  
127  71  
127  72  
127  73  
127  74  
127  75  
127  76  
127  77  
127  78  
127  79  
127  80  
127  81  
127  82  
127  83  
127  84  
127  85  
127  86  
127  87  
127  88  
127  89  
126  90  
126  91  
126  92  
126  93  
126  94  
126  95  
126  96  
126  97  
126  98  
126  99  
126  100  
126  101  
126  102  
126  103  
126  104  
126  105  
126  106  
126  107  
126  108  
126  109  
126  110  
126  111  
126  112  
126  113  
125  114  
125  115  
125  116  
125  117  
125  118  
125  119  
125  120  
125  121  
125  122  
125  123  
125  124  
125  125  
125  126  
125  127  
125  128  
125  129  
125  130  
125  131  
125  132  
188  2  
189  2  
190  2  
191  2  
192  2  
181  3  
182  3  
183  3  
184  3  
185  3  
186  3  
187  3  
175  4  
176  4  
177  4  
178  4  
179  4  
180  4  
173  5  
174  5  
271  2  
272  2  
273  2  
274  2  
275  2  
276  2  
264  3  
265  3  
266  3  
267  3  
268  3  
269  3  
270  3  
256  4  
257  4  
258  4  
259  4  
260  4  
261  4  
262  4  
263  4  
250  5  
251  5  
252  5  
253  5  
254  5  
255  5  
244  6  
245  6  
246  6  
247  6  
248  6  
249  6  
237  7  
238  7  
239  7  
240  7  
241  7  
242  7  
243  7  
233  8  
234  8  
235  8  
236  8  
326  14  
327  14  
328  14  
329  14  
330  14  
331  14  
332  14  
333  14  
334  14  
335  14  
336  14  
337  14  
322  15  
323  15  
324  15  
325  15  
316  16  
317  16  
318  16  
319  16  
320  16  
321  16  
308  17  
309  17  
310  17  
311  17  
312  17  
313  17  
314  17  
315  17  
303  18  
304  18  
305  18  
306  18  
307  18  
301  19  
302  19  
280  21  
281  21  
282  21  
283  21  
284  21  
285  21  
286  21  
287  21  
288  21  
289  21  
290  21  
273  22  
274  22  
275  22  
276  22  
277  22  
278  22  
279  22  
254  23  
255  23  
256  23  
257  23  
258  23  
266  23  
267  23  
268  23  
269  23  
270  23  
271  23  
272  23  
252  24  
253  24  
259  24  
260  24  
261  24  
262  24  
263  24  
264  24  
265  24  
248  25  
249  25  
250  25  
251  25  
243  26  
244  26  
245  26  
246  26  
247  26  
115  26  
115  27  
115  28  
115  29  
115  30  
115  31  
115  32  
115  33  
115  34  
115  35  
115  36  
115  37  
115  38  
115  39  
115  40  
115  41  
115  42  
115  43  
115  44  
115  45  
115  46  
115  47  
115  48  
115  49  
114  50  
114  51  
114  52  
114  53  
112  54  
113  54  
109  55  
110  55  
111  55  
228  32  
228  33  
228  34  
228  35  
228  36  
228  37  
228  38  
228  39  
228  40  
228  41  
227  42  
227  43  
227  44  
227  45  
227  46  
227  47  
227  48  
227  49  
227  50  
227  51  
227  52  
227  53  
227  54  
227  55  
227  56  
227  57  
227  58  
227  59  
227  60  
227  61  
227  62  
227  63  
227  64  
227  65  
227  66  
227  67  
227  68  
227  69  
227  70  
227  71  
302  35  
303  35  
293  36  
294  36  
295  36  
296  36  
297  36  
298  36  
299  36  
300  36  
301  36  
283  37  
284  37  
285  37  
286  37  
287  37  
288  37  
289  37  
290  37  
291  37  
292  37  
276  38  
277  38  
278  38  
279  38  
280  38  
281  38  
282  38  
275  39  
256  36  
256  37  
256  38  
256  39  
256  40  
256  41  
256  42  
256  43  
256  44  
256  45  
256  46  
256  47  
256  48  
256  49  
256  50  
256  51  
256  52  
256  53  
256  54  
256  55  
256  56  
256  57  
256  58  
92  41  
92  42  
92  43  
92  44  
92  45  
92  46  
92  47  
92  48  
92  49  
92  50  
92  51  
92  52  
92  53  
92  54  
92  55  
92  56  
92  57  
92  58  
92  59  
92  60  
92  61  
92  62  
186  41  
187  41  
188  41  
189  41  
190  41  
178  42  
179  42  
180  42  
181  42  
182  42  
183  42  
184  42  
185  42  
171  43  
172  43  
173  43  
174  43  
175  43  
176  43  
177  43  
169  44  
170  44  
186  49  
187  49  
188  49  
177  50  
178  50  
179  50  
180  50  
181  50  
182  50  
183  50  
184  50  
185  50  
170  51  
171  51  
172  51  
173  51  
174  51  
175  51  
176  51  
165  52  
166  52  
167  52  
168  52  
169  52  
297  55  
298  55  
299  55  
300  55  
301  55  
302  55  
291  56  
292  56  
293  56  
294  56  
295  56  
296  56  
286  57  
287  57  
288  57  
289  57  
290  57  
280  58  
281  58  
282  58  
283  58  
284  58  
285  58  
273  59  
274  59  
275  59  
276  59  
277  59  
278  59  
279  59  
363  59  
363  60  
363  61  
363  62  
363  63  
363  64  
363  65  
363  66  
363  67  
363  68  
363  69  
363  70  
363  71  
363  72  
363  73  
363  74  
363  75  
363  76  
363  77  
363  78  
363  79  
363  80  
363  81  
363  82  
363  83  
363  84  
363  85  
372  60  
372  61  
371  62  
371  63  
371  64  
371  65  
371  66  
371  67  
371  68  
371  69  
371  70  
371  71  
371  72  
371  73  
371  74  
371  75  
371  76  
371  77  
371  78  
371  79  
371  80  
371  81  
371  82  
371  83  
371  84  
371  85  
371  86  
371  87  
318  66  
319  66  
320  66  
321  66  
322  66  
323  66  
324  66  
325  66  
326  66  
327  66  
328  66  
329  66  
308  67  
309  67  
310  67  
311  67  
312  67  
313  67  
314  67  
315  67  
316  67  
317  67  
299  68  
300  68  
301  68  
302  68  
303  68  
304  68  
305  68  
306  68  
307  68  
288  69  
289  69  
290  69  
291  69  
292  69  
293  69  
294  69  
295  69  
296  69  
297  69  
298  69  
279  70  
280  70  
281  70  
282  70  
283  70  
284  70  
285  70  
286  70  
287  70  
268  71  
269  71  
270  71  
271  71  
272  71  
273  71  
274  71  
275  71  
276  71  
277  71  
278  71  
257  72  
258  72  
259  72  
260  72  
261  72  
262  72  
263  72  
264  72  
265  72  
266  72  
267  72  
214  76  
215  76  
216  76  
217  76  
218  76  
219  76  
220  76  
221  76  
222  76  
223  76  
210  77  
211  77  
212  77  
213  77  
201  78  
202  78  
203  78  
204  78  
205  78  
206  78  
207  78  
208  78  
209  78  
192  79  
193  79  
194  79  
195  79  
196  79  
197  79  
198  79  
199  79  
200  79  
262  91  
263  91  
264  91  
265  91  
266  91  
267  91  
268  91  
269  91  
270  91  
253  92  
254  92  
255  92  
256  92  
257  92  
258  92  
259  92  
260  92  
261  92  
248  93  
249  93  
250  93  
251  93  
252  93  
222  95  
214  96  
215  96  
216  96  
217  96  
218  96  
219  96  
220  96  
221  96  
206  97  
207  97  
208  97  
209  97  
210  97  
211  97  
212  97  
213  97  
194  98  
195  98  
196  98  
197  98  
198  98  
199  98  
200  98  
201  98  
202  98  
203  98  
204  98  
205  98  
192  99  
193  99  
353  95  
353  96  
353  97  
353  98  
353  99  
353  100  
353  101  
353  102  
353  103  
353  104  
353  105  
353  106  
353  107  
353  108  
353  109  
353  110  
353  111  
353  112  
353  113  
353  114  
353  115  
353  116  
353  117  
353  118  
353  119  
297  105  
298  105  
299  105  
302  105  
303  105  
304  105  
305  105  
306  105  
284  106  
285  106  
286  106  
287  106  
288  106  
289  106  
290  106  
291  106  
292  106  
293  106  
294  106  
295  106  
296  106  
300  106  
301  106  
307  106  
275  107  
276  107  
277  107  
278  107  
279  107  
280  107  
281  107  
282  107  
283  107  
307  107  
307  108  
307  109  
307  110  
189  106  
190  106  
181  107  
182  107  
183  107  
184  107  
185  107  
186  107  
187  107  
188  107  
173  108  
174  108  
175  108  
176  108  
177  108  
178  108  
179  108  
180  108  
168  109  
169  109  
170  109  
171  109  
172  109  
255  106  
255  107  
255  108  
255  109  
255  110  
255  111  
255  112  
255  113  
255  114  
255  115  
255  116  
254  117  
254  118  
254  119  
254  120  
254  121  
255  122  
255  123  
255  124  
255  125  
255  126  
181  115  
182  115  
183  115  
184  115  
172  116  
173  116  
174  116  
175  116  
176  116  
177  116  
178  116  
179  116  
180  116  
163  117  
164  117  
165  117  
166  117  
167  117  
168  117  
169  117  
170  117  
171  117  
162  118  
433  118  
433  119  
433  120  
433  121  
434  122  
434  123  
434  124  
434  125  
434  126  
434  127  
434  128  
434  129  
434  130  
434  131  
434  132  
434  133  
434  134  
434  135  
434  136  
434  137  
434  138  
434  139  
434  140  
435  141  
435  142  
359  128  
359  129  
359  130  
359  131  
359  132  
359  133  
359  134  
359  135  
359  136  
359  137  
359  138  
359  139  
359  140  
359  141  
359  142  
359  143  
359  144  
359  145  
359  146  
359  147  
359  148  
359  149  
359  150  
359  151  
359  152  
359  153  
359  154  
359  155  
359  156  
359  157  
359  158  
359  159  
359  160  
360  161  
360  162  
360  163  
360  164  
360  165  
360  166  
360  167  
360  168  
360  169  
360  170  
360  171  
360  172  
360  173  
360  174  
94  133  
94  134  
95  135  
95  136  
95  137  
95  138  
95  139  
95  140  
95  141  
95  142  
95  143  
95  144  
95  145  
95  146  
95  147  
95  148  
95  149  
95  150  
95  151  
95  152  
95  153  
95  154  
95  155  
95  156  
95  157  
95  158  
95  159  
95  160  
95  161  
95  162  
95  163  
95  164  
95  165  
176  134  
177  134  
178  134  
179  134  
180  134  
181  134  
182  134  
183  134  
163  135  
164  135  
165  135  
166  135  
167  135  
168  135  
169  135  
170  135  
171  135  
172  135  
173  135  
174  135  
175  135  
327  136  
328  136  
329  136  
330  136  
331  136  
308  137  
309  137  
310  137  
311  137  
312  137  
313  137  
314  137  
315  137  
316  137  
317  137  
318  137  
319  137  
320  137  
321  137  
322  137  
323  137  
324  137  
325  137  
326  137  
291  138  
292  138  
293  138  
294  138  
295  138  
296  138  
297  138  
298  138  
299  138  
300  138  
301  138  
302  138  
303  138  
304  138  
305  138  
306  138  
307  138  
274  139  
275  139  
276  139  
277  139  
278  139  
279  139  
280  139  
281  139  
282  139  
283  139  
284  139  
285  139  
286  139  
287  139  
288  139  
289  139  
290  139  
260  140  
261  140  
262  140  
263  140  
264  140  
265  140  
266  140  
267  140  
268  140  
269  140  
270  140  
271  140  
272  140  
273  140  
248  141  
249  141  
250  141  
251  141  
252  141  
253  141  
254  141  
255  141  
256  141  
257  141  
258  141  
259  141  
236  142  
237  142  
238  142  
239  142  
240  142  
241  142  
242  142  
243  142  
244  142  
245  142  
246  142  
247  142  
224  143  
225  143  
226  143  
227  143  
228  143  
229  143  
230  143  
231  143  
232  143  
233  143  
234  143  
235  143  
455  137  
455  138  
455  139  
454  140  
454  141  
454  142  
454  143  
454  144  
454  145  
454  146  
454  147  
454  148  
454  149  
454  150  
454  151  
454  152  
454  153  
454  154  
454  155  
454  156  
453  157  
453  158  
453  159  
453  160  
453  161  
453  162  
311  142  
312  142  
313  142  
314  142  
315  142  
316  142  
317  142  
318  142  
319  142  
320  142  
321  142  
322  142  
323  142  
324  142  
325  142  
326  142  
327  142  
328  142  
329  142  
330  142  
331  142  
332  142  
333  142  
288  143  
289  143  
290  143  
291  143  
292  143  
293  143  
294  143  
295  143  
296  143  
297  143  
298  143  
299  143  
300  143  
301  143  
302  143  
303  143  
304  143  
305  143  
306  143  
307  143  
308  143  
309  143  
310  143  
334  143  
280  144  
281  144  
282  144  
283  144  
284  144  
285  144  
286  144  
287  144  
334  144  
265  145  
266  145  
267  145  
268  145  
269  145  
270  145  
271  145  
272  145  
273  145  
274  145  
275  145  
276  145  
277  145  
278  145  
279  145  
334  145  
254  146  
255  146  
256  146  
257  146  
258  146  
259  146  
260  146  
261  146  
262  146  
263  146  
264  146  
211  144  
212  144  
213  144  
214  144  
215  144  
216  144  
217  144  
218  144  
219  144  
220  144  
221  144  
222  144  
202  145  
203  145  
204  145  
205  145  
206  145  
207  145  
208  145  
209  145  
210  145  
191  146  
192  146  
193  146  
194  146  
195  146  
196  146  
197  146  
198  146  
199  146  
200  146  
201  146  
181  147  
182  147  
183  147  
184  147  
185  147  
186  147  
187  147  
188  147  
189  147  
190  147  
171  148  
172  148  
173  148  
174  148  
175  148  
176  148  
177  148  
178  148  
179  148  
180  148  
170  149  
225  148  
226  148  
227  148  
228  148  
229  148  
230  148  
231  148  
232  148  
233  148  
234  148  
235  148  
215  149  
216  149  
217  149  
218  149  
219  149  
220  149  
221  149  
222  149  
223  149  
224  149  
200  150  
201  150  
202  150  
203  150  
204  150  
205  150  
206  150  
207  150  
185  151  
186  151  
187  151  
188  151  
189  151  
190  151  
191  151  
192  151  
193  151  
194  151  
195  151  
196  151  
197  151  
198  151  
199  151  
173  152  
174  152  
175  152  
176  152  
177  152  
178  152  
179  152  
180  152  
181  152  
182  152  
183  152  
184  152  
169  153  
170  153  
171  153  
172  153  
328  177  
329  177  
330  177  
293  178  
294  178  
295  178  
296  178  
297  178  
324  178  
325  178  
326  178  
327  178  
331  178  
285  179  
286  179  
287  179  
288  179  
289  179  
290  179  
291  179  
292  179  
298  179  
299  179  
300  179  
301  179  
302  179  
303  179  
304  179  
305  179  
306  179  
307  179  
308  179  
309  179  
310  179  
311  179  
312  179  
313  179  
314  179  
315  179  
316  179  
317  179  
318  179  
319  179  
320  179  
321  179  
322  179  
323  179  
332  179  
251  180  
252  180  
253  180  
254  180  
255  180  
256  180  
257  180  
258  180  
259  180  
262  180  
263  180  
264  180  
265  180  
266  180  
267  180  
271  180  
272  180  
273  180  
274  180  
275  180  
276  180  
277  180  
278  180  
279  180  
280  180  
281  180  
282  180  
283  180  
284  180  
332  180  
241  181  
242  181  
243  181  
244  181  
245  181  
246  181  
247  181  
248  181  
249  181  
250  181  
260  181  
261  181  
268  181  
269  181  
270  181  
144  185  
144  186  
144  187  
144  188  
144  189  
144  190  
144  191  
144  192  
144  193  
144  194  
144  195  
144  196  
144  197  
144  198  
144  199  
144  200  
144  201  
144  202  
144  203  
144  204  
144  205  
144  206  
144  207  
144  208  
144  209  
144  210  
144  211  
144  212  
144  213  
144  214  
144  215  
144  216  
144  217  
144  218  
144  219  
144  220  
144  221  
143  222  
143  223  
143  224  
143  225  
143  226  
236  185  
236  186  
236  187  
236  188  
237  189  
237  190  
236  191  
236  192  
236  193  
236  194  
236  195  
236  196  
236  197  
236  198  
236  199  
236  200  
236  201  
236  202  
236  203  
236  204  
236  205  
236  206  
236  207  
236  208  
236  209  
236  210  
236  211  
236  212  
236  213  
236  214  
236  215  
236  216  
236  217  
236  218  
236  219  
236  220  
95  189  
95  190  
95  191  
95  192  
95  193  
95  194  
95  195  
95  196  
95  197  
95  198  
95  199  
94  200  
94  201  
94  202  
94  203  
94  204  
94  205  
94  206  
94  207  
94  208  
94  209  
94  210  
94  211  
94  212  
94  213  
94  214  
94  215  
94  216  
94  217  
94  218  
94  219  
94  220  
94  221  
93  222  
93  223  
93  224  
92  225  
92  226  
92  227  
92  228  
92  229  
92  230  
92  231  
92  232  
92  233  
91  234  
91  235  
91  236  
92  237  
92  238  
92  239  
92  240  
92  241  
92  242  
92  243  
91  244  
91  245  
400  191  
400  192  
400  193  
400  194  
400  195  
400  196  
401  197  
401  198  
401  199  
400  200  
400  201  
400  202  
400  203  
401  204  
401  205  
401  206  
401  207  
401  208  
401  209  
401  210  
401  211  
401  212  
401  213  
401  214  
401  215  
401  216  
402  217  
402  218  
402  219  
402  220  
402  221  
402  222  
402  223  
402  224  
402  225  
402  226  
402  227  
402  228  
402  229  
402  230  
402  231  
402  232  
402  233  
402  234  
402  235  
402  236  
402  237  
402  238  
402  239  
402  240  
402  241  
402  242  
401  243  
29  192  
29  193  
29  194  
29  195  
29  196  
29  197  
29  198  
29  199  
29  200  
29  201  
29  202  
29  203  
29  204  
29  205  
29  206  
29  207  
29  208  
29  209  
29  210  
29  211  
29  212  
29  213  
28  214  
28  215  
28  216  
28  217  
28  218  
28  219  
28  220  
28  221  
28  222  
28  223  
28  224  
28  225  
28  226  
28  227  
28  228  
28  229  
28  230  
28  231  
28  232  
28  233  
28  234  
397  212  
397  213  
397  214  
398  215  
398  216  
398  217  
398  218  
398  219  
398  220  
398  221  
397  222  
397  223  
397  224  
397  225  
397  226  
397  227  
397  228  
397  229  
397  230  
397  231  
397  232  
305  223  
306  223  
307  223  
308  223  
309  223  
318  223  
319  223  
320  223  
321  223  
264  224  
265  224  
266  224  
267  224  
268  224  
269  224  
270  224  
271  224  
272  224  
273  224  
274  224  
275  224  
276  224  
277  224  
278  224  
279  224  
280  224  
281  224  
282  224  
283  224  
284  224  
285  224  
286  224  
287  224  
288  224  
289  224  
290  224  
291  224  
292  224  
293  224  
294  224  
295  224  
296  224  
297  224  
298  224  
299  224  
300  224  
301  224  
302  224  
303  224  
304  224  
310  224  
311  224  
312  224  
313  224  
314  224  
315  224  
316  224  
317  224  
322  224  
323  224  
324  224  
409  228  
409  229  
409  230  
409  231  
409  232  
408  233  
408  234  
408  235  
408  236  
408  237  
408  238  
408  239  
408  240  
408  241  
408  242  
408  243  
408  244  
408  245  
408  246  
408  247  
408  248  
408  249  
407  250  
407  251  
164  258  
165  258  
166  258  
167  258  
168  258  
169  258  
170  258  
171  258  
172  258  
173  258  
174  258  
175  258  
176  258  
177  258  
178  258  
179  258  
180  258  
181  258  
182  258  
183  258  
184  258  
185  258  
186  258  
187  258  
188  258  
189  258  
190  258  
191  258  
192  258  
193  258  
194  258  
195  258  
196  258  
197  258  
198  258  
199  258  
200  258  
201  258  
202  258  
207  258  
208  258  
209  258  
210  258  
211  258  
212  258  
203  259  
204  259  
205  259  
206  259  
248  267  
249  267  
250  267  
251  267  
252  267  
253  267  
254  267  
255  267  
256  267  
257  267  
258  267  
259  267  
260  267  
261  267  
262  267  
263  267  
264  267  
265  267  
266  267  
267  267  
268  267  
269  267  
270  267  
271  267  
272  267  
273  267  
274  267  
275  267  
276  267  
277  267  
278  267  
279  267  
280  267  
281  267  
282  267  
283  267  
284  267  
285  267  
286  267  
287  267  
288  267  
289  267  
290  267  
291  267  
292  267  
293  267  
294  267  
295  267  
296  267  
297  267  
313  267  
316  267  
317  267  
318  267  
319  267  
320  267  
321  267  
322  267  
323  267  
324  267  
325  267  
326  267  
327  267  
328  267  
329  267  
330  267  
331  267  
332  267  
333  267  
334  267  
335  267  
238  268  
239  268  
240  268  
241  268  
242  268  
243  268  
244  268  
245  268  
246  268  
247  268  
298  268  
299  268  
300  268  
301  268  
302  268  
303  268  
304  268  
305  268  
306  268  
307  268  
308  268  
309  268  
310  268  
311  268  
312  268  
314  268  
315  268  
336  268  
277  273  
281  273  
282  273  
283  273  
284  273  
285  273  
286  273  
287  273  
288  273  
289  273  
290  273  
291  273  
292  273  
293  273  
294  273  
295  273  
296  273  
297  273  
298  273  
299  273  
300  273  
301  273  
302  273  
303  273  
304  273  
305  273  
306  273  
307  273  
308  273  
309  273  
310  273  
311  273  
312  273  
313  273  
314  273  
315  273  
316  273  
317  273  
318  273  
319  273  
320  273  
321  273  
322  273  
323  273  
324  273  
256  274  
257  274  
258  274  
259  274  
260  274  
261  274  
262  274  
263  274  
264  274  
265  274  
266  274  
267  274  
268  274  
269  274  
270  274  
271  274  
272  274  
273  274  
274  274  
275  274  
276  274  
278  274  
279  274  
280  274  
325  274  
326  274  
327  274  
328  274  
329  274  
330  274  
331  274  
332  274  
333  274  
334  274  
335  274  
146  274  
146  275  
146  276  
146  277  
146  278  
146  279  
146  280  
146  281  
146  282  
146  283  
146  284  
146  285  
146  286  
146  287  
146  288  
146  289  
146  290  
146  291  
146  292  
146  293  
146  294  
145  295  
145  296  
145  297  
145  298  
145  299  
145  300  
145  301  
145  302  
145  303  
145  304  
145  305  
145  306  
145  307  
145  308  
145  309  
145  310  
145  311  
145  312  
145  313  
145  314  
145  315  
145  316  
145  317  
145  318  
145  319  
145  320  
145  321  
145  322  
145  323  
145  324  
145  325  
145  326  
145  327  
145  328  
145  329  
145  330  
145  331  
145  332  
145  333  
145  334  
145  335  
145  336  
145  337  
145  338  
145  339  
145  340  
145  341  
145  342  
145  343  
145  344  
144  345  
144  346  
144  347  
144  348  
144  349  
144  350  
144  351  
144  352  
144  353  
144  354  
144  355  
144  356  
144  357  
144  358  
144  359  
144  360  
144  361  
144  362  
144  363  
144  364  
144  365  
144  366  
144  367  
144  368  
144  369  
144  370  
144  371  
144  372  
144  373  
144  374  
144  375  
144  376  
144  377  
144  378  
144  379  
144  380  
144  381  
144  382  
144  383  
144  384  
144  385  
144  386  
144  387  
98  279  
98  280  
98  281  
98  282  
98  283  
98  284  
98  285  
98  286  
98  287  
98  288  
98  289  
98  290  
98  291  
98  292  
98  293  
98  294  
98  295  
97  296  
97  297  
97  298  
97  299  
242  284  
243  284  
244  285  
245  285  
246  285  
247  285  
248  285  
249  285  
250  285  
251  285  
252  285  
253  285  
254  285  
255  285  
256  285  
257  285  
258  285  
259  285  
260  285  
261  285  
262  285  
263  285  
264  285  
265  285  
266  285  
267  285  
268  285  
269  285  
270  285  
271  285  
272  285  
273  285  
274  285  
275  285  
276  285  
277  286  
278  286  
279  286  
280  286  
281  286  
282  286  
283  286  
284  286  
285  286  
286  286  
287  286  
288  286  
289  286  
290  286  
291  286  
292  286  
293  286  
294  286  
295  286  
296  286  
297  286  
298  286  
299  286  
300  286  
301  286  
302  286  
303  286  
304  286  
305  286  
306  286  
307  286  
308  286  
309  286  
310  286  
311  286  
312  286  
313  286  
314  286  
315  286  
316  286  
317  286  
318  286  
319  286  
320  286  
321  286  
322  286  
323  286  
324  286  
325  286  
326  286  
327  286  
328  286  
329  286  
330  286  
331  286  
332  286  
333  286  
334  286  
335  286  
336  286  
337  286  
338  287  
339  287  
340  287  
341  287  
342  288  
343  288  
344  288  
41  287  
41  288  
41  289  
41  290  
41  291  
41  292  
41  293  
41  294  
41  295  
41  296  
41  297  
41  298  
41  299  
41  300  
41  301  
41  302  
41  303  
41  304  
41  305  
41  306  
41  307  
41  308  
41  309  
41  310  
41  311  
41  312  
41  313  
41  314  
41  315  
41  316  
41  317  
41  318  
41  319  
41  320  
41  321  
40  322  
40  323  
40  324  
89  287  
89  288  
89  289  
89  290  
89  291  
89  292  
89  293  
89  294  
89  295  
89  296  
89  297  
89  298  
89  299  
89  300  
89  301  
89  302  
89  303  
89  304  
89  305  
89  306  
89  307  
89  308  
89  309  
89  310  
89  311  
89  312  
89  313  
89  314  
89  315  
89  316  
89  317  
89  318  
89  319  
89  320  
89  321  
89  322  
89  323  
89  324  
89  325  
89  326  
89  327  
89  328  
89  329  
88  330  
88  331  
88  332  
88  333  
88  334  
88  335  
88  336  
88  337  
88  338  
88  339  
88  340  
88  341  
88  342  
88  343  
88  344  
89  345  
89  346  
89  347  
88  348  
88  349  
88  350  
88  351  
88  352  
88  353  
88  354  
88  355  
88  356  
88  357  
88  358  
88  359  
88  360  
88  361  
88  362  
88  363  
88  364  
88  365  
88  366  
88  367  
88  368  
88  369  
88  370  
88  371  
88  372  
88  373  
88  374  
88  375  
88  376  
290  293  
291  293  
292  293  
293  293  
294  293  
295  293  
306  293  
307  293  
308  293  
262  294  
263  294  
264  294  
265  294  
266  294  
267  294  
268  294  
269  294  
270  294  
271  294  
272  294  
273  294  
274  294  
275  294  
276  294  
277  294  
278  294  
279  294  
280  294  
281  294  
282  294  
283  294  
284  294  
285  294  
286  294  
287  294  
288  294  
289  294  
296  294  
297  294  
298  294  
299  294  
300  294  
301  294  
302  294  
303  294  
304  294  
305  294  
252  295  
253  295  
254  295  
255  295  
256  295  
257  295  
258  295  
259  295  
260  295  
261  295  
221  309  
221  310  
222  311  
222  312  
222  313  
222  314  
222  315  
222  316  
222  317  
222  318  
222  319  
222  320  
222  321  
223  322  
223  323  
222  324  
223  325  
223  326  
223  327  
223  328  
223  329  
223  330  
223  331  
222  332  
222  333  
222  334  
222  335  
222  336  
222  337  
222  338  
222  339  
222  340  
222  341  
222  342  
222  343  
221  344  
221  345  
221  346  
221  347  
221  348  
221  349  
220  350  
220  351  
220  352  
220  353  
50  313  
50  314  
50  315  
50  316  
50  317  
50  318  
50  319  
50  320  
50  321  
50  322  
50  323  
50  324  
50  325  
50  326  
50  327  
50  328  
50  329  
50  330  
50  331  
50  332  
50  333  
50  334  
50  335  
50  336  
50  337  
50  338  
50  339  
49  340  
49  341  
49  342  
49  343  
49  344  
49  345  
49  346  
49  347  
49  348  
49  349  
49  350  
49  351  
49  352  
49  353  
49  354  
49  355  
49  356  
49  357  
49  358  
49  359  
49  360  
49  361  
49  362  
49  363  
49  364  
49  365  
49  366  
49  367  
49  368  
49  369  
49  370  
49  371  
49  372  
49  373  
49  374  
49  375  
49  376  
49  377  
49  378  
49  379  
48  380  
48  381  
47  382  
37  317  
37  318  
37  319  
37  320  
37  321  
37  322  
37  323  
37  324  
37  325  
37  326  
37  327  
37  328  
37  329  
37  330  
37  331  
37  332  
37  333  
37  334  
37  335  
37  336  
37  337  
380  324  
380  325  
380  326  
380  327  
380  328  
381  329  
381  330  
381  331  
381  332  
381  333  
381  334  
381  335  
381  336  
381  337  
381  338  
381  339  
381  340  
381  341  
380  342  
380  343  
380  344  
380  345  
380  346  
40  333  
40  334  
40  335  
40  336  
40  337  
40  338  
40  339  
40  340  
40  341  
40  342  
40  343  
40  344  
40  345  
40  346  
40  347  
40  348  
40  349  
40  350  
40  351  
40  352  
40  353  
260  369  
261  369  
262  369  
263  369  
264  369  
265  369  
266  369  
267  369  
268  369  
269  369  
270  369  
273  369  
274  369  
275  369  
271  370  
272  370  
276  370  
277  370  
278  370  
279  370  
280  370  
281  370  
282  370  
283  370  
284  370  
285  370  
286  370  
287  370  
288  370  
289  370  
290  371  
291  371  
292  371  
293  371  
294  371  
295  371  
296  371  
297  371  
298  371  
299  371  
300  372  
301  372  
302  372  
303  372  
304  372  
305  372  
306  372  
307  372  
308  372  
309  372  
310  372  
210  372  
210  373  
210  374  
210  375  
210  376  
210  377  
210  378  
210  379  
210  380  
210  381  
210  382  
210  383  
210  384  
210  385  
210  386  
210  387  
210  388  
210  389  
210  390  
210  391  
210  392  
210  393  
210  394  
210  395  
209  396  
241  378  
242  378  
243  378  
244  378  
245  378  
246  378  
247  378  
248  378  
249  378  
250  379  
251  379  
252  379  
253  379  
254  379  
255  379  
256  379  
257  379  
258  379  
259  379  
260  379  
261  379  
262  379  
263  379  
264  379  
265  379  
266  379  
267  379  
268  379  
269  379  
270  379  
271  379  
272  379  
273  379  
274  379  
275  379  
276  379  
277  379  
278  379  
279  379  
280  379  
281  379  
282  379  
283  379  
284  379  
285  379  
286  379  
287  379  
288  380  
289  380  
290  380  
291  380  
292  380  
293  380  
294  380  
295  380  
296  380  
297  380  
298  380  
299  380  
300  380  
301  380  
302  380  
303  380  
304  381  
305  381  
306  381  
307  381  
308  381  
309  381  
310  381  
311  381  
312  381  
313  381  
314  381  
315  381  
316  381  
317  381  
318  381  
319  381  
320  382  
321  382  
322  382  
323  382  
324  382  
325  382  
326  382  
327  382  
328  382  
329  382  
330  382  
331  382  
332  382  
333  382  
240  389  
241  389  
242  389  
243  389  
244  389  
245  389  
246  389  
247  389  
248  389  
249  389  
250  389  
251  389  
252  389  
253  389  
254  390  
255  390  
256  390  
257  390  
258  390  
259  390  
260  390  
261  390  
262  390  
263  390  
264  390  
265  390  
266  390  
267  391  
268  391  
269  391  
270  391  
271  391  
272  391  
273  391  
274  391  
275  391  
276  391  
277  391  
278  391  
279  392  
280  392  
281  392  
282  392  
283  392  
284  392  
285  392  
286  392  
287  392  
288  392  
289  392  
290  393  
291  393  
292  393  
293  393  
294  393  
295  393  
296  393  
297  393  
298  393  
299  393  
300  393  
301  393  
302  393  
303  393  
304  393  
305  393  
306  393  
307  394  
308  394  
309  394  
310  394  
311  394  
312  394  
313  394  
314  394  
315  394  
316  394  
317  394  
318  394  
319  394  
320  394  
321  394  
322  394  
323  394  
324  394  
325  394  
326  394  
327  394  
328  394  
329  394  
330  394  
331  394  
417  390  
417  391  
417  392  
417  393  
417  394  
417  395  
417  396  
417  397  
417  398  
417  399  
417  400  
417  401  
417  402  
417  403  
417  404  
417  405  
417  406  
417  407  
416  408  
416  409  
416  410  
416  411  
416  412  
416  413  
416  414  
416  415  
416  416  
416  417  
416  418  
416  419  
415  420  
415  421  
415  422  
415  423  
415  424  
239  395  
240  395  
241  395  
242  395  
243  395  
244  395  
245  395  
246  396  
247  396  
248  396  
249  396  
250  396  
251  396  
252  396  
253  396  
254  396  
255  396  
256  396  
257  396  
258  396  
259  396  
260  396  
261  397  
262  397  
263  397  
264  397  
265  397  
266  397  
267  397  
268  397  
269  397  
270  397  
271  397  
272  397  
273  397  
274  398  
275  398  
276  398  
277  398  
278  398  
279  398  
280  398  
281  398  
282  398  
283  398  
284  398  
285  398  
286  398  
287  398  
288  398  
289  398  
290  398  
291  398  
292  398  
293  398  
294  399  
295  399  
296  399  
297  399  
298  399  
299  399  
300  399  
301  399  
302  399  
303  399  
304  399  
305  399  
306  399  
307  399  
308  400  
309  400  
310  400  
311  400  
312  400  
313  400  
314  400  
315  400  
316  400  
317  400  
318  400  
319  400  
320  400  
321  400  
322  400  
323  400  
324  400  
325  401  
326  401  
327  401  
328  401  
329  401  
330  401  
208  403  
209  403  
210  403  
211  403  
212  403  
213  403  
214  403  
215  403  
216  403  
217  403  
218  403  
219  403  
220  403  
221  403  
206  404  
207  404  
222  404  
223  404  
224  404  
225  404  
96  404  
96  405  
96  406  
96  407  
96  408  
96  409  
96  410  
96  411  
96  412  
96  413  
96  414  
96  415  
96  416  
96  417  
96  418  
97  419  
96  420  
96  421  
96  422  
96  423  
23  415  
23  416  
23  417  
23  418  
23  419  
24  420  
23  421  
23  422  
23  423  
23  424  
23  425  
23  426  
23  427  
23  428  
23  429  
23  430  
24  431  
24  432  
24  433  
24  434  
24  435  
23  436  
23  437  
23  438  
23  439  
23  440  
23  441  
23  442  
23  443  
23  444  
23  445  
23  446  
23  447  
23  448  
23  449  
23  450  
23  451  
23  452  
23  453  
23  454  
23  455  
96  431  
96  432  
95  433  
95  434  
95  435  
95  436  
96  437  
96  438  
96  439  
96  440  
96  441  
96  442  
96  443  
96  444  
96  445  
96  446  
96  447  
96  448  
95  449  
95  450  
89  435  
89  436  
89  437  
89  438  
89  439  
89  440  
89  441  
89  442  
89  443  
89  444  
89  445  
89  446  
89  447  
89  448  
89  449  
89  450  
89  451  
89  452  
89  453  
89  454  
89  455  
89  456  
89  457  
89  458  
89  459  
89  460  
89  461  
89  462  
89  463  
89  464  
138  435  
138  436  
138  437  
138  438  
138  439  
138  440  
138  441  
138  442  
138  443  
138  444  
138  445  
138  446  
138  447  
138  448  
138  449  
138  450  
138  451  
138  452  
138  453  
138  454  
138  455  
138  456  
138  457  
138  458  
138  459  
138  460  
138  461  
138  462  
138  463  
138  464  
138  465  
138  466  
138  467  
138  468  
235  437  
236  437  
237  437  
238  437  
239  437  
240  437  
241  437  
242  438  
243  438  
244  438  
245  438  
246  438  
247  438  
248  438  
249  438  
250  438  
251  438  
252  438  
253  438  
254  439  
255  439  
256  439  
257  439  
258  439  
259  439  
260  439  
261  439  
262  439  
263  439  
264  440  
265  440  
266  440  
267  440  
268  440  
269  440  
270  440  
271  440  
272  440  
273  440  
274  440  
275  440  
276  440  
277  440  
278  440  
279  441  
280  441  
281  441  
282  441  
283  441  
284  441  
285  441  
286  441  
287  441  
288  442  
289  442  
290  442  
291  442  
292  442  
293  442  
294  442  
295  442  
296  442  
297  442  
298  442  
299  442  
300  442  
301  443  
302  443  
303  443  
304  443  
305  443  
306  443  
307  443  
308  443  
309  443  
310  443  
311  443  
210  440  
210  441  
210  442  
210  443  
210  444  
210  445  
210  446  
210  447  
210  448  
210  449  
210  450  
210  451  
210  452  
210  453  
210  454  
210  455  
210  456  
210  457  
210  458  
210  459  
210  460  
210  461  
210  462  
210  463  
210  464  
210  465  
210  466  
210  467  
210  468  
210  469  
210  470  
210  471  
209  472  
209  473  
209  474  
209  475  
209  476  
209  477  
209  478  
209  479  
209  480  
209  481  
209  482  
230  441  
230  442  
230  443  
230  444  
230  445  
230  446  
230  447  
230  448  
230  449  
230  450  
230  451  
230  452  
230  453  
230  454  
230  455  
230  456  
230  457  
230  458  
230  459  
230  460  
230  461  
230  462  
230  463  
230  464  
230  465  
230  466  
230  467  
230  468  
230  469  
230  470  
230  471  
230  472  
230  473  
230  474  
230  475  
230  476  
230  477  
383  452  
384  452  
372  453  
373  453  
374  453  
375  453  
376  453  
377  453  
378  453  
379  453  
380  453  
381  453  
382  453  
385  453  
366  454  
367  454  
368  454  
369  454  
370  454  
371  454  
365  455  
221  453  
221  454  
221  455  
221  456  
221  457  
221  458  
221  459  
221  460  
221  461  
221  462  
221  463  
221  464  
221  465  
221  466  
221  467  
221  468  
221  469  
221  470  
221  471  
221  472  
221  473  
221  474  
221  475  
221  476  
221  477  
221  478  
221  479  
221  480  
319  458  
319  459  
319  460  
318  461  
318  462  
318  463  
318  464  
318  465  
318  466  
318  467  
318  468  
318  469  
318  470  
318  471  
318  472  
318  473  
318  474  
318  475  
318  476  
318  477  
318  478  
318  479  
165  481  
166  481  
167  481  
168  481  
169  481  
170  481  
171  482  
172  482  
173  482  
174  482  
175  482  
176  482  
177  482  
178  482  
179  482  
180  483  
181  483  
182  483  
183  483  
184  483  
185  483  
186  483  
187  483  
188  483  
189  484  
190  484  
191  484  
192  484  
193  484  
345  483  
345  484  
345  485  
345  486  
345  487  
345  488  
345  489  
345  490  
345  491  
345  492  
345  493  
345  494  
345  495  
345  496  
345  497  
345  498  
345  499  
344  500  
344  501  
344  502  
344  503  
260  485  
261  485  
262  485  
263  485  
264  485  
265  485  
266  485  
267  485  
268  485  
269  485  
270  485  
271  485  
272  485  
273  485  
274  485  
275  485  
276  485  
277  485  
278  485  
279  485  
280  486  
281  486  
282  486  
283  486  
284  486  
285  486  
286  486  
287  486  
288  486  
289  486  
290  486  
291  487  
292  487  
293  487  
294  487  
295  487  
296  487  
302  497  
303  497  
304  497  
305  497  
306  497  
307  497  
308  497  
309  497  
310  498  
311  498  
312  498  
313  498  
314  498  
315  498  
316  498  
317  498  
318  498  
322  498  
323  498  
324  498  
329  498  
330  498  
319  499  
320  499  
321  499  
325  499  
326  499  
327  499  
328  499  
77  501  
77  502  
77  503  
77  504  
77  505  
77  506  
77  507  
77  508  
77  509  
77  510  
77  511  
77  512  
77  513  
77  514  
77  515  
77  516  
77  517  
77  518  
77  519  
77  520  
77  521  
77  522  
77  523  
77  524  
77  525  
77  526  
77  527  
77  528  
77  529  
77  530  
77  531  
77  532  
77  533  
77  534  
77  535  
77  536  
77  537  
77  538  
78  539  
78  540  
78  541  
78  542  
78  543  
78  544  
78  545  
78  546  
78  547  
78  548  
161  516  
162  516  
163  517  
164  517  
165  517  
166  517  
167  517  
168  517  
169  517  
170  517  
171  518  
172  518  
173  518  
174  518  
175  518  
176  519  
177  519  
178  519  
179  519  
180  519  
181  519  
182  519  
183  519  
184  519  
185  519  
186  519  
187  519  
188  520  
189  520  
190  520  
191  520  
192  520  
193  520  
194  520  
195  520  
212  517  
213  517  
214  517  
215  517  
216  517  
217  518  
218  518  
219  518  
220  518  
221  518  
222  518  
223  518  
224  519  
225  519  
226  519  
227  519  
228  519  
229  519  
230  520  
231  520  
232  520  
233  520  
234  520  
235  520  
236  520  
237  521  
238  521  
239  521  
240  521  
241  521  
242  521  
243  522  
244  522  
245  522  
246  522  
247  522  
248  522  
249  522  
250  522  
251  523  
252  523  
253  523  
254  523  
255  523  
256  523  
257  524  
258  524  
259  524  
260  524  
261  524  
262  524  
263  524  
264  524  
265  525  
266  525  
267  525  
268  525  
269  525  
270  525  
271  525  
272  525  
273  526  
274  526  
275  526  
276  526  
277  526  
278  526  
279  527  
280  527  
281  527  
282  527  
283  527  
155  520  
156  520  
157  521  
158  521  
159  521  
160  521  
161  521  
162  521  
163  522  
164  522  
165  522  
166  522  
167  523  
168  523  
169  523  
170  523  
171  523  
172  523  
173  523  
174  524  
175  524  
176  524  
115  522  
115  523  
115  524  
115  525  
115  526  
115  527  
115  528  
115  529  
115  530  
115  531  
115  532  
115  533  
115  534  
115  535  
115  536  
115  537  
115  538  
115  539  
115  540  
115  541  
115  542  
215  524  
215  525  
215  526  
215  527  
215  528  
215  529  
215  530  
215  531  
215  532  
215  533  
215  534  
215  535  
215  536  
215  537  
215  538  
215  539  
215  540  
215  541  
215  542  
215  543  
215  544  
215  545  
215  546  
215  547  
215  548  
215  549  
215  550  
215  551  
215  552  
215  553  
215  554  
215  555  
215  556  
215  557  
215  558  
215  559  
215  560  
215  561  
215  562  
215  563  
291  528  
292  528  
293  528  
294  528  
295  528  
296  528  
297  528  
298  528  
299  528  
300  529  
301  529  
302  529  
303  529  
304  529  
305  529  
306  529  
307  529  
308  529  
309  530  
310  530  
311  530  
312  530  
313  530  
314  530  
315  530  
316  530  
317  530  
252  529  
253  529  
254  529  
255  530  
256  530  
257  530  
258  531  
259  531  
260  531  
261  531  
262  531  
263  531  
264  531  
265  531  
266  531  
267  532  
268  532  
269  532  
270  532  
271  532  
272  532  
273  532  
274  533  
275  533  
276  533  
277  533  
278  533  
279  533  
280  533  
281  533  
282  534  
283  534  
284  534  
285  534  
286  534  
287  534  
288  534  
289  534  
290  534  
291  535  
332  539  
332  540  
332  541  
332  542  
333  543  
333  544  
333  545  
333  546  
333  547  
333  548  
333  549  
333  550  
332  551  
332  552  
332  553  
332  554  
332  555  
332  556  
332  557  
332  558  
332  559  
332  560  
332  561  
332  562  
332  563  
332  564  
332  565  
332  566  
331  567  
331  568  
331  569  
331  570  
265  546  
266  546  
267  546  
268  546  
269  547  
270  547  
271  547  
272  547  
273  547  
274  547  
275  547  
276  548  
277  548  
278  548  
279  548  
280  548  
281  548  
282  548  
283  548  
284  548  
285  548  
115  550  
115  551  
115  552  
115  553  
115  554  
115  555  
115  556  
115  557  
115  558  
115  559  
115  560  
115  561  
115  562  
115  563  
115  564  
115  565  
115  566  
115  567  
115  568  
115  569  
115  570  
115  571  
115  572  
115  573  
115  574  
115  575  
115  576  
115  577  
115  578  
115  579  
115  580  
115  581  
115  582  
115  583  
115  584  
115  585  
115  586  
115  587  
115  588  
115  589  
115  590  
115  591  
115  592  
115  593  
115  594  
115  595  
115  596  
115  597  
115  598  
115  599  
115  600  
115  601  
115  602  
115  603  
115  604  
115  605  
115  606  
115  607  
115  608  
115  609  
115  610  
115  611  
115  612  
115  613  
115  614  
115  615  
115  616  
115  617  
115  618  
115  619  
115  620  
115  621  
115  622  
115  623  
115  624  
115  625  
115  626  
115  627  
115  628  
115  629  
115  630  
115  631  
115  632  
115  633  
115  634  
115  635  
115  636  
115  637  
115  638  
115  639  
273  553  
274  553  
275  553  
276  553  
277  553  
278  554  
279  554  
280  554  
281  554  
282  554  
283  554  
284  554  
285  554  
286  554  
287  554  
288  555  
289  555  
290  555  
291  555  
292  555  
293  555  
79  556  
79  557  
79  558  
79  559  
79  560  
79  561  
79  562  
79  563  
79  564  
79  565  
79  566  
78  567  
78  568  
79  569  
79  570  
79  571  
79  572  
78  573  
78  574  
78  575  
78  576  
78  577  
78  578  
78  579  
78  580  
78  581  
78  582  
78  583  
78  584  
78  585  
78  586  
78  587  
78  588  
78  589  
78  590  
78  591  
78  592  
78  593  
78  594  
78  595  
78  596  
78  597  
78  598  
78  599  
78  600  
78  601  
78  602  
78  603  
78  604  
78  605  
78  606  
250  559  
251  559  
252  559  
253  559  
254  560  
255  560  
256  560  
257  560  
258  560  
259  561  
260  561  
261  561  
262  561  
263  561  
264  561  
265  561  
266  561  
267  562  
268  562  
269  562  
270  562  
271  562  
272  562  
273  562  
274  563  
275  563  
276  563  
277  563  
278  563  
279  563  
280  563  
281  563  
282  563  
283  564  
284  564  
285  564  
286  564  
287  564  
288  564  
289  564  
290  565  
291  565  
177  577  
178  577  
179  578  
180  578  
181  578  
182  578  
183  579  
184  579  
185  579  
186  579  
187  579  
188  579  
189  579  
190  580  
191  580  
192  580  
193  580  
194  580  
195  580  
196  581  
197  581  
198  581  
199  581  
136  583  
135  584  
135  585  
135  586  
135  587  
135  588  
135  589  
135  590  
135  591  
135  592  
135  593  
135  594  
135  595  
135  596  
135  597  
135  598  
135  599  
135  600  
135  601  
135  602  
135  603  
135  604  
135  605  
218  584  
219  584  
220  584  
221  585  
222  585  
223  585  
224  585  
225  585  
226  585  
227  586  
228  586  
229  586  
230  586  
231  586  
232  587  
233  587  
234  587  
235  587  
236  587  
237  587  
238  588  
239  588  
240  588  
241  588  
242  588  
243  588  
244  589  
245  589  
246  589  
247  589  
248  590  
214  588  
214  589  
214  590  
214  591  
214  592  
214  593  
214  594  
214  595  
214  596  
214  597  
214  598  
214  599  
214  600  
214  601  
214  602  
214  603  
214  604  
214  605  
213  606  
213  607  
213  608  
213  609  
213  610  
213  611  
213  612  
213  613  
213  614  
213  615  
213  616  
213  617  
213  618  
213  619  
213  620  
213  621  
213  622  
213  623  
213  624  
213  625  
213  626  
213  627  
213  628  
213  629  
213  630  
278  594  
279  594  
280  594  
281  594  
282  595  
283  595  
284  595  
285  595  
286  596  
287  596  
288  596  
289  596  
290  596  
291  596  
292  596  
293  597  
294  597  
295  597  
296  597  
297  598  
298  598  
299  598  
253  628  
254  628  
255  628  
256  628  
257  629  
258  629  
259  629  
260  629  
261  629  
262  629  
263  629  
264  630  
265  630  
266  630  
267  630  
268  630  
269  631  
270  631  
271  631  
272  631  
212  632  
213  632  
214  632  
215  632  
216  632  
217  632  
218  633  
219  633  
220  633  
221  633  
222  633  
223  634  
224  634  
225  634  
226  634  
227  634  
228  635  
229  635  
230  635  
231  635  
232  635  
233  636  
234  636  
235  636  
236  636  
237  636  
238  637  
239  637  
