189  2  
189  3  
189  4  
189  5  
189  6  
190  7  
190  8  
190  9  
190  10  
190  11  
191  12  
191  13  
191  14  
191  15  
191  16  
191  17  
192  18  
192  19  
192  20  
192  21  
192  22  
193  23  
193  24  
193  25  
193  26  
193  27  
194  28  
194  29  
194  30  
194  31  
194  32  
194  33  
195  34  
195  35  
195  36  
195  37  
195  38  
196  39  
196  40  
196  41  
196  42  
196  43  
196  44  
197  45  
197  46  
197  47  
197  48  
197  49  
198  50  
198  51  
198  52  
198  53  
198  54  
198  55  
199  56  
199  57  
199  58  
199  59  
199  60  
200  61  
200  62  
200  63  
200  64  
200  65  
201  66  
251  2  
251  3  
251  4  
251  5  
251  6  
251  7  
251  8  
252  9  
252  10  
252  11  
252  12  
252  13  
252  14  
252  15  
252  16  
252  17  
252  18  
252  19  
253  20  
253  21  
253  22  
253  23  
253  24  
253  25  
253  26  
253  27  
253  28  
254  29  
254  30  
254  31  
254  32  
254  33  
254  34  
239  11  
239  12  
239  13  
239  14  
239  15  
240  16  
240  17  
240  18  
240  19  
240  20  
240  21  
240  22  
241  23  
241  24  
241  25  
241  26  
241  27  
241  28  
241  29  
241  30  
241  31  
242  32  
242  33  
242  34  
242  35  
242  36  
242  37  
242  38  
242  39  
242  40  
243  41  
243  42  
243  43  
243  44  
243  45  
243  46  
243  47  
244  48  
244  49  
244  50  
244  51  
244  52  
244  53  
244  54  
244  55  
244  56  
245  57  
245  58  
245  59  
245  60  
245  61  
245  62  
245  63  
245  64  
246  65  
245  66  
245  67  
245  68  
245  69  
246  70  
246  71  
246  72  
246  73  
246  74  
246  75  
246  76  
247  77  
247  78  
247  79  
247  80  
247  81  
247  82  
247  83  
247  84  
247  85  
248  86  
52  15  
53  15  
54  15  
55  15  
56  15  
57  15  
58  15  
59  15  
60  15  
61  15  
62  15  
63  15  
64  16  
65  16  
66  16  
67  16  
68  16  
69  16  
70  16  
71  16  
72  16  
73  16  
74  16  
75  16  
76  16  
77  16  
78  16  
79  16  
80  16  
81  16  
82  16  
83  16  
84  16  
85  16  
86  16  
87  16  
88  16  
89  16  
90  16  
91  16  
92  16  
93  16  
94  16  
95  16  
96  16  
97  16  
98  16  
99  17  
100  17  
101  17  
102  17  
103  17  
104  17  
105  17  
106  17  
107  17  
108  17  
109  17  
110  17  
111  17  
112  17  
113  17  
114  17  
115  17  
116  18  
117  18  
118  18  
119  18  
120  18  
121  18  
122  18  
123  18  
124  18  
125  18  
126  18  
127  18  
128  18  
129  18  
130  18  
131  18  
132  18  
133  18  
134  18  
135  18  
136  18  
137  18  
138  18  
139  18  
140  18  
141  19  
142  19  
143  19  
144  19  
145  19  
146  19  
147  19  
148  19  
149  19  
150  19  
151  19  
152  19  
153  19  
154  19  
155  19  
156  19  
157  19  
158  19  
159  19  
160  19  
161  19  
162  19  
163  19  
164  19  
165  19  
166  19  
167  19  
168  19  
169  19  
170  19  
171  20  
172  20  
173  20  
174  20  
175  20  
176  20  
177  20  
178  20  
179  20  
215  15  
215  16  
216  17  
216  18  
216  19  
216  20  
216  21  
216  22  
217  23  
217  24  
217  25  
217  26  
217  27  
217  28  
218  29  
218  30  
218  31  
218  32  
218  33  
218  34  
218  35  
219  36  
219  37  
219  38  
219  39  
219  40  
219  41  
219  42  
220  43  
220  44  
229  21  
230  22  
230  23  
230  24  
230  25  
230  26  
230  27  
230  28  
230  29  
230  30  
230  31  
231  32  
231  33  
231  34  
231  35  
231  36  
231  37  
231  38  
231  39  
232  40  
232  41  
232  42  
232  43  
232  44  
232  45  
232  46  
233  47  
233  48  
233  49  
233  50  
233  51  
233  52  
233  53  
233  54  
233  55  
234  56  
234  57  
234  58  
234  59  
234  60  
234  61  
234  62  
235  63  
235  64  
235  65  
235  66  
235  67  
235  68  
235  69  
236  70  
236  71  
236  72  
236  73  
236  74  
236  75  
236  76  
237  77  
237  78  
237  79  
237  80  
237  81  
237  82  
238  83  
238  84  
238  85  
238  86  
238  87  
238  88  
238  89  
238  90  
239  91  
239  92  
224  22  
224  23  
225  24  
225  25  
225  26  
225  27  
225  28  
225  29  
225  30  
225  31  
226  32  
226  33  
226  34  
226  35  
226  36  
226  37  
226  38  
227  39  
227  40  
227  41  
227  42  
227  43  
227  44  
227  45  
228  46  
228  47  
228  48  
228  49  
186  27  
186  28  
187  29  
187  30  
187  31  
187  32  
187  33  
188  34  
188  35  
188  36  
188  37  
188  38  
188  39  
189  40  
189  41  
189  42  
189  43  
189  44  
189  45  
190  46  
190  47  
190  48  
190  49  
190  50  
191  51  
191  52  
191  53  
191  54  
191  55  
192  56  
192  57  
57  33  
58  33  
59  33  
60  33  
61  34  
62  34  
63  34  
64  34  
65  34  
66  34  
67  34  
68  34  
69  34  
70  34  
71  34  
72  34  
73  34  
74  34  
75  34  
76  34  
77  34  
78  34  
79  34  
80  34  
81  34  
82  34  
83  34  
84  34  
85  35  
86  35  
87  35  
88  35  
89  35  
90  35  
91  35  
92  35  
93  35  
94  35  
95  35  
96  35  
97  35  
98  35  
99  35  
100  35  
101  35  
102  35  
103  35  
104  35  
105  35  
106  35  
107  35  
108  35  
109  36  
110  36  
111  36  
112  36  
113  36  
114  36  
115  36  
116  36  
117  36  
118  36  
119  36  
120  36  
121  36  
122  36  
123  36  
124  36  
125  36  
126  36  
127  36  
128  36  
129  36  
130  37  
131  37  
132  37  
133  37  
134  37  
135  37  
136  37  
137  37  
138  37  
139  37  
140  37  
141  37  
142  37  
143  37  
144  37  
145  37  
146  37  
147  37  
148  37  
149  37  
150  38  
151  38  
152  38  
153  38  
154  38  
155  38  
156  38  
157  38  
158  38  
159  38  
160  38  
161  38  
162  38  
163  38  
164  38  
165  38  
166  38  
35  38  
36  38  
37  38  
38  38  
39  38  
40  39  
41  39  
42  39  
43  39  
44  39  
45  39  
46  39  
47  39  
48  39  
49  39  
50  39  
51  39  
52  39  
53  39  
54  39  
55  39  
56  39  
57  39  
58  39  
59  39  
60  39  
61  39  
62  39  
63  40  
64  40  
65  40  
66  40  
67  40  
68  40  
69  40  
70  40  
71  40  
72  40  
73  40  
74  40  
75  40  
76  40  
77  40  
78  40  
79  40  
80  40  
81  40  
82  40  
83  40  
84  40  
85  40  
86  40  
87  40  
88  40  
89  40  
90  40  
91  41  
92  41  
93  41  
94  41  
95  41  
96  41  
97  41  
98  41  
99  41  
100  41  
101  41  
102  41  
103  41  
104  41  
105  41  
106  41  
107  41  
108  41  
109  41  
110  41  
111  42  
112  42  
113  42  
114  42  
115  42  
116  42  
117  42  
118  42  
119  42  
120  42  
121  42  
122  42  
123  42  
124  42  
125  42  
126  42  
127  42  
128  42  
129  42  
130  42  
131  42  
132  42  
133  42  
134  43  
135  43  
136  43  
137  43  
138  43  
139  43  
140  43  
141  43  
142  43  
143  43  
144  43  
145  43  
146  43  
147  43  
148  44  
149  44  
150  44  
151  44  
152  44  
153  44  
154  44  
155  44  
156  44  
157  44  
158  44  
159  44  
160  44  
161  44  
162  44  
163  44  
164  44  
165  44  
166  45  
167  45  
75  43  
76  43  
77  43  
78  43  
79  43  
80  43  
81  43  
82  43  
83  43  
84  43  
85  43  
86  43  
87  43  
88  43  
89  43  
90  44  
91  44  
92  44  
93  44  
94  44  
95  44  
96  44  
97  44  
98  44  
99  44  
100  44  
229  57  
229  58  
229  59  
230  60  
230  61  
230  62  
230  63  
230  64  
230  65  
230  66  
231  67  
231  68  
231  69  
231  70  
231  71  
231  72  
231  73  
231  74  
232  75  
232  76  
257  60  
257  61  
257  62  
257  63  
257  64  
257  65  
257  66  
258  67  
258  68  
258  69  
258  70  
258  71  
258  72  
258  73  
258  74  
258  75  
259  76  
259  77  
259  78  
259  79  
259  80  
259  81  
259  82  
259  83  
259  84  
259  85  
260  86  
260  87  
260  88  
260  89  
260  90  
260  91  
260  92  
260  93  
260  94  
260  95  
261  96  
261  97  
261  98  
261  99  
261  100  
261  101  
261  102  
261  103  
261  104  
261  105  
262  106  
262  107  
262  108  
262  109  
262  110  
262  111  
73  61  
74  62  
75  62  
82  62  
83  62  
84  62  
85  62  
86  62  
87  62  
88  62  
76  63  
77  63  
78  63  
79  63  
80  63  
81  63  
89  63  
90  63  
91  63  
92  63  
93  63  
94  63  
95  63  
96  63  
97  63  
98  63  
99  63  
100  63  
101  63  
172  67  
173  68  
173  69  
173  70  
173  71  
173  72  
174  73  
174  74  
174  75  
174  76  
175  77  
175  78  
175  79  
175  80  
175  81  
176  82  
176  83  
176  84  
176  85  
176  86  
177  87  
177  88  
177  89  
177  90  
178  91  
180  85  
180  86  
180  87  
181  88  
181  89  
181  90  
181  91  
181  92  
182  93  
182  94  
182  95  
182  96  
183  97  
183  98  
183  99  
183  100  
183  101  
184  102  
184  103  
184  104  
184  105  
449  86  
450  86  
451  86  
452  86  
453  86  
454  86  
455  86  
456  86  
457  86  
458  86  
459  86  
460  86  
461  87  
462  87  
463  87  
464  87  
465  87  
466  87  
467  87  
468  87  
469  87  
470  87  
471  87  
472  87  
473  87  
474  88  
475  88  
476  88  
477  88  
478  88  
479  88  
449  89  
450  89  
451  89  
452  89  
453  89  
454  89  
455  89  
456  89  
457  89  
458  90  
459  90  
460  90  
461  90  
462  90  
463  90  
464  90  
465  90  
466  90  
467  90  
468  90  
469  90  
470  90  
471  90  
472  91  
179  99  
180  100  
180  101  
180  102  
180  103  
180  104  
181  105  
181  106  
181  107  
181  108  
182  109  
182  110  
182  111  
182  112  
182  113  
183  114  
183  115  
183  116  
183  117  
184  118  
184  119  
184  120  
184  121  
184  122  
185  123  
185  124  
185  125  
185  126  
186  127  
186  128  
186  129  
186  130  
186  131  
187  132  
401  124  
401  125  
401  126  
401  127  
401  128  
401  129  
401  130  
401  131  
401  132  
401  133  
401  134  
401  135  
401  136  
400  137  
400  138  
400  139  
400  140  
400  141  
400  142  
400  143  
400  144  
400  145  
400  146  
400  147  
400  148  
399  149  
399  150  
399  151  
399  152  
399  153  
399  154  
399  155  
399  156  
399  157  
190  149  
191  150  
191  151  
191  152  
191  153  
191  154  
192  155  
192  156  
192  157  
192  158  
193  159  
193  160  
193  161  
193  162  
193  163  
194  164  
194  165  
194  166  
194  167  
195  168  
195  169  
195  170  
195  171  
195  172  
196  173  
210  154  
210  155  
210  156  
210  157  
211  158  
211  159  
211  160  
211  161  
211  162  
212  163  
212  164  
212  165  
212  166  
212  167  
213  168  
213  169  
213  170  
213  171  
213  172  
214  173  
214  174  
214  175  
112  156  
113  156  
114  156  
115  156  
116  156  
117  156  
118  156  
119  157  
120  157  
121  157  
122  157  
123  157  
124  157  
125  157  
126  157  
127  157  
128  157  
129  157  
130  157  
131  157  
132  157  
133  158  
113  160  
114  160  
115  160  
116  160  
117  160  
118  161  
119  161  
120  161  
121  161  
122  161  
123  161  
124  161  
125  161  
126  161  
127  161  
128  161  
129  161  
130  161  
131  161  
132  161  
133  161  
276  164  
276  165  
277  166  
277  167  
277  168  
278  169  
278  170  
278  171  
278  172  
279  173  
279  174  
279  175  
279  176  
279  177  
279  178  
279  179  
279  180  
279  181  
279  182  
279  183  
279  184  
279  185  
279  186  
279  187  
279  188  
279  189  
279  190  
278  191  
278  192  
278  193  
283  172  
283  173  
283  174  
283  175  
283  176  
283  177  
283  178  
283  179  
283  180  
283  181  
283  182  
283  183  
283  184  
283  185  
283  186  
283  187  
283  188  
283  189  
283  190  
282  191  
282  192  
282  193  
282  194  
281  195  
281  196  
281  197  
197  181  
198  182  
198  183  
198  184  
198  185  
198  186  
199  187  
199  188  
199  189  
199  190  
200  191  
200  192  
200  193  
200  194  
200  195  
201  196  
201  197  
201  198  
201  199  
202  200  
202  201  
202  202  
202  203  
202  204  
203  205  
203  206  
203  207  
203  208  
204  209  
204  210  
204  211  
204  212  
204  213  
205  214  
417  219  
418  219  
419  219  
420  219  
421  219  
422  219  
423  219  
424  219  
425  219  
426  220  
427  220  
428  220  
429  220  
430  220  
431  220  
432  220  
433  220  
434  221  
435  221  
436  221  
437  221  
438  221  
439  221  
440  221  
441  221  
442  221  
443  221  
444  221  
445  221  
446  222  
447  222  
448  222  
449  222  
450  222  
451  222  
452  222  
453  222  
454  222  
455  222  
456  222  
457  223  
458  223  
459  223  
460  223  
461  223  
462  223  
463  223  
464  224  
465  224  
466  224  
467  224  
468  224  
265  224  
265  225  
265  226  
265  227  
265  228  
265  229  
265  230  
265  231  
265  232  
265  233  
266  234  
266  235  
266  236  
266  237  
266  238  
266  239  
266  240  
266  241  
266  242  
267  243  
267  244  
267  245  
267  246  
267  247  
267  248  
267  249  
267  250  
267  251  
267  252  
268  253  
268  254  
268  255  
268  256  
257  229  
257  230  
258  231  
258  232  
258  233  
258  234  
258  235  
258  236  
258  237  
259  238  
259  239  
259  240  
259  241  
259  242  
259  243  
259  244  
259  245  
260  246  
260  247  
260  248  
383  234  
383  235  
383  236  
383  237  
383  238  
383  239  
383  240  
383  241  
383  242  
383  243  
383  244  
382  245  
382  246  
382  247  
382  248  
382  249  
382  250  
382  251  
382  252  
382  253  
382  254  
382  255  
382  256  
382  257  
382  258  
382  259  
381  260  
381  261  
381  262  
381  263  
381  264  
381  265  
381  266  
381  267  
381  268  
381  269  
381  270  
380  271  
380  272  
380  273  
380  274  
380  275  
380  276  
380  277  
380  278  
380  279  
380  280  
380  281  
379  282  
379  283  
379  284  
379  285  
379  286  
379  287  
379  288  
379  289  
379  290  
379  291  
379  292  
379  293  
379  294  
379  295  
379  296  
379  297  
378  298  
378  299  
378  300  
378  301  
254  237  
254  238  
255  239  
255  240  
255  241  
255  242  
255  243  
255  244  
255  245  
256  246  
256  247  
256  248  
256  249  
256  250  
256  251  
256  252  
257  253  
257  254  
257  255  
257  256  
257  257  
257  258  
257  259  
257  260  
258  261  
258  262  
258  263  
258  264  
258  265  
250  239  
250  240  
250  241  
250  242  
251  243  
251  244  
251  245  
251  246  
251  247  
251  248  
251  249  
252  250  
252  251  
252  252  
252  253  
252  254  
252  255  
252  256  
253  257  
253  258  
253  259  
253  260  
253  261  
253  262  
253  263  
254  264  
254  265  
254  266  
254  267  
254  268  
276  241  
276  242  
276  243  
276  244  
276  245  
276  246  
277  247  
277  248  
277  249  
277  250  
277  251  
277  252  
277  253  
277  254  
277  255  
278  256  
278  257  
278  258  
278  259  
278  260  
174  249  
175  249  
176  249  
177  249  
178  249  
179  249  
180  249  
181  249  
182  249  
183  249  
164  250  
165  250  
166  250  
167  250  
168  250  
169  250  
170  250  
171  250  
172  250  
173  250  
152  251  
153  251  
154  251  
155  251  
156  251  
157  251  
158  251  
159  251  
160  251  
161  251  
162  251  
163  251  
148  252  
149  252  
150  252  
151  252  
392  251  
393  252  
394  252  
395  252  
396  252  
397  252  
398  252  
399  252  
400  252  
401  253  
402  253  
403  253  
404  253  
405  253  
406  253  
407  253  
408  253  
409  253  
410  253  
411  254  
412  254  
413  254  
414  254  
415  254  
416  254  
417  254  
418  254  
419  255  
420  255  
421  255  
422  255  
423  255  
424  255  
425  255  
426  255  
427  255  
428  255  
429  256  
430  256  
431  256  
432  256  
433  256  
434  256  
435  256  
436  256  
437  256  
438  257  
439  257  
440  257  
441  257  
442  257  
443  257  
444  257  
445  257  
446  257  
447  258  
448  258  
449  258  
450  258  
451  258  
452  258  
453  258  
454  258  
455  259  
456  259  
457  259  
458  259  
459  259  
460  260  
261  256  
261  257  
261  258  
261  259  
261  260  
261  261  
262  262  
262  263  
262  264  
262  265  
262  266  
262  267  
262  268  
262  269  
262  270  
262  271  
263  272  
263  273  
263  274  
263  275  
263  276  
263  277  
263  278  
138  260  
139  260  
140  260  
141  260  
142  260  
143  260  
144  260  
145  260  
146  261  
147  261  
148  261  
149  261  
150  261  
151  261  
152  261  
153  261  
154  261  
155  262  
156  262  
157  262  
158  262  
159  262  
160  262  
161  262  
162  262  
163  263  
164  263  
165  263  
166  263  
167  263  
168  263  
169  263  
170  264  
171  264  
172  264  
173  264  
174  264  
269  264  
269  265  
269  266  
269  267  
270  268  
270  269  
270  270  
270  271  
270  272  
270  273  
270  274  
270  275  
271  276  
271  277  
271  278  
271  279  
271  280  
271  281  
271  282  
271  283  
271  284  
272  285  
272  286  
272  287  
272  288  
272  289  
272  290  
272  291  
272  292  
273  293  
273  294  
273  295  
273  296  
273  297  
273  298  
432  265  
433  265  
434  265  
435  265  
436  265  
437  265  
438  265  
439  266  
440  266  
441  266  
442  266  
443  266  
444  266  
445  266  
446  266  
447  267  
448  267  
449  267  
450  267  
451  267  
452  267  
453  267  
454  267  
455  267  
456  268  
457  268  
458  268  
459  268  
460  268  
181  271  
182  271  
183  271  
184  271  
185  271  
186  271  
170  272  
171  272  
172  272  
173  272  
174  272  
175  272  
176  272  
177  272  
178  272  
179  272  
180  272  
159  273  
160  273  
161  273  
162  273  
163  273  
164  273  
165  273  
166  273  
167  273  
168  273  
169  273  
148  274  
149  274  
150  274  
151  274  
152  274  
153  274  
154  274  
155  274  
156  274  
157  274  
158  274  
145  275  
146  275  
147  275  
395  292  
396  292  
397  292  
398  292  
399  292  
400  292  
401  292  
402  292  
403  293  
404  293  
405  293  
406  293  
407  293  
408  293  
409  293  
410  293  
411  293  
412  294  
413  294  
414  294  
415  294  
416  294  
417  294  
418  294  
419  294  
420  295  
421  295  
422  295  
423  295  
424  295  
425  295  
426  295  
427  295  
428  296  
429  296  
430  296  
431  296  
432  296  
433  296  
434  296  
435  296  
436  297  
437  297  
438  297  
439  297  
440  297  
441  297  
442  297  
443  297  
444  297  
445  298  
446  298  
447  298  
448  298  
449  298  
450  298  
451  298  
452  299  
453  299  
454  299  
455  299  
298  295  
299  295  
300  295  
301  295  
302  296  
303  296  
304  296  
305  296  
306  296  
307  296  
308  296  
309  296  
310  297  
311  297  
312  297  
313  297  
314  297  
315  297  
316  297  
317  298  
318  298  
319  298  
320  298  
321  298  
329  299  
330  299  
331  299  
332  299  
333  300  
334  300  
335  300  
336  300  
337  300  
338  300  
339  300  
340  300  
341  301  
342  301  
343  301  
344  301  
345  301  
346  301  
347  301  
348  301  
349  302  
350  302  
351  302  
352  302  
353  302  
354  302  
355  302  
356  303  
357  303  
358  303  
359  303  
360  303  
361  303  
362  303  
363  303  
364  304  
365  304  
366  304  
367  304  
368  304  
369  304  
370  304  
371  304  
372  305  
373  305  
374  305  
428  303  
429  303  
430  303  
431  303  
432  304  
433  304  
434  304  
435  304  
436  304  
437  304  
438  304  
439  305  
440  305  
441  305  
442  305  
443  305  
444  305  
445  305  
446  305  
447  305  
448  306  
449  306  
450  306  
451  306  
452  306  
242  307  
242  308  
243  309  
243  310  
243  311  
243  312  
243  313  
244  314  
244  315  
244  316  
244  317  
244  318  
244  319  
245  320  
245  321  
245  322  
245  323  
245  324  
246  325  
246  326  
246  327  
246  328  
246  329  
246  330  
247  331  
247  332  
247  333  
247  334  
247  335  
248  336  
248  337  
248  338  
248  339  
248  340  
245  308  
245  309  
245  310  
246  311  
246  312  
246  313  
246  314  
246  315  
247  316  
247  317  
247  318  
247  319  
247  320  
247  321  
248  322  
248  323  
248  324  
248  325  
248  326  
248  327  
249  328  
249  329  
249  330  
249  331  
249  332  
250  333  
250  334  
250  335  
250  336  
250  337  
250  338  
251  339  
251  340  
251  341  
251  342  
251  343  
251  344  
252  345  
252  346  
252  347  
252  348  
252  349  
252  350  
253  351  
253  352  
253  353  
253  354  
253  355  
254  356  
254  357  
254  358  
254  359  
254  360  
254  361  
255  362  
255  363  
255  364  
255  365  
255  366  
256  367  
256  368  
256  369  
256  370  
256  371  
256  372  
257  373  
257  374  
257  375  
257  376  
257  377  
257  378  
258  379  
258  380  
258  381  
258  382  
258  383  
259  384  
259  385  
259  386  
259  387  
259  388  
259  389  
260  390  
260  391  
260  392  
260  393  
260  394  
260  395  
261  396  
261  397  
261  398  
261  399  
261  400  
261  401  
262  402  
262  403  
262  404  
262  405  
262  406  
262  407  
263  408  
263  409  
263  410  
263  411  
263  412  
264  413  
264  414  
264  415  
415  310  
416  310  
417  310  
418  310  
419  311  
420  311  
421  311  
422  311  
423  311  
424  311  
425  311  
426  311  
427  312  
428  312  
429  312  
430  312  
431  312  
432  312  
433  313  
434  313  
435  313  
436  313  
437  313  
438  313  
439  313  
440  313  
441  313  
442  314  
443  314  
444  314  
445  314  
207  312  
208  312  
209  312  
210  312  
211  312  
197  313  
198  313  
199  313  
200  313  
201  313  
202  313  
203  313  
204  313  
205  313  
206  313  
189  314  
190  314  
191  314  
192  314  
193  314  
194  314  
195  314  
196  314  
204  316  
205  316  
206  316  
207  316  
208  316  
209  316  
210  316  
211  316  
193  317  
194  317  
195  317  
196  317  
197  317  
198  317  
199  317  
200  317  
201  317  
202  317  
203  317  
185  318  
186  318  
187  318  
188  318  
189  318  
190  318  
191  318  
192  318  
267  319  
268  319  
269  319  
270  319  
271  320  
272  320  
273  320  
274  320  
275  320  
276  320  
277  320  
278  321  
279  321  
280  321  
281  321  
282  321  
283  321  
284  321  
285  321  
286  322  
287  322  
288  322  
289  322  
290  322  
291  322  
292  322  
293  323  
294  323  
295  323  
296  323  
297  323  
298  323  
299  323  
300  324  
301  324  
302  324  
303  324  
304  324  
305  324  
306  324  
307  325  
308  325  
309  325  
310  325  
311  325  
312  325  
313  325  
314  326  
315  326  
316  326  
317  326  
318  326  
319  326  
320  326  
321  326  
322  327  
323  327  
324  327  
287  326  
288  326  
289  326  
290  326  
291  326  
292  326  
293  327  
294  327  
295  327  
296  327  
297  327  
298  327  
299  327  
300  328  
301  328  
302  328  
303  328  
304  328  
305  328  
306  328  
307  329  
308  329  
309  329  
310  329  
332  328  
333  328  
334  328  
335  329  
336  329  
337  329  
338  329  
339  329  
340  329  
341  329  
342  330  
343  330  
344  330  
345  330  
346  330  
347  330  
348  330  
349  331  
350  331  
351  331  
352  331  
353  331  
354  331  
355  331  
356  331  
357  332  
358  332  
359  332  
360  332  
361  332  
362  332  
363  332  
364  333  
365  333  
366  333  
367  333  
368  333  
369  333  
370  333  
371  334  
372  334  
373  334  
374  334  
375  334  
376  334  
377  334  
378  335  
379  335  
380  335  
381  335  
382  335  
383  335  
384  335  
385  336  
386  336  
387  336  
388  336  
389  336  
390  336  
391  336  
392  337  
393  337  
394  337  
395  337  
396  337  
397  337  
398  337  
399  338  
400  338  
401  338  
402  338  
403  338  
404  338  
405  338  
406  338  
407  339  
408  339  
409  339  
410  339  
411  339  
412  339  
413  339  
414  340  
415  340  
416  340  
318  330  
319  330  
320  330  
321  331  
322  331  
323  331  
324  331  
325  331  
326  331  
327  331  
328  332  
329  332  
330  332  
331  332  
332  332  
333  332  
334  332  
335  333  
336  333  
337  333  
338  333  
339  333  
340  333  
341  333  
342  334  
343  334  
344  334  
345  334  
346  334  
347  334  
348  334  
349  335  
350  335  
351  335  
352  335  
353  335  
354  335  
355  335  
356  336  
357  336  
358  336  
359  336  
268  337  
269  337  
270  337  
271  337  
272  338  
273  338  
274  338  
275  338  
276  338  
277  338  
278  338  
279  339  
280  339  
281  339  
282  339  
283  339  
284  339  
285  339  
286  340  
287  340  
288  340  
289  340  
290  340  
291  340  
292  340  
293  340  
294  341  
295  341  
296  341  
297  341  
298  341  
299  341  
300  341  
301  342  
302  342  
303  342  
304  342  
305  342  
306  342  
307  342  
308  343  
309  343  
310  343  
311  343  
312  343  
313  343  
314  343  
315  344  
316  344  
317  344  
318  344  
319  344  
320  344  
321  344  
322  345  
323  345  
324  345  
325  345  
326  345  
327  345  
328  345  
329  346  
330  346  
331  346  
332  346  
333  346  
334  346  
335  346  
336  347  
337  347  
338  347  
339  347  
340  347  
341  347  
342  347  
343  348  
344  348  
345  348  
346  348  
347  348  
348  348  
349  348  
350  349  
351  349  
352  349  
311  339  
312  339  
313  339  
314  339  
315  340  
316  340  
317  340  
318  340  
319  340  
320  340  
321  340  
322  341  
323  341  
324  341  
325  341  
326  341  
327  341  
328  341  
329  342  
330  342  
331  342  
332  342  
333  342  
334  342  
335  342  
336  343  
337  343  
338  343  
339  343  
340  343  
341  343  
342  343  
343  344  
344  344  
345  344  
346  344  
347  344  
348  344  
349  344  
350  345  
351  345  
352  345  
353  345  
354  345  
355  345  
356  346  
357  346  
358  346  
359  346  
360  346  
361  346  
362  346  
363  346  
364  347  
365  347  
366  347  
367  347  
368  347  
369  347  
370  348  
371  348  
372  348  
373  348  
374  348  
375  348  
376  348  
377  349  
378  349  
379  349  
380  349  
381  349  
382  349  
383  349  
384  349  
385  350  
386  350  
387  350  
388  350  
389  350  
390  350  
391  351  
392  351  
393  351  
394  351  
387  340  
388  340  
389  340  
390  340  
391  341  
392  341  
393  341  
394  341  
395  341  
396  341  
397  341  
398  342  
399  342  
400  342  
401  342  
402  342  
403  342  
404  342  
405  343  
406  343  
407  343  
408  343  
409  343  
410  343  
411  343  
412  344  
413  344  
414  344  
415  344  
416  344  
417  344  
418  344  
419  344  
420  345  
421  345  
422  345  
423  345  
424  345  
425  345  
426  345  
427  346  
428  346  
429  346  
430  346  
431  346  
432  346  
433  346  
434  347  
435  347  
436  347  
437  347  
438  347  
439  347  
440  347  
441  348  
442  348  
443  348  
444  348  
445  348  
446  348  
447  348  
448  349  
449  349  
450  349  
451  349  
452  349  
453  349  
454  349  
455  350  
456  350  
457  350  
458  350  
459  350  
460  350  
461  350  
462  350  
463  351  
464  351  
465  351  
466  351  
467  351  
468  351  
469  351  
470  352  
471  352  
472  352  
473  352  
474  352  
424  341  
425  341  
426  341  
427  341  
428  342  
429  342  
430  342  
431  342  
432  342  
433  342  
434  342  
435  343  
436  343  
437  343  
438  343  
439  343  
440  343  
441  343  
442  343  
443  344  
444  344  
445  344  
446  344  
447  344  
448  344  
449  344  
450  345  
451  345  
452  345  
453  345  
280  342  
280  343  
280  344  
280  345  
280  346  
280  347  
281  348  
281  349  
281  350  
281  351  
281  352  
281  353  
281  354  
281  355  
281  356  
281  357  
281  358  
282  359  
282  360  
282  361  
282  362  
282  363  
283  364  
283  365  
283  366  
283  367  
283  368  
283  369  
283  370  
283  371  
283  372  
283  373  
283  374  
284  375  
284  376  
284  377  
284  378  
284  379  
284  380  
284  381  
284  382  
284  383  
285  384  
285  385  
285  386  
285  387  
285  388  
285  389  
285  390  
286  391  
286  392  
286  393  
286  394  
286  395  
286  396  
286  397  
286  398  
286  399  
287  400  
287  401  
287  402  
287  403  
287  404  
287  405  
287  406  
288  407  
288  408  
288  409  
288  410  
288  411  
288  412  
288  413  
288  414  
288  415  
289  416  
289  417  
289  418  
289  419  
289  420  
289  421  
289  422  
289  423  
290  424  
290  425  
290  426  
290  427  
290  428  
290  429  
290  430  
290  431  
291  432  
291  433  
291  434  
291  435  
291  436  
291  437  
291  438  
292  439  
292  440  
292  441  
292  442  
292  443  
292  444  
292  445  
292  446  
292  447  
292  448  
292  449  
292  450  
360  350  
361  350  
362  350  
363  351  
364  351  
365  351  
366  351  
367  351  
368  351  
369  351  
370  352  
371  352  
372  352  
373  352  
374  352  
375  352  
376  352  
377  353  
378  353  
379  353  
380  353  
381  353  
382  353  
383  353  
384  354  
385  354  
386  354  
387  354  
388  354  
389  354  
390  354  
391  355  
392  355  
393  355  
394  355  
395  355  
396  355  
397  355  
398  356  
399  356  
400  356  
401  356  
402  356  
403  356  
404  356  
405  357  
406  357  
407  357  
408  357  
409  357  
410  357  
411  357  
412  358  
413  358  
414  358  
415  358  
416  358  
417  358  
418  358  
419  359  
420  359  
421  359  
422  359  
423  359  
424  359  
425  359  
426  360  
427  360  
428  360  
429  360  
430  360  
431  360  
432  360  
433  361  
434  361  
435  361  
402  352  
403  352  
404  352  
405  353  
406  353  
407  353  
408  353  
409  353  
410  353  
411  353  
412  354  
413  354  
414  354  
415  354  
416  354  
417  354  
418  354  
419  355  
420  355  
421  355  
422  355  
423  355  
424  355  
425  355  
426  356  
427  356  
428  356  
429  356  
430  356  
431  356  
432  356  
433  357  
434  357  
435  357  
436  357  
437  357  
438  357  
439  357  
440  358  
441  358  
442  358  
443  358  
451  359  
452  359  
453  359  
454  360  
455  360  
456  360  
457  360  
458  360  
459  360  
460  360  
461  361  
462  361  
463  361  
464  361  
465  361  
466  361  
467  361  
468  362  
469  362  
470  362  
471  362  
472  362  
473  362  
474  362  
475  363  
476  363  
477  363  
478  363  
479  363  
289  362  
289  363  
289  364  
290  365  
290  366  
290  367  
290  368  
290  369  
290  370  
290  371  
290  372  
290  373  
290  374  
290  375  
290  376  
291  377  
291  378  
291  379  
291  380  
291  381  
291  382  
291  383  
291  384  
292  385  
292  386  
292  387  
292  388  
292  389  
292  390  
292  391  
292  392  
292  393  
292  394  
293  395  
293  396  
293  397  
293  398  
293  399  
293  400  
293  401  
293  402  
293  403  
294  404  
294  405  
294  406  
294  407  
294  408  
294  409  
294  410  
294  411  
295  412  
295  413  
295  414  
295  415  
295  416  
295  417  
295  418  
295  419  
295  420  
295  421  
295  422  
296  423  
296  424  
296  425  
296  426  
296  427  
296  428  
296  429  
296  430  
295  431  
295  432  
295  433  
295  434  
450  363  
451  363  
452  363  
453  363  
454  364  
455  364  
456  364  
457  364  
458  364  
459  364  
460  364  
461  365  
462  365  
463  365  
464  365  
465  365  
466  365  
467  366  
468  366  
469  366  
470  366  
364  366  
365  366  
358  367  
359  367  
360  367  
361  367  
362  367  
363  367  
354  368  
355  368  
356  368  
357  368  
350  369  
351  369  
352  369  
353  369  
346  370  
347  370  
348  370  
349  370  
343  371  
344  371  
345  371  
341  372  
342  372  
406  366  
407  366  
408  366  
409  367  
410  367  
411  367  
412  367  
413  367  
414  367  
415  367  
416  368  
417  368  
418  368  
419  368  
420  368  
421  368  
422  368  
423  368  
424  369  
425  369  
426  369  
427  369  
428  369  
429  369  
430  369  
431  369  
432  370  
433  370  
363  406  
364  406  
365  406  
366  407  
367  407  
368  407  
369  407  
370  407  
371  408  
372  408  
373  408  
374  408  
375  408  
376  408  
377  409  
378  409  
379  409  
380  409  
381  409  
382  409  
383  409  
384  410  
385  410  
386  410  
387  410  
388  410  
389  410  
390  411  
391  411  
392  411  
393  411  
394  411  
395  411  
396  412  
397  412  
398  412  
399  412  
400  412  
401  412  
402  413  
403  413  
404  413  
405  413  
406  413  
407  413  
408  414  
409  414  
410  414  
411  414  
412  414  
413  414  
414  415  
415  415  
363  428  
364  428  
365  428  
366  429  
367  429  
368  429  
369  429  
370  429  
371  429  
372  430  
373  430  
374  430  
375  430  
376  430  
377  431  
378  431  
379  431  
380  431  
381  431  
382  431  
383  432  
384  432  
385  432  
386  432  
387  432  
388  432  
389  433  
390  433  
398  434  
399  434  
400  435  
401  435  
402  435  
403  435  
404  435  
405  435  
406  436  
407  436  
408  436  
409  436  
410  436  
411  436  
412  437  
413  437  
414  437  
415  437  
416  437  
417  437  
418  438  
419  438  
420  438  
421  438  
422  438  
423  438  
424  439  
425  439  
426  439  
427  439  
428  439  
429  439  
430  440  
431  440  
432  440  
380  450  
381  450  
382  450  
383  450  
384  451  
385  451  
386  451  
387  451  
388  451  
389  452  
390  452  
391  452  
392  452  
393  452  
394  452  
395  453  
396  453  
397  453  
398  453  
399  453  
400  453  
401  454  
402  454  
403  454  
404  454  
405  454  
406  454  
407  455  
408  455  
409  455  
410  455  
411  456  
412  456  
413  456  
414  456  
415  456  
416  456  
417  456  
418  456  
419  457  
420  457  
421  457  
422  457  
423  457  
424  457  
425  458  
426  458  
336  468  
337  468  
338  469  
339  469  
340  469  
341  469  
342  469  
343  470  
344  470  
345  470  
346  470  
347  470  
348  470  
349  471  
350  471  
351  471  
352  471  
353  471  
354  472  
355  472  
356  472  
357  472  
358  472  
253  470  
253  471  
253  472  
253  473  
253  474  
254  475  
254  476  
254  477  
254  478  
255  479  
255  480  
255  481  
255  482  
255  483  
256  484  
256  485  
256  486  
256  487  
257  488  
257  489  
257  490  
257  491  
258  492  
258  493  
258  494  
303  470  
304  470  
305  470  
306  470  
307  470  
308  471  
309  471  
310  471  
311  471  
312  471  
313  471  
314  472  
315  472  
316  472  
317  472  
318  472  
319  472  
320  473  
321  473  
322  473  
323  473  
324  473  
325  474  
326  474  
327  474  
328  474  
329  474  
296  471  
297  472  
298  472  
299  472  
300  472  
301  473  
302  473  
303  473  
304  473  
305  473  
306  474  
307  474  
308  474  
309  474  
310  474  
311  474  
312  475  
313  475  
314  475  
315  475  
316  475  
317  476  
318  476  
319  476  
320  476  
321  476  
322  476  
323  477  
324  477  
325  477  
326  477  
327  477  
328  478  
331  471  
332  471  
333  471  
334  471  
335  471  
336  472  
337  472  
338  472  
339  472  
340  472  
341  473  
342  473  
343  473  
344  473  
345  473  
346  473  
347  474  
348  474  
349  474  
350  474  
351  474  
352  475  
353  475  
360  473  
361  473  
362  473  
363  473  
364  473  
365  474  
366  474  
367  474  
368  474  
369  474  
370  475  
371  475  
372  475  
373  475  
374  475  
375  475  
376  476  
377  476  
378  476  
379  476  
380  476  
381  477  
382  477  
383  477  
384  477  
385  477  
386  477  
387  478  
388  478  
389  478  
390  478  
391  478  
392  479  
393  479  
361  476  
362  476  
363  477  
364  477  
365  477  
366  477  
367  477  
368  478  
369  478  
370  478  
371  478  
372  478  
373  478  
374  479  
375  479  
376  479  
377  479  
378  479  
379  480  
380  480  
381  480  
382  480  
383  480  
384  480  
385  481  
386  481  
387  481  
388  481  
389  481  
390  482  
391  482  
365  482  
366  483  
367  483  
368  483  
369  483  
370  483  
371  483  
372  484  
373  484  
374  484  
375  484  
376  484  
377  485  
378  485  
379  485  
380  485  
381  485  
382  486  
383  486  
384  486  
385  486  
386  486  
387  486  
388  487  
389  487  
390  487  
391  487  
392  487  
393  487  
394  488  
277  488  
277  489  
278  490  
278  491  
278  492  
278  493  
278  494  
279  495  
279  496  
279  497  
279  498  
280  499  
280  500  
280  501  
280  502  
280  503  
280  504  
280  505  
280  506  
280  507  
310  488  
311  488  
312  488  
313  489  
314  489  
315  489  
316  489  
317  490  
318  490  
319  490  
320  490  
321  490  
322  490  
323  491  
324  491  
325  491  
326  491  
327  491  
328  492  
329  492  
402  489  
403  489  
404  489  
405  489  
406  489  
407  489  
408  490  
409  490  
410  490  
411  490  
412  490  
413  490  
414  491  
415  491  
416  491  
417  491  
418  491  
419  491  
420  492  
421  492  
347  495  
348  495  
349  496  
350  496  
351  496  
352  496  
353  496  
354  497  
355  497  
356  497  
357  497  
358  497  
359  498  
360  498  
361  498  
362  498  
363  498  
364  499  
365  499  
366  499  
367  499  
368  499  
369  499  
370  500  
364  520  
365  520  
366  521  
367  521  
368  521  
369  521  
370  521  
371  522  
372  522  
373  522  
374  522  
375  522  
376  523  
377  523  
378  523  
379  523  
380  523  
381  524  
382  524  
383  524  
384  524  
385  524  
386  525  
387  525  
388  525  
389  525  
390  525  
391  526  
392  526  
393  526  
394  526  
395  526  
396  527  
397  527  
398  527  
399  527  
400  527  
401  528  
402  528  
283  521  
283  522  
284  523  
284  524  
284  525  
284  526  
284  527  
285  528  
285  529  
285  530  
285  531  
285  532  
285  533  
286  534  
286  535  
286  536  
286  537  
286  538  
287  539  
287  540  
287  541  
287  542  
287  543  
288  544  
288  545  
288  546  
288  547  
288  548  
289  549  
289  550  
289  551  
289  552  
289  553  
290  554  
290  555  
290  556  
290  557  
291  558  
291  559  
291  560  
291  561  
291  562  
291  563  
292  564  
342  522  
343  523  
344  523  
345  523  
346  523  
347  523  
348  524  
349  524  
350  524  
351  524  
352  524  
353  525  
354  525  
355  525  
356  525  
357  525  
358  526  
359  526  
360  526  
361  526  
362  526  
363  527  
364  527  
365  527  
366  527  
367  527  
368  528  
369  528  
370  528  
371  528  
372  528  
373  529  
374  529  
326  524  
326  525  
326  526  
325  527  
325  528  
325  529  
325  530  
325  531  
325  532  
324  533  
324  534  
324  535  
324  536  
324  537  
324  538  
323  539  
323  540  
323  541  
323  542  
323  543  
322  544  
322  545  
322  546  
322  547  
322  548  
322  549  
321  550  
321  551  
382  530  
383  531  
384  531  
385  531  
386  531  
387  531  
388  531  
389  532  
390  532  
391  532  
392  532  
393  532  
394  533  
395  533  
396  533  
397  533  
398  533  
399  534  
400  534  
401  534  
420  531  
421  531  
422  532  
423  532  
424  532  
425  532  
426  532  
427  533  
428  533  
429  533  
430  533  
431  533  
432  533  
433  534  
434  534  
435  534  
436  534  
437  534  
439  534  
438  535  
310  546  
310  547  
310  548  
310  549  
310  550  
310  551  
310  552  
311  553  
311  554  
311  555  
311  556  
311  557  
311  558  
311  559  
311  560  
311  561  
311  562  
312  563  
312  564  
312  565  
312  566  
312  567  
362  582  
363  582  
364  583  
365  583  
366  583  
367  583  
368  584  
369  584  
370  584  
371  584  
372  584  
373  585  
374  585  
375  585  
376  585  
377  585  
378  586  
379  586  
380  586  
381  586  
382  586  
256  589  
257  589  
258  589  
259  590  
260  590  
261  590  
262  590  
263  591  
264  591  
265  591  
266  591  
267  591  
268  592  
269  592  
270  592  
271  592  
272  593  
273  593  
274  593  
275  593  
276  593  
277  594  
278  594  
279  594  
280  594  
281  595  
282  595  
283  595  
284  595  
285  596  
286  596  
287  596  
314  595  
315  595  
316  596  
317  596  
318  596  
319  596  
320  596  
321  596  
322  597  
323  597  
324  597  
325  597  
326  597  
327  598  
328  598  
329  598  
330  598  
331  599  
332  599  
333  599  
334  599  
335  599  
336  600  
269  598  
270  599  
271  599  
272  599  
273  599  
274  600  
275  600  
276  600  
277  600  
278  601  
279  601  
280  601  
281  601  
282  601  
283  602  
284  602  
285  602  
286  602  
287  603  
288  603  
289  603  
290  603  
291  603  
361  599  
362  600  
363  600  
364  600  
365  600  
366  600  
367  601  
368  601  
369  601  
370  601  
371  601  
372  602  
373  602  
374  602  
375  602  
376  603  
377  603  
378  603  
379  603  
380  603  
381  604  
382  604  
383  604  
384  604  
385  604  
386  605  
394  631  
395  631  
396  631  
397  631  
398  631  
399  631  
400  632  
401  632  
402  632  
403  632  
404  633  
405  633  
406  633  
407  633  
408  633  
409  634  
410  634  
411  634  
412  634  
413  635  
414  635  
415  635  
416  635  
417  635  
418  636  
419  636  
420  636  
421  636  
422  637  
423  637  
424  637  
425  637  
426  637  
427  637  
428  638  
429  638  
430  638  
431  638  
432  639  
433  639  
434  639  
435  639  
436  639  
437  639  
438  639  
439  639  
