86  2  
87  2  
88  2  
89  2  
90  2  
91  2  
92  2  
93  2  
94  2  
95  2  
96  2  
97  2  
98  2  
99  2  
100  2  
101  2  
102  2  
103  2  
104  2  
105  2  
106  2  
107  2  
108  2  
109  2  
110  2  
111  2  
72  3  
73  3  
74  3  
75  3  
76  3  
77  3  
78  3  
79  3  
80  3  
81  3  
82  3  
83  3  
84  3  
85  3  
68  4  
69  4  
70  4  
71  4  
183  2  
184  2  
185  2  
186  2  
187  2  
188  2  
189  2  
190  2  
191  2  
192  2  
193  2  
194  2  
195  2  
196  2  
197  2  
198  2  
199  2  
200  2  
201  2  
202  2  
94  5  
95  5  
96  5  
97  5  
98  5  
99  5  
100  5  
101  5  
102  5  
103  5  
104  5  
105  5  
106  5  
107  5  
108  5  
109  5  
110  5  
111  5  
112  5  
113  5  
114  5  
115  5  
116  5  
117  5  
118  5  
119  5  
120  5  
121  5  
122  5  
123  5  
124  5  
125  5  
126  6  
127  6  
128  6  
129  6  
130  6  
131  6  
132  6  
133  6  
134  6  
135  6  
136  6  
137  6  
138  6  
139  6  
140  6  
141  6  
142  6  
143  6  
144  6  
145  6  
146  6  
147  6  
148  6  
149  6  
150  6  
151  6  
152  6  
153  6  
154  7  
155  7  
156  7  
157  7  
158  7  
159  7  
160  7  
161  7  
162  7  
163  7  
164  7  
165  7  
166  7  
167  7  
168  7  
169  7  
170  7  
171  7  
172  7  
176  7  
177  7  
178  7  
179  7  
180  7  
181  7  
173  8  
174  8  
175  8  
182  8  
183  8  
184  8  
185  8  
186  8  
187  8  
188  8  
189  8  
190  8  
191  8  
192  8  
193  8  
194  8  
195  8  
196  8  
197  8  
198  8  
199  8  
200  8  
201  8  
202  8  
203  8  
204  8  
205  8  
64  16  
65  16  
66  16  
67  16  
68  16  
69  16  
70  16  
71  16  
72  16  
73  16  
74  16  
75  16  
76  16  
77  16  
78  16  
79  16  
80  16  
81  16  
82  16  
83  16  
84  17  
85  17  
86  17  
87  17  
88  17  
89  17  
90  17  
91  17  
92  17  
93  17  
94  17  
95  17  
96  17  
97  17  
98  17  
99  17  
100  17  
101  17  
102  17  
103  17  
104  17  
105  17  
106  17  
107  17  
108  17  
109  17  
110  17  
111  17  
112  18  
113  18  
114  18  
115  18  
116  18  
117  18  
118  18  
119  18  
120  18  
121  18  
122  18  
123  18  
124  18  
125  18  
126  18  
127  18  
128  18  
129  18  
130  18  
131  18  
132  18  
133  18  
134  18  
135  18  
136  18  
137  18  
138  18  
139  18  
140  18  
141  19  
142  19  
143  19  
144  19  
145  19  
146  19  
147  19  
148  19  
149  19  
150  19  
151  19  
152  19  
153  19  
154  19  
155  19  
156  19  
157  19  
158  19  
159  19  
160  19  
161  20  
162  20  
163  20  
164  20  
165  20  
166  20  
167  20  
168  20  
169  20  
170  20  
171  20  
172  20  
173  20  
174  20  
175  20  
176  20  
177  20  
178  20  
179  20  
180  20  
181  20  
182  20  
183  20  
184  20  
185  20  
186  20  
187  20  
188  20  
189  20  
190  20  
191  20  
192  20  
193  20  
194  20  
195  20  
196  20  
197  20  
198  20  
199  20  
200  20  
201  20  
202  20  
203  20  
214  20  
204  21  
205  21  
206  21  
207  21  
208  21  
209  21  
210  21  
211  21  
212  21  
213  21  
220  21  
221  21  
222  21  
223  21  
224  21  
225  21  
226  21  
227  21  
228  21  
229  21  
230  21  
231  21  
232  21  
233  21  
234  21  
235  21  
236  21  
237  21  
238  22  
239  22  
240  22  
241  22  
242  22  
243  22  
244  22  
245  22  
246  22  
247  23  
248  23  
122  32  
123  32  
124  32  
125  33  
126  33  
127  33  
128  33  
129  33  
130  33  
131  33  
132  33  
133  33  
134  33  
135  33  
136  33  
137  33  
138  33  
139  33  
140  33  
141  33  
142  33  
143  33  
144  33  
145  33  
146  33  
149  33  
150  33  
151  33  
147  34  
148  34  
152  34  
153  34  
154  34  
155  34  
156  34  
210  35  
211  35  
212  35  
213  35  
214  36  
215  36  
216  36  
217  36  
218  36  
219  36  
220  36  
221  36  
222  36  
223  36  
224  36  
225  36  
226  36  
227  36  
228  36  
229  36  
230  36  
231  36  
232  36  
233  36  
234  36  
235  36  
236  36  
237  36  
238  36  
239  36  
240  36  
241  36  
242  36  
243  36  
244  36  
245  36  
246  36  
247  37  
248  37  
249  37  
250  37  
251  37  
252  37  
253  37  
254  37  
255  37  
256  37  
257  37  
258  37  
328  61  
329  61  
330  61  
331  61  
332  61  
333  61  
334  61  
335  61  
336  61  
337  61  
338  61  
339  61  
340  61  
341  62  
342  62  
343  62  
344  62  
345  62  
346  62  
347  62  
348  62  
234  92  
235  92  
236  92  
237  92  
238  92  
239  92  
240  92  
241  92  
242  92  
243  92  
244  92  
245  92  
246  92  
247  93  
248  93  
249  93  
250  93  
251  93  
252  93  
253  93  
152  95  
152  96  
153  97  
153  98  
153  99  
154  100  
154  101  
154  102  
154  103  
155  104  
155  105  
155  106  
155  107  
155  108  
155  109  
155  110  
155  111  
154  112  
154  113  
154  114  
154  115  
154  116  
154  117  
153  118  
153  119  
153  120  
152  121  
306  133  
307  133  
308  133  
309  133  
310  133  
311  133  
312  133  
313  134  
314  134  
315  134  
316  134  
317  134  
318  134  
319  134  
320  134  
321  134  
322  134  
323  134  
324  135  
325  135  
326  135  
327  135  
328  135  
329  135  
330  135  
331  135  
332  135  
233  163  
234  163  
235  163  
236  164  
237  164  
238  164  
239  164  
240  164  
241  164  
242  164  
243  164  
244  164  
245  164  
246  164  
247  164  
248  164  
249  164  
250  164  
251  165  
252  165  
285  167  
286  167  
287  167  
288  167  
289  167  
290  167  
291  167  
292  167  
293  167  
294  167  
295  167  
296  167  
297  167  
298  168  
299  168  
300  168  
301  168  
302  168  
303  168  
304  168  
305  168  
306  168  
307  168  
308  168  
309  168  
310  169  
311  169  
217  180  
218  180  
219  180  
214  181  
215  181  
216  181  
220  181  
221  181  
222  181  
223  181  
224  181  
225  181  
226  181  
227  181  
228  181  
229  181  
230  181  
231  181  
232  181  
233  181  
234  181  
235  181  
236  181  
237  182  
238  182  
239  182  
240  182  
241  182  
242  182  
243  182  
244  182  
245  182  
246  182  
247  182  
248  182  
249  182  
250  182  
251  182  
252  182  
253  182  
254  183  
255  183  
256  183  
257  183  
258  183  
259  183  
260  183  
268  184  
269  184  
270  184  
271  184  
272  184  
273  184  
274  184  
275  184  
276  184  
277  184  
278  184  
279  184  
280  185  
281  185  
282  185  
283  185  
284  185  
285  185  
286  185  
287  185  
288  185  
289  185  
290  185  
291  185  
292  185  
293  185  
294  185  
295  186  
296  186  
297  186  
298  186  
299  186  
300  186  
301  186  
302  186  
303  186  
304  186  
305  186  
306  186  
307  186  
308  186  
309  186  
310  186  
311  187  
312  187  
313  187  
314  187  
315  187  
316  187  
317  187  
318  187  
319  187  
229  198  
230  198  
231  198  
232  198  
233  198  
234  198  
235  198  
236  198  
237  198  
238  198  
239  198  
240  198  
241  199  
242  199  
243  199  
244  199  
245  199  
246  199  
247  199  
248  199  
249  199  
250  199  
251  199  
252  199  
253  199  
254  199  
255  199  
256  200  
257  200  
258  200  
259  200  
260  200  
261  200  
262  200  
263  200  
264  200  
265  200  
266  200  
267  200  
268  200  
269  200  
270  201  
271  201  
272  201  
273  201  
274  201  
275  201  
276  201  
277  201  
278  201  
279  201  
280  201  
281  201  
282  201  
283  201  
284  201  
285  202  
286  202  
287  202  
288  202  
289  202  
290  202  
291  202  
292  202  
293  202  
294  202  
201  199  
202  199  
203  199  
204  199  
205  199  
206  199  
207  199  
208  200  
209  200  
210  200  
211  200  
212  200  
213  200  
214  200  
215  200  
216  200  
217  200  
218  200  
219  200  
220  201  
221  201  
222  201  
223  201  
224  201  
225  201  
226  201  
227  201  
228  201  
229  201  
230  201  
231  201  
232  201  
233  201  
234  201  
235  202  
236  202  
237  202  
238  202  
239  202  
240  202  
241  202  
242  202  
243  202  
244  202  
245  202  
246  202  
247  202  
248  202  
249  202  
250  203  
251  203  
252  203  
253  203  
254  203  
255  203  
256  203  
257  203  
258  203  
259  203  
260  203  
197  203  
198  203  
199  203  
200  203  
201  203  
202  204  
203  204  
204  204  
205  204  
206  204  
207  204  
208  204  
209  204  
210  204  
211  205  
212  205  
213  205  
214  205  
215  205  
216  205  
217  205  
218  205  
219  205  
220  205  
221  205  
222  205  
223  205  
224  205  
225  205  
226  205  
227  205  
228  205  
229  205  
230  205  
231  205  
232  205  
233  205  
234  206  
235  206  
236  206  
237  206  
238  206  
239  206  
240  206  
241  206  
242  206  
243  206  
244  206  
245  206  
246  206  
247  206  
248  207  
249  207  
250  207  
251  207  
252  207  
253  207  
254  207  
255  207  
256  207  
257  207  
258  207  
261  207  
259  208  
260  208  
262  208  
263  208  
264  208  
265  208  
266  208  
267  208  
268  208  
269  208  
270  208  
271  208  
272  208  
273  208  
274  208  
275  208  
268  204  
269  204  
270  204  
271  204  
272  204  
273  204  
274  204  
275  204  
276  204  
277  204  
278  204  
279  204  
280  204  
281  205  
282  205  
283  205  
284  205  
285  205  
286  205  
287  205  
288  205  
289  205  
290  205  
291  205  
292  205  
293  205  
294  205  
295  205  
296  206  
297  206  
298  206  
299  206  
300  206  
301  206  
302  206  
303  206  
304  206  
305  206  
306  206  
307  206  
308  206  
309  206  
310  206  
311  207  
312  207  
313  207  
314  207  
315  207  
316  207  
317  207  
318  207  
319  207  
320  207  
321  207  
322  207  
323  207  
324  207  
325  207  
326  207  
327  208  
328  208  
329  208  
330  208  
331  208  
332  208  
333  208  
334  208  
335  208  
336  209  
336  210  
195  213  
196  213  
197  213  
198  213  
199  214  
200  214  
201  214  
202  214  
203  214  
204  214  
205  214  
206  214  
207  214  
208  214  
209  214  
210  214  
211  214  
212  214  
213  215  
214  215  
215  215  
216  215  
217  215  
218  215  
219  215  
220  215  
221  215  
222  215  
223  215  
224  215  
225  215  
226  215  
227  215  
228  215  
229  216  
230  216  
231  216  
232  216  
233  216  
234  216  
235  216  
236  216  
237  216  
238  216  
239  216  
240  216  
194  216  
195  216  
196  216  
197  216  
198  216  
199  216  
200  217  
201  217  
202  217  
203  217  
204  217  
205  217  
206  217  
207  217  
208  217  
209  217  
210  217  
211  217  
212  217  
213  217  
214  218  
215  218  
216  218  
217  218  
218  218  
219  218  
220  218  
221  218  
222  218  
223  218  
224  218  
225  218  
226  218  
227  218  
228  219  
229  219  
230  219  
231  219  
232  219  
233  219  
234  219  
235  219  
236  219  
237  219  
244  217  
245  217  
246  217  
247  217  
248  217  
249  217  
250  217  
251  217  
252  217  
253  218  
254  218  
255  218  
256  218  
257  218  
258  218  
259  218  
260  218  
261  218  
262  218  
263  218  
264  218  
265  218  
266  218  
267  218  
268  218  
269  219  
270  219  
271  219  
272  219  
273  219  
274  219  
275  219  
276  219  
277  219  
278  219  
279  219  
280  219  
281  219  
282  220  
283  220  
284  220  
285  220  
286  220  
287  220  
288  220  
289  220  
290  220  
291  220  
292  220  
191  219  
192  219  
193  219  
194  219  
195  219  
196  219  
197  219  
198  219  
199  219  
200  219  
201  219  
202  219  
203  219  
204  219  
205  219  
206  219  
207  220  
208  220  
209  220  
210  220  
211  220  
212  220  
213  220  
214  220  
215  220  
216  220  
217  220  
218  220  
219  221  
220  221  
221  221  
222  221  
223  221  
224  221  
225  221  
226  221  
227  221  
228  221  
229  221  
230  221  
231  221  
232  222  
233  222  
234  222  
235  222  
236  222  
237  222  
238  222  
187  221  
188  221  
189  221  
190  221  
191  221  
192  222  
193  222  
194  222  
195  222  
196  222  
197  222  
198  222  
199  222  
200  222  
201  222  
202  222  
203  222  
204  222  
205  222  
206  222  
207  223  
208  223  
209  223  
210  223  
211  223  
212  223  
213  223  
214  223  
215  223  
216  223  
217  223  
218  223  
219  223  
220  223  
221  224  
222  224  
223  224  
224  224  
225  224  
226  224  
227  224  
228  224  
229  224  
230  224  
231  224  
232  224  
233  224  
234  225  
235  225  
236  225  
237  225  
238  225  
239  225  
240  225  
241  225  
242  225  
257  221  
258  221  
259  221  
260  221  
261  221  
262  221  
263  221  
264  221  
265  221  
266  221  
267  221  
268  221  
269  221  
270  221  
271  222  
272  222  
273  222  
274  222  
275  222  
276  222  
277  222  
278  222  
279  222  
280  222  
281  222  
282  222  
283  222  
284  222  
285  222  
286  223  
287  223  
288  223  
289  223  
290  223  
291  223  
292  223  
293  223  
300  221  
301  221  
302  221  
303  221  
304  221  
305  221  
306  221  
307  221  
308  221  
309  221  
310  222  
311  222  
312  222  
313  222  
314  222  
315  222  
316  222  
317  222  
318  222  
319  222  
320  222  
321  222  
322  222  
323  222  
324  223  
325  223  
326  223  
327  223  
328  223  
329  223  
330  223  
331  223  
332  223  
333  223  
334  224  
335  224  
336  224  
337  224  
338  224  
339  224  
340  224  
341  224  
342  224  
343  224  
344  224  
345  224  
346  224  
347  224  
348  224  
349  224  
350  224  
354  221  
355  221  
356  221  
357  221  
358  221  
359  221  
363  221  
364  221  
365  221  
366  221  
367  221  
368  221  
371  221  
372  221  
373  221  
374  221  
360  222  
361  222  
362  222  
369  222  
370  222  
375  222  
376  223  
377  223  
378  223  
379  223  
380  223  
381  223  
382  223  
383  223  
384  224  
249  223  
250  223  
251  223  
252  223  
253  223  
254  223  
255  223  
256  223  
257  223  
258  223  
259  223  
260  223  
261  224  
262  224  
263  224  
264  224  
265  224  
266  224  
267  224  
268  224  
269  224  
270  224  
271  224  
272  224  
273  224  
274  225  
275  225  
276  225  
277  225  
278  225  
279  225  
280  225  
281  225  
282  225  
283  225  
284  225  
285  225  
286  225  
287  225  
288  225  
289  225  
290  226  
291  226  
292  226  
293  226  
294  226  
295  226  
296  226  
297  226  
298  226  
299  226  
300  226  
301  226  
302  227  
303  227  
304  227  
305  227  
306  227  
307  227  
308  227  
309  227  
310  227  
311  227  
312  227  
313  228  
314  228  
315  228  
316  228  
317  228  
318  228  
319  228  
320  228  
321  228  
322  228  
323  228  
324  228  
325  228  
326  228  
327  228  
328  228  
329  228  
330  229  
331  229  
332  229  
333  229  
334  229  
335  229  
336  229  
337  229  
338  229  
339  229  
340  229  
341  229  
342  229  
343  229  
344  230  
345  230  
346  230  
347  230  
348  230  
349  230  
350  230  
351  230  
352  230  
353  230  
354  230  
355  230  
356  230  
357  230  
358  231  
359  231  
360  231  
361  231  
362  231  
363  231  
364  231  
365  231  
366  231  
367  231  
368  231  
369  231  
370  231  
371  232  
372  232  
373  232  
374  232  
375  232  
376  232  
377  232  
378  232  
379  232  
380  232  
381  232  
382  232  
383  232  
384  232  
385  232  
386  232  
387  233  
388  233  
389  233  
185  224  
186  224  
187  224  
188  224  
189  224  
190  224  
191  224  
192  224  
193  224  
194  224  
195  225  
196  225  
197  225  
198  225  
199  225  
200  225  
201  225  
202  225  
203  225  
204  225  
205  225  
206  225  
207  225  
208  225  
209  226  
210  226  
211  226  
212  226  
213  226  
214  226  
215  226  
216  226  
217  226  
218  226  
219  226  
220  226  
221  226  
222  227  
223  227  
224  227  
225  227  
226  227  
227  227  
228  227  
229  227  
230  227  
231  227  
232  227  
233  227  
234  227  
235  228  
236  228  
237  228  
238  228  
239  228  
240  228  
241  228  
242  228  
243  228  
299  224  
300  224  
301  224  
302  224  
303  224  
304  224  
305  224  
306  224  
307  224  
308  224  
309  224  
310  224  
311  225  
312  225  
313  225  
314  225  
315  225  
316  225  
317  225  
318  225  
319  225  
320  225  
321  225  
322  225  
323  225  
324  225  
325  225  
326  226  
327  226  
328  226  
329  226  
330  226  
331  226  
332  226  
333  226  
334  226  
335  226  
336  226  
337  226  
338  226  
339  226  
340  226  
341  227  
342  227  
343  227  
344  227  
345  227  
346  227  
347  227  
348  227  
349  227  
350  227  
351  227  
352  227  
353  227  
354  228  
355  228  
356  228  
357  228  
358  228  
359  228  
360  228  
361  228  
362  228  
363  228  
364  228  
365  228  
355  225  
356  225  
357  225  
358  225  
359  225  
360  225  
361  225  
362  225  
363  225  
364  225  
365  225  
366  226  
367  226  
368  226  
369  226  
370  226  
371  226  
372  226  
373  226  
374  226  
375  226  
376  226  
377  226  
378  226  
379  226  
380  226  
381  227  
382  227  
383  227  
384  227  
385  227  
386  227  
250  226  
251  226  
252  226  
253  226  
254  226  
255  226  
256  226  
257  226  
258  226  
259  226  
260  227  
261  227  
262  227  
263  227  
264  227  
265  227  
266  227  
267  227  
268  227  
269  227  
270  227  
271  227  
272  227  
273  227  
274  227  
275  228  
276  228  
277  228  
278  228  
279  228  
280  228  
281  228  
282  228  
283  228  
284  228  
285  228  
286  229  
287  229  
288  229  
289  229  
290  229  
291  229  
292  229  
293  229  
294  229  
295  229  
296  229  
297  229  
298  229  
299  229  
300  230  
301  230  
302  230  
303  230  
304  230  
305  230  
306  230  
307  230  
308  230  
309  230  
310  230  
311  230  
312  230  
313  230  
314  231  
315  231  
316  231  
317  231  
318  231  
319  231  
320  231  
321  231  
322  231  
323  231  
324  231  
325  231  
326  231  
327  231  
328  231  
329  231  
330  232  
331  232  
332  232  
333  232  
334  232  
335  232  
336  232  
337  232  
338  232  
339  232  
340  232  
341  232  
342  232  
343  233  
344  233  
345  233  
346  233  
347  233  
348  233  
349  233  
350  233  
351  233  
352  233  
353  233  
354  233  
355  233  
356  233  
357  234  
358  234  
359  234  
360  234  
361  234  
362  234  
363  234  
364  234  
365  234  
366  234  
367  234  
368  234  
369  234  
370  234  
371  235  
372  235  
373  235  
374  235  
375  235  
376  235  
377  235  
378  235  
379  235  
380  235  
248  229  
249  229  
250  229  
251  229  
252  229  
253  229  
254  229  
255  229  
256  229  
257  229  
258  229  
259  230  
260  230  
261  230  
262  230  
263  230  
264  230  
265  230  
266  230  
267  230  
268  230  
269  230  
270  230  
271  230  
272  230  
273  230  
274  230  
275  230  
276  230  
277  230  
278  230  
279  231  
280  231  
281  231  
282  231  
283  231  
284  231  
285  231  
286  231  
287  232  
288  232  
289  232  
290  232  
291  232  
292  232  
293  232  
294  232  
295  232  
296  232  
297  232  
298  232  
299  232  
300  232  
301  232  
302  233  
303  233  
304  233  
305  233  
306  233  
307  233  
308  233  
309  233  
310  233  
311  233  
312  233  
313  233  
314  233  
315  233  
316  233  
317  233  
318  234  
319  234  
320  234  
321  234  
322  234  
323  234  
324  234  
325  234  
326  234  
327  234  
328  234  
329  234  
330  234  
331  234  
332  235  
333  235  
334  235  
335  235  
336  235  
337  235  
338  235  
339  235  
340  235  
341  235  
342  235  
343  235  
344  235  
345  236  
346  236  
347  236  
348  236  
349  236  
350  236  
351  236  
352  236  
353  236  
354  236  
355  236  
356  236  
357  236  
358  236  
359  236  
360  237  
361  237  
362  237  
363  237  
364  237  
365  237  
366  237  
367  237  
368  237  
369  237  
370  237  
371  237  
372  238  
373  238  
374  238  
375  238  
376  238  
377  238  
378  238  
379  238  
380  238  
381  238  
167  238  
168  238  
169  238  
170  238  
171  238  
154  239  
155  239  
156  239  
157  239  
158  239  
159  239  
160  239  
161  239  
162  239  
165  239  
166  239  
172  239  
173  239  
174  239  
175  239  
176  239  
177  239  
178  239  
179  239  
180  239  
181  239  
182  239  
163  240  
164  240  
183  240  
184  240  
185  240  
186  240  
232  243  
233  243  
234  243  
235  243  
236  243  
238  243  
239  243  
240  243  
237  244  
241  244  
242  244  
243  244  
244  244  
245  244  
246  244  
247  244  
248  244  
249  244  
250  244  
251  244  
252  244  
253  244  
254  244  
255  245  
256  245  
257  245  
258  246  
259  246  
260  246  
261  246  
262  246  
321  251  
322  251  
323  251  
324  251  
325  251  
326  251  
327  251  
328  251  
329  251  
330  251  
331  251  
332  251  
333  251  
339  251  
340  251  
341  251  
334  252  
335  252  
336  252  
337  252  
338  252  
342  252  
343  252  
344  252  
345  252  
346  252  
347  252  
348  252  
349  252  
350  252  
351  252  
352  252  
353  252  
354  252  
355  252  
229  253  
230  253  
231  253  
232  253  
233  253  
234  253  
235  253  
236  254  
237  254  
238  254  
239  254  
240  254  
241  254  
242  254  
243  254  
244  254  
245  254  
246  254  
247  254  
248  254  
375  255  
376  255  
377  255  
378  255  
379  255  
380  255  
381  255  
382  255  
383  255  
384  255  
385  255  
386  255  
387  255  
388  255  
389  255  
390  255  
391  256  
392  256  
393  256  
394  256  
395  256  
396  256  
397  256  
398  256  
399  256  
400  257  
401  257  
419  271  
420  271  
421  272  
422  272  
423  272  
424  272  
425  272  
426  273  
427  273  
428  273  
429  273  
430  273  
438  273  
439  273  
431  274  
432  274  
433  274  
434  274  
435  274  
436  274  
437  274  
342  275  
343  276  
344  276  
345  276  
346  277  
347  277  
348  277  
349  277  
350  277  
351  277  
352  277  
353  277  
354  277  
355  277  
356  277  
357  277  
358  277  
359  277  
360  278  
361  278  
362  278  
363  278  
459  277  
460  277  
461  277  
462  277  
463  277  
464  277  
465  277  
466  278  
467  278  
468  278  
469  278  
470  278  
471  278  
472  278  
473  278  
474  278  
475  278  
476  278  
477  279  
478  279  
479  279  
275  286  
275  287  
276  288  
276  289  
276  290  
276  291  
276  292  
276  293  
276  294  
276  295  
276  296  
276  297  
276  298  
276  299  
276  300  
276  301  
276  302  
276  303  
276  304  
276  305  
276  306  
275  307  
350  287  
351  287  
352  287  
353  287  
342  288  
343  288  
344  288  
345  288  
346  288  
347  288  
348  288  
349  288  
354  288  
355  288  
356  288  
357  288  
338  289  
339  289  
340  289  
341  289  
333  290  
334  290  
335  290  
336  290  
337  290  
326  291  
327  291  
328  291  
329  291  
330  291  
331  291  
332  291  
322  292  
323  292  
324  292  
325  292  
249  342  
250  342  
251  342  
252  342  
253  342  
246  343  
247  343  
248  343  
244  344  
245  344  
233  345  
234  345  
235  345  
236  345  
237  345  
238  345  
239  345  
240  345  
241  345  
242  345  
243  345  
336  344  
337  344  
338  344  
339  344  
340  344  
341  344  
342  344  
343  344  
344  344  
345  345  
346  345  
347  345  
348  345  
349  345  
350  345  
351  345  
352  345  
353  345  
354  345  
355  346  
356  346  
357  346  
358  346  
359  346  
360  346  
361  346  
362  346  
363  346  
364  346  
365  346  
366  347  
367  347  
368  347  
369  347  
370  347  
371  347  
372  347  
373  347  
374  347  
375  347  
376  348  
377  348  
378  348  
379  348  
380  348  
381  348  
382  348  
383  348  
384  348  
385  348  
386  348  
387  348  
388  348  
389  349  
390  349  
391  349  
392  349  
393  349  
394  349  
395  349  
396  349  
397  349  
398  350  
399  350  
400  350  
401  350  
402  350  
403  350  
404  350  
405  351  
406  351  
407  351  
408  351  
409  351  
410  351  
331  349  
332  349  
333  349  
334  349  
335  349  
336  349  
337  350  
338  350  
339  350  
340  350  
341  350  
342  350  
343  350  
344  350  
345  350  
346  350  
347  350  
348  351  
349  351  
350  351  
351  351  
352  351  
353  351  
375  353  
376  354  
377  354  
378  354  
379  354  
381  354  
390  354  
391  354  
380  355  
382  355  
383  355  
384  355  
385  355  
386  355  
387  355  
388  355  
389  355  
392  355  
393  355  
394  355  
395  355  
396  355  
397  355  
398  356  
399  356  
400  356  
401  356  
402  356  
403  356  
404  356  
405  356  
406  357  
407  357  
408  357  
409  357  
410  357  
411  357  
412  357  
413  357  
414  357  
415  358  
416  358  
312  356  
313  356  
314  356  
315  356  
316  356  
317  356  
318  357  
319  357  
320  357  
321  357  
322  357  
323  357  
324  357  
325  357  
326  357  
327  357  
328  357  
329  357  
330  358  
331  358  
332  358  
333  358  
334  358  
352  360  
353  360  
354  360  
355  360  
356  360  
357  360  
358  360  
359  361  
360  361  
361  361  
362  361  
363  361  
364  361  
365  361  
366  361  
367  361  
368  361  
369  361  
370  362  
371  362  
372  362  
373  362  
374  362  
375  362  
376  362  
377  362  
378  362  
379  362  
380  362  
381  363  
382  363  
383  363  
384  363  
385  363  
427  365  
428  365  
429  365  
430  365  
431  365  
432  365  
433  365  
434  365  
435  366  
436  366  
437  366  
438  366  
439  366  
440  366  
441  366  
442  366  
443  366  
444  366  
445  366  
446  366  
447  366  
448  366  
449  367  
450  367  
451  367  
452  367  
453  367  
454  368  
455  368  
456  368  
457  368  
350  382  
351  382  
352  382  
353  382  
354  382  
355  382  
356  382  
357  382  
358  382  
359  382  
360  382  
361  383  
362  383  
363  383  
364  384  
365  384  
366  384  
367  384  
368  384  
369  384  
370  384  
371  384  
372  384  
373  384  
374  384  
230  396  
229  397  
229  398  
229  399  
229  400  
229  401  
228  402  
228  403  
228  404  
227  405  
227  406  
227  407  
226  408  
226  409  
226  410  
226  411  
226  412  
225  413  
225  414  
225  415  
225  416  
224  417  
455  414  
456  414  
457  415  
458  415  
459  415  
460  415  
461  415  
462  415  
463  415  
464  415  
465  415  
466  416  
467  416  
468  416  
469  416  
470  416  
471  416  
472  416  
473  416  
474  416  
475  417  
476  417  
477  417  
478  418  
479  418  
428  419  
429  419  
430  419  
417  420  
418  420  
419  420  
420  420  
421  420  
422  420  
423  420  
424  420  
425  420  
426  420  
427  420  
431  420  
432  420  
433  420  
434  420  
435  420  
436  420  
437  420  
412  421  
413  421  
414  421  
415  421  
416  421  
438  421  
439  421  
440  421  
411  422  
441  422  
421  423  
422  423  
423  423  
424  423  
425  423  
426  423  
427  423  
428  423  
429  423  
430  423  
431  423  
432  423  
414  424  
415  424  
416  424  
417  424  
418  424  
419  424  
420  424  
433  424  
459  463  
460  463  
461  463  
462  463  
463  463  
464  463  
465  463  
466  463  
467  463  
468  463  
469  463  
470  463  
471  463  
472  463  
473  463  
474  463  
475  464  
476  464  
477  464  
478  465  
479  465  
415  465  
416  465  
417  465  
418  465  
419  466  
420  466  
421  466  
422  466  
423  466  
424  467  
425  467  
426  467  
427  467  
428  467  
429  467  
430  467  
431  467  
432  467  
433  468  
434  468  
435  468  
436  468  
437  468  
438  468  
439  468  
440  468  
441  468  
442  469  
443  469  
444  469  
445  469  
446  469  
447  469  
448  470  
449  470  
450  470  
451  470  
452  470  
453  470  
454  470  
455  470  
456  470  
457  470  
458  471  
459  471  
460  471  
461  471  
462  471  
463  471  
464  471  
465  472  
466  472  
467  472  
468  472  
469  472  
470  472  
471  472  
472  473  
473  473  
474  473  
475  473  
476  473  
477  474  
478  474  
345  612  
346  613  
346  614  
346  615  
346  616  
346  617  
346  618  
346  619  
346  620  
346  621  
347  622  
347  623  
347  624  
347  625  
347  626  
347  627  
347  628  
347  629  
347  630  
348  631  
348  632  
348  633  
348  634  
347  635  
347  636  
347  637  
346  638  
346  639  
