331  80  
331  81  
332  82  
332  83  
331  84  
331  85  
331  86  
331  87  
331  88  
330  89  
330  90  
330  91  
330  92  
330  93  
330  94  
330  95  
330  96  
330  97  
330  98  
330  99  
330  100  
330  101  
330  102  
180  87  
181  87  
182  87  
183  87  
184  87  
185  87  
186  87  
187  87  
188  87  
189  87  
190  87  
191  87  
192  87  
193  87  
194  87  
195  87  
196  87  
197  87  
198  87  
199  87  
200  87  
201  87  
202  87  
203  87  
204  87  
205  87  
206  87  
207  87  
223  91  
222  92  
222  93  
222  94  
222  95  
221  96  
221  97  
221  98  
221  99  
221  100  
221  101  
220  102  
220  103  
220  104  
220  105  
220  106  
220  107  
220  108  
220  109  
220  110  
175  92  
176  92  
177  92  
178  92  
179  92  
180  92  
181  92  
182  92  
183  92  
184  92  
185  92  
186  92  
187  92  
188  92  
189  92  
190  92  
191  92  
192  92  
193  92  
194  92  
195  92  
196  92  
197  92  
198  92  
199  92  
200  92  
201  92  
202  92  
203  92  
204  92  
286  129  
286  130  
285  131  
285  132  
285  133  
286  134  
286  135  
286  136  
286  137  
286  138  
286  139  
286  140  
286  141  
286  142  
286  143  
286  144  
286  145  
287  146  
287  147  
287  148  
286  149  
286  150  
286  151  
286  152  
286  153  
286  154  
287  155  
287  156  
287  157  
287  158  
287  159  
287  160  
287  161  
287  162  
286  163  
286  164  
286  165  
286  166  
286  167  
287  168  
287  169  
286  170  
365  145  
366  146  
366  147  
366  148  
366  149  
366  150  
367  151  
367  152  
367  153  
367  154  
368  155  
368  156  
368  157  
368  158  
368  159  
369  160  
369  161  
369  162  
369  163  
369  164  
369  165  
370  166  
370  167  
370  168  
370  169  
370  170  
370  171  
370  172  
370  173  
370  174  
370  175  
370  176  
370  177  
371  178  
371  179  
371  180  
371  181  
371  182  
371  183  
372  184  
372  185  
372  186  
372  187  
372  188  
372  189  
372  190  
372  191  
372  192  
372  193  
373  194  
373  195  
373  196  
373  197  
373  198  
373  199  
373  200  
373  201  
373  202  
374  203  
374  204  
374  205  
374  206  
375  207  
375  208  
375  209  
375  210  
375  211  
375  212  
375  213  
375  214  
375  215  
375  216  
375  217  
375  218  
166  166  
167  166  
168  166  
169  166  
170  166  
171  166  
172  166  
173  166  
174  166  
175  166  
176  166  
177  166  
178  166  
179  166  
180  166  
181  166  
182  166  
183  166  
184  166  
185  166  
186  166  
187  166  
188  166  
189  166  
190  166  
191  166  
192  166  
193  166  
194  166  
218  166  
218  167  
218  168  
218  169  
218  170  
218  171  
218  172  
218  173  
218  174  
218  175  
218  176  
218  177  
218  178  
217  179  
217  180  
217  181  
217  182  
217  183  
217  184  
217  185  
217  186  
217  187  
217  188  
217  189  
216  190  
216  191  
216  192  
216  193  
216  194  
216  195  
216  196  
216  197  
216  198  
215  199  
215  200  
215  201  
215  202  
215  203  
215  204  
215  205  
215  206  
215  207  
215  208  
215  209  
215  210  
214  211  
214  212  
214  213  
214  214  
214  215  
214  216  
214  217  
214  218  
214  219  
213  220  
213  221  
213  222  
213  223  
213  224  
213  225  
213  226  
213  227  
213  228  
213  229  
213  230  
213  231  
213  232  
213  233  
213  234  
212  235  
212  236  
212  237  
212  238  
212  239  
212  240  
212  241  
212  242  
212  243  
212  244  
212  245  
212  246  
212  247  
212  248  
212  249  
212  250  
211  251  
211  252  
211  253  
211  254  
211  255  
211  256  
211  257  
211  258  
211  259  
211  260  
211  261  
211  262  
211  263  
211  264  
211  265  
211  266  
211  267  
211  268  
211  269  
211  270  
211  271  
211  272  
210  273  
210  274  
210  275  
210  276  
210  277  
210  278  
210  279  
210  280  
210  281  
210  282  
210  283  
210  284  
210  285  
210  286  
210  287  
210  288  
210  289  
210  290  
210  291  
210  292  
210  293  
210  294  
209  295  
209  296  
209  297  
209  298  
209  299  
209  300  
209  301  
209  302  
209  303  
209  304  
209  305  
209  306  
209  307  
209  308  
209  309  
209  310  
209  311  
209  312  
208  313  
208  314  
208  315  
208  316  
208  317  
208  318  
208  319  
208  320  
208  321  
208  322  
208  323  
208  324  
208  325  
208  326  
208  327  
208  328  
208  329  
208  330  
208  331  
208  332  
208  333  
208  334  
208  335  
208  336  
208  337  
207  338  
207  339  
207  340  
207  341  
207  342  
207  343  
207  344  
207  345  
207  346  
207  347  
207  348  
207  349  
208  350  
208  351  
208  352  
208  353  
208  354  
208  355  
208  356  
208  357  
208  358  
208  359  
208  360  
208  361  
208  362  
208  363  
208  364  
208  365  
208  366  
208  367  
208  368  
208  369  
208  370  
208  371  
208  372  
209  373  
209  374  
209  375  
209  376  
209  377  
209  378  
209  379  
209  380  
209  381  
209  382  
209  383  
209  384  
209  385  
209  386  
209  387  
209  388  
209  389  
209  390  
209  391  
209  392  
209  393  
209  394  
209  395  
209  396  
209  397  
209  398  
209  399  
209  400  
210  401  
210  402  
210  403  
210  404  
210  405  
210  406  
210  407  
210  408  
210  409  
210  410  
210  411  
210  412  
210  413  
210  414  
210  415  
210  416  
210  417  
210  418  
210  419  
210  420  
210  421  
210  422  
210  423  
210  424  
210  425  
210  426  
210  427  
211  428  
211  429  
210  430  
210  431  
210  432  
213  170  
213  171  
213  172  
213  173  
213  174  
212  175  
212  176  
212  177  
212  178  
212  179  
212  180  
212  181  
212  182  
212  183  
212  184  
212  185  
212  186  
212  187  
211  188  
211  189  
211  190  
211  191  
211  192  
211  193  
211  194  
211  195  
210  196  
210  197  
210  198  
210  199  
210  200  
210  201  
210  202  
210  203  
209  204  
209  205  
159  177  
159  178  
159  179  
159  180  
159  181  
159  182  
160  183  
160  184  
160  185  
160  186  
160  187  
160  188  
161  189  
161  190  
161  191  
161  192  
161  193  
161  194  
161  195  
162  196  
162  197  
162  198  
162  199  
162  200  
246  178  
247  178  
248  178  
229  179  
230  179  
231  179  
232  179  
233  179  
234  179  
235  179  
236  179  
237  179  
238  179  
239  179  
240  179  
241  179  
242  179  
243  179  
244  179  
245  179  
256  180  
256  181  
256  182  
256  183  
256  184  
256  185  
256  186  
256  187  
256  188  
256  189  
256  190  
256  191  
256  192  
256  193  
256  194  
256  195  
256  196  
256  197  
256  198  
256  199  
256  200  
256  201  
256  202  
256  203  
256  204  
256  205  
256  206  
256  207  
256  208  
256  209  
256  210  
256  211  
256  212  
256  213  
251  182  
251  183  
251  184  
251  185  
250  186  
250  187  
250  188  
250  189  
250  190  
250  191  
250  192  
250  193  
250  194  
250  195  
250  196  
250  197  
250  198  
250  199  
250  200  
250  201  
250  202  
250  203  
250  204  
250  205  
250  206  
250  207  
250  208  
250  209  
250  210  
250  211  
249  212  
249  213  
249  214  
249  215  
147  203  
147  204  
148  205  
148  206  
148  207  
148  208  
148  209  
148  210  
149  211  
149  212  
149  213  
149  214  
149  215  
150  216  
150  217  
150  218  
150  219  
150  220  
150  221  
151  222  
151  223  
151  224  
151  225  
151  226  
151  227  
152  228  
152  229  
152  230  
152  231  
152  232  
152  233  
153  234  
153  235  
274  203  
274  204  
273  205  
274  206  
274  207  
274  208  
274  209  
274  210  
274  211  
274  212  
274  213  
275  214  
275  215  
274  216  
274  217  
275  218  
275  219  
274  220  
274  221  
275  222  
274  223  
274  224  
274  225  
274  226  
275  227  
274  228  
274  229  
275  230  
275  231  
275  232  
274  233  
274  234  
275  235  
274  236  
274  237  
274  238  
274  239  
274  240  
274  241  
274  242  
274  243  
274  244  
117  223  
118  224  
118  225  
118  226  
118  227  
119  228  
119  229  
119  230  
119  231  
120  232  
120  233  
120  234  
120  235  
120  236  
120  237  
120  238  
120  239  
120  240  
120  241  
120  242  
255  228  
255  229  
255  230  
255  231  
255  232  
255  233  
255  234  
255  235  
255  236  
255  237  
255  238  
255  239  
255  240  
255  241  
255  242  
255  243  
255  244  
255  245  
255  246  
255  247  
255  248  
255  249  
255  250  
346  244  
346  245  
346  246  
346  247  
346  248  
346  249  
346  250  
346  251  
346  252  
346  253  
346  254  
346  255  
346  256  
346  257  
346  258  
346  259  
346  260  
347  261  
347  262  
347  263  
347  264  
347  265  
347  266  
347  267  
347  268  
347  269  
347  270  
347  271  
347  272  
347  273  
347  274  
347  275  
347  276  
347  277  
348  278  
348  279  
348  280  
348  281  
157  258  
157  259  
158  260  
158  261  
158  262  
158  263  
158  264  
158  265  
159  266  
159  267  
159  268  
159  269  
159  270  
159  271  
160  272  
160  273  
160  274  
160  275  
160  276  
160  277  
161  278  
161  279  
161  280  
161  281  
161  282  
161  283  
161  284  
161  285  
161  286  
274  261  
274  262  
274  263  
274  264  
274  265  
274  266  
274  267  
274  268  
275  269  
275  270  
274  271  
274  272  
275  273  
275  274  
275  275  
274  276  
275  277  
275  278  
275  279  
274  280  
274  281  
274  282  
275  283  
274  284  
274  285  
248  263  
248  264  
248  265  
247  266  
247  267  
247  268  
247  269  
247  270  
247  271  
247  272  
247  273  
247  274  
248  275  
248  276  
248  277  
248  278  
248  279  
248  280  
247  281  
247  282  
247  283  
247  284  
247  285  
247  286  
247  287  
247  288  
247  289  
247  290  
247  291  
247  292  
247  293  
247  294  
247  295  
247  296  
247  297  
247  298  
254  263  
254  264  
254  265  
254  266  
254  267  
254  268  
254  269  
254  270  
254  271  
254  272  
254  273  
254  274  
254  275  
254  276  
254  277  
254  278  
254  279  
254  280  
254  281  
254  282  
254  283  
254  284  
254  285  
254  286  
254  287  
254  288  
254  289  
254  290  
254  291  
254  292  
254  293  
254  294  
254  295  
254  296  
254  297  
170  275  
171  276  
171  277  
171  278  
171  279  
170  280  
170  281  
170  282  
170  283  
170  284  
170  285  
170  286  
170  287  
170  288  
170  289  
170  290  
169  291  
169  292  
169  293  
169  294  
169  295  
169  296  
169  297  
169  298  
169  299  
380  276  
380  277  
380  278  
381  279  
381  280  
381  281  
381  282  
381  283  
382  284  
382  285  
382  286  
382  287  
382  288  
382  289  
382  290  
382  291  
382  292  
382  293  
382  294  
382  295  
382  296  
382  297  
382  298  
382  299  
382  300  
382  301  
382  302  
383  303  
383  304  
165  293  
164  294  
164  295  
164  296  
164  297  
164  298  
164  299  
164  300  
164  301  
164  302  
164  303  
163  304  
163  305  
163  306  
163  307  
163  308  
163  309  
163  310  
163  311  
163  312  
162  313  
162  314  
162  315  
162  316  
162  317  
162  318  
162  319  
162  320  
162  321  
162  322  
161  323  
161  324  
161  325  
161  326  
161  327  
161  328  
161  329  
161  330  
161  331  
160  332  
160  333  
160  334  
160  335  
160  336  
160  337  
160  338  
160  339  
161  340  
161  341  
161  342  
161  343  
161  344  
161  345  
161  346  
161  347  
161  348  
161  349  
161  350  
162  351  
162  352  
162  353  
162  354  
162  355  
162  356  
162  357  
162  358  
162  359  
162  360  
162  361  
163  362  
163  363  
163  364  
163  365  
163  366  
163  367  
163  368  
163  369  
349  296  
349  297  
349  298  
349  299  
349  300  
349  301  
350  302  
350  303  
350  304  
350  305  
350  306  
350  307  
350  308  
350  309  
350  310  
350  311  
350  312  
350  313  
350  314  
350  315  
350  316  
351  317  
351  318  
351  319  
351  320  
351  321  
351  322  
351  323  
351  324  
351  325  
351  326  
351  327  
351  328  
352  329  
352  330  
352  331  
352  332  
352  333  
352  334  
352  335  
352  336  
352  337  
352  338  
353  339  
352  340  
168  307  
168  308  
168  309  
168  310  
168  311  
168  312  
168  313  
168  314  
168  315  
167  316  
167  317  
167  318  
167  319  
167  320  
167  321  
167  322  
167  323  
166  324  
166  325  
166  326  
166  327  
166  328  
166  329  
254  311  
254  312  
254  313  
254  314  
254  315  
254  316  
254  317  
254  318  
254  319  
254  320  
254  321  
254  322  
254  323  
254  324  
254  325  
254  326  
254  327  
254  328  
254  329  
254  330  
254  331  
254  332  
254  333  
337  346  
337  347  
337  348  
337  349  
337  350  
337  351  
337  352  
336  353  
336  354  
336  355  
336  356  
336  357  
336  358  
336  359  
336  360  
336  361  
335  362  
335  363  
335  364  
335  365  
335  366  
335  367  
335  368  
335  369  
335  370  
335  371  
335  372  
335  373  
334  374  
334  375  
334  376  
334  377  
334  378  
334  379  
334  380  
334  381  
333  382  
333  383  
333  384  
333  385  
333  386  
333  387  
333  388  
333  389  
333  390  
291  347  
291  348  
291  349  
291  350  
291  351  
291  352  
291  353  
291  354  
290  355  
290  356  
291  357  
290  358  
290  359  
290  360  
290  361  
290  362  
290  363  
290  364  
290  365  
290  366  
290  367  
290  368  
290  369  
290  370  
290  371  
290  372  
289  373  
289  374  
289  375  
289  376  
289  377  
289  378  
289  379  
289  380  
289  381  
289  382  
289  383  
289  384  
289  385  
289  386  
334  347  
334  348  
334  349  
334  350  
334  351  
334  352  
333  353  
333  354  
333  355  
333  356  
333  357  
333  358  
333  359  
333  360  
333  361  
333  362  
332  363  
332  364  
332  365  
332  366  
332  367  
332  368  
332  369  
332  370  
332  371  
332  372  
331  373  
331  374  
331  375  
331  376  
331  377  
331  378  
331  379  
331  380  
330  381  
330  382  
330  383  
330  384  
330  385  
330  386  
330  387  
330  388  
330  389  
330  390  
330  391  
329  392  
329  393  
329  394  
329  395  
329  396  
329  397  
329  398  
329  399  
329  400  
329  401  
342  353  
342  354  
342  355  
342  356  
342  357  
342  358  
342  359  
342  360  
341  361  
341  362  
341  363  
341  364  
341  365  
341  366  
341  367  
341  368  
340  369  
340  370  
340  371  
340  372  
340  373  
340  374  
340  375  
340  376  
340  377  
339  378  
339  379  
339  380  
339  381  
339  382  
339  383  
339  384  
339  385  
339  386  
339  387  
339  388  
338  389  
338  390  
338  391  
338  392  
338  393  
338  394  
204  358  
204  359  
204  360  
205  361  
205  362  
205  363  
205  364  
205  365  
205  366  
205  367  
205  368  
205  369  
205  370  
205  371  
205  372  
205  373  
205  374  
205  375  
205  376  
205  377  
205  378  
205  379  
205  380  
205  381  
206  382  
205  383  
205  384  
205  385  
205  386  
205  387  
205  388  
206  389  
206  390  
206  391  
206  392  
206  393  
206  394  
206  395  
206  396  
206  397  
167  361  
167  362  
167  363  
168  364  
168  365  
168  366  
168  367  
168  368  
168  369  
168  370  
168  371  
168  372  
168  373  
168  374  
168  375  
168  376  
168  377  
168  378  
168  379  
168  380  
168  381  
169  382  
202  362  
202  363  
202  364  
202  365  
202  366  
202  367  
202  368  
202  369  
202  370  
202  371  
202  372  
202  373  
202  374  
202  375  
202  376  
202  377  
202  378  
202  379  
202  380  
203  381  
203  382  
203  383  
203  384  
203  385  
203  386  
203  387  
203  388  
203  389  
203  390  
203  391  
203  392  
203  393  
203  394  
203  395  
203  396  
353  373  
353  374  
353  375  
353  376  
353  377  
353  378  
353  379  
352  380  
352  381  
352  382  
352  383  
352  384  
352  385  
352  386  
352  387  
352  388  
352  389  
351  390  
351  391  
351  392  
351  393  
351  394  
351  395  
351  396  
351  397  
351  398  
351  399  
350  400  
350  401  
350  402  
350  403  
350  404  
350  405  
349  406  
349  407  
349  408  
349  409  
349  410  
349  411  
349  412  
164  377  
164  378  
164  379  
164  380  
164  381  
164  382  
164  383  
164  384  
165  385  
165  386  
165  387  
165  388  
165  389  
165  390  
165  391  
165  392  
165  393  
165  394  
165  395  
166  396  
166  397  
166  398  
253  379  
253  380  
253  381  
252  382  
253  383  
253  384  
253  385  
253  386  
253  387  
253  388  
253  389  
253  390  
253  391  
252  392  
252  393  
252  394  
253  395  
252  396  
252  397  
252  398  
252  399  
252  400  
252  401  
252  402  
252  403  
252  404  
252  405  
252  406  
252  407  
252  408  
252  409  
252  410  
252  411  
252  412  
252  413  
246  380  
246  381  
246  382  
246  383  
246  384  
246  385  
246  386  
247  387  
247  388  
247  389  
247  390  
247  391  
247  392  
247  393  
247  394  
247  395  
247  396  
247  397  
247  398  
247  399  
247  400  
247  401  
246  402  
246  403  
246  404  
246  405  
247  406  
247  407  
247  408  
247  409  
247  410  
247  411  
247  412  
172  410  
173  411  
173  412  
173  413  
173  414  
174  415  
174  416  
174  417  
174  418  
174  419  
174  420  
175  421  
175  422  
175  423  
175  424  
175  425  
176  426  
176  427  
176  428  
176  429  
177  430  
177  431  
177  432  
177  433  
177  434  
178  435  
178  436  
178  437  
178  438  
178  439  
179  440  
179  441  
179  442  
179  443  
179  444  
180  445  
345  414  
345  415  
345  416  
345  417  
345  418  
345  419  
344  420  
344  421  
344  422  
344  423  
344  424  
344  425  
344  426  
344  427  
344  428  
344  429  
344  430  
344  431  
343  432  
343  433  
343  434  
343  435  
343  436  
343  437  
342  438  
342  439  
342  440  
348  415  
348  416  
348  417  
348  418  
348  419  
348  420  
348  421  
348  422  
348  423  
347  424  
347  425  
347  426  
347  427  
347  428  
347  429  
347  430  
347  431  
346  432  
346  433  
346  434  
284  416  
284  417  
284  418  
284  419  
284  420  
284  421  
284  422  
284  423  
284  424  
284  425  
284  426  
284  427  
284  428  
284  429  
284  430  
284  431  
284  432  
284  433  
283  434  
284  435  
224  424  
225  424  
226  424  
227  424  
228  424  
229  424  
230  424  
231  424  
232  424  
233  424  
222  425  
223  425  
234  425  
235  425  
236  425  
237  425  
238  425  
239  425  
240  425  
241  425  
242  425  
243  425  
246  425  
246  426  
247  427  
247  428  
247  429  
247  430  
246  431  
246  432  
246  433  
246  434  
247  435  
247  436  
247  437  
247  438  
247  439  
247  440  
247  441  
247  442  
246  443  
246  444  
211  435  
211  436  
211  437  
211  438  
211  439  
211  440  
211  441  
211  442  
211  443  
211  444  
211  445  
211  446  
211  447  
211  448  
211  449  
211  450  
211  451  
211  452  
211  453  
211  454  
211  455  
211  456  
211  457  
211  458  
211  459  
211  460  
211  461  
211  462  
212  463  
212  464  
212  465  
212  466  
212  467  
212  468  
212  469  
212  470  
213  471  
213  472  
213  473  
213  474  
213  475  
213  476  
213  477  
287  436  
287  437  
287  438  
287  439  
287  440  
287  441  
287  442  
287  443  
287  444  
287  445  
287  446  
287  447  
287  448  
287  449  
287  450  
287  451  
287  452  
287  453  
287  454  
287  455  
287  456  
287  457  
287  458  
286  459  
286  460  
286  461  
286  462  
286  463  
286  464  
286  465  
286  466  
286  467  
286  468  
286  469  
286  470  
286  471  
286  472  
286  473  
286  474  
286  475  
208  439  
208  440  
208  441  
208  442  
208  443  
208  444  
208  445  
208  446  
208  447  
208  448  
208  449  
208  450  
208  451  
208  452  
208  453  
208  454  
208  455  
208  456  
208  457  
208  458  
208  459  
208  460  
208  461  
208  462  
208  463  
176  447  
177  448  
177  449  
177  450  
177  451  
177  452  
177  453  
177  454  
177  455  
177  456  
177  457  
177  458  
176  459  
176  460  
176  461  
176  462  
176  463  
176  464  
176  465  
176  466  
175  467  
175  468  
175  469  
175  470  
175  471  
175  472  
175  473  
174  474  
174  475  
174  476  
174  477  
174  478  
174  479  
174  480  
174  481  
173  482  
173  483  
173  484  
173  485  
173  486  
173  487  
173  488  
172  489  
172  490  
172  491  
172  492  
172  493  
172  494  
172  495  
171  496  
171  497  
171  498  
171  499  
171  500  
171  501  
170  502  
170  503  
170  504  
170  505  
170  506  
170  507  
170  508  
169  509  
169  510  
169  511  
169  512  
169  513  
169  514  
169  515  
168  516  
168  517  
168  518  
168  519  
168  520  
168  521  
168  522  
167  523  
167  524  
167  525  
167  526  
167  527  
167  528  
167  529  
166  530  
166  531  
166  532  
344  448  
344  449  
344  450  
344  451  
344  452  
344  453  
344  454  
344  455  
344  456  
344  457  
344  458  
344  459  
344  460  
344  461  
343  462  
343  463  
343  464  
343  465  
343  466  
343  467  
342  468  
342  469  
342  470  
342  471  
342  472  
342  473  
342  474  
214  479  
214  480  
214  481  
214  482  
214  483  
214  484  
214  485  
214  486  
214  487  
215  488  
215  489  
215  490  
215  491  
215  492  
215  493  
215  494  
215  495  
215  496  
216  497  
216  498  
216  499  
216  500  
216  501  
216  502  
179  486  
179  487  
179  488  
179  489  
179  490  
178  491  
178  492  
178  493  
178  494  
178  495  
178  496  
178  497  
178  498  
178  499  
177  500  
177  501  
177  502  
177  503  
177  504  
177  505  
176  506  
176  507  
176  508  
176  509  
176  510  
176  511  
176  512  
176  513  
176  514  
175  515  
175  516  
175  517  
175  518  
175  519  
175  520  
175  521  
175  522  
174  523  
174  524  
174  525  
174  526  
174  527  
174  528  
174  529  
173  530  
173  531  
173  532  
173  533  
173  534  
173  535  
173  536  
173  537  
172  538  
172  539  
172  540  
172  541  
172  542  
172  543  
172  544  
172  545  
172  546  
172  547  
172  548  
172  549  
284  507  
283  508  
283  509  
283  510  
283  511  
283  512  
283  513  
283  514  
283  515  
283  516  
283  517  
283  518  
283  519  
282  520  
282  521  
282  522  
282  523  
282  524  
282  525  
282  526  
172  515  
172  516  
172  517  
172  518  
171  519  
171  520  
171  521  
171  522  
171  523  
171  524  
171  525  
171  526  
170  527  
170  528  
170  529  
170  530  
170  531  
170  532  
170  533  
170  534  
169  535  
169  536  
169  537  
332  520  
332  521  
332  522  
332  523  
332  524  
332  525  
332  526  
331  527  
331  528  
331  529  
331  530  
330  531  
330  532  
330  533  
330  534  
330  535  
330  536  
330  537  
330  538  
330  539  
329  540  
329  541  
329  542  
329  543  
329  544  
329  545  
329  546  
220  532  
221  532  
222  532  
223  533  
224  533  
225  533  
226  533  
227  533  
228  533  
229  533  
230  533  
231  534  
232  534  
233  534  
234  534  
235  535  
236  535  
237  535  
238  535  
239  535  
240  535  
241  535  
242  535  
243  535  
244  535  
245  535  
246  535  
247  535  
248  535  
249  535  
250  535  
251  535  
252  536  
253  536  
254  536  
255  536  
256  536  
257  536  
258  536  
259  536  
260  536  
261  536  
262  536  
263  536  
264  536  
265  536  
266  536  
267  536  
268  536  
269  536  
270  536  
271  536  
272  536  
294  537  
295  537  
296  537  
297  537  
298  537  
299  537  
300  537  
301  537  
302  537  
303  537  
304  537  
305  537  
306  537  
307  537  
308  537  
309  537  
293  538  
310  538  
311  538  
312  538  
313  538  
314  538  
315  538  
293  539  
293  540  
398  538  
385  539  
386  539  
387  539  
390  539  
391  539  
392  539  
393  539  
394  539  
395  539  
396  539  
397  539  
399  539  
400  539  
401  539  
402  539  
403  539  
404  539  
388  540  
389  540  
211  545  
212  545  
213  545  
214  545  
215  545  
216  545  
217  545  
218  545  
219  545  
220  545  
221  545  
222  545  
223  545  
224  545  
225  545  
226  545  
227  546  
228  546  
229  546  
230  546  
231  546  
232  546  
233  546  
234  546  
235  546  
236  546  
237  546  
238  546  
239  546  
240  546  
241  546  
242  546  
243  546  
244  546  
245  546  
246  546  
247  546  
248  546  
249  546  
250  546  
251  546  
252  546  
253  546  
254  546  
262  546  
263  546  
264  546  
265  546  
266  546  
267  546  
268  546  
269  546  
270  546  
271  546  
272  546  
273  546  
274  546  
275  547  
276  547  
277  547  
278  547  
279  547  
280  547  
281  547  
282  547  
283  547  
284  547  
285  547  
286  547  
287  547  
221  549  
222  549  
223  549  
224  549  
225  549  
226  549  
227  549  
228  549  
229  549  
230  549  
231  549  
232  549  
233  549  
234  549  
220  550  
235  550  
236  550  
237  550  
238  550  
239  550  
240  550  
241  550  
220  551  
221  552  
221  553  
295  554  
296  554  
297  554  
298  554  
299  554  
300  554  
301  554  
302  554  
303  554  
304  554  
305  554  
306  554  
307  554  
308  554  
309  554  
310  554  
311  554  
312  555  
313  555  
314  555  
315  555  
316  555  
325  555  
325  556  
325  557  
325  558  
325  559  
325  560  
325  561  
325  562  
325  563  
325  564  
325  565  
325  566  
325  567  
325  568  
325  569  
325  570  
325  571  
324  572  
324  573  
324  574  
324  575  
324  576  
324  577  
324  578  
324  579  
324  580  
324  581  
324  582  
324  583  
324  584  
324  585  
324  586  
324  587  
294  557  
295  557  
296  558  
297  558  
298  558  
299  558  
300  558  
301  558  
302  558  
303  558  
304  558  
305  558  
306  558  
307  558  
308  558  
309  558  
310  558  
311  558  
312  558  
313  558  
328  558  
328  559  
328  560  
328  561  
328  562  
328  563  
328  564  
327  565  
327  566  
327  567  
327  568  
327  569  
327  570  
327  571  
327  572  
327  573  
327  574  
327  575  
327  576  
327  577  
327  578  
211  562  
212  563  
212  564  
212  565  
212  566  
212  567  
212  568  
212  569  
212  570  
212  571  
212  572  
212  573  
212  574  
213  575  
213  576  
213  577  
213  578  
214  579  
214  580  
214  581  
214  582  
214  583  
214  584  
214  585  
214  586  
264  565  
265  565  
266  566  
267  566  
268  566  
269  566  
270  566  
271  566  
272  566  
273  566  
274  566  
275  566  
276  566  
277  566  
278  566  
279  566  
280  566  
281  566  
282  566  
283  566  
284  566  
285  566  
286  566  
287  566  
288  566  
289  566  
290  566  
291  566  
292  566  
293  567  
294  567  
295  567  
296  567  
297  567  
294  572  
295  572  
296  572  
297  572  
298  572  
299  572  
300  572  
301  572  
302  572  
303  572  
304  572  
305  572  
306  572  
307  572  
308  572  
309  572  
310  572  
311  572  
312  572  
313  572  
314  572  
315  572  
293  573  
293  574  
293  575  
294  576  
294  577  
198  581  
198  582  
198  583  
198  584  
198  585  
198  586  
197  587  
197  588  
197  589  
197  590  
197  591  
197  592  
197  593  
197  594  
197  595  
197  596  
197  597  
196  598  
196  599  
196  600  
196  601  
196  602  
196  603  
196  604  
196  605  
196  606  
196  607  
195  608  
195  609  
195  610  
195  611  
195  612  
195  613  
195  614  
195  615  
195  616  
195  617  
194  618  
194  619  
194  620  
194  621  
194  622  
194  623  
194  624  
194  625  
272  581  
273  581  
274  581  
275  581  
276  581  
277  581  
278  581  
279  581  
280  581  
281  581  
282  581  
283  581  
284  581  
264  582  
265  582  
266  582  
267  582  
268  582  
269  582  
270  582  
271  582  
285  582  
286  582  
287  582  
203  583  
203  584  
203  585  
203  586  
203  587  
203  588  
202  589  
202  590  
202  591  
202  592  
202  593  
202  594  
202  595  
202  596  
202  597  
202  598  
202  599  
202  600  
202  601  
202  602  
202  603  
202  604  
201  605  
201  606  
201  607  
201  608  
201  609  
201  610  
201  611  
201  612  
201  613  
201  614  
201  615  
201  616  
201  617  
200  618  
200  619  
200  620  
200  621  
200  622  
200  623  
200  624  
200  625  
200  626  
200  627  
199  628  
199  629  
199  630  
199  631  
199  632  
199  633  
199  634  
199  635  
199  636  
199  637  
199  638  
199  639  
227  594  
227  595  
227  596  
228  597  
228  598  
228  599  
228  600  
228  601  
228  602  
228  603  
228  604  
228  605  
228  606  
228  607  
228  608  
228  609  
228  610  
228  611  
228  612  
228  613  
228  614  
228  615  
228  616  
228  617  
227  618  
227  619  
227  620  
227  621  
227  622  
227  623  
227  624  
227  625  
227  626  
227  627  
227  628  
227  629  
227  630  
227  631  
227  632  
227  633  
226  634  
226  635  
226  636  
226  637  
225  638  
225  639  
248  601  
248  602  
247  603  
247  604  
247  605  
247  606  
247  607  
247  608  
247  609  
247  610  
247  611  
247  612  
247  613  
247  614  
247  615  
247  616  
247  617  
247  618  
247  619  
247  620  
247  621  
247  622  
247  623  
247  624  
247  625  
247  626  
247  627  
247  628  
247  629  
324  612  
324  613  
324  614  
324  615  
324  616  
324  617  
324  618  
324  619  
324  620  
324  621  
324  622  
324  623  
324  624  
324  625  
324  626  
324  627  
324  628  
324  629  
323  630  
323  631  
323  632  
323  633  
323  634  
321  613  
321  614  
321  615  
321  616  
321  617  
321  618  
321  619  
321  620  
321  621  
321  622  
321  623  
321  624  
321  625  
320  626  
320  627  
320  628  
320  629  
320  630  
320  631  
321  632  
321  633  
321  634  
347  616  
347  617  
347  618  
348  619  
348  620  
348  621  
348  622  
348  623  
347  624  
347  625  
347  626  
347  627  
347  628  
347  629  
347  630  
347  631  
346  632  
346  633  
347  634  
347  635  
347  636  
347  637  
346  638  
346  639  
251  633  
252  633  
253  633  
254  633  
255  634  
256  634  
257  634  
258  634  
259  634  
260  634  
261  634  
262  634  
263  634  
264  634  
265  634  
266  634  
267  634  
268  634  
269  634  
270  634  
271  634  
272  634  
273  634  
274  634  
275  634  
276  634  
277  634  
278  634  
279  634  
280  634  
281  634  
282  634  
283  634  
284  634  
285  634  
286  634  
287  634  
288  634  
289  634  
290  634  
291  634  
292  634  
293  634  
294  634  
295  634  
296  634  
297  634  
298  634  
299  634  
