80  32  
80  33  
80  34  
80  35  
80  36  
80  37  
80  38  
80  39  
80  40  
80  41  
80  42  
80  43  
80  44  
80  45  
80  46  
80  47  
80  48  
80  49  
80  50  
80  51  
80  52  
80  53  
80  54  
80  55  
80  56  
80  57  
80  58  
80  59  
80  60  
80  61  
80  62  
80  63  
80  64  
80  65  
80  66  
80  67  
80  68  
80  69  
80  70  
80  71  
80  72  
80  73  
80  74  
80  75  
80  76  
80  77  
80  78  
80  79  
80  80  
80  81  
122  32  
122  33  
122  34  
122  35  
122  36  
122  37  
122  38  
122  39  
122  40  
122  41  
122  42  
122  43  
122  44  
122  45  
122  46  
122  47  
122  48  
122  49  
122  50  
122  51  
122  52  
122  53  
122  54  
122  55  
122  56  
122  57  
122  58  
122  59  
122  60  
122  61  
122  62  
122  63  
122  64  
121  65  
121  66  
202  45  
203  46  
203  47  
203  48  
203  49  
203  50  
203  51  
204  52  
204  53  
204  54  
204  55  
204  56  
205  57  
205  58  
205  59  
206  60  
206  61  
206  62  
207  63  
207  64  
207  65  
207  66  
208  67  
208  68  
208  69  
208  70  
209  71  
209  72  
210  73  
325  65  
324  66  
323  67  
322  68  
321  69  
320  70  
319  71  
319  72  
318  73  
317  74  
316  75  
316  76  
315  77  
314  78  
313  79  
313  80  
312  81  
311  82  
311  83  
310  84  
309  85  
159  71  
160  72  
161  72  
162  73  
163  74  
164  74  
165  75  
166  76  
167  76  
168  77  
169  78  
170  79  
171  79  
172  80  
173  81  
174  82  
175  83  
176  84  
177  85  
178  86  
179  87  
180  87  
181  88  
182  89  
183  90  
184  91  
185  92  
52  79  
51  80  
50  81  
49  82  
47  83  
48  83  
46  84  
45  85  
44  86  
42  87  
43  87  
41  88  
39  89  
40  89  
38  90  
36  91  
37  91  
35  92  
33  93  
34  93  
32  94  
87  88  
88  88  
89  88  
90  88  
91  88  
92  88  
93  88  
94  88  
95  88  
96  88  
97  88  
98  88  
99  88  
100  88  
101  88  
102  88  
103  88  
104  88  
105  88  
106  88  
32  97  
33  97  
34  97  
35  97  
36  97  
37  97  
38  97  
39  97  
40  97  
41  97  
42  98  
43  98  
44  98  
45  98  
46  98  
47  98  
48  98  
49  98  
50  98  
51  98  
297  97  
296  98  
295  99  
294  100  
293  101  
292  102  
291  103  
290  104  
289  105  
288  106  
288  107  
287  108  
286  109  
285  110  
285  111  
284  112  
283  113  
282  114  
281  115  
281  116  
280  117  
32  101  
33  101  
56  101  
34  102  
35  102  
36  102  
37  102  
38  102  
39  102  
40  102  
41  102  
42  102  
43  102  
44  102  
45  102  
46  102  
47  102  
48  102  
49  102  
50  102  
51  102  
52  102  
53  102  
54  102  
55  102  
44  159  
45  160  
45  161  
45  162  
46  163  
46  164  
46  165  
47  166  
47  167  
47  168  
48  169  
48  170  
48  171  
48  172  
48  173  
49  174  
49  175  
49  176  
49  177  
49  178  
52  166  
52  167  
52  168  
53  169  
53  170  
53  171  
53  172  
53  173  
54  174  
54  175  
54  176  
54  177  
54  178  
54  179  
55  180  
55  181  
55  182  
55  183  
55  184  
55  185  
55  186  
55  187  
55  188  
55  189  
55  190  
55  191  
55  192  
56  193  
56  194  
56  195  
56  196  
56  197  
56  198  
56  199  
56  200  
56  201  
56  202  
56  203  
56  204  
56  205  
56  206  
56  207  
56  208  
55  209  
55  210  
55  211  
55  212  
55  213  
55  214  
55  215  
55  216  
55  217  
55  218  
54  219  
54  220  
54  221  
54  222  
54  223  
54  224  
53  225  
53  226  
53  227  
53  228  
52  229  
52  230  
52  231  
52  232  
51  233  
51  234  
51  235  
50  236  
50  237  
296  178  
297  178  
298  178  
299  178  
300  178  
301  178  
302  178  
303  178  
304  178  
305  178  
306  178  
307  178  
308  179  
309  179  
310  179  
311  179  
312  179  
313  179  
314  179  
315  179  
316  179  
317  179  
318  179  
319  179  
320  179  
321  179  
322  179  
323  179  
324  179  
325  179  
326  179  
327  179  
328  179  
329  179  
330  179  
331  179  
332  179  
333  179  
334  179  
335  179  
336  179  
337  179  
338  179  
339  179  
340  179  
46  179  
46  180  
46  181  
46  182  
46  183  
46  184  
46  185  
46  186  
46  187  
46  188  
46  189  
46  190  
46  191  
46  192  
46  193  
46  194  
46  195  
46  196  
46  197  
46  198  
46  199  
46  200  
46  201  
46  202  
46  203  
46  204  
46  205  
46  206  
46  207  
45  208  
45  209  
45  210  
45  211  
45  212  
45  213  
45  214  
45  215  
44  216  
44  217  
44  218  
44  219  
44  220  
44  221  
43  222  
43  223  
43  224  
43  225  
42  226  
42  227  
42  228  
42  229  
42  230  
41  231  
41  232  
41  233  
41  234  
40  235  
40  236  
40  237  
40  238  
40  239  
39  240  
39  241  
39  242  
38  243  
38  244  
38  245  
37  246  
37  247  
37  248  
37  249  
36  250  
36  251  
318  185  
319  185  
320  185  
321  185  
322  185  
323  185  
324  185  
325  185  
326  185  
327  185  
328  185  
329  185  
330  185  
331  185  
332  185  
333  185  
334  185  
335  185  
336  185  
337  186  
338  186  
339  186  
340  186  
341  186  
342  186  
343  186  
344  186  
345  186  
346  186  
347  186  
348  186  
349  186  
350  186  
351  186  
352  186  
353  186  
354  186  
355  186  
356  186  
357  186  
358  186  
359  186  
360  186  
361  186  
362  186  
363  186  
364  186  
365  186  
366  186  
367  186  
368  186  
369  186  
414  186  
415  186  
370  187  
371  187  
372  187  
373  187  
374  187  
375  187  
376  187  
377  187  
378  187  
379  187  
380  187  
381  187  
382  187  
383  187  
384  187  
385  187  
386  187  
387  187  
388  187  
389  187  
390  187  
391  187  
392  187  
393  187  
394  187  
395  187  
396  187  
397  187  
398  187  
399  187  
400  187  
401  187  
402  187  
403  187  
404  187  
405  187  
406  187  
407  187  
408  187  
409  187  
410  187  
411  187  
412  187  
413  187  
34  188  
34  189  
34  190  
34  191  
34  192  
35  193  
35  194  
35  195  
35  196  
35  197  
35  198  
35  199  
35  200  
36  201  
36  202  
36  203  
36  204  
36  205  
36  206  
36  207  
36  208  
36  209  
37  210  
37  211  
37  212  
37  213  
37  214  
37  215  
37  216  
37  217  
37  218  
37  219  
37  220  
37  221  
37  222  
37  223  
36  224  
36  225  
36  226  
36  227  
36  228  
36  229  
36  230  
36  231  
35  232  
35  233  
35  234  
35  235  
35  236  
35  237  
107  194  
108  194  
109  194  
110  194  
111  194  
112  194  
113  194  
114  194  
115  194  
116  194  
117  194  
118  194  
119  194  
120  194  
121  194  
122  194  
123  194  
124  194  
125  194  
126  194  
127  194  
128  194  
129  194  
130  194  
131  194  
132  194  
151  194  
152  194  
153  194  
154  194  
133  195  
134  195  
135  195  
136  195  
137  195  
138  195  
139  195  
140  195  
141  195  
142  195  
143  195  
144  195  
145  195  
146  195  
147  195  
148  195  
149  195  
150  195  
244  195  
244  196  
244  197  
244  198  
244  199  
244  200  
244  201  
244  202  
244  203  
244  204  
244  205  
244  206  
244  207  
244  208  
244  209  
244  210  
244  211  
244  212  
244  213  
244  214  
244  215  
244  216  
244  217  
244  218  
111  197  
112  198  
113  198  
114  198  
115  198  
116  198  
117  198  
118  198  
119  198  
120  198  
121  198  
122  198  
123  198  
124  198  
125  198  
126  198  
127  198  
128  198  
129  198  
130  198  
51  198  
51  199  
51  200  
50  201  
50  202  
50  203  
50  204  
50  205  
50  206  
50  207  
50  208  
50  209  
50  210  
50  211  
50  212  
50  213  
49  214  
49  215  
49  216  
49  217  
49  218  
49  219  
428  199  
429  199  
430  199  
431  199  
432  199  
433  199  
434  199  
435  199  
436  199  
437  199  
438  199  
439  200  
440  200  
441  200  
442  200  
443  200  
444  200  
445  200  
446  201  
447  201  
448  201  
125  206  
126  206  
123  207  
124  207  
121  208  
122  208  
119  209  
120  209  
118  210  
116  211  
117  211  
115  212  
113  213  
114  213  
111  214  
112  214  
110  215  
108  216  
109  216  
106  217  
107  217  
105  218  
102  219  
103  219  
104  219  
356  206  
357  207  
358  207  
359  207  
360  208  
361  208  
362  208  
363  209  
364  209  
365  209  
366  210  
367  210  
368  210  
369  211  
370  211  
371  211  
372  212  
373  212  
374  213  
375  213  
376  214  
377  214  
378  215  
379  215  
380  216  
145  208  
146  208  
147  208  
148  208  
149  208  
150  208  
151  208  
152  208  
153  208  
154  208  
155  208  
156  208  
157  208  
158  208  
159  208  
160  208  
161  208  
162  208  
163  208  
164  208  
412  210  
413  210  
414  211  
415  211  
416  211  
417  212  
418  212  
419  213  
420  213  
421  213  
422  214  
423  214  
424  214  
425  215  
426  215  
427  215  
428  216  
429  216  
430  217  
431  217  
432  217  
433  218  
434  218  
435  219  
436  219  
437  219  
438  219  
439  220  
440  220  
441  221  
442  221  
443  222  
444  222  
445  222  
447  222  
448  222  
446  223  
48  221  
48  222  
48  223  
48  224  
48  225  
47  226  
47  227  
47  228  
47  229  
47  230  
46  231  
46  232  
46  233  
46  234  
45  235  
45  236  
45  237  
45  238  
44  239  
44  240  
44  241  
44  242  
43  243  
43  244  
42  245  
42  246  
42  247  
42  248  
41  249  
41  250  
41  251  
41  252  
83  235  
83  236  
84  237  
85  238  
86  239  
87  240  
88  241  
89  242  
90  243  
91  244  
92  245  
93  246  
94  247  
95  248  
96  249  
97  250  
98  251  
99  252  
100  253  
101  254  
102  255  
103  256  
104  257  
105  258  
106  259  
107  260  
108  261  
109  262  
244  241  
245  241  
246  241  
247  241  
248  241  
249  241  
250  241  
251  241  
252  241  
253  241  
254  241  
255  241  
236  242  
237  242  
238  242  
239  242  
240  242  
241  242  
242  242  
243  242  
230  243  
231  243  
232  243  
233  243  
234  243  
235  243  
227  244  
228  244  
229  244  
224  245  
225  245  
226  245  
221  246  
222  246  
223  246  
217  247  
218  247  
219  247  
220  247  
214  248  
215  248  
216  248  
213  249  
212  250  
212  251  
212  252  
392  244  
393  244  
394  244  
395  244  
396  244  
397  244  
398  244  
399  244  
400  244  
401  244  
402  244  
403  244  
404  244  
405  244  
406  244  
407  244  
408  244  
409  244  
410  244  
411  244  
412  244  
379  245  
380  245  
381  245  
382  245  
383  245  
384  245  
385  245  
386  245  
387  245  
388  245  
389  245  
390  245  
391  245  
413  245  
414  245  
415  245  
416  245  
417  245  
418  245  
419  245  
420  245  
421  245  
422  245  
423  245  
424  245  
425  246  
426  246  
427  246  
428  246  
429  246  
430  246  
431  247  
432  247  
433  247  
434  247  
435  248  
436  248  
437  248  
438  248  
439  249  
440  249  
441  249  
442  249  
443  250  
444  250  
445  250  
446  250  
447  251  
448  251  
376  249  
377  249  
378  249  
379  249  
380  249  
381  249  
382  249  
383  249  
384  249  
385  249  
386  249  
387  249  
388  249  
389  249  
390  249  
391  249  
392  249  
393  249  
394  249  
395  249  
396  249  
397  249  
398  249  
399  249  
400  249  
401  249  
402  249  
403  249  
404  249  
405  249  
406  249  
407  249  
408  249  
409  249  
410  249  
411  249  
412  249  
413  249  
414  249  
415  249  
416  249  
417  249  
418  249  
419  249  
420  249  
421  249  
422  250  
423  250  
424  250  
425  250  
426  250  
427  250  
58  256  
58  257  
58  258  
58  259  
58  260  
58  261  
57  262  
57  263  
57  264  
57  265  
57  266  
57  267  
57  268  
57  269  
57  270  
57  271  
57  272  
57  273  
57  274  
57  275  
57  276  
58  277  
58  278  
58  279  
369  262  
370  262  
371  262  
372  262  
373  262  
374  262  
375  262  
376  262  
377  263  
378  263  
379  263  
380  263  
381  263  
382  263  
383  263  
384  263  
385  263  
386  264  
387  264  
388  264  
389  264  
390  264  
391  264  
392  264  
393  264  
394  264  
395  264  
396  264  
397  264  
398  265  
399  265  
400  265  
401  265  
402  265  
403  265  
412  267  
413  267  
414  267  
415  267  
416  267  
417  267  
418  267  
419  267  
420  267  
421  268  
422  268  
423  268  
424  268  
425  268  
426  268  
427  268  
428  268  
429  268  
430  268  
431  268  
432  268  
433  268  
434  268  
435  269  
436  269  
437  269  
438  269  
439  269  
440  269  
441  270  
442  270  
443  270  
444  270  
445  271  
446  271  
447  271  
448  271  
105  283  
104  284  
103  285  
102  286  
101  287  
100  288  
99  289  
98  290  
97  291  
96  292  
95  293  
94  294  
93  295  
92  296  
90  297  
91  297  
89  298  
88  299  
88  300  
87  301  
86  302  
177  295  
178  296  
178  297  
178  298  
177  299  
177  300  
177  301  
177  302  
177  303  
177  304  
177  305  
177  306  
177  307  
177  308  
177  309  
177  310  
177  311  
177  312  
177  313  
177  314  
177  315  
177  316  
177  317  
177  318  
177  319  
177  320  
74  317  
75  318  
76  319  
77  320  
77  321  
78  322  
79  323  
80  324  
81  325  
82  326  
83  327  
84  328  
85  329  
86  330  
87  331  
88  332  
89  333  
90  334  
91  335  
92  336  
93  337  
94  338  
95  339  
95  340  
96  341  
97  342  
98  343  
99  344  
100  345  
101  346  
102  347  
103  348  
104  349  
105  350  
106  351  
107  352  
108  353  
109  354  
110  355  
111  356  
54  348  
54  349  
54  350  
54  351  
54  352  
54  353  
53  354  
53  355  
53  356  
53  357  
53  358  
53  359  
53  360  
53  361  
53  362  
53  363  
53  364  
53  365  
53  366  
53  367  
109  375  
108  376  
106  377  
107  377  
105  378  
103  379  
104  379  
102  380  
101  381  
100  382  
98  383  
99  383  
97  384  
96  385  
94  386  
95  386  
93  387  
92  388  
91  389  
90  390  
88  391  
89  391  
86  392  
87  392  
241  397  
241  398  
241  399  
241  400  
241  401  
241  402  
241  403  
241  404  
241  405  
241  406  
241  407  
241  408  
241  409  
241  410  
241  411  
241  412  
241  413  
241  414  
241  415  
241  416  
241  417  
241  418  
241  419  
241  420  
241  421  
241  422  
241  423  
241  424  
241  425  
241  426  
308  398  
309  398  
310  398  
311  398  
312  398  
313  398  
314  399  
315  399  
316  399  
317  399  
318  399  
319  399  
320  399  
321  399  
322  399  
323  399  
324  399  
325  399  
326  399  
327  400  
328  400  
329  400  
330  400  
215  401  
215  402  
215  403  
215  404  
215  405  
214  406  
214  407  
214  408  
214  409  
214  410  
214  411  
214  412  
214  413  
214  414  
214  415  
214  416  
214  417  
214  418  
214  419  
214  420  
214  421  
214  422  
214  423  
214  424  
214  425  
312  403  
313  403  
314  403  
315  404  
316  404  
317  404  
318  404  
319  404  
320  404  
321  404  
322  404  
323  404  
324  404  
325  404  
326  404  
327  404  
328  404  
329  404  
330  404  
331  404  
332  405  
101  412  
102  412  
103  413  
104  413  
105  414  
106  414  
107  415  
108  416  
109  416  
110  417  
111  417  
112  418  
113  418  
114  419  
115  419  
116  420  
117  420  
118  421  
119  421  
120  422  
121  422  
122  423  
123  423  
124  424  
125  424  
126  425  
75  417  
75  418  
75  419  
75  420  
75  421  
75  422  
75  423  
75  424  
75  425  
75  426  
75  427  
75  428  
75  429  
75  430  
75  431  
75  432  
75  433  
75  434  
75  435  
75  436  
74  437  
74  438  
74  439  
74  440  
74  441  
74  442  
74  443  
74  444  
74  445  
74  446  
74  447  
74  448  
74  449  
74  450  
74  451  
74  452  
74  453  
74  454  
74  455  
74  456  
74  457  
74  458  
74  459  
74  460  
74  461  
74  462  
74  463  
74  464  
74  465  
74  466  
74  467  
74  468  
74  469  
74  470  
74  471  
74  472  
74  473  
74  474  
74  475  
74  476  
74  477  
74  478  
74  479  
74  480  
74  481  
74  482  
74  483  
74  484  
74  485  
74  486  
74  487  
74  488  
74  489  
74  490  
74  491  
74  492  
74  493  
74  494  
74  495  
74  496  
74  497  
74  498  
74  499  
74  500  
74  501  
74  502  
74  503  
74  504  
74  505  
74  506  
74  507  
74  508  
74  509  
106  426  
107  426  
108  426  
109  427  
110  427  
111  427  
112  427  
113  427  
114  428  
115  428  
116  428  
117  428  
118  428  
119  429  
120  429  
121  429  
122  429  
123  429  
124  429  
125  430  
126  430  
272  429  
273  429  
274  429  
275  429  
276  429  
277  429  
278  429  
279  429  
280  429  
281  429  
282  429  
283  429  
284  429  
285  429  
286  429  
287  429  
288  429  
289  429  
290  429  
291  429  
292  429  
293  429  
294  429  
217  430  
218  430  
219  430  
220  430  
221  430  
222  430  
223  430  
224  430  
225  430  
226  430  
227  430  
228  430  
229  430  
230  430  
231  430  
232  430  
233  430  
234  430  
235  430  
236  430  
237  430  
238  430  
239  430  
240  430  
326  431  
327  431  
328  431  
329  431  
330  431  
331  431  
332  431  
333  431  
334  431  
335  431  
336  431  
337  431  
338  431  
339  431  
340  431  
341  431  
342  431  
343  431  
344  431  
345  431  
346  432  
347  432  
348  432  
349  432  
350  432  
351  432  
352  432  
353  432  
354  432  
355  432  
356  432  
357  432  
358  432  
359  433  
360  433  
361  433  
362  433  
363  433  
364  433  
365  433  
366  433  
367  433  
368  433  
369  433  
370  433  
371  433  
372  433  
373  433  
374  433  
375  433  
376  433  
398  435  
399  435  
400  435  
401  435  
402  435  
403  435  
404  435  
405  435  
406  435  
407  435  
408  435  
409  435  
410  435  
411  435  
412  435  
413  435  
414  435  
415  435  
416  435  
417  435  
418  435  
419  435  
420  435  
339  446  
340  447  
340  448  
341  449  
341  450  
341  451  
342  452  
342  453  
342  454  
343  455  
343  456  
343  457  
344  458  
344  459  
344  460  
344  461  
345  462  
345  463  
345  464  
346  465  
132  471  
131  472  
131  473  
130  474  
130  475  
129  476  
129  477  
128  478  
128  479  
127  480  
127  481  
126  482  
126  483  
126  484  
125  485  
125  486  
124  487  
124  488  
123  489  
123  490  
193  471  
194  471  
190  472  
191  472  
192  472  
188  473  
189  473  
186  474  
187  474  
183  475  
184  475  
185  475  
181  476  
182  476  
179  477  
180  477  
176  478  
177  478  
178  478  
173  479  
174  479  
175  479  
170  480  
171  480  
172  480  
167  481  
168  481  
169  481  
164  482  
165  482  
166  482  
163  483  
162  484  
118  473  
117  474  
117  475  
116  476  
116  477  
115  478  
115  479  
114  480  
114  481  
113  482  
113  483  
112  484  
112  485  
112  486  
111  487  
111  488  
111  489  
110  490  
110  491  
110  492  
109  493  
109  494  
109  495  
108  496  
108  497  
108  498  
108  499  
108  500  
123  474  
122  475  
121  476  
121  477  
120  478  
120  479  
119  480  
119  481  
118  482  
118  483  
117  484  
117  485  
116  486  
116  487  
116  488  
115  489  
115  490  
115  491  
114  492  
114  493  
114  494  
113  495  
113  496  
113  497  
113  498  
112  499  
112  500  
112  501  
112  502  
112  503  
339  475  
339  476  
339  477  
339  478  
339  479  
340  480  
340  481  
340  482  
340  483  
341  484  
341  485  
341  486  
342  487  
342  488  
342  489  
343  490  
343  491  
343  492  
344  493  
344  494  
344  495  
344  496  
122  493  
122  494  
121  495  
121  496  
121  497  
121  498  
120  499  
120  500  
120  501  
120  502  
120  503  
119  504  
119  505  
119  506  
119  507  
119  508  
118  509  
118  510  
118  511  
118  512  
118  513  
118  514  
117  515  
117  516  
117  517  
117  518  
117  519  
81  512  
82  512  
83  512  
84  512  
85  512  
86  513  
87  513  
88  513  
89  513  
90  513  
91  513  
92  513  
93  513  
94  513  
95  513  
96  513  
97  513  
98  513  
99  513  
100  513  
101  513  
102  513  
74  519  
74  520  
74  521  
74  522  
74  523  
74  524  
74  525  
74  526  
74  527  
74  528  
74  529  
74  530  
73  531  
73  532  
73  533  
73  534  
73  535  
73  536  
73  537  
73  538  
73  539  
73  540  
73  541  
73  542  
73  543  
73  544  
73  545  
73  546  
73  547  
73  548  
73  549  
73  550  
73  551  
73  552  
73  553  
73  554  
73  555  
73  556  
73  557  
73  558  
73  559  
73  560  
73  561  
73  562  
73  563  
73  564  
73  565  
73  566  
73  567  
73  568  
73  569  
73  570  
73  571  
73  572  
73  573  
73  574  
73  575  
73  576  
73  577  
73  578  
73  579  
73  580  
73  581  
73  582  
73  583  
73  584  
73  585  
73  586  
73  587  
221  522  
222  522  
223  522  
224  522  
225  523  
226  523  
227  523  
228  523  
229  523  
230  523  
231  523  
232  523  
233  523  
234  523  
235  523  
236  523  
237  524  
238  524  
239  524  
240  524  
241  524  
364  528  
364  529  
364  530  
364  531  
364  532  
364  533  
364  534  
364  535  
364  536  
364  537  
365  538  
365  539  
365  540  
365  541  
365  542  
365  543  
365  544  
365  545  
365  546  
365  547  
365  548  
365  549  
113  531  
114  532  
114  533  
114  534  
114  535  
114  536  
114  537  
114  538  
114  539  
114  540  
114  541  
114  542  
114  543  
114  544  
114  545  
114  546  
114  547  
114  548  
114  549  
114  550  
114  551  
114  552  
114  553  
114  554  
114  555  
114  556  
114  557  
114  558  
114  559  
114  560  
114  561  
114  562  
114  563  
114  564  
114  565  
114  566  
114  567  
114  568  
114  569  
114  570  
114  571  
114  572  
114  573  
114  574  
114  575  
114  576  
114  577  
114  578  
114  579  
114  580  
114  581  
114  582  
114  583  
114  584  
114  585  
114  586  
114  587  
114  588  
114  589  
114  590  
114  591  
114  592  
114  593  
114  594  
113  595  
113  596  
113  597  
113  598  
113  599  
113  600  
113  601  
113  602  
113  603  
113  604  
113  605  
113  606  
113  607  
113  608  
32  533  
32  534  
32  535  
33  536  
33  537  
33  538  
34  539  
34  540  
34  541  
35  542  
35  543  
35  544  
36  545  
36  546  
36  547  
36  548  
37  549  
37  550  
37  551  
38  552  
38  553  
38  554  
38  555  
39  556  
39  557  
39  558  
39  559  
40  560  
40  561  
40  562  
40  563  
40  564  
40  565  
41  566  
41  567  
41  568  
41  569  
41  570  
41  571  
41  572  
42  573  
42  574  
42  575  
42  576  
42  577  
42  578  
42  579  
43  580  
43  581  
43  582  
43  583  
43  584  
43  585  
43  586  
43  587  
43  588  
43  589  
43  590  
44  591  
44  592  
44  593  
44  594  
44  595  
44  596  
44  597  
44  598  
44  599  
44  600  
267  533  
268  533  
269  534  
270  534  
271  534  
272  534  
273  535  
274  535  
275  535  
276  536  
277  536  
278  536  
279  536  
280  537  
281  537  
282  537  
283  537  
284  538  
285  538  
286  539  
287  539  
288  539  
46  542  
46  543  
46  544  
47  545  
47  546  
47  547  
48  548  
48  549  
48  550  
49  551  
49  552  
49  553  
49  554  
50  555  
50  556  
50  557  
50  558  
51  559  
51  560  
51  561  
51  562  
51  563  
32  548  
32  549  
32  550  
33  551  
33  552  
33  553  
34  554  
34  555  
34  556  
34  557  
35  558  
35  559  
35  560  
35  561  
36  562  
36  563  
36  564  
36  565  
36  566  
37  567  
37  568  
37  569  
37  570  
37  571  
38  572  
38  573  
38  574  
38  575  
38  576  
39  577  
39  578  
39  579  
39  580  
39  581  
348  564  
348  565  
348  566  
348  567  
348  568  
348  569  
348  570  
348  571  
348  572  
347  573  
347  574  
347  575  
347  576  
347  577  
347  578  
347  579  
347  580  
347  581  
347  582  
347  583  
347  584  
347  585  
347  586  
32  565  
32  566  
32  567  
32  568  
33  569  
33  570  
33  571  
33  572  
34  573  
34  574  
34  575  
34  576  
35  577  
35  578  
35  579  
35  580  
35  581  
35  582  
36  583  
36  584  
36  585  
36  586  
36  587  
36  588  
36  589  
36  590  
36  591  
36  592  
36  593  
36  594  
36  595  
36  596  
36  597  
36  598  
36  599  
36  600  
36  601  
52  565  
52  566  
52  567  
52  568  
52  569  
52  570  
53  571  
53  572  
53  573  
53  574  
53  575  
53  576  
53  577  
53  578  
53  579  
53  580  
53  581  
53  582  
53  583  
53  584  
53  585  
53  586  
53  587  
53  588  
53  589  
53  590  
53  591  
53  592  
53  593  
53  594  
53  595  
53  596  
53  597  
53  598  
53  599  
53  600  
53  601  
52  602  
52  603  
52  604  
52  605  
52  606  
52  607  
51  608  
48  577  
48  578  
48  579  
48  580  
48  581  
48  582  
48  583  
48  584  
48  585  
48  586  
48  587  
48  588  
48  589  
48  590  
48  591  
48  592  
48  593  
48  594  
48  595  
48  596  
48  597  
48  598  
48  599  
48  600  
48  601  
48  602  
48  603  
48  604  
48  605  
48  606  
339  583  
339  584  
339  585  
340  586  
340  587  
340  588  
339  589  
339  590  
339  591  
339  592  
339  593  
339  594  
339  595  
339  596  
339  597  
339  598  
339  599  
339  600  
339  601  
339  602  
339  603  
339  604  
339  605  
339  606  
339  607  
339  608  
