403  38  
403  39  
403  40  
403  41  
403  42  
403  43  
403  44  
403  45  
403  46  
403  47  
403  48  
403  49  
403  50  
403  51  
403  52  
403  53  
403  54  
403  55  
403  56  
403  57  
403  58  
339  40  
340  40  
341  40  
342  40  
343  40  
344  40  
345  40  
326  41  
327  41  
328  41  
329  41  
330  41  
331  41  
332  41  
333  41  
334  41  
335  41  
336  41  
337  41  
338  41  
310  42  
311  42  
312  42  
313  42  
314  42  
315  42  
316  42  
317  42  
318  42  
319  42  
320  42  
321  42  
322  42  
323  42  
324  42  
325  42  
301  43  
302  43  
303  43  
304  43  
305  43  
306  43  
307  43  
308  43  
309  43  
291  44  
292  44  
293  44  
294  44  
295  44  
296  44  
297  44  
298  44  
299  44  
300  44  
279  45  
280  45  
281  45  
282  45  
283  45  
284  45  
285  45  
286  45  
287  45  
288  45  
289  45  
290  45  
260  46  
261  46  
262  46  
263  46  
264  46  
265  46  
266  46  
267  46  
268  46  
269  46  
270  46  
271  46  
272  46  
273  46  
274  46  
275  46  
276  46  
277  46  
278  46  
251  47  
252  47  
253  47  
254  47  
255  47  
256  47  
257  47  
258  47  
259  47  
244  48  
245  48  
246  48  
247  48  
248  48  
249  48  
250  48  
233  49  
234  49  
235  49  
236  49  
237  49  
238  49  
239  49  
240  49  
241  49  
242  49  
243  49  
222  50  
223  50  
224  50  
225  50  
226  50  
227  50  
228  50  
229  50  
230  50  
231  50  
232  50  
214  51  
215  51  
216  51  
217  51  
218  51  
219  51  
220  51  
221  51  
407  43  
408  44  
408  45  
408  46  
408  47  
408  48  
408  49  
408  50  
408  51  
408  52  
408  53  
408  54  
408  55  
408  56  
408  57  
408  58  
408  59  
408  60  
408  61  
408  62  
419  43  
419  44  
419  45  
419  46  
419  47  
419  48  
419  49  
419  50  
419  51  
419  52  
419  53  
419  54  
419  55  
419  56  
419  57  
419  58  
419  59  
419  60  
419  61  
419  62  
419  63  
419  64  
419  65  
419  66  
368  66  
355  67  
356  67  
357  67  
358  67  
359  67  
360  67  
361  67  
362  67  
363  67  
364  67  
365  67  
366  67  
367  67  
340  68  
341  68  
342  68  
343  68  
344  68  
345  68  
346  68  
347  68  
348  68  
349  68  
350  68  
351  68  
352  68  
353  68  
354  68  
329  69  
330  69  
331  69  
332  69  
333  69  
334  69  
335  69  
336  69  
337  69  
338  69  
339  69  
326  70  
327  70  
328  70  
393  69  
382  70  
383  70  
384  70  
385  70  
386  70  
387  70  
388  70  
389  70  
390  70  
391  70  
392  70  
365  71  
366  71  
367  71  
368  71  
369  71  
370  71  
371  71  
372  71  
373  71  
374  71  
375  71  
376  71  
377  71  
378  71  
379  71  
380  71  
381  71  
355  72  
356  72  
357  72  
358  72  
359  72  
360  72  
361  72  
362  72  
363  72  
364  72  
292  72  
293  72  
294  72  
295  72  
296  72  
297  72  
298  72  
299  72  
300  72  
301  72  
302  72  
303  72  
304  72  
305  72  
306  72  
307  72  
308  72  
279  73  
280  73  
281  73  
282  73  
283  73  
284  73  
285  73  
286  73  
287  73  
288  73  
289  73  
290  73  
291  73  
264  74  
265  74  
266  74  
267  74  
268  74  
269  74  
270  74  
271  74  
272  74  
273  74  
274  74  
275  74  
276  74  
277  74  
278  74  
254  75  
255  75  
256  75  
257  75  
258  75  
259  75  
260  75  
261  75  
262  75  
263  75  
253  76  
252  77  
252  78  
253  79  
304  76  
305  76  
306  76  
307  76  
290  77  
291  77  
292  77  
293  77  
294  77  
295  77  
296  77  
297  77  
298  77  
299  77  
300  77  
301  77  
302  77  
303  77  
308  77  
309  77  
284  78  
285  78  
286  78  
287  78  
288  78  
289  78  
232  77  
233  77  
234  77  
235  77  
236  77  
237  77  
238  77  
239  77  
240  77  
241  77  
242  77  
218  78  
219  78  
220  78  
221  78  
222  78  
223  78  
224  78  
225  78  
226  78  
227  78  
228  78  
229  78  
230  78  
231  78  
302  79  
302  80  
302  81  
302  82  
302  83  
302  84  
302  85  
302  86  
302  87  
302  88  
302  89  
302  90  
302  91  
302  92  
302  93  
302  94  
302  95  
302  96  
302  97  
302  98  
302  99  
302  100  
302  101  
302  102  
302  103  
302  104  
302  105  
302  106  
210  85  
211  85  
212  85  
213  85  
214  85  
215  85  
197  86  
198  86  
199  86  
200  86  
201  86  
202  86  
203  86  
204  86  
205  86  
206  86  
207  86  
208  86  
209  86  
184  87  
185  87  
186  87  
187  87  
188  87  
189  87  
190  87  
191  87  
192  87  
193  87  
194  87  
195  87  
196  87  
424  85  
425  85  
426  85  
427  85  
428  85  
429  85  
430  85  
431  85  
432  85  
433  85  
434  85  
435  85  
436  85  
437  85  
438  85  
439  85  
440  85  
421  86  
422  86  
423  86  
315  87  
315  88  
315  89  
315  90  
315  91  
315  92  
315  93  
315  94  
315  95  
315  96  
315  97  
315  98  
315  99  
315  100  
315  101  
315  102  
315  103  
315  104  
315  105  
315  106  
315  107  
315  108  
315  109  
315  110  
315  111  
315  112  
315  113  
315  114  
315  115  
315  116  
315  117  
315  118  
315  119  
315  120  
105  88  
106  88  
107  88  
108  88  
109  88  
110  88  
111  88  
112  88  
113  88  
97  89  
98  89  
99  89  
100  89  
101  89  
102  89  
103  89  
104  89  
94  90  
95  90  
96  90  
344  92  
344  93  
344  94  
344  95  
344  96  
344  97  
344  98  
344  99  
344  100  
344  101  
344  102  
344  103  
344  104  
344  105  
344  106  
344  107  
344  108  
344  109  
344  110  
344  111  
344  112  
344  113  
344  114  
344  115  
344  116  
344  117  
344  118  
344  119  
344  120  
344  121  
344  122  
344  123  
344  124  
344  125  
344  126  
344  127  
343  128  
147  94  
148  94  
149  94  
150  94  
134  95  
135  95  
136  95  
137  95  
138  95  
139  95  
140  95  
141  95  
142  95  
143  95  
144  95  
145  95  
146  95  
126  96  
127  96  
128  96  
129  96  
130  96  
131  96  
132  96  
133  96  
115  97  
116  97  
117  97  
118  97  
119  97  
120  97  
121  97  
122  97  
123  97  
124  97  
125  97  
102  98  
103  98  
104  98  
105  98  
106  98  
107  98  
108  98  
109  98  
110  98  
111  98  
112  98  
113  98  
114  98  
87  99  
88  99  
89  99  
90  99  
91  99  
92  99  
93  99  
94  99  
95  99  
96  99  
97  99  
98  99  
99  99  
100  99  
101  99  
82  100  
83  100  
84  100  
85  100  
86  100  
349  95  
349  96  
349  97  
349  98  
349  99  
349  100  
349  101  
349  102  
349  103  
349  104  
349  105  
349  106  
349  107  
349  108  
349  109  
349  110  
349  111  
349  112  
349  113  
349  114  
349  115  
349  116  
349  117  
349  118  
349  119  
349  120  
349  121  
349  122  
349  123  
349  124  
349  125  
349  126  
349  127  
349  128  
349  129  
349  130  
349  131  
349  132  
349  133  
349  134  
349  135  
349  136  
349  137  
349  138  
349  139  
349  140  
349  141  
349  142  
349  143  
349  144  
349  145  
349  146  
168  107  
168  108  
168  109  
168  110  
168  111  
168  112  
168  113  
168  114  
168  115  
168  116  
168  117  
168  118  
168  119  
168  120  
168  121  
168  122  
168  123  
168  124  
168  125  
169  126  
224  108  
224  109  
224  110  
224  111  
224  112  
224  113  
224  114  
224  115  
224  116  
224  117  
224  118  
224  119  
224  120  
224  121  
224  122  
224  123  
224  124  
224  125  
224  126  
224  127  
224  128  
224  129  
224  130  
224  131  
224  132  
224  133  
224  134  
224  135  
224  136  
224  137  
224  138  
224  139  
224  140  
224  141  
224  142  
224  143  
224  144  
224  145  
224  146  
224  147  
224  148  
224  149  
224  150  
224  151  
224  152  
224  153  
224  154  
224  155  
224  156  
224  157  
224  158  
224  159  
224  160  
224  161  
224  162  
224  163  
224  164  
224  165  
223  166  
223  167  
447  109  
448  109  
428  110  
429  110  
430  110  
431  110  
432  110  
433  110  
434  110  
435  110  
436  110  
437  110  
438  110  
439  110  
440  110  
441  110  
442  110  
443  110  
444  110  
445  110  
446  110  
294  110  
295  110  
296  110  
297  110  
298  110  
299  110  
281  111  
282  111  
283  111  
284  111  
285  111  
286  111  
287  111  
288  111  
289  111  
290  111  
291  111  
292  111  
293  111  
277  112  
278  112  
279  112  
280  112  
145  118  
146  118  
147  118  
148  118  
149  118  
150  118  
151  118  
152  118  
153  118  
154  118  
155  118  
132  119  
133  119  
134  119  
135  119  
136  119  
137  119  
138  119  
139  119  
140  119  
141  119  
142  119  
143  119  
144  119  
114  120  
115  120  
116  120  
117  120  
118  120  
119  120  
120  120  
121  120  
122  120  
123  120  
124  120  
125  120  
126  120  
127  120  
128  120  
129  120  
130  120  
131  120  
101  121  
102  121  
103  121  
104  121  
105  121  
106  121  
107  121  
108  121  
109  121  
110  121  
111  121  
112  121  
113  121  
95  122  
96  122  
97  122  
98  122  
99  122  
100  122  
45  125  
45  126  
45  127  
45  128  
45  129  
45  130  
45  131  
45  132  
45  133  
45  134  
45  135  
45  136  
45  137  
45  138  
45  139  
45  140  
45  141  
46  142  
46  143  
46  144  
46  145  
46  146  
46  147  
46  148  
46  149  
46  150  
46  151  
46  152  
46  153  
46  154  
46  155  
46  156  
46  157  
46  158  
46  159  
46  160  
46  161  
46  162  
46  163  
46  164  
46  165  
46  166  
46  167  
46  168  
46  169  
46  170  
46  171  
46  172  
46  173  
46  174  
46  175  
147  133  
148  133  
149  133  
150  133  
151  133  
152  133  
153  133  
154  133  
132  134  
133  134  
134  134  
135  134  
136  134  
137  134  
138  134  
139  134  
140  134  
141  134  
142  134  
143  134  
144  134  
145  134  
146  134  
115  135  
116  135  
117  135  
118  135  
119  135  
120  135  
121  135  
122  135  
123  135  
124  135  
125  135  
126  135  
127  135  
128  135  
129  135  
130  135  
131  135  
100  136  
101  136  
102  136  
103  136  
104  136  
105  136  
106  136  
107  136  
108  136  
109  136  
110  136  
111  136  
112  136  
113  136  
114  136  
99  137  
360  133  
361  134  
362  135  
363  136  
364  137  
365  137  
366  138  
367  139  
368  139  
369  140  
370  141  
371  141  
372  142  
373  143  
374  144  
375  145  
376  146  
377  147  
378  148  
379  149  
380  150  
381  151  
382  151  
383  152  
383  153  
384  154  
385  155  
386  156  
165  135  
165  136  
165  137  
165  138  
165  139  
165  140  
165  141  
165  142  
165  143  
165  144  
165  145  
165  146  
165  147  
165  148  
165  149  
165  150  
165  151  
165  152  
165  153  
165  154  
169  135  
169  136  
169  137  
169  138  
169  139  
169  140  
169  141  
169  142  
169  143  
169  144  
169  145  
169  146  
169  147  
169  148  
169  149  
169  150  
169  151  
169  152  
169  153  
169  154  
169  155  
169  156  
169  157  
169  158  
169  159  
169  160  
169  161  
169  162  
169  163  
168  164  
168  165  
168  166  
168  167  
126  139  
127  139  
128  139  
129  139  
130  139  
131  139  
117  140  
118  140  
119  140  
120  140  
121  140  
122  140  
123  140  
124  140  
125  140  
105  141  
106  141  
107  141  
108  141  
109  141  
110  141  
111  141  
112  141  
113  141  
114  141  
115  141  
116  141  
98  142  
99  142  
100  142  
101  142  
102  142  
103  142  
104  142  
229  139  
230  140  
230  141  
230  142  
230  143  
230  144  
230  145  
230  146  
230  147  
230  148  
230  149  
230  150  
230  151  
230  152  
230  153  
230  154  
230  155  
230  156  
230  157  
230  158  
230  159  
230  160  
230  161  
230  162  
230  163  
230  164  
230  165  
230  166  
286  140  
287  140  
288  140  
289  140  
290  140  
291  140  
292  140  
293  140  
294  140  
295  140  
296  140  
297  140  
298  140  
299  140  
300  140  
279  141  
280  141  
281  141  
282  141  
283  141  
284  141  
285  141  
310  143  
310  144  
310  145  
310  146  
310  147  
310  148  
310  149  
310  150  
310  151  
310  152  
310  153  
310  154  
311  155  
311  156  
311  157  
311  158  
311  159  
311  160  
311  161  
311  162  
311  163  
311  164  
311  165  
311  166  
141  147  
142  147  
143  147  
144  147  
145  147  
146  147  
147  147  
148  147  
149  147  
150  147  
151  147  
152  147  
153  147  
154  147  
155  147  
124  148  
125  148  
126  148  
127  148  
128  148  
129  148  
130  148  
131  148  
132  148  
133  148  
134  148  
135  148  
136  148  
137  148  
138  148  
139  148  
140  148  
107  149  
108  149  
109  149  
110  149  
111  149  
112  149  
113  149  
114  149  
115  149  
116  149  
117  149  
118  149  
119  149  
120  149  
121  149  
122  149  
123  149  
99  150  
100  150  
101  150  
102  150  
103  150  
104  150  
105  150  
106  150  
316  149  
316  150  
316  151  
316  152  
316  153  
316  154  
316  155  
316  156  
316  157  
316  158  
316  159  
316  160  
316  161  
316  162  
316  163  
316  164  
315  165  
315  166  
315  167  
315  168  
315  169  
315  170  
315  171  
315  172  
315  173  
315  174  
315  175  
315  176  
315  177  
315  178  
315  179  
315  180  
315  181  
315  182  
315  183  
315  184  
315  185  
315  186  
315  187  
315  188  
315  189  
315  190  
138  162  
139  162  
140  162  
141  162  
142  162  
143  162  
144  162  
145  162  
146  162  
147  162  
148  162  
149  162  
150  162  
151  162  
152  162  
153  162  
154  162  
118  163  
119  163  
120  163  
121  163  
122  163  
123  163  
124  163  
125  163  
126  163  
127  163  
128  163  
129  163  
130  163  
131  163  
132  163  
133  163  
134  163  
135  163  
136  163  
137  163  
98  164  
99  164  
100  164  
101  164  
102  164  
103  164  
104  164  
105  164  
106  164  
107  164  
108  164  
109  164  
110  164  
111  164  
112  164  
113  164  
114  164  
115  164  
116  164  
117  164  
357  164  
358  164  
359  164  
360  164  
361  164  
362  164  
363  164  
364  164  
365  164  
366  164  
367  164  
368  164  
369  164  
370  164  
371  164  
372  164  
373  164  
374  164  
375  164  
376  164  
377  164  
378  164  
379  164  
380  164  
381  164  
382  164  
383  164  
206  170  
207  170  
208  170  
209  170  
210  170  
211  170  
212  170  
213  170  
214  170  
215  170  
186  171  
187  171  
188  171  
189  171  
190  171  
191  171  
192  171  
193  171  
194  171  
195  171  
196  171  
197  171  
198  171  
199  171  
200  171  
201  171  
202  171  
203  171  
204  171  
205  171  
302  174  
302  175  
302  176  
302  177  
302  178  
302  179  
302  180  
302  181  
302  182  
302  183  
302  184  
302  185  
302  186  
302  187  
302  188  
302  189  
302  190  
302  191  
302  192  
302  193  
302  194  
302  195  
302  196  
302  197  
302  198  
302  199  
302  200  
302  201  
302  202  
303  203  
303  204  
302  205  
302  206  
303  207  
303  208  
303  209  
146  175  
147  175  
148  175  
149  175  
150  175  
125  176  
126  176  
127  176  
128  176  
129  176  
130  176  
131  176  
132  176  
133  176  
134  176  
135  176  
136  176  
137  176  
138  176  
139  176  
140  176  
141  176  
142  176  
143  176  
144  176  
145  176  
151  176  
99  177  
100  177  
101  177  
102  177  
103  177  
104  177  
105  177  
106  177  
107  177  
108  177  
109  177  
110  177  
111  177  
112  177  
113  177  
114  177  
115  177  
116  177  
117  177  
118  177  
119  177  
120  177  
121  177  
122  177  
123  177  
124  177  
151  177  
92  178  
93  178  
94  178  
95  178  
96  178  
97  178  
98  178  
151  178  
151  179  
349  180  
349  181  
349  182  
349  183  
349  184  
349  185  
349  186  
349  187  
349  188  
349  189  
349  190  
349  191  
349  192  
349  193  
349  194  
349  195  
349  196  
349  197  
349  198  
349  199  
349  200  
349  201  
349  202  
349  203  
349  204  
349  205  
349  206  
349  207  
349  208  
349  209  
349  210  
349  211  
348  212  
348  213  
348  214  
348  215  
348  216  
310  187  
310  188  
310  189  
310  190  
310  191  
310  192  
310  193  
310  194  
310  195  
310  196  
310  197  
310  198  
311  199  
311  200  
311  201  
311  202  
311  203  
311  204  
311  205  
311  206  
311  207  
311  208  
311  209  
311  210  
311  211  
311  212  
162  192  
162  193  
162  194  
162  195  
162  196  
162  197  
162  198  
162  199  
162  200  
162  201  
162  202  
162  203  
162  204  
162  205  
162  206  
163  207  
163  208  
163  209  
163  210  
163  211  
163  212  
163  213  
163  214  
171  195  
171  196  
171  197  
171  198  
171  199  
171  200  
171  201  
171  202  
171  203  
171  204  
171  205  
171  206  
171  207  
171  208  
171  209  
171  210  
171  211  
171  212  
171  213  
171  214  
171  215  
171  216  
171  217  
171  218  
171  219  
171  220  
171  221  
171  222  
171  223  
138  197  
139  197  
140  197  
141  197  
142  197  
143  197  
144  197  
145  197  
146  197  
147  197  
148  197  
149  197  
150  197  
151  197  
152  197  
153  197  
133  198  
134  198  
135  198  
136  198  
137  198  
231  204  
231  205  
231  206  
231  207  
230  208  
230  209  
230  210  
230  211  
230  212  
230  213  
230  214  
230  215  
230  216  
230  217  
230  218  
230  219  
230  220  
230  221  
230  222  
231  223  
226  210  
226  211  
226  212  
226  213  
226  214  
226  215  
226  216  
226  217  
226  218  
226  219  
226  220  
226  221  
226  222  
226  223  
226  224  
226  225  
226  226  
226  227  
226  228  
226  229  
226  230  
226  231  
226  232  
226  233  
226  234  
226  235  
226  236  
226  237  
226  238  
226  239  
226  240  
226  241  
226  242  
226  243  
226  244  
226  245  
226  246  
226  247  
226  248  
226  249  
226  250  
226  251  
226  252  
226  253  
226  254  
226  255  
226  256  
226  257  
226  258  
226  259  
226  260  
226  261  
225  262  
225  263  
210  221  
211  221  
212  221  
213  221  
214  221  
215  221  
194  222  
195  222  
196  222  
197  222  
198  222  
199  222  
200  222  
201  222  
202  222  
203  222  
204  222  
205  222  
206  222  
207  222  
208  222  
209  222  
147  222  
148  222  
149  222  
150  222  
151  222  
152  222  
153  222  
154  222  
155  222  
156  222  
134  223  
135  223  
136  223  
137  223  
138  223  
139  223  
140  223  
141  223  
142  223  
143  223  
144  223  
145  223  
146  223  
125  224  
126  224  
127  224  
128  224  
129  224  
130  224  
131  224  
132  224  
133  224  
311  222  
311  223  
311  224  
311  225  
311  226  
311  227  
311  228  
311  229  
311  230  
311  231  
311  232  
311  233  
311  234  
311  235  
311  236  
311  237  
311  238  
311  239  
311  240  
311  241  
311  242  
311  243  
311  244  
311  245  
311  246  
311  247  
311  248  
311  249  
311  250  
311  251  
311  252  
311  253  
311  254  
311  255  
311  256  
311  257  
311  258  
311  259  
311  260  
311  261  
311  262  
311  263  
201  225  
202  225  
203  225  
204  225  
205  225  
206  225  
207  225  
208  225  
209  225  
210  225  
211  225  
212  225  
213  225  
214  225  
215  225  
216  225  
217  225  
218  225  
219  225  
220  225  
221  225  
222  226  
348  229  
349  230  
349  231  
349  232  
349  233  
349  234  
349  235  
349  236  
349  237  
349  238  
349  239  
349  240  
349  241  
349  242  
349  243  
349  244  
349  245  
349  246  
349  247  
349  248  
349  249  
349  250  
349  251  
172  233  
172  234  
172  235  
172  236  
172  237  
172  238  
172  239  
172  240  
172  241  
172  242  
172  243  
172  244  
172  245  
172  246  
172  247  
172  248  
172  249  
172  250  
172  251  
172  252  
172  253  
172  254  
172  255  
172  256  
172  257  
172  258  
172  259  
171  260  
171  261  
316  249  
316  250  
316  251  
316  252  
316  253  
316  254  
316  255  
316  256  
316  257  
316  258  
316  259  
316  260  
316  261  
316  262  
316  263  
316  264  
315  265  
315  266  
315  267  
315  268  
315  269  
315  270  
315  271  
315  272  
315  273  
315  274  
315  275  
315  276  
315  277  
315  278  
315  279  
315  280  
316  281  
316  282  
316  283  
316  284  
316  285  
316  286  
316  287  
316  288  
316  289  
316  290  
316  291  
316  292  
316  293  
316  294  
316  295  
316  296  
316  297  
316  298  
316  299  
316  300  
316  301  
316  302  
316  303  
316  304  
160  251  
161  251  
162  251  
163  251  
129  252  
130  252  
131  252  
132  252  
133  252  
134  252  
135  252  
136  252  
137  252  
138  252  
139  252  
140  252  
141  252  
142  252  
143  252  
144  252  
145  252  
146  252  
147  252  
148  252  
149  252  
150  252  
151  252  
152  252  
153  252  
154  252  
155  252  
156  252  
157  252  
158  252  
159  252  
164  252  
165  252  
163  255  
164  255  
124  256  
125  256  
126  256  
127  256  
128  256  
129  256  
130  256  
131  256  
132  256  
133  256  
134  256  
135  256  
136  256  
137  256  
138  256  
139  256  
140  256  
141  256  
142  256  
143  256  
144  256  
145  256  
146  256  
147  256  
148  256  
149  256  
150  256  
151  256  
152  256  
153  256  
154  256  
155  256  
156  256  
157  256  
158  256  
159  256  
160  256  
161  256  
162  256  
411  265  
412  265  
413  265  
417  265  
418  265  
419  265  
414  266  
415  266  
416  266  
420  266  
421  266  
422  266  
423  266  
424  266  
425  266  
426  266  
427  266  
428  266  
429  266  
430  266  
431  266  
432  266  
433  266  
434  266  
195  266  
196  266  
197  266  
198  266  
199  266  
200  266  
201  266  
202  266  
203  266  
204  266  
205  266  
206  266  
207  266  
208  266  
209  266  
210  266  
211  266  
212  266  
213  266  
214  266  
215  266  
216  266  
217  266  
218  266  
357  266  
358  266  
359  266  
360  266  
361  266  
362  266  
363  266  
364  266  
365  266  
366  266  
367  266  
368  266  
369  266  
370  266  
371  266  
372  266  
373  266  
374  266  
375  266  
376  266  
377  266  
378  266  
379  266  
380  266  
381  266  
382  266  
383  266  
384  266  
385  266  
92  268  
93  268  
94  268  
95  268  
96  268  
97  268  
98  268  
99  268  
100  268  
101  268  
102  268  
103  268  
104  268  
105  268  
106  268  
107  268  
108  268  
109  268  
110  268  
111  268  
112  268  
113  268  
114  268  
115  268  
116  268  
117  268  
118  268  
119  268  
120  268  
121  268  
122  268  
123  268  
124  268  
125  268  
126  268  
127  268  
128  268  
129  268  
130  268  
131  268  
132  268  
133  268  
134  268  
135  268  
136  268  
137  268  
138  268  
139  268  
140  268  
141  268  
142  268  
143  268  
144  268  
145  268  
146  268  
147  268  
148  268  
149  268  
150  268  
151  268  
349  268  
349  269  
349  270  
349  271  
349  272  
349  273  
349  274  
349  275  
349  276  
349  277  
349  278  
349  279  
349  280  
349  281  
349  282  
349  283  
349  284  
349  285  
349  286  
349  287  
349  288  
349  289  
349  290  
349  291  
349  292  
348  293  
348  294  
348  295  
348  296  
348  297  
348  298  
348  299  
348  300  
348  301  
348  302  
348  303  
348  304  
348  305  
348  306  
349  307  
311  270  
311  271  
311  272  
311  273  
311  274  
311  275  
311  276  
311  277  
311  278  
311  279  
311  280  
311  281  
311  282  
311  283  
311  284  
311  285  
311  286  
311  287  
311  288  
311  289  
311  290  
311  291  
311  292  
311  293  
311  294  
311  295  
311  296  
311  297  
311  298  
311  299  
311  300  
311  301  
311  302  
311  303  
311  304  
311  305  
311  306  
311  307  
311  308  
311  309  
311  310  
311  311  
311  312  
311  313  
311  314  
311  315  
311  316  
311  317  
311  318  
311  319  
311  320  
311  321  
311  322  
311  323  
311  324  
311  325  
311  326  
311  327  
311  328  
311  329  
311  330  
311  331  
311  332  
311  333  
311  334  
311  335  
311  336  
311  337  
311  338  
53  274  
53  275  
53  276  
53  277  
53  278  
54  279  
54  280  
54  281  
54  282  
54  283  
54  284  
54  285  
54  286  
54  287  
54  288  
54  289  
54  290  
55  291  
55  292  
55  293  
55  294  
55  295  
55  296  
55  297  
55  298  
55  299  
55  300  
55  301  
55  302  
55  303  
55  304  
55  305  
55  306  
56  307  
56  308  
56  309  
56  310  
56  311  
96  275  
97  275  
98  275  
99  275  
100  275  
101  275  
102  275  
103  275  
104  275  
105  275  
106  275  
107  275  
108  275  
109  275  
110  275  
111  275  
112  275  
113  275  
114  275  
115  275  
116  275  
117  275  
118  275  
119  275  
120  275  
121  275  
122  275  
123  275  
124  275  
125  275  
126  275  
127  275  
128  275  
129  275  
130  275  
131  275  
132  275  
133  275  
134  275  
135  275  
136  275  
137  275  
138  275  
139  275  
140  275  
141  275  
142  275  
143  275  
144  275  
145  275  
146  275  
147  275  
148  275  
149  275  
150  275  
151  275  
232  283  
232  284  
232  285  
232  286  
232  287  
232  288  
232  289  
232  290  
232  291  
232  292  
232  293  
232  294  
232  295  
232  296  
232  297  
232  298  
232  299  
232  300  
232  301  
232  302  
232  303  
232  304  
232  305  
232  306  
232  307  
232  308  
232  309  
232  310  
232  311  
232  312  
232  313  
232  314  
232  315  
232  316  
232  317  
232  318  
232  319  
232  320  
232  321  
232  322  
232  323  
232  324  
232  325  
232  326  
232  327  
232  328  
232  329  
233  330  
233  331  
233  332  
103  284  
104  284  
105  284  
106  284  
107  284  
108  284  
109  284  
110  284  
111  284  
112  284  
113  284  
114  284  
115  284  
116  284  
117  284  
118  284  
119  284  
120  284  
121  284  
122  284  
123  284  
124  284  
125  284  
126  284  
131  284  
132  284  
133  284  
134  284  
135  284  
136  284  
137  284  
138  284  
139  284  
140  284  
141  284  
142  284  
143  284  
144  284  
145  284  
146  284  
147  284  
148  284  
149  284  
150  285  
151  285  
152  285  
153  285  
154  285  
155  285  
156  285  
157  285  
158  285  
172  284  
172  285  
172  286  
172  287  
172  288  
173  289  
173  290  
173  291  
173  292  
173  293  
173  294  
173  295  
173  296  
173  297  
173  298  
173  299  
173  300  
173  301  
173  302  
173  303  
173  304  
173  305  
173  306  
173  307  
173  308  
173  309  
173  310  
173  311  
174  312  
174  313  
174  314  
227  286  
227  287  
227  288  
227  289  
227  290  
227  291  
227  292  
227  293  
227  294  
227  295  
227  296  
227  297  
227  298  
227  299  
227  300  
227  301  
227  302  
227  303  
227  304  
227  305  
227  306  
227  307  
227  308  
227  309  
227  310  
227  311  
227  312  
227  313  
227  314  
227  315  
227  316  
227  317  
227  318  
227  319  
227  320  
227  321  
227  322  
227  323  
227  324  
227  325  
227  326  
227  327  
227  328  
227  329  
227  330  
227  331  
227  332  
227  333  
283  287  
284  287  
285  287  
286  287  
287  287  
288  287  
289  287  
290  287  
291  287  
292  287  
293  287  
294  287  
295  287  
296  287  
297  287  
298  287  
299  287  
300  287  
280  288  
281  288  
282  288  
59  288  
59  289  
59  290  
59  291  
59  292  
59  293  
59  294  
59  295  
59  296  
59  297  
60  298  
60  299  
60  300  
60  301  
60  302  
60  303  
60  304  
60  305  
60  306  
60  307  
60  308  
60  309  
60  310  
61  311  
61  312  
61  313  
61  314  
63  291  
63  292  
63  293  
63  294  
63  295  
63  296  
63  297  
63  298  
63  299  
63  300  
64  301  
64  302  
64  303  
64  304  
64  305  
64  306  
64  307  
64  308  
64  309  
64  310  
64  311  
64  312  
64  313  
196  294  
197  294  
198  294  
199  294  
200  294  
201  294  
202  294  
203  294  
204  294  
205  294  
206  294  
207  294  
208  294  
209  294  
210  294  
211  294  
212  294  
213  294  
214  294  
215  294  
216  294  
104  297  
105  297  
106  297  
107  297  
108  297  
109  297  
110  297  
111  297  
112  297  
113  297  
114  297  
115  297  
116  297  
117  297  
118  297  
119  297  
120  297  
121  297  
122  297  
123  297  
124  297  
125  297  
126  297  
127  297  
128  297  
129  297  
130  297  
131  297  
132  297  
133  297  
134  297  
135  297  
136  297  
137  297  
138  297  
139  297  
140  297  
141  297  
142  297  
143  297  
144  297  
145  297  
146  297  
147  297  
148  297  
149  297  
150  297  
151  297  
152  297  
153  297  
154  297  
155  297  
156  297  
157  297  
102  302  
103  303  
104  303  
105  303  
106  303  
107  303  
108  303  
109  303  
110  303  
111  303  
112  303  
113  303  
114  303  
115  303  
116  303  
117  303  
118  303  
119  303  
120  303  
121  303  
101  309  
102  309  
103  309  
104  309  
105  309  
106  309  
107  309  
108  309  
109  309  
110  309  
111  309  
112  309  
113  309  
114  309  
115  309  
116  309  
117  309  
118  309  
119  309  
120  309  
121  309  
122  309  
123  309  
124  309  
125  309  
126  309  
130  309  
131  309  
127  310  
128  310  
129  310  
132  310  
133  310  
134  310  
135  310  
136  310  
137  310  
138  310  
139  310  
140  310  
141  310  
142  310  
143  310  
144  310  
145  310  
146  310  
147  310  
148  310  
149  310  
150  310  
151  310  
152  310  
153  310  
154  310  
155  310  
156  310  
157  310  
158  310  
200  318  
201  318  
202  319  
203  319  
204  319  
205  319  
206  319  
207  319  
208  319  
209  319  
210  319  
211  319  
212  319  
213  319  
214  319  
215  319  
216  319  
217  319  
218  319  
219  319  
220  319  
103  321  
104  321  
105  321  
106  321  
107  321  
108  321  
109  321  
110  321  
111  321  
112  321  
113  321  
114  321  
115  321  
116  321  
117  322  
118  322  
119  322  
120  322  
121  322  
122  322  
123  322  
124  322  
125  322  
126  322  
127  322  
128  322  
129  322  
130  322  
131  322  
132  322  
133  322  
134  322  
135  322  
136  322  
137  322  
138  322  
139  322  
140  322  
141  322  
142  322  
143  322  
144  322  
145  322  
146  322  
147  322  
148  322  
149  322  
150  322  
151  322  
152  322  
153  322  
154  322  
155  322  
156  322  
157  322  
158  322  
159  322  
90  337  
91  338  
92  338  
93  338  
94  338  
95  338  
96  338  
97  338  
98  338  
99  338  
100  338  
101  338  
102  338  
103  338  
104  338  
105  338  
106  338  
107  339  
108  339  
109  339  
110  339  
111  339  
112  339  
113  339  
114  339  
115  339  
116  339  
117  339  
118  339  
119  339  
120  339  
121  339  
122  339  
123  339  
124  339  
125  339  
126  339  
127  339  
128  339  
129  339  
130  339  
131  339  
132  339  
133  339  
134  339  
135  339  
136  339  
137  339  
138  339  
139  339  
140  339  
141  340  
142  340  
143  340  
144  340  
145  340  
146  340  
147  340  
148  340  
149  340  
150  340  
151  340  
152  340  
153  340  
154  340  
155  340  
156  340  
107  345  
108  345  
109  345  
110  345  
111  345  
112  345  
113  345  
114  345  
115  345  
116  345  
117  345  
118  345  
119  345  
120  345  
121  345  
122  345  
123  345  
124  345  
125  345  
126  346  
127  346  
128  346  
129  346  
130  346  
131  346  
132  346  
133  346  
134  346  
135  346  
136  346  
137  346  
138  346  
139  346  
140  346  
141  346  
142  346  
143  346  
144  346  
145  346  
146  346  
147  346  
148  346  
149  346  
150  346  
151  346  
152  347  
153  347  
154  347  
155  347  
156  347  
157  347  
158  347  
159  347  
160  347  
351  346  
352  346  
353  346  
354  346  
355  346  
356  346  
357  346  
358  346  
359  346  
360  346  
361  346  
362  346  
363  346  
364  346  
365  346  
366  346  
367  346  
368  347  
369  347  
370  347  
371  347  
372  347  
373  347  
374  347  
375  347  
376  347  
377  347  
378  347  
379  347  
380  347  
381  347  
382  347  
383  347  
384  347  
406  347  
407  347  
408  347  
409  347  
410  347  
411  347  
412  347  
413  347  
414  347  
415  347  
416  347  
417  347  
418  347  
419  347  
420  347  
421  347  
422  347  
423  347  
424  347  
425  347  
426  347  
427  347  
428  347  
429  347  
430  347  
431  347  
432  347  
433  347  
199  351  
200  351  
201  351  
202  351  
203  351  
204  351  
205  351  
206  351  
207  351  
208  351  
209  351  
210  351  
211  351  
212  352  
213  352  
214  352  
215  352  
216  352  
217  352  
218  352  
103  352  
104  352  
105  352  
106  352  
107  352  
108  352  
109  352  
110  352  
111  352  
112  352  
113  352  
114  352  
115  352  
116  352  
117  352  
118  352  
119  352  
120  352  
121  352  
122  352  
123  352  
124  352  
125  353  
126  353  
127  353  
128  353  
129  353  
130  353  
131  353  
132  353  
133  353  
134  353  
135  353  
136  353  
137  353  
138  353  
139  353  
140  353  
141  353  
142  353  
143  353  
144  353  
145  353  
146  353  
203  361  
204  361  
205  361  
206  361  
207  361  
208  361  
209  361  
210  361  
225  361  
211  362  
212  362  
213  362  
214  362  
215  362  
216  362  
217  362  
218  362  
219  362  
220  362  
221  362  
222  362  
223  362  
224  362  
293  374  
294  374  
295  374  
296  374  
297  374  
298  374  
299  374  
300  374  
301  374  
302  374  
303  374  
304  374  
305  374  
306  374  
307  374  
308  374  
309  374  
310  374  
311  374  
312  374  
313  374  
314  375  
315  375  
316  375  
317  375  
318  375  
319  375  
320  375  
321  375  
322  376  
323  376  
324  376  
325  376  
326  376  
327  376  
328  376  
329  376  
330  376  
331  376  
332  376  
333  376  
334  376  
335  376  
336  376  
337  376  
338  376  
339  376  
340  377  
341  377  
342  377  
343  377  
344  377  
345  377  
346  377  
347  377  
348  377  
349  377  
350  378  
351  378  
352  378  
353  378  
354  378  
355  378  
356  378  
357  378  
358  378  
359  378  
360  378  
361  378  
362  378  
363  378  
364  378  
365  378  
366  378  
367  378  
368  378  
396  380  
397  380  
398  380  
399  380  
400  380  
404  380  
405  380  
401  381  
402  381  
403  381  
406  381  
407  381  
408  381  
409  381  
410  381  
411  381  
412  381  
413  381  
414  381  
415  381  
416  381  
417  381  
418  381  
419  381  
420  381  
421  381  
422  381  
423  381  
424  381  
425  381  
426  381  
427  381  
428  381  
429  381  
430  381  
431  381  
432  381  
433  381  
434  382  
435  382  
436  382  
366  563  
367  563  
368  563  
369  563  
370  563  
371  563  
372  563  
373  563  
374  564  
375  564  
376  564  
377  564  
378  564  
379  564  
380  564  
381  564  
382  564  
383  564  
384  565  
385  565  
386  565  
387  565  
