76  
25  65  22  99  22  96  46  25  41  38  24  44  38  22  26  24  22  22  34  59  24  30  26  34  27  56  35  57  29  44  38  60  29  46  29  35  21  62  35  38  21  24  73  114  34  22  30  43  21  27  20  34  120  27  22  24  24  55  27  42  25  25  34  20  32  57  39  25  45  27  28  24  30  30  20  23  
83  37  
84  37  
85  37  
86  37  
87  37  
88  37  
89  37  
90  37  
91  37  
92  37  
93  37  
94  37  
95  37  
96  37  
97  37  
98  37  
99  37  
82  38  
100  38  
101  38  
102  38  
103  38  
82  39  
82  40  
82  41  
448  43  
442  44  
443  44  
444  44  
445  44  
446  44  
447  44  
439  45  
440  45  
441  45  
435  46  
436  46  
437  46  
438  46  
429  47  
430  47  
431  47  
432  47  
433  47  
434  47  
423  48  
424  48  
425  48  
426  48  
427  48  
428  48  
417  49  
418  49  
419  49  
420  49  
421  49  
422  49  
409  50  
410  50  
411  50  
412  50  
413  50  
414  50  
415  50  
416  50  
400  51  
401  51  
402  51  
403  51  
404  51  
405  51  
406  51  
407  51  
408  51  
384  52  
385  52  
386  52  
387  52  
388  52  
389  52  
390  52  
391  52  
392  52  
393  52  
394  52  
395  52  
396  52  
397  52  
398  52  
399  52  
101  59  
102  59  
103  59  
104  59  
105  59  
93  60  
94  60  
95  60  
96  60  
97  60  
98  60  
99  60  
100  60  
86  61  
87  61  
88  61  
89  61  
90  61  
91  61  
92  61  
84  62  
85  62  
269  62  
270  62  
271  62  
272  62  
273  62  
274  62  
275  62  
276  62  
277  62  
278  62  
279  62  
280  62  
281  62  
282  62  
283  62  
284  62  
285  62  
245  63  
246  63  
247  63  
248  63  
249  63  
250  63  
251  63  
252  63  
253  63  
254  63  
255  63  
256  63  
257  63  
258  63  
259  63  
260  63  
261  63  
262  63  
263  63  
264  63  
265  63  
266  63  
267  63  
268  63  
232  64  
233  64  
234  64  
235  64  
236  64  
237  64  
238  64  
239  64  
240  64  
241  64  
242  64  
243  64  
244  64  
207  65  
208  65  
209  65  
210  65  
211  65  
212  65  
213  65  
214  65  
215  65  
216  65  
217  65  
218  65  
219  65  
220  65  
221  65  
222  65  
223  65  
224  65  
225  65  
226  65  
227  65  
228  65  
229  65  
230  65  
231  65  
187  66  
188  66  
189  66  
190  66  
191  66  
192  66  
193  66  
194  66  
195  66  
196  66  
197  66  
198  66  
199  66  
200  66  
201  66  
202  66  
203  66  
204  66  
205  66  
206  66  
308  70  
309  70  
312  70  
313  70  
314  70  
293  71  
294  71  
295  71  
296  71  
297  71  
298  71  
299  71  
300  71  
301  71  
302  71  
303  71  
304  71  
305  71  
306  71  
307  71  
310  71  
311  71  
270  71  
271  71  
272  71  
273  71  
274  71  
275  71  
276  71  
277  71  
278  71  
279  71  
280  71  
281  71  
282  71  
283  71  
284  71  
285  71  
286  71  
287  71  
288  71  
224  72  
225  72  
226  72  
227  72  
228  72  
229  72  
230  72  
231  72  
232  72  
233  72  
234  72  
235  72  
236  72  
237  72  
238  72  
239  72  
240  72  
241  72  
242  72  
243  72  
244  72  
245  72  
246  72  
247  72  
248  72  
249  72  
250  72  
251  72  
252  72  
253  72  
254  72  
255  72  
256  72  
257  72  
258  72  
259  72  
260  72  
261  72  
262  72  
263  72  
264  72  
265  72  
266  72  
267  72  
268  72  
269  72  
205  73  
206  73  
207  73  
208  73  
209  73  
210  73  
211  73  
212  73  
213  73  
214  73  
215  73  
216  73  
217  73  
218  73  
219  73  
220  73  
221  73  
222  73  
223  73  
193  74  
194  74  
195  74  
196  74  
197  74  
198  74  
199  74  
200  74  
201  74  
202  74  
203  74  
204  74  
393  75  
394  75  
395  75  
396  75  
397  75  
398  75  
399  75  
400  75  
401  75  
402  75  
403  75  
404  75  
405  76  
406  76  
407  76  
408  76  
409  76  
410  76  
411  76  
412  76  
413  76  
414  76  
415  76  
416  77  
417  77  
418  77  
419  77  
420  77  
421  77  
422  77  
423  77  
424  77  
425  78  
426  78  
427  78  
428  78  
429  78  
430  78  
431  78  
432  79  
433  79  
434  79  
435  79  
436  79  
437  79  
438  79  
98  79  
99  79  
100  79  
101  79  
102  79  
103  79  
90  80  
91  80  
92  80  
93  80  
94  80  
95  80  
96  80  
97  80  
81  81  
82  81  
83  81  
84  81  
85  81  
86  81  
87  81  
88  81  
89  81  
79  82  
80  82  
332  80  
332  81  
332  82  
332  83  
332  84  
332  85  
332  86  
332  87  
332  88  
332  89  
332  90  
332  91  
332  92  
332  93  
332  94  
331  95  
331  96  
331  97  
331  98  
331  99  
331  100  
331  101  
331  102  
331  103  
331  104  
331  105  
331  106  
330  107  
330  108  
330  109  
330  110  
330  111  
330  112  
330  113  
330  114  
329  115  
329  116  
329  117  
329  118  
329  119  
329  120  
371  85  
371  86  
371  87  
371  88  
371  89  
371  90  
371  91  
371  92  
371  93  
371  94  
371  95  
371  96  
371  97  
370  98  
370  99  
370  100  
370  101  
370  102  
370  103  
370  104  
370  105  
370  106  
370  107  
369  108  
369  109  
369  110  
369  111  
369  112  
369  113  
369  114  
369  115  
369  116  
369  117  
369  118  
369  119  
369  120  
369  121  
369  122  
221  86  
218  87  
219  87  
220  87  
215  88  
216  88  
217  88  
212  89  
213  89  
214  89  
210  90  
211  90  
208  91  
209  91  
206  92  
207  92  
204  93  
205  93  
202  94  
203  94  
200  95  
201  95  
199  96  
198  97  
363  90  
363  91  
363  92  
363  93  
363  94  
362  95  
362  96  
362  97  
362  98  
362  99  
362  100  
362  101  
362  102  
362  103  
362  104  
362  105  
362  106  
362  107  
362  108  
362  109  
362  110  
362  111  
362  112  
362  113  
362  114  
362  115  
362  116  
362  117  
362  118  
362  119  
362  120  
362  121  
362  122  
362  123  
362  124  
362  125  
362  126  
362  127  
362  128  
362  129  
362  130  
362  131  
362  132  
362  133  
303  97  
303  98  
303  99  
303  100  
303  101  
303  102  
303  103  
303  104  
303  105  
303  106  
303  107  
303  108  
303  109  
303  110  
303  111  
303  112  
303  113  
303  114  
303  115  
303  116  
303  117  
303  118  
303  119  
303  120  
303  121  
303  122  
304  123  
304  124  
304  125  
304  126  
304  127  
304  128  
304  129  
304  130  
304  131  
304  132  
304  133  
304  134  
196  98  
194  99  
195  99  
193  100  
192  101  
190  102  
191  102  
189  103  
188  104  
187  105  
186  106  
185  107  
184  108  
183  109  
182  110  
181  111  
181  112  
180  113  
179  114  
178  115  
178  116  
177  117  
130  101  
131  101  
132  101  
133  101  
121  102  
122  102  
123  102  
124  102  
125  102  
126  102  
127  102  
128  102  
129  102  
134  102  
112  103  
113  103  
114  103  
115  103  
116  103  
117  103  
118  103  
119  103  
120  103  
134  103  
111  104  
111  105  
132  109  
133  109  
128  110  
129  110  
130  110  
131  110  
123  111  
124  111  
125  111  
126  111  
127  111  
119  112  
120  112  
121  112  
122  112  
113  113  
114  113  
115  113  
116  113  
117  113  
118  113  
110  114  
111  114  
112  114  
299  116  
299  117  
299  118  
299  119  
299  120  
299  121  
299  122  
299  123  
299  124  
299  125  
299  126  
299  127  
299  128  
299  129  
299  130  
299  131  
299  132  
299  133  
299  134  
299  135  
299  136  
299  137  
436  116  
436  117  
435  118  
435  119  
435  120  
434  121  
434  122  
434  123  
434  124  
434  125  
434  126  
434  127  
433  128  
433  129  
433  130  
433  131  
433  132  
433  133  
433  134  
432  135  
432  136  
432  137  
380  120  
380  121  
380  122  
380  123  
380  124  
380  125  
380  126  
380  127  
380  128  
380  129  
380  130  
380  131  
379  132  
379  133  
379  134  
379  135  
379  136  
379  137  
379  138  
379  139  
379  140  
378  141  
378  142  
378  143  
378  144  
378  145  
378  146  
378  147  
378  148  
378  149  
378  150  
378  151  
378  152  
378  153  
330  163  
330  164  
330  165  
330  166  
330  167  
330  168  
330  169  
330  170  
330  171  
330  172  
330  173  
330  174  
330  175  
330  176  
330  177  
330  178  
330  179  
330  180  
330  181  
330  182  
330  183  
330  184  
330  185  
330  186  
330  187  
330  188  
330  189  
330  190  
330  191  
330  192  
330  193  
330  194  
330  195  
330  196  
330  197  
330  198  
330  199  
330  200  
330  201  
330  202  
330  203  
330  204  
330  205  
330  206  
330  207  
330  208  
330  209  
330  210  
330  211  
330  212  
330  213  
330  214  
330  215  
330  216  
330  217  
330  218  
330  219  
330  220  
330  221  
364  173  
364  174  
364  175  
364  176  
364  177  
364  178  
364  179  
364  180  
364  181  
364  182  
364  183  
364  184  
363  185  
363  186  
363  187  
363  188  
363  189  
363  190  
363  191  
363  192  
363  193  
363  194  
363  195  
363  196  
374  175  
374  176  
373  177  
373  178  
373  179  
373  180  
373  181  
373  182  
373  183  
373  184  
373  185  
373  186  
373  187  
373  188  
373  189  
373  190  
373  191  
372  192  
372  193  
372  194  
372  195  
372  196  
372  197  
372  198  
372  199  
372  200  
372  201  
372  202  
372  203  
372  204  
305  178  
305  179  
305  180  
305  181  
305  182  
305  183  
305  184  
305  185  
305  186  
305  187  
305  188  
305  189  
305  190  
305  191  
305  192  
305  193  
305  194  
305  195  
305  196  
305  197  
305  198  
305  199  
305  200  
305  201  
306  202  
306  203  
315  182  
315  183  
315  184  
315  185  
315  186  
315  187  
315  188  
315  189  
315  190  
315  191  
315  192  
315  193  
315  194  
315  195  
315  196  
315  197  
315  198  
315  199  
315  200  
315  201  
315  202  
315  203  
315  204  
315  205  
315  206  
315  207  
315  208  
315  209  
315  210  
315  211  
315  212  
315  213  
315  214  
315  215  
391  182  
391  183  
391  184  
391  185  
391  186  
390  187  
390  188  
390  189  
390  190  
389  191  
389  192  
389  193  
389  194  
388  195  
388  196  
388  197  
388  198  
388  199  
388  200  
387  201  
387  202  
387  203  
387  204  
387  205  
387  206  
387  207  
387  208  
385  191  
384  192  
383  193  
383  194  
382  195  
382  196  
382  197  
382  198  
382  199  
381  200  
381  201  
381  202  
380  203  
380  204  
380  205  
380  206  
379  207  
379  208  
379  209  
379  210  
379  211  
378  212  
378  213  
378  214  
378  215  
378  216  
378  217  
377  218  
377  219  
377  220  
377  221  
377  222  
377  223  
376  224  
376  225  
376  226  
376  227  
376  228  
376  229  
376  230  
376  231  
376  232  
376  233  
375  234  
375  235  
375  236  
375  237  
375  238  
375  239  
374  240  
374  241  
374  242  
373  243  
373  244  
373  245  
373  246  
300  196  
300  197  
300  198  
300  199  
300  200  
300  201  
300  202  
300  203  
300  204  
300  205  
300  206  
300  207  
300  208  
300  209  
300  210  
300  211  
300  212  
300  213  
300  214  
300  215  
300  216  
300  217  
300  218  
300  219  
300  220  
300  221  
300  222  
300  223  
300  224  
300  225  
300  226  
300  227  
300  228  
300  229  
300  230  
385  224  
385  225  
385  226  
385  227  
385  228  
385  229  
385  230  
385  231  
385  232  
385  233  
385  234  
384  235  
384  236  
384  237  
384  238  
384  239  
384  240  
384  241  
384  242  
384  243  
384  244  
384  245  
384  246  
384  247  
383  248  
383  249  
383  250  
383  251  
383  252  
383  253  
383  254  
382  255  
382  256  
382  257  
382  258  
382  259  
382  260  
382  261  
382  262  
382  263  
382  264  
382  265  
382  266  
381  267  
381  268  
381  269  
381  270  
381  271  
381  272  
381  273  
380  274  
380  275  
380  276  
380  277  
380  278  
380  279  
380  280  
255  229  
256  229  
257  229  
258  229  
259  229  
260  229  
261  229  
262  229  
263  229  
264  229  
265  229  
266  229  
267  229  
268  229  
269  229  
270  229  
271  229  
272  229  
273  229  
274  229  
275  229  
276  229  
277  229  
278  229  
279  229  
280  229  
281  229  
282  229  
283  229  
284  245  
285  245  
286  245  
287  245  
288  245  
289  245  
290  245  
291  245  
292  245  
293  245  
294  245  
295  245  
296  245  
297  245  
255  246  
256  246  
257  246  
258  246  
259  246  
260  246  
261  246  
262  246  
263  246  
264  246  
265  246  
266  246  
267  246  
268  246  
269  246  
270  246  
271  246  
272  246  
273  246  
274  246  
275  246  
276  246  
277  246  
278  246  
279  246  
280  246  
281  246  
282  246  
283  246  
298  246  
232  251  
233  251  
234  251  
235  251  
236  251  
237  252  
238  252  
239  252  
240  252  
241  252  
242  252  
243  252  
244  252  
245  252  
246  252  
247  252  
248  252  
249  252  
250  252  
251  252  
252  252  
253  252  
254  252  
255  252  
256  252  
257  252  
258  252  
259  252  
260  252  
261  252  
262  252  
263  252  
264  252  
265  252  
266  252  
267  252  
268  252  
269  252  
235  256  
236  256  
237  256  
238  256  
239  256  
240  256  
241  256  
242  256  
243  256  
244  256  
245  256  
246  256  
247  256  
248  256  
249  256  
250  256  
251  256  
252  256  
253  256  
254  256  
255  256  
256  256  
257  256  
258  256  
259  256  
260  256  
261  256  
262  256  
263  256  
264  256  
265  256  
266  256  
267  256  
268  256  
269  256  
270  256  
271  256  
272  256  
273  256  
274  256  
275  256  
276  256  
277  256  
278  256  
279  256  
280  256  
281  256  
282  256  
283  256  
284  256  
285  256  
286  256  
287  256  
288  256  
289  256  
290  256  
291  256  
292  256  
293  256  
294  256  
397  257  
397  258  
397  259  
397  260  
396  261  
396  262  
396  263  
396  264  
396  265  
396  266  
396  267  
396  268  
395  269  
395  270  
395  271  
395  272  
395  273  
395  274  
395  275  
395  276  
395  277  
395  278  
395  279  
395  280  
395  281  
395  282  
395  283  
394  284  
394  285  
337  263  
337  264  
337  265  
337  266  
337  267  
337  268  
337  269  
337  270  
337  271  
336  272  
336  273  
336  274  
336  275  
336  276  
336  277  
336  278  
336  279  
335  280  
335  281  
336  282  
336  283  
336  284  
336  285  
335  286  
335  287  
335  288  
335  289  
335  290  
335  291  
335  292  
335  293  
335  294  
335  295  
335  296  
335  297  
335  298  
335  299  
335  300  
335  301  
335  302  
335  303  
335  304  
335  305  
335  306  
335  307  
335  308  
256  268  
257  268  
258  268  
259  268  
260  268  
261  268  
262  268  
263  268  
264  268  
265  268  
266  268  
267  268  
268  268  
269  268  
270  268  
271  268  
272  268  
273  268  
274  268  
275  268  
276  268  
277  268  
278  268  
279  268  
280  268  
281  268  
282  268  
283  268  
284  268  
328  276  
328  277  
327  278  
327  279  
327  280  
327  281  
327  282  
327  283  
327  284  
327  285  
327  286  
327  287  
327  288  
327  289  
327  290  
327  291  
327  292  
327  293  
327  294  
327  295  
327  296  
327  297  
327  298  
327  299  
327  300  
327  301  
327  302  
327  303  
327  304  
327  305  
327  306  
327  307  
327  308  
327  309  
327  310  
378  288  
378  289  
378  290  
378  291  
378  292  
378  293  
377  294  
377  295  
377  296  
377  297  
377  298  
377  299  
377  300  
377  301  
377  302  
376  303  
376  304  
376  305  
376  306  
376  307  
376  308  
374  309  
374  310  
374  311  
374  312  
373  313  
373  314  
373  315  
373  316  
373  317  
373  318  
373  319  
373  320  
373  321  
373  322  
373  323  
373  324  
373  325  
373  326  
373  327  
372  328  
372  329  
372  330  
372  331  
372  332  
372  333  
372  334  
372  335  
372  336  
372  337  
372  338  
372  339  
371  340  
371  341  
371  342  
371  343  
371  344  
371  345  
371  346  
371  347  
371  348  
371  349  
371  350  
371  351  
371  352  
371  353  
371  354  
371  355  
370  356  
370  357  
370  358  
370  359  
370  360  
370  361  
370  362  
370  363  
370  364  
370  365  
370  366  
370  367  
370  368  
370  369  
370  370  
247  315  
248  315  
249  315  
250  316  
251  316  
252  316  
253  316  
254  316  
255  316  
256  316  
257  316  
258  316  
259  316  
260  316  
261  316  
262  316  
263  316  
264  316  
265  316  
266  316  
267  316  
268  316  
269  316  
270  316  
271  316  
272  316  
273  316  
274  316  
275  316  
276  316  
277  316  
278  316  
279  316  
280  316  
281  316  
257  319  
258  319  
259  319  
260  319  
261  319  
262  319  
263  319  
264  319  
265  319  
266  319  
267  319  
268  319  
269  319  
270  319  
271  319  
272  319  
273  319  
274  319  
275  319  
276  319  
277  319  
278  319  
279  319  
280  319  
281  319  
282  319  
283  319  
247  320  
248  320  
249  320  
250  320  
251  320  
252  320  
253  320  
254  320  
255  320  
256  320  
246  321  
308  320  
309  320  
310  320  
311  320  
312  321  
313  321  
314  321  
315  321  
316  321  
317  321  
318  321  
319  321  
320  321  
321  321  
322  321  
323  322  
324  322  
325  322  
326  322  
327  322  
328  322  
401  323  
401  324  
400  325  
400  326  
400  327  
400  328  
399  329  
399  330  
399  331  
399  332  
398  333  
398  334  
398  335  
398  336  
397  337  
397  338  
397  339  
397  340  
396  341  
396  342  
396  343  
396  344  
396  345  
396  346  
333  328  
333  329  
333  330  
333  331  
333  332  
333  333  
333  334  
333  335  
333  336  
333  337  
333  338  
333  339  
333  340  
333  341  
332  342  
332  343  
332  344  
332  345  
332  346  
332  347  
332  348  
332  349  
331  350  
331  351  
331  352  
331  353  
331  354  
331  355  
331  356  
331  357  
331  358  
331  359  
331  360  
331  361  
331  362  
331  363  
331  364  
331  365  
331  366  
331  367  
331  368  
330  369  
330  370  
330  371  
330  372  
330  373  
330  374  
330  375  
330  376  
329  377  
329  378  
329  379  
329  380  
329  381  
329  382  
329  383  
329  384  
329  385  
329  386  
328  387  
328  388  
328  389  
328  390  
328  391  
328  392  
327  393  
327  394  
327  395  
327  396  
327  397  
326  398  
326  399  
326  400  
91  332  
92  332  
93  332  
94  332  
95  332  
96  332  
97  332  
98  332  
99  332  
100  332  
101  332  
102  332  
103  332  
104  332  
105  332  
106  332  
107  332  
108  332  
109  332  
110  332  
111  332  
112  332  
113  332  
114  332  
115  332  
116  332  
117  332  
118  332  
119  332  
120  332  
121  332  
122  332  
123  332  
124  332  
125  332  
126  332  
127  333  
128  333  
129  333  
130  333  
131  333  
132  333  
133  334  
134  334  
135  334  
136  334  
137  334  
138  334  
139  334  
140  334  
141  334  
142  334  
143  334  
144  334  
145  334  
146  334  
147  334  
148  334  
149  334  
150  334  
151  334  
152  334  
153  334  
154  334  
155  334  
156  334  
157  334  
158  334  
159  334  
160  334  
161  334  
162  334  
163  334  
164  335  
165  335  
166  335  
167  335  
168  335  
169  335  
170  335  
171  335  
172  335  
173  335  
174  335  
175  335  
176  335  
177  335  
178  335  
179  335  
180  335  
181  335  
182  335  
183  335  
184  335  
185  335  
186  335  
187  335  
188  335  
189  335  
190  335  
191  335  
192  335  
193  335  
194  335  
195  335  
196  335  
197  335  
198  335  
199  335  
200  335  
201  335  
202  335  
203  335  
204  335  
256  339  
257  339  
258  339  
259  339  
260  339  
261  339  
262  339  
263  339  
264  339  
265  339  
266  339  
267  339  
268  339  
269  339  
270  339  
271  339  
272  339  
273  339  
274  339  
275  339  
276  339  
277  339  
278  339  
279  339  
280  339  
281  339  
282  339  
283  339  
284  339  
285  339  
286  339  
287  339  
288  339  
289  339  
111  342  
112  342  
113  342  
114  342  
115  342  
116  342  
117  342  
118  342  
119  342  
120  342  
121  342  
122  342  
123  342  
124  342  
125  342  
126  342  
127  342  
128  342  
129  343  
130  343  
131  343  
132  343  
258  342  
259  342  
260  342  
261  342  
262  342  
263  342  
264  342  
265  342  
266  342  
267  342  
268  342  
269  342  
270  342  
271  342  
272  342  
273  342  
274  342  
255  343  
256  343  
257  343  
275  343  
276  343  
277  343  
278  343  
279  343  
280  343  
281  343  
282  343  
283  343  
284  343  
192  345  
193  345  
194  345  
195  345  
196  345  
197  345  
198  345  
199  345  
200  345  
201  346  
202  346  
203  346  
204  346  
205  346  
206  346  
207  346  
208  346  
209  346  
210  346  
211  346  
212  346  
213  346  
214  346  
215  346  
216  346  
217  346  
218  346  
219  346  
220  346  
221  346  
222  346  
223  346  
224  346  
225  346  
226  346  
227  346  
228  346  
229  346  
230  346  
231  347  
232  347  
233  347  
234  347  
262  355  
263  355  
264  355  
265  355  
266  355  
267  355  
268  355  
269  355  
270  355  
271  355  
272  355  
273  355  
274  355  
275  355  
276  355  
277  355  
278  355  
279  355  
280  355  
281  355  
282  355  
51  359  
52  359  
53  359  
54  359  
55  359  
56  359  
57  359  
58  359  
40  360  
41  360  
42  360  
43  360  
44  360  
45  360  
46  360  
47  360  
48  360  
49  360  
50  360  
32  361  
33  361  
34  361  
35  361  
36  361  
37  361  
38  361  
39  361  
265  370  
266  370  
267  370  
268  370  
269  370  
270  370  
271  370  
272  370  
273  370  
274  370  
275  370  
276  370  
277  370  
278  370  
279  370  
280  370  
281  370  
282  370  
283  370  
284  370  
63  372  
64  372  
65  372  
66  372  
67  372  
68  372  
69  372  
70  372  
71  372  
72  372  
73  372  
74  372  
75  372  
76  372  
77  372  
78  372  
79  372  
80  372  
81  372  
82  372  
83  372  
84  372  
85  372  
86  373  
87  373  
88  373  
89  373  
90  373  
91  373  
92  373  
93  373  
94  373  
95  373  
96  373  
132  374  
133  374  
134  374  
135  374  
136  374  
137  374  
138  374  
139  374  
140  374  
141  374  
142  374  
143  374  
144  374  
145  374  
146  374  
147  374  
148  374  
149  374  
150  374  
151  374  
152  374  
153  374  
154  374  
155  374  
156  374  
157  374  
158  374  
159  374  
160  374  
161  374  
162  374  
163  374  
164  374  
165  374  
166  374  
167  374  
168  374  
169  374  
170  374  
171  374  
172  374  
173  374  
174  374  
175  374  
176  374  
177  374  
178  374  
179  374  
180  374  
181  374  
182  374  
183  374  
184  374  
185  374  
186  374  
187  374  
188  374  
189  374  
190  374  
191  374  
192  375  
193  375  
194  375  
195  375  
196  375  
197  375  
198  375  
199  375  
200  375  
201  375  
205  375  
206  375  
202  376  
203  376  
204  376  
207  376  
208  376  
209  376  
210  376  
211  376  
212  376  
213  376  
214  376  
215  376  
216  376  
217  376  
218  376  
219  376  
220  376  
221  376  
222  376  
223  376  
224  376  
225  377  
226  377  
227  377  
228  377  
229  377  
230  377  
231  378  
232  378  
233  378  
234  378  
235  378  
236  378  
237  378  
238  378  
239  378  
240  378  
241  378  
242  379  
243  379  
244  379  
245  379  
246  379  
247  379  
248  379  
249  379  
250  379  
251  379  
375  381  
375  382  
375  383  
374  384  
374  385  
374  386  
374  387  
374  388  
374  389  
374  390  
374  391  
374  392  
374  393  
374  394  
373  395  
373  396  
373  397  
373  398  
373  399  
373  400  
373  401  
372  402  
372  403  
372  404  
372  405  
372  406  
372  407  
305  395  
305  396  
305  397  
305  398  
305  399  
305  400  
305  401  
306  402  
306  403  
306  404  
306  405  
306  406  
306  407  
306  408  
306  409  
306  410  
306  411  
306  412  
306  413  
306  414  
306  415  
306  416  
363  399  
363  400  
363  401  
363  402  
363  403  
363  404  
362  405  
362  406  
362  407  
362  408  
362  409  
362  410  
362  411  
362  412  
362  413  
362  414  
362  415  
362  416  
361  417  
361  418  
361  419  
361  420  
361  421  
361  422  
325  404  
325  405  
325  406  
325  407  
325  408  
325  409  
325  410  
325  411  
325  412  
325  413  
325  414  
325  415  
325  416  
324  417  
324  418  
324  419  
324  420  
324  421  
324  422  
324  423  
324  424  
324  425  
324  426  
323  427  
344  435  
344  436  
344  437  
344  438  
344  439  
344  440  
344  441  
344  442  
343  443  
343  444  
343  445  
343  446  
343  447  
343  448  
342  449  
342  450  
342  451  
342  452  
342  453  
342  454  
342  455  
342  456  
342  457  
342  458  
341  459  
341  460  
341  461  
341  462  
341  463  
341  464  
340  465  
340  466  
340  467  
340  468  
340  469  
340  470  
339  471  
339  472  
339  473  
339  474  
339  475  
339  476  
339  477  
338  478  
338  479  
338  480  
338  481  
338  482  
338  483  
337  484  
337  485  
337  486  
337  487  
337  488  
337  489  
320  451  
320  452  
320  453  
320  454  
320  455  
320  456  
320  457  
320  458  
320  459  
320  460  
320  461  
319  462  
319  463  
319  464  
319  465  
319  466  
319  467  
319  468  
319  469  
319  470  
319  471  
319  472  
319  473  
319  474  
319  475  
319  476  
319  477  
365  463  
365  464  
365  465  
365  466  
365  467  
365  468  
365  469  
365  470  
365  471  
365  472  
365  473  
365  474  
365  475  
365  476  
365  477  
365  478  
364  479  
364  480  
364  481  
364  482  
364  483  
364  484  
364  485  
364  486  
363  487  
363  488  
363  489  
363  490  
363  491  
363  492  
363  493  
363  494  
363  495  
363  496  
363  497  
362  498  
362  499  
362  500  
362  501  
362  502  
362  503  
362  504  
330  464  
330  465  
330  466  
330  467  
330  468  
330  469  
330  470  
330  471  
329  472  
329  473  
329  474  
329  475  
329  476  
329  477  
329  478  
328  479  
328  480  
328  481  
328  482  
328  483  
328  484  
328  485  
328  486  
328  487  
328  488  
334  465  
334  466  
334  467  
334  468  
334  469  
334  470  
334  471  
334  472  
333  473  
333  474  
333  475  
333  476  
333  477  
333  478  
333  479  
333  480  
332  481  
332  482  
332  483  
332  484  
332  485  
332  486  
332  487  
332  488  
332  489  
317  486  
317  487  
317  488  
317  489  
317  490  
317  491  
317  492  
317  493  
317  494  
317  495  
317  496  
317  497  
317  498  
317  499  
316  500  
316  501  
316  502  
316  503  
316  504  
316  505  
315  506  
315  507  
315  508  
315  509  
315  510  
315  511  
314  512  
314  513  
314  514  
314  515  
314  516  
314  517  
314  518  
314  519  
355  489  
355  490  
354  491  
354  492  
354  493  
354  494  
353  495  
353  496  
353  497  
353  498  
353  499  
352  500  
352  501  
352  502  
352  503  
351  504  
351  505  
351  506  
351  507  
351  508  
331  491  
331  492  
331  493  
331  494  
331  495  
330  496  
330  497  
330  498  
330  499  
329  500  
329  501  
329  502  
329  503  
329  504  
328  505  
328  506  
328  507  
328  508  
328  509  
328  510  
327  511  
327  512  
327  513  
327  514  
327  515  
327  516  
327  517  
327  518  
326  519  
326  520  
326  521  
326  522  
381  503  
381  504  
381  505  
381  506  
381  507  
381  508  
381  509  
381  510  
381  511  
381  512  
381  513  
380  514  
380  515  
380  516  
380  517  
380  518  
380  519  
380  520  
380  521  
380  522  
380  523  
380  524  
380  525  
380  526  
380  527  
380  528  
380  529  
380  530  
380  531  
380  532  
380  533  
380  534  
380  535  
381  536  
381  537  
380  538  
380  539  
380  540  
380  541  
381  542  
381  543  
381  544  
381  545  
381  546  
381  547  
381  548  
382  549  
382  550  
382  551  
382  552  
382  553  
382  554  
382  555  
382  556  
382  557  
382  558  
382  559  
361  506  
361  507  
361  508  
361  509  
361  510  
360  511  
360  512  
360  513  
360  514  
359  515  
359  516  
358  517  
358  518  
358  519  
358  520  
357  521  
357  522  
357  523  
357  524  
356  525  
356  526  
356  527  
356  528  
356  529  
355  530  
355  531  
355  532  
354  533  
354  534  
354  535  
354  536  
353  537  
353  538  
353  539  
352  540  
352  541  
352  542  
352  543  
352  544  
368  517  
368  518  
368  519  
367  520  
367  521  
367  522  
367  523  
367  524  
366  525  
366  526  
366  527  
366  528  
366  529  
365  530  
365  531  
365  532  
365  533  
365  534  
365  535  
364  536  
364  537  
364  538  
364  539  
364  540  
364  541  
340  542  
340  543  
339  544  
339  545  
339  546  
339  547  
339  548  
338  549  
338  550  
338  551  
338  552  
338  553  
338  554  
337  555  
337  556  
337  557  
337  558  
336  559  
336  560  
336  561  
336  562  
336  563  
335  564  
335  565  
335  566  
334  567  
334  568  
334  569  
334  570  
333  571  
333  572  
333  573  
333  574  
332  575  
332  576  
332  577  
332  578  
332  579  
332  580  
331  581  
331  582  
331  583  
331  584  
330  585  
330  586  
324  553  
324  554  
324  555  
324  556  
324  557  
324  558  
323  559  
323  560  
323  561  
323  562  
323  563  
323  564  
323  565  
322  566  
322  567  
322  568  
322  569  
322  570  
322  571  
322  572  
322  573  
321  574  
321  575  
321  576  
321  577  
321  578  
321  579  
357  559  
357  560  
356  561  
356  562  
356  563  
356  564  
356  565  
356  566  
356  567  
355  568  
355  569  
355  570  
355  571  
355  572  
355  573  
354  574  
354  575  
354  576  
354  577  
354  578  
353  579  
353  580  
353  581  
353  582  
352  583  
352  584  
352  585  
352  586  
164  564  
167  564  
168  564  
165  565  
166  565  
169  565  
170  565  
171  565  
172  565  
173  565  
174  565  
175  566  
176  566  
177  566  
178  566  
179  566  
180  566  
181  567  
182  567  
183  567  
184  567  
185  567  
186  567  
187  567  
339  569  
339  570  
339  571  
339  572  
338  573  
338  574  
338  575  
338  576  
338  577  
338  578  
337  579  
337  580  
337  581  
337  582  
336  583  
336  584  
336  585  
336  586  
336  587  
335  588  
335  589  
335  590  
334  591  
334  592  
334  593  
333  594  
333  595  
333  596  
333  597  
333  598  
345  579  
345  580  
345  581  
345  582  
344  583  
344  584  
344  585  
343  586  
343  587  
343  588  
343  589  
342  590  
342  591  
341  592  
341  593  
341  594  
341  595  
341  596  
341  597  
340  598  
340  599  
340  600  
340  601  
340  602  
340  603  
340  604  
339  605  
339  606  
338  607  
338  608  
320  581  
320  582  
320  583  
320  584  
320  585  
319  586  
319  587  
319  588  
319  589  
319  590  
319  591  
318  592  
318  593  
318  594  
318  595  
318  596  
318  597  
317  598  
317  599  
317  600  
115  586  
115  587  
115  588  
115  589  
115  590  
115  591  
116  592  
116  593  
116  594  
116  595  
116  596  
116  597  
117  598  
117  599  
117  600  
118  601  
118  602  
118  603  
119  604  
119  605  
119  606  
120  607  
120  608  
