352  32  
352  33  
352  34  
351  35  
351  36  
351  37  
351  38  
351  39  
351  40  
351  41  
351  42  
351  43  
351  44  
350  45  
350  46  
350  47  
350  48  
350  49  
350  50  
350  51  
350  52  
350  53  
349  54  
349  55  
349  56  
349  57  
349  58  
349  59  
349  60  
349  61  
349  62  
349  63  
349  64  
348  65  
348  66  
348  67  
348  68  
348  69  
348  70  
348  71  
348  72  
348  73  
348  74  
347  75  
347  76  
347  77  
347  78  
347  79  
347  80  
355  32  
355  33  
355  34  
355  35  
355  36  
355  37  
355  38  
355  39  
354  40  
354  41  
354  42  
354  43  
354  44  
354  45  
354  46  
354  47  
354  48  
354  49  
354  50  
354  51  
354  52  
216  43  
217  43  
218  43  
219  43  
209  44  
210  44  
211  44  
212  44  
213  44  
214  44  
215  44  
187  45  
188  45  
189  45  
190  45  
191  45  
192  45  
193  45  
194  45  
195  45  
196  45  
197  45  
198  45  
199  45  
200  45  
201  45  
202  45  
203  45  
204  45  
205  45  
206  45  
207  45  
208  45  
184  46  
185  46  
186  46  
176  47  
177  47  
174  48  
175  48  
170  49  
171  49  
172  49  
173  49  
168  50  
169  50  
162  51  
163  51  
164  51  
165  51  
166  51  
167  51  
156  52  
157  52  
158  52  
159  52  
160  52  
161  52  
395  47  
395  48  
395  49  
394  50  
394  51  
394  52  
394  53  
394  54  
393  55  
393  56  
393  57  
393  58  
392  59  
392  60  
392  61  
391  62  
391  63  
391  64  
391  65  
390  66  
390  67  
390  68  
389  69  
389  70  
389  71  
389  72  
389  73  
388  74  
388  75  
388  76  
388  77  
388  78  
388  79  
387  80  
387  81  
387  82  
386  83  
386  84  
386  85  
386  86  
385  87  
385  88  
366  59  
366  60  
366  61  
366  62  
366  63  
365  64  
365  65  
365  66  
365  67  
365  68  
365  69  
364  70  
364  71  
364  72  
364  73  
364  74  
364  75  
364  76  
364  77  
364  78  
363  79  
363  80  
363  81  
363  82  
363  83  
363  84  
363  85  
363  86  
362  87  
362  88  
362  89  
362  90  
362  91  
362  92  
361  93  
361  94  
361  95  
59  65  
45  66  
46  66  
47  66  
48  66  
49  66  
50  66  
51  66  
52  66  
53  66  
54  66  
55  66  
56  66  
57  66  
58  66  
32  67  
33  67  
34  67  
35  67  
36  67  
37  67  
38  67  
39  67  
40  67  
41  67  
42  67  
43  67  
44  67  
448  67  
448  68  
448  69  
447  70  
447  71  
447  72  
447  73  
447  74  
446  75  
446  76  
446  77  
445  78  
445  79  
445  80  
444  81  
444  82  
444  83  
443  84  
443  85  
443  86  
442  87  
442  88  
442  89  
442  90  
131  80  
131  81  
131  82  
131  83  
130  84  
130  85  
130  86  
130  87  
130  88  
130  89  
130  90  
130  91  
130  92  
130  93  
130  94  
130  95  
130  96  
130  97  
130  98  
130  99  
130  100  
130  101  
129  102  
129  103  
129  104  
129  105  
129  106  
129  107  
129  108  
129  109  
129  110  
129  111  
129  112  
128  113  
128  114  
128  115  
128  116  
128  117  
128  118  
128  119  
128  120  
128  121  
128  122  
128  123  
128  124  
128  125  
53  94  
54  94  
55  94  
56  94  
57  94  
58  94  
59  94  
60  94  
61  94  
62  94  
36  95  
37  95  
38  95  
39  95  
40  95  
41  95  
42  95  
43  95  
44  95  
45  95  
46  95  
47  95  
48  95  
49  95  
50  95  
51  95  
52  95  
32  96  
33  96  
34  96  
35  96  
60  106  
61  106  
48  107  
49  107  
50  107  
51  107  
52  107  
53  107  
54  107  
55  107  
56  107  
57  107  
58  107  
59  107  
32  108  
33  108  
34  108  
35  108  
36  108  
37  108  
38  108  
39  108  
40  108  
41  108  
42  108  
43  108  
44  108  
45  108  
46  108  
47  108  
435  106  
436  106  
431  107  
432  107  
433  107  
434  107  
426  108  
427  108  
428  108  
429  108  
430  108  
420  109  
421  109  
422  109  
423  109  
424  109  
425  109  
413  110  
414  110  
415  110  
416  110  
417  110  
418  110  
419  110  
404  111  
405  111  
406  111  
407  111  
408  111  
409  111  
410  111  
411  111  
412  111  
394  112  
395  112  
396  112  
397  112  
398  112  
399  112  
400  112  
401  112  
402  112  
403  112  
51  118  
52  118  
53  118  
54  118  
55  118  
56  118  
57  118  
58  118  
59  118  
60  118  
35  119  
36  119  
37  119  
38  119  
39  119  
40  119  
41  119  
42  119  
43  119  
44  119  
45  119  
46  119  
47  119  
48  119  
49  119  
50  119  
32  120  
33  120  
34  120  
309  119  
310  119  
311  119  
312  119  
313  119  
314  119  
315  119  
316  119  
317  119  
318  119  
319  119  
320  119  
321  119  
322  119  
323  119  
324  119  
325  119  
326  119  
327  119  
328  119  
329  119  
330  119  
331  119  
332  119  
287  120  
288  120  
289  120  
290  120  
291  120  
292  120  
293  120  
294  120  
295  120  
296  120  
297  120  
298  120  
299  120  
300  120  
301  120  
302  120  
303  120  
304  120  
305  120  
306  120  
307  120  
308  120  
264  121  
265  121  
268  121  
269  121  
270  121  
271  121  
272  121  
273  121  
274  121  
275  121  
276  121  
277  121  
278  121  
279  121  
280  121  
281  121  
282  121  
283  121  
284  121  
285  121  
286  121  
242  122  
243  122  
244  122  
245  122  
246  122  
247  122  
248  122  
249  122  
250  122  
251  122  
252  122  
253  122  
254  122  
255  122  
256  122  
257  122  
258  122  
259  122  
260  122  
261  122  
262  122  
263  122  
266  122  
267  122  
318  125  
292  126  
305  126  
306  126  
307  126  
308  126  
309  126  
310  126  
311  126  
312  126  
313  126  
314  126  
315  126  
316  126  
317  126  
289  127  
290  127  
291  127  
293  127  
294  127  
295  127  
296  127  
297  127  
298  127  
299  127  
300  127  
301  127  
302  127  
303  127  
304  127  
268  127  
269  127  
270  127  
271  127  
272  127  
273  127  
274  127  
275  127  
276  127  
277  127  
278  127  
279  127  
280  127  
281  127  
282  127  
283  127  
284  127  
252  128  
253  128  
254  128  
255  128  
256  128  
257  128  
258  128  
259  128  
260  128  
261  128  
262  128  
263  128  
264  128  
265  128  
266  128  
267  128  
397  128  
398  128  
399  129  
400  129  
401  129  
402  129  
403  129  
404  129  
405  129  
406  129  
407  129  
408  129  
409  129  
410  129  
411  130  
412  130  
413  130  
414  130  
415  130  
416  130  
417  130  
418  130  
419  130  
420  130  
421  130  
422  131  
423  131  
424  131  
425  131  
426  131  
427  131  
428  131  
429  132  
430  132  
431  132  
432  132  
433  132  
434  132  
435  132  
436  132  
437  132  
438  132  
439  132  
440  133  
441  133  
58  130  
59  130  
60  130  
61  130  
62  130  
63  130  
44  131  
45  131  
46  131  
47  131  
48  131  
49  131  
50  131  
51  131  
52  131  
53  131  
54  131  
55  131  
56  131  
57  131  
32  132  
33  132  
34  132  
35  132  
36  132  
37  132  
38  132  
39  132  
40  132  
41  132  
42  132  
43  132  
383  131  
383  132  
383  133  
383  134  
383  135  
383  136  
383  137  
383  138  
383  139  
383  140  
383  141  
383  142  
383  143  
383  144  
383  145  
382  146  
382  147  
382  148  
382  149  
382  150  
382  151  
382  152  
381  153  
381  154  
381  155  
381  156  
381  157  
381  158  
381  159  
381  160  
381  161  
381  162  
297  135  
298  135  
299  135  
300  135  
301  135  
302  135  
303  135  
304  135  
305  135  
306  135  
307  135  
308  135  
309  135  
310  135  
311  135  
312  135  
313  135  
314  135  
315  135  
316  135  
317  135  
293  136  
294  136  
295  136  
296  136  
318  136  
319  136  
354  135  
354  136  
354  137  
353  138  
353  139  
353  140  
353  141  
353  142  
353  143  
353  144  
353  145  
353  146  
353  147  
353  148  
353  149  
353  150  
353  151  
352  152  
352  153  
352  154  
352  155  
352  156  
352  157  
352  158  
352  159  
351  160  
351  161  
351  162  
351  163  
351  164  
351  165  
350  166  
349  167  
349  168  
377  141  
377  142  
376  143  
376  144  
376  145  
376  146  
376  147  
376  148  
376  149  
376  150  
376  151  
376  152  
376  153  
376  154  
376  155  
376  156  
376  157  
376  158  
376  159  
376  160  
376  161  
376  162  
376  163  
376  164  
376  165  
376  166  
326  156  
326  157  
326  158  
326  159  
326  160  
326  161  
326  162  
326  163  
326  164  
326  165  
326  166  
326  167  
326  168  
326  169  
326  170  
326  171  
326  172  
326  173  
326  174  
326  175  
326  176  
326  177  
326  178  
429  162  
429  163  
429  164  
429  165  
429  166  
429  167  
429  168  
429  169  
428  170  
428  171  
428  172  
428  173  
428  174  
428  175  
428  176  
428  177  
428  178  
428  179  
428  180  
428  181  
389  163  
389  164  
389  165  
389  166  
389  167  
389  168  
389  169  
389  170  
389  171  
389  172  
389  173  
389  174  
389  175  
388  176  
388  177  
388  178  
388  179  
388  180  
388  181  
388  182  
388  183  
388  184  
388  185  
33  178  
34  178  
35  178  
36  178  
37  178  
38  178  
39  178  
40  178  
41  178  
42  178  
43  178  
44  178  
45  178  
46  178  
47  178  
48  178  
49  178  
50  178  
51  178  
52  178  
53  178  
54  178  
55  178  
56  178  
57  178  
32  179  
299  181  
300  181  
301  181  
302  181  
303  181  
304  181  
305  181  
306  181  
307  181  
308  181  
309  181  
310  181  
311  181  
312  181  
313  181  
314  181  
315  181  
316  181  
317  181  
296  182  
297  182  
298  182  
62  185  
62  186  
62  187  
62  188  
62  189  
62  190  
62  191  
62  192  
62  193  
62  194  
62  195  
62  196  
62  197  
62  198  
62  199  
62  200  
61  201  
61  202  
61  203  
61  204  
341  193  
341  194  
341  195  
341  196  
341  197  
341  198  
341  199  
341  200  
341  201  
341  202  
341  203  
341  204  
341  205  
341  206  
341  207  
341  208  
341  209  
341  210  
341  211  
341  212  
341  213  
341  214  
341  215  
341  216  
341  217  
341  218  
341  219  
341  220  
341  221  
341  222  
341  223  
341  224  
341  225  
341  226  
341  227  
341  228  
341  229  
330  194  
330  195  
330  196  
330  197  
330  198  
330  199  
330  200  
330  201  
330  202  
330  203  
330  204  
330  205  
330  206  
330  207  
330  208  
330  209  
330  210  
330  211  
330  212  
330  213  
330  214  
330  215  
330  216  
330  217  
330  218  
330  219  
330  220  
330  221  
330  222  
330  223  
330  224  
330  225  
330  226  
330  227  
330  228  
330  229  
330  230  
330  231  
330  232  
330  233  
330  234  
330  235  
330  236  
330  237  
330  238  
330  239  
330  240  
330  241  
330  242  
352  194  
352  195  
352  196  
352  197  
352  198  
352  199  
352  200  
352  201  
352  202  
352  203  
352  204  
352  205  
352  206  
352  207  
352  208  
352  209  
352  210  
352  211  
352  212  
352  213  
352  214  
352  215  
352  216  
352  217  
352  218  
352  219  
352  220  
352  221  
352  222  
352  223  
352  224  
352  225  
352  226  
352  227  
352  228  
352  229  
352  230  
352  231  
352  232  
352  233  
352  234  
352  235  
412  199  
412  200  
412  201  
412  202  
412  203  
412  204  
412  205  
412  206  
412  207  
412  208  
411  209  
411  210  
411  211  
411  212  
411  213  
411  214  
410  215  
410  216  
410  217  
410  218  
410  219  
410  220  
384  205  
384  206  
384  207  
384  208  
384  209  
384  210  
384  211  
384  212  
384  213  
384  214  
384  215  
384  216  
384  217  
383  218  
383  219  
383  220  
383  221  
383  222  
383  223  
383  224  
383  225  
383  226  
383  227  
383  228  
383  229  
383  230  
383  231  
382  232  
382  233  
382  234  
382  235  
382  236  
382  237  
381  238  
381  239  
381  240  
381  241  
381  242  
381  243  
381  244  
381  245  
381  246  
381  247  
381  248  
381  249  
381  250  
54  211  
32  212  
33  212  
34  212  
35  212  
36  212  
37  212  
38  212  
39  212  
40  212  
41  212  
42  212  
43  212  
44  212  
45  212  
46  212  
47  212  
48  212  
49  212  
50  212  
51  212  
52  212  
53  212  
395  219  
395  220  
395  221  
395  222  
395  223  
395  224  
395  225  
395  226  
394  227  
394  228  
394  229  
394  230  
394  231  
394  232  
393  233  
393  234  
393  235  
394  236  
394  237  
393  238  
393  239  
393  240  
393  241  
393  242  
393  243  
393  244  
393  245  
393  246  
392  247  
392  248  
392  249  
392  250  
392  251  
392  252  
392  253  
392  254  
392  255  
392  256  
391  257  
391  258  
391  259  
391  260  
391  261  
391  262  
391  263  
391  264  
391  265  
391  266  
391  267  
391  268  
391  269  
391  270  
390  271  
390  272  
390  273  
390  274  
390  275  
390  276  
390  277  
390  278  
358  231  
358  232  
358  233  
358  234  
358  235  
358  236  
358  237  
358  238  
358  239  
358  240  
358  241  
358  242  
358  243  
358  244  
358  245  
357  246  
357  247  
357  248  
357  249  
357  250  
357  251  
357  252  
58  240  
32  241  
33  241  
34  241  
35  241  
36  241  
37  241  
38  241  
39  241  
40  241  
41  241  
42  241  
43  241  
44  241  
45  241  
46  241  
47  241  
48  241  
49  241  
50  241  
51  241  
52  241  
53  241  
54  241  
55  241  
56  241  
57  241  
32  253  
33  253  
34  253  
35  253  
36  253  
37  253  
38  253  
39  253  
40  253  
41  253  
42  253  
43  253  
44  253  
45  253  
46  253  
47  253  
48  253  
49  253  
50  253  
51  253  
319  254  
323  254  
324  254  
325  254  
326  254  
327  254  
328  254  
298  255  
299  255  
300  255  
301  255  
302  255  
303  255  
304  255  
305  255  
306  255  
307  255  
308  255  
309  255  
310  255  
311  255  
312  255  
313  255  
314  255  
315  255  
316  255  
317  255  
318  255  
320  255  
321  255  
322  255  
403  258  
403  259  
403  260  
402  261  
402  262  
402  263  
402  264  
402  265  
402  266  
401  267  
401  268  
401  269  
401  270  
401  271  
401  272  
400  273  
400  274  
400  275  
400  276  
400  277  
400  278  
400  279  
400  280  
400  281  
400  282  
283  259  
284  259  
285  259  
286  259  
287  259  
288  259  
289  259  
290  259  
291  259  
292  259  
293  259  
294  259  
295  259  
296  259  
297  259  
298  259  
299  259  
300  259  
301  259  
302  259  
303  259  
304  259  
305  259  
306  259  
307  259  
308  259  
309  259  
310  259  
311  259  
312  259  
313  259  
314  259  
315  259  
316  259  
317  259  
318  259  
319  259  
320  259  
321  259  
322  259  
323  259  
324  259  
413  260  
413  261  
413  262  
413  263  
413  264  
413  265  
413  266  
413  267  
413  268  
412  269  
412  270  
412  271  
412  272  
412  273  
412  274  
412  275  
412  276  
411  277  
411  278  
411  279  
411  280  
411  281  
411  282  
284  263  
285  263  
286  263  
287  263  
288  263  
289  263  
290  263  
291  263  
292  263  
293  263  
294  263  
295  263  
296  263  
297  263  
298  263  
299  263  
300  263  
301  263  
302  263  
303  263  
304  263  
305  263  
306  263  
307  263  
308  263  
309  263  
310  263  
311  263  
312  263  
313  263  
314  263  
315  263  
316  263  
317  263  
318  263  
319  263  
320  263  
321  263  
322  263  
323  263  
324  263  
325  263  
326  263  
32  265  
33  265  
34  265  
35  265  
36  265  
37  265  
38  265  
39  265  
40  265  
41  265  
42  265  
43  265  
44  265  
45  265  
46  265  
47  265  
48  265  
49  265  
50  265  
51  265  
52  265  
357  268  
357  269  
357  270  
357  271  
357  272  
357  273  
357  274  
357  275  
357  276  
357  277  
357  278  
356  279  
356  280  
356  281  
356  282  
356  283  
356  284  
356  285  
356  286  
356  287  
356  288  
356  289  
356  290  
356  291  
356  292  
356  293  
356  294  
356  295  
356  296  
356  297  
356  298  
356  299  
57  276  
32  277  
33  277  
34  277  
35  277  
36  277  
37  277  
38  277  
39  277  
40  277  
41  277  
42  277  
43  277  
44  277  
45  277  
46  277  
47  277  
48  277  
49  277  
50  277  
51  277  
52  277  
53  277  
54  277  
55  277  
56  277  
350  282  
350  283  
350  284  
350  285  
350  286  
350  287  
350  288  
350  289  
350  290  
350  291  
350  292  
350  293  
350  294  
350  295  
350  296  
350  297  
350  298  
350  299  
350  300  
350  301  
350  302  
410  285  
410  286  
409  287  
409  288  
409  289  
409  290  
409  291  
409  292  
408  293  
408  294  
408  295  
408  296  
407  297  
407  298  
407  299  
406  300  
406  301  
406  302  
406  303  
406  304  
386  298  
386  299  
386  300  
386  301  
386  302  
385  303  
385  304  
385  305  
385  306  
385  307  
385  308  
384  309  
384  310  
384  311  
384  312  
384  313  
384  314  
384  315  
384  316  
384  317  
384  318  
384  319  
383  320  
383  321  
383  322  
383  323  
383  324  
383  325  
383  326  
383  327  
383  328  
383  329  
383  330  
383  331  
383  332  
383  333  
383  334  
382  335  
382  336  
382  337  
382  338  
382  339  
382  340  
382  341  
382  342  
382  343  
382  344  
382  345  
382  346  
293  306  
294  306  
295  306  
296  306  
297  306  
298  306  
299  306  
300  306  
301  306  
302  306  
303  306  
304  306  
305  306  
306  306  
307  306  
308  306  
309  306  
310  306  
311  306  
312  306  
313  306  
314  306  
315  306  
316  306  
317  306  
318  306  
291  310  
292  310  
293  310  
294  310  
295  310  
296  310  
297  310  
298  310  
299  310  
300  310  
301  310  
302  310  
303  310  
304  310  
305  310  
306  310  
307  310  
308  310  
309  310  
310  310  
311  310  
312  310  
313  310  
314  310  
315  310  
316  310  
317  310  
318  310  
319  310  
320  310  
321  310  
322  310  
323  310  
288  311  
289  311  
290  311  
355  316  
355  317  
355  318  
355  319  
355  320  
355  321  
355  322  
355  323  
355  324  
355  325  
354  326  
354  327  
354  328  
354  329  
354  330  
354  331  
353  332  
353  333  
353  334  
353  335  
353  336  
353  337  
353  338  
353  339  
353  340  
353  341  
353  342  
353  343  
353  344  
353  345  
353  346  
353  347  
352  348  
352  349  
352  350  
352  351  
352  352  
352  353  
352  354  
352  355  
176  318  
177  318  
178  318  
179  318  
180  318  
181  319  
182  319  
183  319  
184  319  
185  319  
186  319  
187  319  
188  319  
189  319  
190  319  
191  319  
192  319  
193  319  
194  319  
195  319  
196  319  
197  319  
198  319  
199  319  
200  319  
201  319  
202  319  
203  319  
204  320  
205  320  
206  320  
207  320  
208  320  
209  320  
210  320  
211  320  
212  320  
213  320  
214  320  
215  320  
216  320  
217  320  
218  320  
219  320  
220  320  
221  320  
222  320  
223  320  
224  320  
225  320  
226  320  
227  320  
228  320  
229  321  
230  321  
231  321  
232  321  
233  321  
234  321  
235  321  
236  321  
237  321  
238  321  
239  321  
240  321  
241  321  
242  321  
243  321  
244  321  
245  321  
246  321  
247  321  
248  321  
249  321  
250  321  
251  321  
252  321  
253  321  
254  321  
255  321  
256  321  
257  321  
258  321  
259  321  
260  321  
261  321  
262  321  
263  322  
297  323  
298  323  
299  323  
300  323  
301  323  
302  324  
303  324  
304  324  
305  324  
306  324  
307  324  
308  324  
309  324  
310  324  
311  324  
312  324  
313  324  
314  324  
315  324  
316  324  
317  324  
318  324  
319  324  
320  324  
193  327  
194  327  
195  327  
196  327  
197  327  
198  327  
199  327  
200  327  
201  327  
202  327  
203  327  
204  327  
205  327  
206  327  
207  327  
208  327  
209  327  
210  327  
211  327  
212  327  
213  327  
214  327  
215  327  
216  327  
217  327  
218  328  
219  328  
220  328  
221  328  
222  328  
223  328  
224  328  
225  328  
226  328  
227  328  
228  328  
298  327  
299  327  
300  327  
301  327  
302  327  
303  327  
304  327  
305  327  
306  327  
307  327  
308  327  
309  327  
310  327  
311  327  
312  327  
313  327  
314  327  
315  327  
316  327  
317  327  
252  328  
253  328  
254  328  
255  328  
256  328  
251  329  
257  329  
258  329  
259  329  
260  329  
261  329  
262  329  
263  329  
264  329  
267  329  
268  329  
269  329  
265  330  
266  330  
270  330  
271  330  
272  330  
273  330  
274  330  
275  330  
276  330  
277  330  
411  330  
411  331  
411  332  
411  333  
411  334  
411  335  
410  336  
410  337  
410  338  
410  339  
410  340  
410  341  
409  342  
409  343  
409  344  
409  345  
409  346  
408  347  
408  348  
408  349  
407  350  
407  351  
407  352  
406  353  
406  354  
406  355  
406  356  
135  346  
136  347  
137  347  
138  347  
139  347  
140  347  
141  347  
142  347  
143  347  
144  347  
145  347  
146  347  
147  347  
148  347  
149  347  
150  347  
151  348  
152  348  
153  348  
154  348  
155  348  
156  348  
157  348  
158  348  
159  348  
160  348  
161  349  
162  349  
163  349  
164  349  
165  349  
166  349  
167  349  
168  349  
169  349  
170  349  
171  349  
172  349  
173  349  
174  349  
175  349  
176  349  
177  349  
178  349  
179  349  
205  350  
206  350  
207  350  
208  350  
209  350  
210  350  
211  350  
212  350  
213  350  
214  350  
215  350  
216  350  
217  350  
218  350  
219  350  
220  350  
221  350  
222  350  
223  350  
224  350  
225  350  
226  350  
227  350  
228  350  
229  350  
230  350  
231  350  
232  350  
233  350  
234  350  
235  350  
236  350  
237  350  
238  350  
239  350  
240  350  
241  350  
242  350  
243  350  
244  350  
245  350  
246  350  
247  350  
248  350  
249  350  
250  350  
251  350  
252  350  
253  351  
254  351  
255  351  
256  351  
257  351  
258  351  
259  351  
260  351  
261  351  
262  351  
263  351  
264  351  
272  352  
273  352  
274  352  
275  352  
276  352  
277  352  
278  352  
279  353  
280  353  
281  353  
282  353  
283  353  
284  353  
285  353  
286  353  
287  353  
288  353  
289  353  
290  353  
291  353  
292  353  
293  353  
294  353  
295  353  
296  353  
297  353  
298  353  
299  354  
299  355  
385  360  
385  361  
385  362  
385  363  
385  364  
385  365  
384  366  
384  367  
384  368  
384  369  
384  370  
384  371  
383  372  
383  373  
383  374  
383  375  
383  376  
383  377  
383  378  
382  379  
381  380  
381  381  
363  395  
363  396  
363  397  
363  398  
363  399  
363  400  
362  401  
362  402  
362  403  
362  404  
362  405  
362  406  
362  407  
361  408  
361  409  
361  410  
361  411  
361  412  
361  413  
361  414  
353  410  
353  411  
353  412  
353  413  
352  414  
352  415  
352  416  
352  417  
352  418  
352  419  
352  420  
352  421  
351  422  
351  423  
351  424  
351  425  
351  426  
351  427  
351  428  
350  429  
350  430  
350  431  
350  432  
350  433  
350  434  
350  435  
350  436  
378  420  
378  421  
378  422  
378  423  
378  424  
378  425  
378  426  
378  427  
378  428  
378  429  
377  430  
377  431  
377  432  
377  433  
377  434  
377  435  
377  436  
377  437  
377  438  
377  439  
377  440  
376  441  
376  442  
376  443  
376  444  
376  445  
376  446  
375  447  
375  448  
375  449  
375  450  
375  451  
375  452  
374  453  
374  454  
374  455  
373  456  
373  457  
373  458  
372  459  
372  460  
372  461  
372  462  
371  463  
371  464  
371  465  
371  466  
370  467  
370  468  
370  469  
370  470  
370  471  
369  472  
369  473  
369  474  
368  475  
368  476  
368  477  
368  478  
368  479  
368  480  
367  481  
367  482  
367  483  
367  484  
367  485  
367  486  
366  487  
366  488  
366  489  
366  490  
366  491  
365  492  
365  493  
365  494  
365  495  
344  424  
344  425  
344  426  
344  427  
344  428  
343  429  
343  430  
343  431  
343  432  
343  433  
343  434  
342  435  
342  436  
342  437  
342  438  
342  439  
342  440  
342  441  
342  442  
342  443  
342  444  
342  445  
342  446  
341  447  
341  448  
341  449  
341  450  
341  451  
341  452  
341  453  
340  454  
340  455  
340  456  
373  427  
373  428  
373  429  
372  430  
372  431  
372  432  
371  433  
371  434  
371  435  
370  436  
370  437  
370  438  
370  439  
369  440  
369  441  
369  442  
369  443  
369  444  
368  445  
368  446  
368  447  
368  448  
368  449  
333  430  
333  431  
333  432  
334  433  
334  434  
334  435  
334  436  
334  437  
334  438  
334  439  
334  440  
334  441  
334  442  
334  443  
334  444  
333  445  
333  446  
333  447  
333  448  
333  449  
333  450  
333  451  
333  452  
333  453  
333  454  
390  446  
390  447  
390  448  
390  449  
390  450  
390  451  
389  452  
389  453  
389  454  
389  455  
389  456  
389  457  
389  458  
389  459  
389  460  
389  461  
389  462  
389  463  
389  464  
389  465  
390  466  
390  467  
390  468  
390  469  
390  470  
390  471  
390  472  
390  473  
390  474  
390  475  
390  476  
390  477  
390  478  
391  479  
391  480  
391  481  
391  482  
391  483  
379  462  
379  463  
379  464  
378  465  
378  466  
378  467  
378  468  
378  469  
378  470  
377  471  
377  472  
377  473  
377  474  
377  475  
377  476  
376  477  
376  478  
376  479  
375  480  
375  481  
375  482  
374  483  
374  484  
374  485  
373  486  
373  487  
359  475  
359  476  
359  477  
358  478  
358  479  
358  480  
358  481  
358  482  
358  483  
357  484  
357  485  
357  486  
357  487  
357  488  
356  489  
356  490  
356  491  
355  492  
355  493  
355  494  
354  495  
354  496  
354  497  
354  498  
354  499  
354  500  
353  501  
353  502  
353  503  
347  485  
347  486  
346  487  
346  488  
346  489  
346  490  
346  491  
346  492  
346  493  
346  494  
346  495  
346  496  
346  497  
346  498  
345  499  
345  500  
345  501  
345  502  
345  503  
345  504  
344  505  
344  506  
344  507  
344  508  
344  509  
343  510  
343  511  
343  512  
343  513  
343  514  
360  491  
360  492  
359  493  
359  494  
359  495  
359  496  
359  497  
358  498  
358  499  
358  500  
358  501  
358  502  
357  503  
357  504  
357  505  
357  506  
357  507  
356  508  
356  509  
356  510  
356  511  
355  512  
355  513  
355  514  
355  515  
371  492  
371  493  
371  494  
371  495  
371  496  
370  497  
370  498  
370  499  
370  500  
370  501  
369  502  
369  503  
369  504  
369  505  
368  506  
368  507  
368  508  
368  509  
368  510  
367  511  
367  512  
367  513  
367  514  
366  515  
366  516  
366  517  
366  518  
365  519  
365  520  
365  521  
365  522  
365  523  
365  524  
364  525  
364  526  
364  527  
363  528  
363  529  
363  530  
363  531  
362  532  
362  533  
362  534  
362  535  
362  536  
361  537  
361  538  
361  539  
361  540  
360  541  
360  542  
360  543  
359  544  
359  545  
359  546  
359  547  
358  548  
358  549  
358  550  
358  551  
357  552  
357  553  
357  554  
357  555  
356  556  
356  557  
356  558  
355  559  
355  560  
355  561  
354  562  
354  563  
354  564  
354  565  
353  566  
353  567  
353  568  
353  569  
352  570  
352  571  
352  572  
352  573  
352  574  
389  496  
389  497  
389  498  
389  499  
389  500  
389  501  
389  502  
389  503  
389  504  
389  505  
389  506  
388  507  
388  508  
388  509  
388  510  
388  511  
388  512  
388  513  
388  514  
388  515  
388  516  
388  517  
388  518  
387  519  
387  520  
387  521  
387  522  
387  523  
387  524  
387  525  
387  526  
387  527  
387  528  
387  529  
387  530  
363  503  
363  504  
363  505  
362  506  
362  507  
362  508  
361  509  
361  510  
361  511  
361  512  
360  513  
360  514  
360  515  
360  516  
360  517  
360  518  
359  519  
359  520  
359  521  
359  522  
358  523  
358  524  
358  525  
358  526  
357  527  
357  528  
357  529  
357  530  
356  531  
356  532  
356  533  
356  534  
356  535  
355  536  
355  537  
355  538  
355  539  
354  540  
354  541  
354  542  
354  543  
354  544  
342  516  
342  517  
342  518  
342  519  
342  520  
342  521  
341  522  
341  523  
341  524  
341  525  
341  526  
341  527  
341  528  
341  529  
341  530  
341  531  
340  532  
340  533  
340  534  
340  535  
340  536  
340  537  
340  538  
340  539  
340  540  
340  541  
340  542  
340  543  
340  544  
339  545  
339  546  
339  547  
339  548  
339  549  
339  550  
339  551  
339  552  
339  553  
338  554  
338  555  
338  556  
338  557  
354  517  
354  518  
354  519  
354  520  
354  521  
354  522  
353  523  
353  524  
353  525  
353  526  
353  527  
353  528  
353  529  
353  530  
352  531  
352  532  
352  533  
352  534  
352  535  
352  536  
351  537  
351  538  
351  539  
351  540  
351  541  
351  542  
388  532  
387  533  
387  534  
387  535  
387  536  
387  537  
387  538  
387  539  
387  540  
387  541  
386  542  
386  543  
386  544  
386  545  
386  546  
386  547  
386  548  
386  549  
386  550  
386  551  
386  552  
386  553  
386  554  
385  555  
385  556  
385  557  
385  558  
385  559  
385  560  
385  561  
385  562  
385  563  
385  564  
384  565  
384  566  
384  567  
288  539  
289  539  
290  539  
291  539  
292  539  
293  539  
294  539  
295  539  
296  539  
297  539  
298  539  
299  539  
300  540  
301  540  
302  540  
303  540  
304  540  
305  540  
306  540  
307  540  
308  540  
358  570  
358  571  
358  572  
358  573  
358  574  
358  575  
358  576  
358  577  
358  578  
357  579  
357  580  
357  581  
357  582  
357  583  
357  584  
357  585  
357  586  
357  587  
357  588  
357  589  
356  590  
356  591  
356  592  
356  593  
356  594  
356  595  
356  596  
356  597  
355  598  
355  599  
355  600  
355  601  
355  602  
355  603  
354  604  
363  573  
363  574  
363  575  
363  576  
363  577  
363  578  
363  579  
363  580  
362  581  
362  582  
362  583  
362  584  
362  585  
362  586  
362  587  
361  588  
361  589  
361  590  
361  591  
361  592  
361  593  
361  594  
361  595  
361  596  
360  597  
360  598  
360  599  
360  600  
351  576  
351  577  
351  578  
351  579  
351  580  
351  581  
351  582  
350  583  
350  584  
350  585  
350  586  
350  587  
350  588  
350  589  
350  590  
350  591  
350  592  
350  593  
350  594  
350  595  
350  596  
350  597  
350  598  
350  599  
351  600  
351  601  
351  602  
351  603  
306  580  
307  580  
308  580  
272  581  
273  581  
274  581  
275  581  
276  581  
277  581  
278  581  
279  581  
280  581  
281  581  
282  581  
283  581  
284  581  
285  581  
286  581  
287  581  
288  581  
289  581  
290  581  
291  581  
292  581  
293  581  
294  581  
295  581  
296  581  
297  581  
298  581  
299  581  
300  581  
301  581  
302  581  
303  581  
304  581  
305  581  
292  593  
293  593  
284  594  
285  594  
286  594  
287  594  
288  594  
289  594  
290  594  
291  594  
266  595  
267  595  
268  595  
269  595  
270  595  
271  595  
272  595  
273  595  
274  595  
275  595  
276  595  
277  595  
278  595  
279  595  
280  595  
281  595  
282  595  
283  595  
309  600  
310  600  
311  600  
312  600  
296  601  
297  601  
298  601  
299  601  
300  601  
301  601  
302  601  
303  601  
304  601  
305  601  
306  601  
307  601  
308  601  
313  601  
314  601  
278  602  
279  602  
280  602  
281  602  
282  602  
283  602  
284  602  
285  602  
286  602  
287  602  
288  602  
289  602  
290  602  
291  602  
292  602  
293  602  
294  602  
295  602  
272  603  
273  603  
274  603  
275  603  
276  603  
277  603  
