49  
38  29  209  92  46  47  23  30  25  20  24  24  40  23  21  62  24  56  21  58  119  76  85  25  28  24  96  29  20  35  26  53  35  33  121  24  44  128  49  39  26  119  104  21  23  21  28  73  66  
381  32  
381  33  
381  34  
381  35  
381  36  
381  37  
381  38  
381  39  
381  40  
381  41  
381  42  
381  43  
381  44  
381  45  
381  46  
380  47  
380  48  
380  49  
380  50  
380  51  
380  52  
380  53  
380  54  
380  55  
380  56  
380  57  
380  58  
380  59  
380  60  
380  61  
380  62  
380  63  
380  64  
380  65  
380  66  
380  67  
380  68  
379  69  
386  32  
386  33  
386  34  
386  35  
386  36  
386  37  
386  38  
386  39  
386  40  
386  41  
386  42  
386  43  
386  44  
385  45  
385  46  
385  47  
385  48  
385  49  
385  50  
385  51  
385  52  
385  53  
385  54  
385  55  
385  56  
385  57  
385  58  
385  59  
385  60  
445  40  
445  41  
445  42  
445  43  
445  44  
444  45  
444  46  
444  47  
444  48  
444  49  
444  50  
444  51  
444  52  
444  53  
444  54  
444  55  
444  56  
444  57  
444  58  
443  59  
443  60  
443  61  
443  62  
443  63  
443  64  
443  65  
443  66  
443  67  
443  68  
443  69  
443  70  
443  71  
442  72  
442  73  
442  74  
442  75  
442  76  
442  77  
442  78  
442  79  
442  80  
442  81  
442  82  
442  83  
442  84  
441  85  
441  86  
441  87  
441  88  
441  89  
441  90  
441  91  
441  92  
441  93  
441  94  
441  95  
441  96  
441  97  
440  98  
440  99  
440  100  
440  101  
440  102  
440  103  
440  104  
440  105  
440  106  
440  107  
440  108  
440  109  
440  110  
439  111  
439  112  
439  113  
439  114  
439  115  
439  116  
439  117  
439  118  
439  119  
439  120  
439  121  
439  122  
439  123  
439  124  
438  125  
438  126  
438  127  
438  128  
438  129  
438  130  
438  131  
438  132  
438  133  
437  134  
437  135  
437  136  
437  137  
437  138  
437  139  
437  140  
437  141  
437  142  
437  143  
437  144  
437  145  
437  146  
437  147  
437  148  
437  149  
437  150  
436  151  
436  152  
436  153  
436  154  
436  155  
436  156  
436  157  
436  158  
436  159  
436  160  
436  161  
435  162  
435  163  
435  164  
435  165  
435  166  
435  167  
435  168  
435  169  
435  170  
435  171  
434  172  
434  173  
434  174  
434  175  
434  176  
434  177  
434  178  
434  179  
434  180  
434  181  
434  182  
434  183  
434  184  
434  185  
433  186  
433  187  
433  188  
433  189  
433  190  
433  191  
433  192  
433  193  
432  194  
432  195  
432  196  
432  197  
432  198  
432  199  
432  200  
432  201  
432  202  
432  203  
432  204  
431  205  
431  206  
431  207  
431  208  
431  209  
431  210  
431  211  
431  212  
431  213  
431  214  
431  215  
431  216  
431  217  
430  218  
430  219  
430  220  
430  221  
430  222  
430  223  
430  224  
430  225  
430  226  
430  227  
430  228  
430  229  
430  230  
430  231  
430  232  
429  233  
429  234  
429  235  
429  236  
429  237  
429  238  
429  239  
429  240  
429  241  
429  242  
429  243  
429  244  
429  245  
429  246  
428  247  
428  248  
448  71  
448  72  
448  73  
448  74  
448  75  
448  76  
447  77  
447  78  
447  79  
447  80  
447  81  
447  82  
447  83  
447  84  
447  85  
447  86  
447  87  
447  88  
447  89  
447  90  
446  91  
446  92  
446  93  
446  94  
446  95  
446  96  
446  97  
446  98  
446  99  
446  100  
445  101  
445  102  
445  103  
445  104  
445  105  
445  106  
445  107  
444  108  
444  109  
444  110  
444  111  
444  112  
444  113  
444  114  
443  115  
443  116  
444  117  
444  118  
444  119  
444  120  
443  121  
443  122  
443  123  
443  124  
443  125  
443  126  
443  127  
443  128  
443  129  
443  130  
442  131  
442  132  
442  133  
442  134  
442  135  
442  136  
442  137  
442  138  
442  139  
442  140  
441  141  
441  142  
441  143  
441  144  
441  145  
441  146  
441  147  
441  148  
441  149  
441  150  
441  151  
441  152  
441  153  
441  154  
441  155  
441  156  
441  157  
440  158  
440  159  
440  160  
440  161  
440  162  
335  79  
335  80  
336  81  
336  82  
336  83  
336  84  
336  85  
336  86  
336  87  
336  88  
336  89  
336  90  
336  91  
336  92  
336  93  
336  94  
336  95  
336  96  
336  97  
336  98  
336  99  
336  100  
337  101  
337  102  
337  103  
337  104  
337  105  
337  106  
337  107  
337  108  
337  109  
338  110  
338  111  
338  112  
338  113  
338  114  
338  115  
338  116  
338  117  
338  118  
338  119  
338  120  
338  121  
338  122  
339  123  
339  124  
384  79  
384  80  
384  81  
384  82  
384  83  
384  84  
384  85  
384  86  
384  87  
384  88  
384  89  
384  90  
383  91  
383  92  
383  93  
383  94  
383  95  
383  96  
383  97  
382  98  
382  99  
382  100  
382  101  
382  102  
382  103  
382  104  
382  105  
382  106  
382  107  
382  108  
381  109  
381  110  
381  111  
381  112  
381  113  
381  114  
381  115  
381  116  
381  117  
381  118  
381  119  
381  120  
381  121  
381  122  
381  123  
381  124  
381  125  
396  83  
396  84  
397  85  
397  86  
397  87  
397  88  
398  89  
398  90  
398  91  
399  92  
399  93  
399  94  
399  95  
400  96  
400  97  
400  98  
401  99  
401  100  
401  101  
401  102  
402  103  
402  104  
402  105  
377  98  
376  99  
376  100  
376  101  
376  102  
376  103  
376  104  
376  105  
376  106  
376  107  
376  108  
376  109  
376  110  
376  111  
376  112  
376  113  
376  114  
376  115  
376  116  
376  117  
375  118  
375  119  
375  120  
375  121  
375  122  
375  123  
375  124  
375  125  
375  126  
375  127  
382  130  
399  130  
400  130  
401  130  
402  130  
403  130  
404  130  
405  130  
406  130  
383  131  
384  131  
385  131  
386  131  
387  131  
388  131  
389  131  
390  131  
391  131  
392  131  
393  131  
394  131  
395  131  
396  131  
397  131  
398  131  
153  145  
152  146  
151  147  
150  148  
149  149  
149  150  
148  151  
148  152  
147  153  
146  154  
145  155  
145  156  
144  157  
143  158  
143  159  
142  160  
141  161  
140  162  
140  163  
139  164  
409  175  
408  176  
408  177  
408  178  
408  179  
408  180  
408  181  
408  182  
407  183  
407  184  
407  185  
407  186  
407  187  
407  188  
407  189  
407  190  
407  191  
407  192  
407  193  
407  194  
407  195  
407  196  
407  197  
406  198  
188  189  
189  189  
190  190  
191  190  
192  190  
193  191  
194  191  
195  191  
196  192  
197  192  
198  192  
199  193  
200  193  
201  194  
202  194  
203  195  
204  195  
205  195  
206  196  
207  196  
208  197  
209  197  
210  197  
211  198  
448  211  
448  212  
448  213  
448  214  
448  215  
448  216  
448  217  
448  218  
447  219  
447  220  
447  221  
447  222  
447  223  
447  224  
447  225  
447  226  
447  227  
447  228  
447  229  
447  230  
447  231  
447  232  
446  233  
446  234  
446  235  
446  236  
446  237  
446  238  
446  239  
446  240  
445  241  
445  242  
445  243  
445  244  
445  245  
445  246  
445  247  
445  248  
445  249  
445  250  
416  224  
416  225  
416  226  
416  227  
416  228  
416  229  
416  230  
416  231  
416  232  
416  233  
416  234  
416  235  
417  236  
417  237  
417  238  
417  239  
417  240  
417  241  
417  242  
417  243  
417  244  
417  245  
417  246  
442  230  
442  231  
442  232  
442  233  
442  234  
441  235  
441  236  
441  237  
441  238  
441  239  
441  240  
441  241  
441  242  
441  243  
441  244  
441  245  
440  246  
440  247  
440  248  
440  249  
440  250  
193  239  
194  239  
195  239  
190  240  
191  240  
192  240  
187  241  
188  241  
189  241  
184  242  
185  242  
186  242  
181  243  
182  243  
183  243  
178  244  
179  244  
180  244  
175  245  
176  245  
177  245  
172  246  
173  246  
174  246  
169  247  
170  247  
171  247  
166  248  
167  248  
168  248  
163  249  
164  249  
165  249  
160  250  
161  250  
162  250  
157  251  
158  251  
159  251  
154  252  
155  252  
156  252  
151  253  
152  253  
153  253  
148  254  
149  254  
150  254  
145  255  
146  255  
147  255  
142  256  
143  256  
144  256  
139  257  
140  257  
141  257  
136  258  
137  258  
138  258  
134  259  
135  259  
430  258  
430  259  
431  260  
432  261  
433  262  
434  263  
434  264  
435  265  
436  266  
437  267  
438  268  
439  269  
439  270  
440  271  
441  272  
442  273  
443  274  
444  275  
445  276  
445  277  
446  278  
447  279  
447  280  
448  281  
172  260  
173  260  
174  260  
169  261  
170  261  
171  261  
166  262  
167  262  
168  262  
163  263  
164  263  
165  263  
160  264  
161  264  
162  264  
157  265  
158  265  
159  265  
154  266  
155  266  
156  266  
151  267  
152  267  
153  267  
149  268  
150  268  
146  269  
147  269  
148  269  
143  270  
144  270  
145  270  
140  271  
141  271  
142  271  
137  272  
138  272  
139  272  
134  273  
135  273  
136  273  
131  274  
132  274  
133  274  
128  275  
129  275  
130  275  
125  276  
126  276  
127  276  
121  277  
122  277  
123  277  
124  277  
119  278  
120  278  
118  264  
119  264  
120  264  
115  265  
116  265  
117  265  
112  266  
113  266  
114  266  
109  267  
110  267  
111  267  
106  268  
107  268  
108  268  
103  269  
104  269  
105  269  
100  270  
101  270  
102  270  
144  294  
145  294  
146  294  
141  295  
142  295  
143  295  
138  296  
139  296  
140  296  
135  297  
136  297  
137  297  
132  298  
133  298  
134  298  
129  299  
130  299  
131  299  
126  300  
127  300  
128  300  
123  301  
124  301  
125  301  
120  302  
121  302  
122  302  
117  303  
118  303  
119  303  
115  304  
116  304  
112  305  
113  305  
114  305  
109  306  
110  306  
111  306  
106  307  
107  307  
108  307  
103  308  
104  308  
105  308  
100  309  
101  309  
102  309  
97  310  
98  310  
99  310  
95  311  
96  311  
93  312  
94  312  
89  313  
90  313  
91  313  
92  313  
354  302  
354  303  
354  304  
354  305  
354  306  
354  307  
354  308  
354  309  
354  310  
354  311  
354  312  
354  313  
354  314  
354  315  
354  316  
354  317  
354  318  
354  319  
354  320  
354  321  
354  322  
354  323  
354  324  
354  325  
354  326  
354  327  
354  328  
353  329  
353  330  
353  331  
353  332  
353  333  
353  334  
353  335  
353  336  
353  337  
353  338  
353  339  
353  340  
353  341  
353  342  
353  343  
353  344  
353  345  
353  346  
353  347  
353  348  
353  349  
353  350  
353  351  
353  352  
353  353  
353  354  
353  355  
353  356  
352  357  
352  358  
352  359  
352  360  
352  361  
352  362  
352  363  
352  364  
352  365  
352  366  
352  367  
352  368  
352  369  
352  370  
352  371  
352  372  
352  373  
352  374  
352  375  
352  376  
352  377  
352  378  
352  379  
352  380  
352  381  
352  382  
352  383  
352  384  
352  385  
351  386  
351  387  
351  388  
351  389  
351  390  
351  391  
351  392  
351  393  
351  394  
351  395  
351  396  
351  397  
351  398  
351  399  
351  400  
351  401  
351  402  
351  403  
351  404  
351  405  
351  406  
351  407  
351  408  
351  409  
351  410  
350  411  
350  412  
350  413  
350  414  
350  415  
350  416  
350  417  
350  418  
350  419  
350  420  
373  303  
374  303  
375  303  
376  304  
377  304  
378  304  
379  305  
380  305  
381  305  
382  306  
383  306  
384  306  
385  307  
386  307  
387  308  
388  308  
389  308  
390  309  
391  309  
392  309  
393  310  
394  310  
395  310  
396  311  
397  311  
398  311  
399  312  
400  312  
401  312  
402  313  
403  313  
404  313  
405  314  
406  314  
407  315  
408  315  
409  315  
410  316  
411  316  
412  316  
413  317  
414  317  
415  317  
416  318  
417  318  
418  318  
419  319  
420  319  
421  320  
422  320  
423  320  
424  321  
425  321  
426  321  
427  322  
428  322  
429  323  
430  323  
431  324  
432  324  
433  324  
434  325  
435  325  
436  325  
437  326  
438  326  
439  326  
440  327  
441  327  
442  327  
443  328  
444  328  
445  329  
446  329  
447  330  
448  330  
437  381  
437  382  
437  383  
437  384  
437  385  
436  386  
436  387  
436  388  
436  389  
436  390  
436  391  
436  392  
436  393  
436  394  
436  395  
436  396  
435  397  
435  398  
435  399  
435  400  
435  401  
435  402  
435  403  
435  404  
435  405  
434  406  
434  407  
434  408  
434  409  
434  410  
434  411  
434  412  
434  413  
434  414  
434  415  
434  416  
433  417  
433  418  
433  419  
433  420  
433  421  
433  422  
433  423  
433  424  
433  425  
433  426  
433  427  
433  428  
432  429  
432  430  
432  431  
432  432  
432  433  
432  434  
432  435  
432  436  
432  437  
432  438  
432  439  
432  440  
432  441  
431  442  
431  443  
431  444  
431  445  
431  446  
431  447  
431  448  
431  449  
431  450  
430  451  
430  452  
430  453  
430  454  
430  455  
430  456  
430  457  
430  458  
430  459  
429  460  
429  461  
429  462  
429  463  
429  464  
429  465  
429  391  
429  392  
429  393  
429  394  
429  395  
429  396  
429  397  
429  398  
429  399  
429  400  
429  401  
428  402  
428  403  
428  404  
428  405  
428  406  
428  407  
428  408  
428  409  
428  410  
428  411  
428  412  
428  413  
428  414  
427  415  
416  396  
415  397  
415  398  
415  399  
415  400  
415  401  
415  402  
415  403  
414  404  
414  405  
414  406  
414  407  
414  408  
414  409  
414  410  
414  411  
414  412  
414  413  
414  414  
413  415  
413  416  
413  417  
413  418  
413  419  
413  420  
413  421  
413  422  
413  423  
420  400  
420  401  
420  402  
419  403  
420  404  
420  405  
420  406  
419  407  
419  408  
419  409  
419  410  
419  411  
419  412  
419  413  
419  414  
419  415  
419  416  
419  417  
419  418  
419  419  
419  420  
418  421  
418  422  
418  423  
448  406  
448  407  
448  408  
448  409  
448  410  
448  411  
448  412  
448  413  
448  414  
448  415  
448  416  
447  417  
447  418  
447  419  
447  420  
447  421  
447  422  
447  423  
447  424  
447  425  
446  426  
446  427  
446  428  
446  429  
446  430  
446  431  
446  432  
446  433  
445  434  
445  435  
445  436  
445  437  
445  438  
445  439  
445  440  
445  441  
445  442  
445  443  
445  444  
445  445  
444  446  
444  447  
444  448  
444  449  
444  450  
444  451  
444  452  
444  453  
444  454  
443  455  
443  456  
443  457  
443  458  
443  459  
443  460  
443  461  
443  462  
443  463  
442  464  
442  465  
442  466  
442  467  
442  468  
442  469  
442  470  
442  471  
442  472  
442  473  
442  474  
441  475  
441  476  
441  477  
441  478  
441  479  
441  480  
441  481  
441  482  
441  483  
441  484  
441  485  
440  486  
440  487  
440  488  
440  489  
440  490  
440  491  
440  492  
440  493  
440  494  
440  495  
440  496  
440  497  
440  498  
440  499  
440  500  
440  501  
346  413  
339  414  
340  414  
341  414  
342  414  
343  414  
344  414  
345  414  
329  415  
330  415  
331  415  
332  415  
333  415  
334  415  
335  415  
336  415  
337  415  
338  415  
318  416  
319  416  
320  416  
321  416  
322  416  
323  416  
324  416  
325  416  
326  416  
327  416  
328  416  
394  414  
394  415  
394  416  
394  417  
394  418  
394  419  
394  420  
394  421  
394  422  
394  423  
393  424  
393  425  
393  426  
393  427  
393  428  
393  429  
393  430  
393  431  
393  432  
393  433  
242  426  
243  426  
244  426  
245  426  
246  426  
247  426  
248  426  
249  426  
250  426  
251  426  
252  426  
253  426  
254  426  
255  426  
256  426  
257  426  
258  426  
259  426  
260  426  
261  426  
262  426  
263  426  
240  427  
241  427  
264  427  
265  427  
266  427  
267  427  
268  427  
269  427  
270  427  
271  427  
272  427  
273  427  
274  427  
319  435  
320  436  
321  436  
322  436  
323  436  
324  436  
325  436  
326  436  
327  437  
328  437  
329  437  
330  437  
331  437  
332  437  
333  438  
334  438  
335  438  
336  438  
337  438  
338  438  
339  438  
340  438  
341  438  
342  439  
343  439  
344  439  
448  451  
448  452  
448  453  
448  454  
448  455  
448  456  
448  457  
448  458  
448  459  
447  460  
447  461  
447  462  
447  463  
447  464  
447  465  
447  466  
447  467  
447  468  
446  469  
446  470  
446  471  
446  472  
446  473  
446  474  
446  475  
446  476  
446  477  
445  478  
445  479  
445  480  
445  481  
445  482  
445  483  
445  484  
445  485  
445  486  
445  487  
445  488  
445  489  
445  490  
444  491  
444  492  
444  493  
444  494  
444  495  
444  496  
444  497  
443  498  
443  499  
443  500  
443  501  
443  502  
443  503  
327  456  
328  456  
329  456  
330  456  
331  456  
332  456  
333  456  
334  456  
335  456  
336  456  
337  456  
338  456  
339  456  
340  456  
341  456  
342  456  
343  456  
344  456  
345  456  
346  456  
347  456  
348  456  
349  456  
350  456  
351  456  
352  456  
353  456  
354  456  
355  457  
356  457  
357  457  
358  457  
359  457  
360  457  
361  458  
334  460  
335  460  
336  460  
337  460  
338  460  
339  460  
340  460  
341  460  
342  460  
343  460  
344  460  
345  460  
346  460  
347  460  
348  460  
349  460  
350  461  
351  461  
352  461  
353  461  
354  461  
355  461  
356  461  
357  461  
358  461  
359  461  
360  461  
361  461  
362  461  
363  461  
364  461  
365  461  
366  461  
407  477  
407  478  
407  479  
407  480  
407  481  
407  482  
407  483  
406  484  
406  485  
406  486  
406  487  
406  488  
406  489  
406  490  
406  491  
406  492  
406  493  
405  494  
405  495  
405  496  
405  497  
405  498  
405  499  
405  500  
405  501  
405  502  
404  503  
404  504  
404  505  
404  506  
404  507  
404  508  
404  509  
404  510  
404  511  
404  512  
403  513  
403  514  
403  515  
403  516  
403  517  
403  518  
403  519  
403  520  
403  521  
403  522  
403  523  
402  524  
402  525  
402  526  
402  527  
402  528  
402  529  
402  530  
402  531  
402  532  
402  533  
401  534  
401  535  
401  536  
401  537  
401  538  
401  539  
401  540  
401  541  
401  542  
401  543  
401  544  
400  545  
400  546  
400  547  
400  548  
400  549  
400  550  
400  551  
400  552  
400  553  
399  554  
399  555  
399  556  
399  557  
399  558  
399  559  
399  560  
399  561  
399  562  
399  563  
398  564  
398  565  
398  566  
398  567  
398  568  
398  569  
398  570  
398  571  
398  572  
398  573  
398  574  
397  575  
397  576  
397  577  
397  578  
397  579  
397  580  
397  581  
397  582  
397  583  
397  584  
397  585  
396  586  
396  587  
396  588  
396  589  
396  590  
396  591  
396  592  
396  593  
396  594  
396  595  
396  596  
396  597  
332  478  
333  478  
334  478  
335  478  
336  478  
337  478  
338  478  
339  478  
340  478  
323  479  
324  479  
325  479  
326  479  
327  479  
328  479  
329  479  
330  479  
331  479  
317  480  
318  480  
319  480  
320  480  
321  480  
322  480  
152  479  
152  480  
152  481  
152  482  
152  483  
152  484  
152  485  
152  486  
152  487  
152  488  
152  489  
152  490  
152  491  
152  492  
152  493  
152  494  
152  495  
152  496  
152  497  
152  498  
153  499  
153  500  
153  501  
153  502  
153  503  
153  504  
154  505  
154  506  
154  507  
154  508  
155  509  
155  510  
155  511  
156  512  
156  513  
156  514  
156  515  
157  516  
157  517  
157  518  
158  519  
158  520  
158  521  
158  522  
379  481  
379  482  
379  483  
379  484  
379  485  
379  486  
380  487  
380  488  
380  489  
380  490  
380  491  
380  492  
380  493  
380  494  
381  495  
381  496  
381  497  
381  498  
381  499  
381  500  
381  501  
381  502  
382  503  
382  504  
382  505  
382  506  
382  507  
382  508  
383  509  
383  510  
383  511  
383  512  
383  513  
383  514  
383  515  
383  516  
383  517  
383  518  
383  519  
383  520  
383  521  
383  522  
384  523  
384  524  
384  525  
384  526  
384  527  
384  528  
384  529  
384  530  
384  531  
384  532  
384  533  
384  534  
385  535  
385  536  
385  537  
385  538  
385  539  
385  540  
385  541  
385  542  
385  543  
385  544  
385  545  
385  546  
385  547  
386  548  
386  549  
386  550  
386  551  
386  552  
386  553  
386  554  
386  555  
386  556  
387  557  
387  558  
387  559  
387  560  
387  561  
387  562  
387  563  
387  564  
387  565  
387  566  
387  567  
387  568  
387  569  
387  570  
387  571  
387  572  
387  573  
387  574  
387  575  
388  576  
388  577  
388  578  
388  579  
388  580  
388  581  
388  582  
389  583  
389  584  
389  585  
389  586  
389  587  
389  588  
389  589  
389  590  
389  591  
390  592  
390  593  
390  594  
390  595  
390  596  
390  597  
390  598  
390  599  
390  600  
390  601  
390  602  
390  603  
390  604  
390  605  
390  606  
390  607  
390  608  
247  486  
248  486  
249  486  
250  486  
251  486  
252  486  
253  486  
254  486  
255  486  
256  486  
257  486  
258  486  
259  486  
260  486  
261  486  
262  486  
263  486  
264  486  
265  486  
266  486  
267  486  
268  487  
269  487  
270  487  
271  487  
272  487  
273  487  
274  487  
275  487  
276  487  
277  487  
278  487  
279  487  
280  487  
281  487  
282  487  
283  487  
284  487  
285  487  
286  487  
287  487  
288  487  
289  487  
290  487  
291  487  
292  487  
293  487  
294  487  
295  487  
374  488  
374  489  
374  490  
374  491  
374  492  
374  493  
374  494  
374  495  
374  496  
374  497  
374  498  
375  499  
375  500  
375  501  
375  502  
375  503  
375  504  
375  505  
376  506  
375  507  
375  508  
375  509  
376  510  
376  511  
376  512  
376  513  
376  514  
376  515  
376  516  
376  517  
376  518  
377  519  
377  520  
377  521  
377  522  
377  523  
377  524  
377  525  
377  526  
410  489  
410  490  
410  491  
410  492  
410  493  
410  494  
410  495  
410  496  
410  497  
409  498  
409  499  
409  500  
409  501  
409  502  
409  503  
409  504  
409  505  
409  506  
409  507  
408  508  
408  509  
408  510  
408  511  
408  512  
408  513  
408  514  
421  490  
421  491  
421  492  
421  493  
421  494  
421  495  
421  496  
421  497  
421  498  
421  499  
421  500  
421  501  
421  502  
420  503  
420  504  
420  505  
420  506  
420  507  
420  508  
420  509  
420  510  
419  511  
419  512  
419  513  
419  514  
419  515  
419  516  
419  517  
419  518  
419  519  
419  520  
419  521  
418  522  
418  523  
418  524  
418  525  
418  526  
418  527  
418  528  
418  529  
417  530  
417  531  
417  532  
417  533  
417  534  
417  535  
417  536  
417  537  
417  538  
417  539  
416  540  
416  541  
416  542  
416  543  
416  544  
416  545  
416  546  
416  547  
416  548  
416  549  
415  550  
415  551  
415  552  
415  553  
415  554  
415  555  
415  556  
415  557  
414  558  
414  559  
414  560  
414  561  
414  562  
414  563  
414  564  
413  565  
413  566  
413  567  
413  568  
413  569  
413  570  
413  571  
413  572  
413  573  
413  574  
413  575  
412  576  
412  577  
412  578  
412  579  
412  580  
412  581  
412  582  
412  583  
411  584  
411  585  
411  586  
411  587  
411  588  
411  589  
411  590  
411  591  
411  592  
411  593  
411  594  
410  595  
410  596  
410  597  
410  598  
410  599  
410  600  
410  601  
410  602  
410  603  
410  604  
410  605  
410  606  
410  607  
410  608  
432  505  
432  506  
432  507  
432  508  
432  509  
432  510  
432  511  
432  512  
431  513  
431  514  
431  515  
431  516  
431  517  
431  518  
431  519  
431  520  
431  521  
431  522  
431  523  
430  524  
430  525  
430  526  
430  527  
430  528  
430  529  
430  530  
430  531  
429  532  
429  533  
429  534  
429  535  
429  536  
429  537  
428  538  
428  539  
428  540  
428  541  
428  542  
428  543  
428  544  
428  545  
427  546  
427  547  
427  548  
427  549  
427  550  
427  551  
427  552  
427  553  
426  554  
426  555  
426  556  
426  557  
426  558  
426  559  
426  560  
426  561  
426  562  
426  563  
425  564  
425  565  
425  566  
425  567  
425  568  
425  569  
425  570  
424  571  
424  572  
424  573  
424  574  
424  575  
424  576  
424  577  
424  578  
424  579  
423  580  
423  581  
423  582  
423  583  
423  584  
423  585  
423  586  
423  587  
423  588  
423  589  
422  590  
422  591  
422  592  
422  593  
422  594  
422  595  
422  596  
422  597  
422  598  
422  599  
421  600  
421  601  
421  602  
421  603  
421  604  
421  605  
421  606  
420  607  
420  608  
151  509  
151  510  
151  511  
152  512  
152  513  
152  514  
153  515  
153  516  
153  517  
153  518  
154  519  
154  520  
154  521  
154  522  
155  523  
155  524  
155  525  
155  526  
155  527  
156  528  
156  529  
436  509  
437  510  
437  511  
438  512  
439  513  
439  514  
440  515  
440  516  
440  517  
441  518  
442  519  
443  520  
443  521  
444  522  
444  523  
445  524  
445  525  
446  526  
446  527  
447  528  
447  529  
448  530  
448  531  
159  525  
159  526  
159  527  
159  528  
159  529  
159  530  
159  531  
159  532  
159  533  
159  534  
159  535  
159  536  
159  537  
159  538  
159  539  
159  540  
159  541  
160  542  
160  543  
160  544  
159  545  
242  527  
243  527  
244  527  
245  527  
246  527  
247  528  
248  528  
249  528  
250  528  
251  529  
252  529  
253  529  
254  529  
255  529  
256  530  
257  530  
258  530  
259  530  
260  531  
261  531  
262  531  
263  531  
264  531  
265  532  
266  532  
267  532  
268  532  
269  532  
377  536  
377  537  
378  538  
378  539  
378  540  
378  541  
378  542  
378  543  
378  544  
378  545  
378  546  
379  547  
379  548  
379  549  
379  550  
379  551  
379  552  
379  553  
379  554  
379  555  
379  556  
379  557  
380  558  
380  559  
380  560  
380  561  
380  562  
380  563  
380  564  
380  565  
380  566  
380  567  
380  568  
381  569  
381  570  
381  571  
381  572  
381  573  
381  574  
381  575  
381  576  
381  577  
381  578  
382  579  
382  580  
382  581  
382  582  
382  583  
382  584  
382  585  
382  586  
382  587  
382  588  
382  589  
382  590  
382  591  
382  592  
382  593  
382  594  
382  595  
382  596  
382  597  
382  598  
382  599  
383  600  
383  601  
383  602  
383  603  
383  604  
383  605  
383  606  
383  607  
384  608  
445  543  
445  544  
445  545  
445  546  
445  547  
445  548  
445  549  
445  550  
444  551  
444  552  
444  553  
444  554  
444  555  
444  556  
444  557  
444  558  
444  559  
444  560  
443  561  
443  562  
443  563  
443  564  
443  565  
443  566  
442  567  
442  568  
442  569  
442  570  
442  571  
442  572  
442  573  
441  574  
441  575  
441  576  
441  577  
441  578  
441  579  
441  580  
441  581  
440  582  
440  583  
440  584  
440  585  
440  586  
440  587  
440  588  
440  589  
440  590  
439  591  
439  592  
439  593  
439  594  
439  595  
439  596  
438  597  
438  598  
438  599  
438  600  
438  601  
438  602  
438  603  
437  604  
437  605  
437  606  
437  607  
437  608  
