93  32  
94  32  
95  32  
96  32  
97  32  
98  32  
99  32  
100  32  
101  32  
102  33  
103  33  
104  33  
105  33  
106  33  
107  33  
108  33  
109  33  
110  33  
111  33  
112  33  
113  33  
114  34  
115  34  
116  34  
117  34  
118  34  
119  34  
120  34  
121  34  
122  34  
123  34  
124  34  
125  34  
126  34  
127  34  
128  34  
129  34  
130  34  
131  34  
132  35  
133  35  
134  35  
135  35  
136  35  
137  35  
138  35  
139  35  
140  35  
141  35  
142  35  
143  35  
144  36  
145  36  
146  36  
147  36  
161  32  
161  33  
161  34  
161  35  
161  36  
161  37  
161  38  
161  39  
161  40  
161  41  
161  42  
161  43  
161  44  
162  45  
162  46  
162  47  
162  48  
162  49  
162  50  
162  51  
162  52  
162  53  
162  54  
162  55  
162  56  
162  57  
162  58  
162  59  
162  60  
162  61  
162  62  
162  63  
162  64  
162  65  
163  66  
163  67  
163  68  
163  69  
163  70  
163  71  
163  72  
163  73  
163  74  
163  75  
163  76  
163  77  
163  78  
163  79  
163  80  
163  81  
163  82  
163  83  
163  84  
164  85  
164  86  
164  87  
164  88  
164  89  
164  90  
164  91  
164  92  
164  93  
164  94  
164  95  
164  96  
164  97  
165  98  
165  99  
165  100  
165  101  
165  102  
165  103  
165  104  
165  105  
165  106  
165  107  
165  108  
165  109  
165  110  
165  111  
165  112  
166  113  
166  114  
166  115  
166  116  
166  117  
166  118  
166  119  
166  120  
166  121  
166  122  
166  123  
166  124  
166  125  
166  126  
166  127  
166  128  
166  129  
166  130  
166  131  
166  132  
166  133  
166  134  
166  135  
166  136  
166  137  
167  138  
167  139  
167  140  
167  141  
167  142  
167  143  
167  144  
167  145  
167  146  
167  147  
167  148  
167  149  
167  150  
167  151  
167  152  
167  153  
167  154  
167  155  
167  156  
167  157  
167  158  
168  159  
168  160  
168  161  
168  162  
168  163  
168  164  
168  165  
168  166  
168  167  
168  168  
168  169  
168  170  
168  171  
168  172  
168  173  
168  174  
168  175  
168  176  
169  177  
169  178  
169  179  
169  180  
169  181  
169  182  
169  183  
169  184  
169  185  
169  186  
169  187  
169  188  
169  189  
169  190  
169  191  
169  192  
169  193  
169  194  
169  195  
169  196  
169  197  
169  198  
169  199  
170  200  
170  201  
170  202  
170  203  
170  204  
170  205  
170  206  
170  207  
170  208  
170  209  
170  210  
171  211  
171  212  
171  213  
171  214  
171  215  
171  216  
171  217  
171  218  
171  219  
171  220  
171  221  
171  222  
171  223  
171  224  
171  225  
171  226  
171  227  
251  32  
251  33  
251  34  
251  35  
251  36  
251  37  
251  38  
251  39  
251  40  
251  41  
251  42  
251  43  
251  44  
250  45  
250  46  
250  47  
250  48  
250  49  
250  50  
250  51  
250  52  
250  53  
250  54  
250  55  
250  56  
250  57  
250  58  
250  59  
250  60  
250  61  
250  62  
250  63  
250  64  
250  65  
250  66  
250  67  
250  68  
250  69  
250  70  
250  71  
250  72  
250  73  
249  74  
249  75  
249  76  
259  32  
259  33  
259  34  
259  35  
259  36  
259  37  
259  38  
258  39  
258  40  
258  41  
258  42  
258  43  
258  44  
258  45  
258  46  
258  47  
258  48  
258  49  
258  50  
258  51  
258  52  
258  53  
258  54  
258  55  
258  56  
258  57  
258  58  
258  59  
258  60  
257  61  
257  62  
257  63  
257  64  
257  65  
257  66  
257  67  
257  68  
257  69  
257  70  
257  71  
257  72  
257  73  
257  74  
257  75  
257  76  
333  32  
333  33  
333  34  
334  35  
334  36  
334  37  
333  38  
333  39  
333  40  
333  41  
333  42  
333  43  
333  44  
333  45  
332  46  
332  47  
332  48  
332  49  
332  50  
332  51  
332  52  
332  53  
331  54  
331  55  
331  56  
331  57  
331  58  
331  59  
331  60  
331  61  
331  62  
331  63  
330  64  
330  65  
330  66  
330  67  
330  68  
330  69  
330  70  
330  71  
329  72  
329  73  
329  74  
329  75  
329  76  
342  32  
342  33  
342  34  
342  35  
342  36  
342  37  
342  38  
341  39  
341  40  
341  41  
341  42  
341  43  
341  44  
341  45  
341  46  
340  47  
340  48  
340  49  
340  50  
340  51  
340  52  
340  53  
340  54  
340  55  
339  56  
339  57  
339  58  
339  59  
339  60  
339  61  
339  62  
338  63  
338  64  
338  65  
338  66  
338  67  
338  68  
338  69  
338  70  
337  71  
337  72  
337  73  
337  74  
337  75  
337  76  
337  77  
337  78  
337  79  
337  80  
337  81  
336  82  
336  83  
336  84  
336  85  
336  86  
336  87  
335  88  
335  89  
335  90  
335  91  
335  92  
335  93  
335  94  
335  95  
334  96  
334  97  
334  98  
334  99  
334  100  
334  101  
334  102  
334  103  
333  104  
333  105  
333  106  
333  107  
333  108  
333  109  
333  110  
333  111  
332  112  
332  113  
332  114  
332  115  
332  116  
332  117  
332  118  
332  119  
332  120  
331  121  
331  122  
331  123  
331  124  
331  125  
331  126  
331  127  
331  128  
330  129  
330  130  
330  131  
330  132  
330  133  
330  134  
330  135  
330  136  
329  137  
329  138  
329  139  
329  140  
329  141  
329  142  
329  143  
328  144  
328  145  
328  146  
328  147  
328  148  
328  149  
328  150  
328  151  
327  152  
327  153  
327  154  
327  155  
327  156  
327  157  
327  158  
327  159  
327  160  
326  161  
326  162  
326  163  
326  164  
326  165  
326  166  
326  167  
326  168  
325  169  
325  170  
325  171  
325  172  
325  173  
325  174  
325  175  
325  176  
324  177  
324  178  
324  179  
324  180  
324  181  
324  182  
324  183  
324  184  
323  185  
323  186  
323  187  
323  188  
323  189  
323  190  
323  191  
323  192  
322  193  
322  194  
322  195  
322  196  
322  197  
322  198  
417  32  
417  33  
416  34  
416  35  
416  36  
415  37  
415  38  
415  39  
415  40  
414  41  
414  42  
414  43  
414  44  
414  45  
413  46  
413  47  
413  48  
413  49  
413  50  
412  51  
412  52  
412  53  
412  54  
412  55  
412  56  
411  57  
411  58  
411  59  
411  60  
410  61  
410  62  
410  63  
410  64  
410  65  
410  66  
409  67  
409  68  
409  69  
409  70  
409  71  
408  72  
408  73  
408  74  
93  36  
94  36  
95  36  
96  36  
97  37  
98  37  
99  37  
100  37  
101  37  
102  37  
103  37  
104  37  
105  37  
106  37  
107  37  
108  37  
109  37  
110  37  
111  37  
112  37  
113  37  
114  37  
115  37  
116  37  
117  37  
118  37  
119  37  
120  37  
121  37  
122  38  
123  38  
124  38  
125  38  
126  38  
127  38  
128  38  
129  38  
130  38  
131  38  
132  38  
133  38  
134  38  
135  38  
136  38  
137  39  
138  39  
139  39  
140  39  
141  39  
142  39  
143  39  
154  44  
154  45  
154  46  
154  47  
154  48  
154  49  
154  50  
154  51  
154  52  
154  53  
154  54  
154  55  
154  56  
154  57  
154  58  
154  59  
154  60  
155  61  
155  62  
155  63  
155  64  
155  65  
155  66  
155  67  
155  68  
155  69  
156  70  
156  71  
156  72  
156  73  
156  74  
156  75  
156  76  
156  77  
156  78  
156  79  
156  80  
156  81  
156  82  
156  83  
156  84  
156  85  
156  86  
156  87  
156  88  
157  89  
157  90  
157  91  
157  92  
157  93  
157  94  
157  95  
157  96  
157  97  
157  98  
157  99  
157  100  
157  101  
157  102  
157  103  
157  104  
157  105  
157  106  
158  107  
158  108  
158  109  
158  110  
158  111  
158  112  
158  113  
158  114  
158  115  
158  116  
158  117  
158  118  
158  119  
158  120  
158  121  
159  122  
159  123  
159  124  
159  125  
159  126  
159  127  
159  128  
159  129  
159  130  
159  131  
159  132  
159  133  
159  134  
159  135  
159  136  
159  137  
160  138  
160  139  
160  140  
160  141  
160  142  
160  143  
160  144  
160  145  
160  146  
160  147  
160  148  
160  149  
160  150  
160  151  
149  46  
149  47  
150  48  
150  49  
150  50  
150  51  
150  52  
150  53  
150  54  
150  55  
150  56  
150  57  
150  58  
150  59  
150  60  
150  61  
150  62  
151  63  
151  64  
151  65  
151  66  
151  67  
151  68  
151  69  
151  70  
151  71  
151  72  
151  73  
152  74  
152  75  
152  76  
152  77  
423  52  
423  53  
423  54  
422  55  
422  56  
422  57  
422  58  
422  59  
421  60  
421  61  
421  62  
421  63  
421  64  
420  65  
420  66  
420  67  
420  68  
420  69  
419  70  
419  71  
419  72  
419  73  
419  74  
448  52  
448  53  
448  54  
448  55  
447  56  
447  57  
447  58  
447  59  
447  60  
446  61  
446  62  
446  63  
446  64  
445  65  
445  66  
445  67  
445  68  
444  69  
444  70  
444  71  
444  72  
443  73  
443  74  
443  75  
443  76  
442  77  
442  78  
442  79  
442  80  
166  80  
167  80  
168  80  
169  80  
170  80  
171  80  
172  80  
173  80  
174  80  
175  80  
176  80  
177  80  
178  80  
179  80  
180  80  
181  80  
182  80  
183  80  
184  80  
185  80  
186  80  
187  80  
188  80  
189  80  
190  80  
191  80  
192  80  
193  80  
194  80  
195  80  
196  80  
197  80  
198  80  
199  80  
200  80  
201  80  
202  80  
203  80  
204  80  
205  80  
206  80  
207  80  
208  80  
209  80  
210  80  
211  80  
212  80  
213  80  
214  80  
215  80  
216  80  
217  80  
218  80  
219  80  
220  80  
221  80  
222  80  
223  80  
224  80  
225  80  
226  80  
227  80  
228  80  
229  80  
230  80  
231  80  
232  80  
233  80  
234  80  
235  80  
236  80  
237  80  
238  80  
239  80  
240  80  
241  80  
242  80  
243  80  
244  80  
245  80  
261  80  
262  80  
263  80  
264  80  
265  80  
266  80  
267  80  
268  80  
269  80  
270  80  
271  80  
272  80  
273  80  
274  80  
275  80  
276  80  
277  80  
278  80  
279  80  
280  80  
281  80  
282  80  
283  80  
284  80  
285  80  
286  80  
287  80  
288  80  
289  80  
290  80  
291  80  
292  80  
293  80  
294  80  
295  80  
296  80  
297  80  
298  80  
299  80  
300  80  
301  80  
302  80  
303  80  
304  80  
305  80  
306  80  
307  80  
340  81  
341  81  
342  81  
343  81  
344  81  
345  81  
346  81  
347  81  
348  81  
349  81  
350  81  
351  81  
352  81  
353  81  
354  81  
355  81  
356  81  
357  81  
358  81  
359  81  
360  81  
361  81  
362  81  
363  81  
364  81  
365  81  
366  81  
367  81  
368  81  
369  81  
370  81  
371  81  
372  81  
373  81  
374  81  
375  81  
376  81  
377  81  
378  81  
379  81  
380  81  
381  81  
382  81  
383  81  
384  81  
385  81  
386  81  
387  81  
388  81  
389  81  
390  81  
391  81  
392  81  
393  81  
394  81  
395  81  
396  81  
397  81  
398  81  
399  81  
400  81  
257  84  
257  85  
257  86  
256  87  
256  88  
256  89  
256  90  
256  91  
256  92  
256  93  
256  94  
256  95  
256  96  
256  97  
256  98  
256  99  
256  100  
256  101  
256  102  
256  103  
256  104  
256  105  
256  106  
256  107  
256  108  
255  109  
255  110  
255  111  
255  112  
255  113  
255  114  
255  115  
255  116  
255  117  
255  118  
255  119  
255  120  
255  121  
255  122  
255  123  
255  124  
255  125  
255  126  
255  127  
255  128  
255  129  
255  130  
254  131  
254  132  
254  133  
254  134  
254  135  
254  136  
254  137  
254  138  
254  139  
254  140  
254  141  
254  142  
254  143  
254  144  
254  145  
254  146  
254  147  
254  148  
254  149  
254  150  
254  151  
254  152  
253  153  
253  154  
253  155  
253  156  
253  157  
253  158  
253  159  
253  160  
253  161  
253  162  
253  163  
253  164  
253  165  
253  166  
253  167  
253  168  
253  169  
253  170  
253  171  
253  172  
253  173  
253  174  
253  175  
253  176  
252  177  
252  178  
252  179  
252  180  
252  181  
252  182  
252  183  
252  184  
252  185  
252  186  
252  187  
252  188  
252  189  
252  190  
252  191  
252  192  
252  193  
252  194  
252  195  
252  196  
252  197  
252  198  
252  199  
252  200  
252  201  
252  202  
252  203  
252  204  
251  205  
251  206  
251  207  
251  208  
251  209  
251  210  
251  211  
251  212  
251  213  
251  214  
251  215  
251  216  
251  217  
251  218  
251  219  
251  220  
251  221  
251  222  
251  223  
251  224  
251  225  
251  226  
251  227  
251  228  
250  229  
250  230  
250  231  
250  232  
250  233  
250  234  
250  235  
250  236  
250  237  
250  238  
250  239  
250  240  
250  241  
250  242  
250  243  
250  244  
250  245  
250  246  
250  247  
250  248  
250  249  
250  250  
250  251  
249  252  
249  253  
249  254  
249  255  
249  256  
249  257  
249  258  
249  259  
249  260  
249  261  
249  262  
249  263  
249  264  
249  265  
249  266  
249  267  
249  268  
249  269  
249  270  
249  271  
249  272  
249  273  
249  274  
249  275  
249  276  
248  277  
248  278  
248  279  
248  280  
248  281  
248  282  
248  283  
248  284  
248  285  
248  286  
248  287  
248  288  
248  289  
248  290  
248  291  
248  292  
248  293  
248  294  
248  295  
248  296  
248  297  
248  298  
247  299  
247  300  
247  301  
247  302  
247  303  
247  304  
247  305  
247  306  
247  307  
247  308  
247  309  
247  310  
247  311  
247  312  
247  313  
247  314  
247  315  
247  316  
247  317  
247  318  
247  319  
247  320  
246  321  
246  322  
246  323  
246  324  
246  325  
340  86  
341  86  
342  86  
343  86  
344  86  
345  86  
346  86  
347  86  
348  86  
349  86  
350  86  
351  86  
352  86  
353  86  
354  86  
355  86  
356  86  
357  86  
358  86  
359  86  
360  86  
361  86  
362  86  
363  86  
364  86  
365  86  
366  86  
367  86  
368  86  
369  86  
370  86  
371  86  
372  86  
373  86  
374  86  
375  86  
376  86  
377  86  
378  86  
379  86  
380  86  
381  86  
382  86  
383  86  
384  86  
385  86  
386  86  
387  86  
388  86  
389  86  
390  86  
391  86  
392  86  
393  86  
394  86  
395  86  
396  86  
397  86  
398  86  
399  86  
400  86  
401  86  
402  86  
403  86  
404  86  
405  87  
405  88  
405  89  
405  90  
405  91  
202  89  
203  89  
204  89  
205  89  
206  89  
207  89  
208  89  
209  89  
210  89  
211  89  
212  89  
213  89  
214  89  
215  89  
216  89  
217  89  
218  89  
219  89  
220  89  
221  89  
222  89  
223  89  
224  89  
225  89  
226  89  
227  89  
228  89  
229  89  
230  89  
231  89  
232  89  
233  89  
234  89  
235  89  
236  89  
237  89  
238  89  
239  89  
439  90  
439  91  
439  92  
439  93  
439  94  
439  95  
438  96  
438  97  
438  98  
438  99  
437  100  
437  101  
437  102  
437  103  
437  104  
436  105  
436  106  
436  107  
436  108  
435  109  
435  110  
435  111  
435  112  
435  113  
434  114  
434  115  
434  116  
434  117  
433  118  
433  119  
433  120  
433  121  
433  122  
432  123  
432  124  
432  125  
432  126  
431  127  
431  128  
431  129  
431  130  
430  131  
430  132  
430  133  
430  134  
429  135  
429  136  
429  137  
429  138  
428  139  
428  140  
428  141  
428  142  
428  143  
427  144  
427  145  
427  146  
427  147  
426  148  
426  149  
426  150  
426  151  
425  152  
425  153  
425  154  
425  155  
424  156  
424  157  
424  158  
327  91  
327  92  
327  93  
327  94  
327  95  
326  96  
326  97  
326  98  
326  99  
326  100  
326  101  
326  102  
326  103  
326  104  
326  105  
326  106  
325  107  
325  108  
325  109  
325  110  
325  111  
325  112  
325  113  
325  114  
324  115  
324  116  
324  117  
324  118  
324  119  
324  120  
324  121  
324  122  
323  123  
323  124  
323  125  
323  126  
323  127  
323  128  
323  129  
323  130  
323  131  
322  132  
322  133  
322  134  
322  135  
322  136  
322  137  
322  138  
321  139  
321  140  
321  141  
321  142  
321  143  
321  144  
321  145  
321  146  
320  147  
320  148  
320  149  
320  150  
320  151  
320  152  
320  153  
320  154  
320  155  
319  156  
319  157  
319  158  
319  159  
319  160  
319  161  
319  162  
318  163  
318  164  
318  165  
318  166  
318  167  
318  168  
318  169  
318  170  
318  171  
318  172  
317  173  
317  174  
317  175  
317  176  
317  177  
317  178  
317  179  
317  180  
317  181  
316  182  
316  183  
316  184  
316  185  
316  186  
316  187  
259  94  
260  94  
261  94  
262  94  
263  94  
264  94  
265  94  
266  94  
267  94  
268  94  
269  94  
270  94  
271  94  
272  94  
273  94  
274  94  
275  94  
276  94  
277  94  
278  94  
279  94  
280  94  
281  94  
282  94  
283  94  
284  94  
285  94  
286  94  
287  94  
288  94  
289  94  
290  94  
291  94  
292  94  
293  94  
294  94  
295  94  
296  94  
297  94  
298  94  
299  94  
300  94  
301  94  
302  94  
303  94  
304  94  
305  94  
306  94  
307  94  
308  94  
309  94  
310  94  
311  94  
312  94  
337  94  
338  94  
339  94  
340  94  
341  94  
342  94  
343  94  
344  94  
345  94  
346  94  
347  94  
348  94  
349  94  
350  94  
351  94  
352  94  
353  94  
354  94  
355  94  
356  94  
357  94  
358  94  
359  94  
360  94  
361  94  
362  94  
363  94  
364  94  
365  94  
366  94  
367  94  
368  94  
369  94  
370  94  
371  94  
372  94  
373  94  
374  94  
375  94  
376  94  
377  94  
378  94  
379  94  
380  94  
381  94  
382  94  
383  94  
384  94  
385  94  
386  94  
387  94  
388  94  
389  94  
390  94  
391  94  
392  94  
393  94  
394  94  
395  94  
396  94  
397  94  
398  94  
420  96  
420  97  
420  98  
419  99  
419  100  
419  101  
419  102  
419  103  
419  104  
418  105  
418  106  
418  107  
418  108  
418  109  
418  110  
417  111  
417  112  
417  113  
417  114  
416  115  
416  116  
416  117  
415  118  
415  119  
415  120  
415  121  
415  122  
415  123  
414  124  
414  125  
414  126  
414  127  
413  128  
413  129  
413  130  
413  131  
413  132  
413  133  
200  99  
201  99  
202  99  
203  99  
204  99  
205  99  
206  99  
207  99  
208  99  
209  99  
210  99  
211  99  
212  99  
213  99  
214  99  
215  99  
216  99  
217  99  
218  99  
219  99  
220  99  
221  99  
222  99  
223  100  
224  100  
225  100  
226  100  
403  101  
403  102  
403  103  
402  104  
402  105  
402  106  
402  107  
402  108  
402  109  
401  110  
401  111  
401  112  
401  113  
400  114  
400  115  
400  116  
400  117  
400  118  
400  119  
399  120  
399  121  
399  122  
399  123  
399  124  
398  125  
398  126  
398  127  
398  128  
398  129  
398  130  
397  131  
397  132  
397  133  
397  134  
396  135  
396  136  
413  101  
413  102  
412  103  
412  104  
412  105  
412  106  
412  107  
412  108  
411  109  
411  110  
411  111  
411  112  
411  113  
410  114  
410  115  
410  116  
410  117  
410  118  
410  119  
409  120  
409  121  
409  122  
409  123  
409  124  
408  125  
408  126  
408  127  
408  128  
408  129  
407  130  
407  131  
407  132  
407  133  
407  134  
406  135  
406  136  
406  137  
97  116  
98  116  
99  116  
100  116  
101  116  
102  116  
103  116  
104  116  
105  116  
106  116  
107  116  
108  116  
109  116  
110  116  
111  116  
112  116  
113  116  
114  116  
115  116  
118  116  
116  117  
117  117  
127  118  
128  118  
129  118  
130  118  
131  118  
132  118  
133  118  
134  118  
135  118  
136  118  
137  118  
138  118  
139  118  
140  118  
141  118  
142  118  
143  118  
144  118  
145  118  
146  118  
147  118  
148  118  
149  118  
150  118  
151  118  
152  118  
153  118  
154  118  
155  118  
156  118  
227  139  
228  139  
229  139  
230  139  
231  139  
232  139  
233  139  
234  139  
235  139  
236  139  
237  139  
238  139  
239  139  
200  140  
201  140  
202  140  
203  140  
204  140  
205  140  
206  140  
207  140  
208  140  
209  140  
210  140  
211  140  
212  140  
213  140  
214  140  
215  140  
216  140  
217  140  
218  140  
219  140  
220  140  
221  140  
222  140  
223  140  
224  140  
225  140  
226  140  
240  140  
241  140  
366  144  
367  144  
368  144  
369  144  
370  144  
371  144  
372  144  
373  144  
374  144  
375  144  
376  144  
377  144  
378  144  
379  144  
380  144  
381  144  
382  144  
383  144  
384  144  
385  144  
386  144  
387  144  
388  144  
246  147  
246  148  
246  149  
246  150  
246  151  
246  152  
246  153  
246  154  
246  155  
246  156  
246  157  
246  158  
246  159  
246  160  
246  161  
246  162  
246  163  
246  164  
246  165  
246  166  
246  167  
246  168  
246  169  
246  170  
245  171  
245  172  
245  173  
245  174  
245  175  
245  176  
245  177  
245  178  
245  179  
245  180  
245  181  
245  182  
245  183  
245  184  
245  185  
245  186  
245  187  
245  188  
245  189  
245  190  
245  191  
245  192  
245  193  
245  194  
245  195  
245  196  
245  197  
245  198  
245  199  
244  200  
244  201  
161  162  
161  163  
161  164  
161  165  
161  166  
161  167  
161  168  
161  169  
161  170  
161  171  
162  172  
162  173  
162  174  
162  175  
162  176  
162  177  
162  178  
162  179  
162  180  
162  181  
162  182  
162  183  
162  184  
162  185  
162  186  
162  187  
153  167  
153  168  
153  169  
153  170  
153  171  
154  172  
154  173  
154  174  
154  175  
154  176  
154  177  
155  178  
155  179  
155  180  
156  181  
156  182  
156  183  
156  184  
156  185  
157  186  
157  187  
149  173  
149  174  
149  175  
150  176  
150  177  
150  178  
150  179  
150  180  
150  181  
150  182  
150  183  
150  184  
150  185  
150  186  
150  187  
150  188  
150  189  
150  190  
150  191  
150  192  
150  193  
150  194  
149  195  
418  182  
418  183  
418  184  
418  185  
418  186  
417  187  
417  188  
417  189  
417  190  
416  191  
416  192  
416  193  
416  194  
415  195  
415  196  
415  197  
415  198  
415  199  
414  200  
414  201  
414  202  
414  203  
413  204  
413  205  
413  206  
413  207  
413  208  
412  209  
412  210  
412  211  
412  212  
411  213  
411  214  
411  215  
411  216  
410  217  
410  218  
410  219  
410  220  
409  221  
409  222  
409  223  
409  224  
408  225  
408  226  
408  227  
408  228  
408  229  
407  230  
407  231  
407  232  
407  233  
256  186  
257  186  
258  186  
259  186  
260  186  
261  186  
262  186  
263  186  
264  186  
265  186  
266  186  
267  186  
268  186  
269  186  
270  186  
271  186  
272  186  
273  186  
274  186  
275  186  
276  186  
277  186  
278  186  
279  186  
280  186  
281  186  
282  186  
283  186  
284  186  
285  186  
286  186  
287  186  
288  186  
289  187  
290  187  
268  196  
269  196  
270  196  
271  196  
272  196  
273  196  
274  196  
275  196  
276  196  
277  196  
278  196  
279  196  
280  196  
281  196  
282  196  
283  196  
284  196  
285  196  
286  196  
287  196  
288  196  
289  196  
290  196  
291  196  
292  196  
293  196  
294  196  
295  196  
296  196  
297  196  
298  196  
299  196  
300  196  
301  196  
302  196  
303  196  
304  196  
305  196  
306  196  
307  196  
181  202  
182  202  
183  202  
184  202  
185  203  
186  203  
187  203  
188  203  
189  203  
190  203  
191  203  
192  203  
193  203  
194  203  
195  203  
196  203  
197  203  
198  203  
199  203  
200  203  
201  203  
202  203  
203  203  
204  203  
205  203  
206  203  
207  203  
208  203  
209  203  
210  203  
211  203  
212  203  
213  203  
214  203  
215  203  
216  203  
217  203  
218  203  
219  203  
220  203  
221  203  
222  203  
223  203  
224  203  
225  203  
226  203  
227  203  
228  203  
229  203  
230  203  
231  203  
232  203  
233  203  
234  203  
235  203  
236  203  
237  203  
265  202  
266  202  
267  202  
268  202  
269  202  
270  202  
271  202  
272  202  
273  202  
274  202  
275  202  
276  202  
277  202  
278  202  
279  202  
280  202  
281  202  
282  202  
283  202  
284  202  
285  202  
286  202  
287  202  
288  202  
289  202  
290  202  
340  202  
341  202  
342  202  
343  202  
344  202  
345  202  
346  202  
347  202  
348  202  
349  202  
350  202  
351  202  
352  202  
353  202  
354  202  
355  202  
356  202  
357  202  
358  202  
359  202  
360  202  
361  202  
362  202  
363  202  
364  202  
365  202  
366  202  
367  202  
368  202  
369  202  
370  202  
371  202  
372  202  
373  202  
374  202  
375  202  
376  202  
326  203  
327  203  
328  203  
329  203  
330  203  
331  203  
332  203  
333  203  
334  203  
335  203  
336  203  
337  203  
338  203  
339  203  
137  204  
138  204  
139  204  
140  204  
141  204  
142  204  
143  204  
127  205  
128  205  
129  205  
130  205  
131  205  
132  205  
133  205  
134  205  
135  205  
136  205  
124  206  
125  206  
126  206  
265  206  
266  206  
267  206  
268  206  
269  206  
270  206  
271  206  
272  206  
273  206  
274  206  
275  206  
276  206  
277  206  
278  206  
279  206  
280  206  
281  206  
282  206  
283  206  
284  206  
285  206  
286  206  
287  206  
288  206  
289  206  
290  206  
291  206  
292  206  
293  206  
294  206  
295  206  
296  206  
297  206  
298  206  
299  206  
300  206  
301  206  
302  206  
303  206  
304  206  
305  206  
306  206  
307  206  
321  206  
321  207  
321  208  
321  209  
320  210  
320  211  
320  212  
320  213  
320  214  
320  215  
320  216  
320  217  
319  218  
319  219  
319  220  
319  221  
319  222  
319  223  
319  224  
319  225  
318  226  
318  227  
318  228  
318  229  
318  230  
318  231  
318  232  
318  233  
317  234  
317  235  
317  236  
317  237  
317  238  
317  239  
317  240  
317  241  
316  242  
243  211  
243  212  
243  213  
243  214  
243  215  
243  216  
243  217  
243  218  
243  219  
243  220  
243  221  
243  222  
243  223  
243  224  
243  225  
243  226  
243  227  
243  228  
243  229  
244  230  
74  215  
75  215  
76  215  
77  215  
78  215  
79  215  
80  215  
81  215  
82  215  
83  215  
84  215  
85  215  
86  215  
87  215  
88  215  
89  215  
90  215  
91  215  
92  215  
93  215  
94  215  
95  215  
96  215  
97  215  
98  215  
99  216  
100  216  
101  216  
102  216  
103  216  
104  216  
105  216  
106  216  
107  216  
108  216  
109  216  
110  216  
111  216  
112  216  
113  216  
114  216  
115  216  
116  216  
117  216  
118  216  
119  216  
120  216  
121  216  
122  216  
123  216  
124  216  
125  216  
126  216  
127  216  
128  216  
129  216  
130  216  
131  216  
132  216  
133  216  
134  216  
135  216  
136  216  
137  216  
138  216  
139  216  
140  216  
141  216  
142  216  
143  216  
144  217  
145  217  
146  217  
147  217  
148  217  
149  217  
150  217  
151  217  
152  217  
153  217  
154  217  
155  217  
156  217  
157  217  
158  217  
70  219  
71  219  
72  219  
73  219  
74  219  
75  219  
76  219  
77  219  
78  219  
79  219  
80  219  
81  219  
82  219  
83  219  
84  219  
85  219  
86  219  
87  219  
88  219  
89  219  
92  219  
93  219  
90  220  
91  220  
94  220  
95  220  
96  220  
97  220  
98  220  
99  220  
100  220  
101  220  
102  220  
103  220  
104  220  
105  220  
106  220  
107  220  
108  220  
109  220  
110  220  
111  220  
112  220  
113  220  
114  220  
115  220  
116  220  
117  220  
118  220  
119  220  
120  220  
121  220  
122  220  
123  220  
124  220  
125  220  
126  220  
127  220  
128  220  
129  220  
130  221  
131  221  
132  221  
133  221  
134  221  
135  221  
136  221  
137  221  
138  221  
139  221  
140  221  
141  221  
142  221  
143  221  
144  221  
145  221  
146  221  
147  221  
148  221  
149  221  
150  221  
151  221  
152  221  
153  221  
154  221  
155  221  
156  221  
157  221  
268  219  
269  219  
270  219  
271  219  
272  219  
273  219  
274  219  
275  219  
276  219  
277  219  
278  219  
279  219  
280  219  
281  219  
282  219  
283  219  
284  219  
285  219  
286  219  
287  219  
288  219  
289  219  
290  219  
62  223  
62  224  
62  225  
62  226  
62  227  
63  228  
63  229  
63  230  
63  231  
63  232  
64  233  
64  234  
64  235  
64  236  
64  237  
64  238  
65  239  
65  240  
65  241  
65  242  
65  243  
66  244  
66  245  
66  246  
66  247  
66  248  
67  249  
67  250  
67  251  
67  252  
67  253  
67  254  
68  255  
68  256  
68  257  
68  258  
68  259  
69  260  
69  261  
69  262  
69  263  
69  264  
69  265  
70  266  
70  267  
70  268  
70  269  
70  270  
70  271  
71  272  
71  273  
71  274  
71  275  
71  276  
72  277  
72  278  
72  279  
72  280  
72  281  
72  282  
73  283  
73  284  
73  285  
73  286  
73  287  
74  288  
74  289  
74  290  
74  291  
74  292  
74  293  
75  294  
75  295  
75  296  
75  297  
75  298  
76  299  
76  300  
76  301  
76  302  
76  303  
77  304  
77  305  
77  306  
77  307  
77  308  
77  309  
78  310  
78  311  
69  224  
70  224  
71  224  
72  224  
73  224  
74  224  
75  224  
76  224  
77  224  
78  224  
79  224  
80  224  
81  224  
82  224  
83  224  
84  224  
85  224  
86  224  
87  224  
88  224  
89  224  
90  224  
91  224  
92  224  
93  224  
94  224  
95  224  
96  224  
97  224  
98  224  
99  224  
100  224  
101  224  
102  224  
103  224  
104  224  
105  224  
106  224  
107  224  
108  224  
109  224  
110  224  
111  224  
112  224  
113  224  
114  224  
115  224  
116  224  
117  225  
118  225  
119  225  
120  225  
121  225  
122  225  
123  225  
124  225  
125  225  
126  225  
127  225  
128  225  
129  225  
130  225  
131  225  
132  225  
133  225  
134  225  
135  225  
136  225  
137  225  
138  225  
139  225  
140  225  
141  225  
142  225  
143  225  
144  225  
145  225  
146  225  
147  225  
148  226  
149  226  
150  226  
151  226  
152  226  
153  226  
154  226  
155  226  
266  224  
267  224  
268  224  
269  224  
270  224  
271  224  
272  224  
273  224  
274  224  
275  224  
276  224  
277  224  
278  224  
279  224  
280  224  
281  224  
282  224  
283  224  
284  224  
285  224  
286  224  
287  224  
288  224  
289  224  
290  224  
291  224  
292  224  
293  224  
294  224  
295  224  
296  224  
297  224  
298  224  
299  224  
300  224  
301  224  
302  224  
303  224  
304  224  
69  227  
69  228  
69  229  
69  230  
69  231  
69  232  
70  233  
70  234  
70  235  
70  236  
70  237  
71  238  
71  239  
71  240  
71  241  
71  242  
71  243  
72  244  
72  245  
72  246  
72  247  
72  248  
72  249  
73  250  
73  251  
73  252  
73  253  
73  254  
73  255  
74  256  
74  257  
74  258  
74  259  
74  260  
75  261  
75  262  
75  263  
75  264  
75  265  
75  266  
76  267  
76  268  
76  269  
76  270  
76  271  
83  229  
84  230  
85  230  
86  230  
87  230  
88  230  
89  230  
90  230  
91  230  
92  230  
93  230  
94  230  
95  230  
96  230  
97  230  
98  230  
99  230  
100  230  
101  230  
102  230  
103  230  
104  230  
105  230  
106  230  
107  230  
108  230  
109  230  
110  230  
111  230  
112  230  
113  230  
114  230  
115  230  
116  230  
117  230  
118  230  
119  230  
120  230  
121  230  
122  230  
123  230  
124  230  
125  230  
126  231  
127  231  
128  231  
129  231  
130  231  
131  231  
132  231  
133  231  
134  231  
135  231  
136  231  
137  231  
138  231  
139  231  
140  231  
141  231  
142  231  
143  231  
144  231  
145  231  
146  231  
147  231  
148  231  
149  231  
150  232  
263  230  
264  230  
265  230  
266  230  
267  230  
268  230  
269  230  
270  230  
271  230  
272  230  
273  230  
274  230  
275  230  
276  230  
277  230  
278  230  
279  230  
280  230  
281  230  
282  230  
283  230  
284  230  
285  230  
286  230  
287  230  
288  230  
289  230  
290  230  
291  230  
292  230  
293  230  
350  232  
351  232  
352  232  
353  232  
354  232  
355  232  
356  232  
357  232  
358  232  
359  232  
360  232  
361  232  
362  232  
363  232  
364  232  
365  232  
366  232  
367  232  
368  232  
369  232  
370  232  
371  232  
372  232  
373  232  
374  232  
375  232  
376  232  
377  232  
378  232  
379  232  
380  232  
381  232  
382  232  
383  232  
384  232  
385  232  
386  232  
387  232  
388  232  
345  233  
346  233  
347  233  
348  233  
349  233  
172  236  
172  237  
172  238  
172  239  
172  240  
172  241  
172  242  
172  243  
172  244  
173  245  
173  246  
173  247  
173  248  
173  249  
173  250  
173  251  
173  252  
173  253  
173  254  
173  255  
173  256  
173  257  
173  258  
173  259  
173  260  
173  261  
173  262  
173  263  
174  264  
174  265  
174  266  
174  267  
174  268  
174  269  
174  270  
174  271  
174  272  
174  273  
174  274  
174  275  
174  276  
174  277  
174  278  
174  279  
174  280  
175  281  
175  282  
175  283  
175  284  
175  285  
175  286  
175  287  
175  288  
175  289  
175  290  
175  291  
175  292  
175  293  
175  294  
175  295  
175  296  
175  297  
175  298  
244  236  
243  237  
243  238  
243  239  
243  240  
243  241  
243  242  
243  243  
243  244  
243  245  
243  246  
243  247  
243  248  
243  249  
243  250  
243  251  
243  252  
243  253  
243  254  
243  255  
243  256  
242  257  
242  258  
242  259  
242  260  
242  261  
242  262  
242  263  
242  264  
241  265  
241  266  
366  236  
367  236  
368  236  
369  236  
370  236  
371  236  
372  236  
373  236  
374  236  
375  236  
376  236  
377  236  
378  236  
379  236  
380  236  
381  236  
382  236  
383  236  
354  237  
355  237  
356  237  
357  237  
358  237  
359  237  
360  237  
361  237  
362  237  
363  237  
364  237  
365  237  
384  237  
266  239  
267  239  
268  239  
269  239  
270  239  
271  239  
272  239  
273  239  
274  239  
275  239  
276  239  
277  239  
278  239  
279  239  
280  239  
281  239  
282  239  
283  239  
284  239  
285  239  
286  239  
287  239  
288  239  
289  239  
290  239  
291  239  
292  239  
293  239  
294  239  
295  239  
296  239  
297  239  
298  239  
299  239  
300  239  
301  239  
302  239  
77  240  
77  241  
77  242  
77  243  
77  244  
77  245  
78  246  
78  247  
78  248  
78  249  
78  250  
78  251  
79  252  
79  253  
79  254  
79  255  
79  256  
80  257  
80  258  
80  259  
80  260  
80  261  
80  262  
81  263  
81  264  
81  265  
81  266  
81  267  
81  268  
405  240  
405  241  
405  242  
404  243  
404  244  
404  245  
404  246  
404  247  
403  248  
403  249  
403  250  
403  251  
402  252  
402  253  
402  254  
402  255  
401  256  
401  257  
401  258  
401  259  
401  260  
400  261  
400  262  
400  263  
400  264  
399  265  
399  266  
399  267  
399  268  
398  269  
398  270  
398  271  
398  272  
397  273  
289  248  
290  248  
291  248  
292  248  
293  248  
271  249  
272  249  
273  249  
274  249  
275  249  
276  249  
277  249  
278  249  
279  249  
280  249  
281  249  
282  249  
283  249  
284  249  
285  249  
286  249  
287  249  
288  249  
270  250  
270  251  
177  249  
178  249  
208  249  
179  250  
180  250  
181  250  
182  250  
183  250  
184  250  
185  250  
186  250  
187  250  
188  250  
189  250  
190  250  
191  250  
192  250  
193  250  
194  250  
195  250  
196  250  
197  250  
198  250  
199  250  
200  250  
201  250  
202  250  
203  250  
204  250  
205  250  
206  250  
207  250  
353  249  
354  249  
355  249  
356  249  
357  249  
358  249  
359  249  
360  249  
361  249  
362  249  
363  249  
364  249  
365  249  
366  249  
367  249  
368  249  
369  249  
370  249  
371  249  
372  249  
323  250  
324  250  
325  250  
326  250  
327  250  
328  250  
329  250  
330  250  
331  250  
332  250  
333  250  
334  250  
335  250  
336  250  
337  250  
338  250  
339  250  
340  250  
341  250  
342  250  
343  250  
344  250  
345  250  
346  250  
347  250  
348  250  
349  250  
350  250  
351  250  
352  250  
373  250  
374  250  
315  252  
315  253  
315  254  
315  255  
315  256  
314  257  
314  258  
314  259  
314  260  
314  261  
314  262  
314  263  
314  264  
313  265  
313  266  
313  267  
313  268  
313  269  
313  270  
313  271  
313  272  
313  273  
313  274  
312  275  
312  276  
312  277  
312  278  
312  279  
312  280  
312  281  
312  282  
311  283  
311  284  
311  285  
311  286  
311  287  
311  288  
311  289  
310  290  
310  291  
310  292  
310  293  
310  294  
310  295  
310  296  
310  297  
310  298  
309  299  
309  300  
309  301  
309  302  
309  303  
309  304  
309  305  
309  306  
308  307  
308  308  
308  309  
308  310  
308  311  
308  312  
308  313  
308  314  
307  315  
307  316  
307  317  
307  318  
307  319  
307  320  
307  321  
307  322  
306  323  
306  324  
306  325  
306  326  
306  327  
306  328  
306  329  
306  330  
306  331  
305  332  
305  333  
305  334  
305  335  
305  336  
305  337  
305  338  
212  253  
213  253  
214  253  
215  253  
216  253  
217  253  
218  253  
219  253  
220  253  
221  253  
222  253  
223  253  
224  253  
206  254  
207  254  
208  254  
209  254  
210  254  
211  254  
205  255  
267  254  
268  254  
269  254  
270  254  
271  254  
272  254  
273  254  
274  254  
275  254  
276  254  
277  254  
278  254  
279  254  
280  254  
281  254  
282  254  
283  254  
284  254  
285  254  
286  254  
287  254  
288  254  
289  254  
290  254  
291  254  
292  254  
255  262  
256  262  
257  262  
258  262  
259  262  
260  262  
261  262  
262  262  
263  262  
264  262  
265  262  
266  262  
267  262  
268  262  
269  262  
270  262  
271  262  
272  262  
273  262  
274  262  
275  262  
276  262  
277  262  
278  262  
279  262  
280  262  
281  262  
282  262  
283  262  
284  262  
285  262  
286  262  
287  262  
288  262  
289  262  
290  262  
291  262  
292  262  
293  262  
294  262  
295  262  
296  262  
297  262  
253  263  
254  263  
298  263  
299  263  
193  264  
194  264  
195  264  
196  264  
211  264  
212  264  
213  264  
214  264  
215  264  
216  264  
217  264  
218  264  
219  264  
220  264  
221  264  
222  264  
223  264  
224  264  
197  265  
198  265  
199  265  
200  265  
201  265  
202  265  
203  265  
204  265  
205  265  
206  265  
207  265  
208  265  
209  265  
210  265  
225  265  
226  265  
227  265  
228  265  
229  265  
230  265  
231  265  
232  265  
233  265  
234  265  
235  265  
236  265  
237  265  
238  265  
239  265  
357  264  
358  264  
359  264  
360  264  
361  264  
362  264  
363  264  
364  264  
349  265  
350  265  
351  265  
352  265  
353  265  
354  265  
355  265  
356  265  
341  266  
342  266  
343  266  
344  266  
345  266  
346  266  
347  266  
348  266  
333  267  
334  267  
335  267  
336  267  
337  267  
338  267  
339  267  
340  267  
327  268  
328  268  
329  268  
330  268  
331  268  
332  268  
242  269  
242  270  
242  271  
242  272  
242  273  
242  274  
242  275  
242  276  
242  277  
242  278  
242  279  
242  280  
242  281  
242  282  
242  283  
242  284  
242  285  
242  286  
242  287  
242  288  
241  289  
241  290  
241  291  
241  292  
241  293  
241  294  
241  295  
241  296  
241  297  
241  298  
241  299  
241  300  
241  301  
241  302  
241  303  
241  304  
241  305  
241  306  
241  307  
241  308  
241  309  
241  310  
241  311  
241  312  
241  313  
241  314  
241  315  
241  316  
241  317  
241  318  
241  319  
241  320  
241  321  
241  322  
241  323  
241  324  
241  325  
241  326  
241  327  
240  328  
240  329  
240  330  
240  331  
240  332  
240  333  
240  334  
240  335  
240  336  
240  337  
240  338  
240  339  
82  270  
82  271  
82  272  
82  273  
82  274  
83  275  
83  276  
83  277  
83  278  
83  279  
83  280  
84  281  
84  282  
84  283  
84  284  
84  285  
85  286  
85  287  
85  288  
85  289  
85  290  
85  291  
86  292  
86  293  
86  294  
86  295  
86  296  
86  297  
86  298  
191  274  
191  275  
191  276  
191  277  
191  278  
191  279  
191  280  
191  281  
191  282  
191  283  
191  284  
191  285  
191  286  
191  287  
191  288  
191  289  
191  290  
191  291  
191  292  
191  293  
191  294  
187  277  
187  278  
187  279  
187  280  
187  281  
187  282  
187  283  
187  284  
188  285  
188  286  
188  287  
188  288  
188  289  
188  290  
188  291  
188  292  
188  293  
188  294  
188  295  
188  296  
188  297  
253  278  
253  279  
254  280  
254  281  
253  282  
253  283  
253  284  
253  285  
253  286  
253  287  
253  288  
253  289  
253  290  
253  291  
253  292  
253  293  
253  294  
253  295  
253  296  
253  297  
253  298  
253  299  
253  300  
253  301  
253  302  
319  278  
319  279  
319  280  
319  281  
319  282  
319  283  
319  284  
318  285  
318  286  
318  287  
318  288  
318  289  
318  290  
317  291  
317  292  
317  293  
317  294  
317  295  
317  296  
317  297  
317  298  
317  299  
316  300  
316  301  
316  302  
316  303  
316  304  
316  305  
316  306  
316  307  
316  308  
315  309  
315  310  
315  311  
315  312  
315  313  
315  314  
314  315  
314  316  
314  317  
314  318  
314  319  
314  320  
314  321  
378  279  
379  279  
380  279  
381  279  
371  280  
372  280  
373  280  
374  280  
375  280  
376  280  
377  280  
382  280  
363  281  
364  281  
365  281  
366  281  
367  281  
368  281  
369  281  
370  281  
353  282  
354  282  
355  282  
356  282  
357  282  
358  282  
359  282  
360  282  
361  282  
362  282  
347  283  
348  283  
349  283  
350  283  
351  283  
352  283  
395  281  
395  282  
395  283  
395  284  
394  285  
394  286  
394  287  
394  288  
393  289  
393  290  
393  291  
393  292  
392  293  
392  294  
392  295  
392  296  
391  297  
391  298  
391  299  
391  300  
391  301  
390  302  
390  303  
390  304  
390  305  
390  306  
389  307  
389  308  
389  309  
389  310  
388  311  
388  312  
388  313  
388  314  
387  315  
387  316  
387  317  
387  318  
387  319  
386  320  
386  321  
386  322  
386  323  
385  324  
385  325  
385  326  
385  327  
384  328  
384  329  
384  330  
384  331  
383  332  
383  333  
383  334  
383  335  
382  336  
382  337  
382  338  
382  339  
375  283  
376  283  
377  283  
367  284  
368  284  
369  284  
370  284  
371  284  
372  284  
373  284  
374  284  
360  285  
361  285  
362  285  
363  285  
364  285  
365  285  
366  285  
351  286  
352  286  
353  286  
354  286  
355  286  
356  286  
357  286  
358  286  
359  286  
350  287  
303  285  
303  286  
303  287  
303  288  
303  289  
303  290  
303  291  
302  292  
302  293  
302  294  
302  295  
302  296  
302  297  
302  298  
302  299  
301  300  
301  301  
301  302  
301  303  
301  304  
301  305  
372  286  
373  286  
374  286  
375  286  
376  286  
377  286  
364  287  
365  287  
366  287  
367  287  
368  287  
369  287  
370  287  
371  287  
357  288  
358  288  
359  288  
360  288  
361  288  
362  288  
363  288  
350  289  
351  289  
352  289  
353  289  
354  289  
355  289  
356  289  
269  289  
270  289  
271  289  
272  289  
273  289  
274  289  
275  289  
276  289  
277  289  
278  289  
279  289  
280  289  
281  289  
282  289  
283  289  
284  289  
285  289  
286  289  
287  289  
288  289  
370  289  
371  289  
372  289  
373  289  
374  289  
375  289  
376  289  
362  290  
363  290  
364  290  
365  290  
366  290  
367  290  
368  290  
369  290  
354  291  
355  291  
356  291  
357  291  
358  291  
359  291  
360  291  
361  291  
348  292  
349  292  
350  292  
351  292  
352  292  
353  292  
375  291  
376  291  
368  292  
369  292  
370  292  
371  292  
372  292  
373  292  
374  292  
361  293  
362  293  
363  293  
364  293  
365  293  
366  293  
367  293  
352  294  
353  294  
354  294  
355  294  
356  294  
357  294  
358  294  
359  294  
360  294  
349  295  
350  295  
351  295  
373  294  
374  294  
375  294  
376  294  
377  294  
378  294  
365  295  
366  295  
367  295  
368  295  
369  295  
370  295  
371  295  
372  295  
359  296  
360  296  
361  296  
362  296  
363  296  
364  296  
350  297  
351  297  
352  297  
353  297  
354  297  
355  297  
356  297  
357  297  
358  297  
348  298  
349  298  
371  297  
372  297  
373  297  
374  297  
375  297  
376  297  
363  298  
364  298  
365  298  
366  298  
367  298  
368  298  
369  298  
370  298  
356  299  
357  299  
358  299  
359  299  
360  299  
361  299  
362  299  
348  300  
349  300  
350  300  
351  300  
352  300  
353  300  
354  300  
355  300  
347  301  
369  300  
370  300  
371  300  
372  300  
373  300  
361  301  
362  301  
363  301  
364  301  
365  301  
366  301  
367  301  
368  301  
354  302  
355  302  
356  302  
357  302  
358  302  
359  302  
360  302  
347  303  
348  303  
349  303  
350  303  
351  303  
352  303  
353  303  
175  301  
175  302  
175  303  
175  304  
175  305  
175  306  
175  307  
175  308  
175  309  
175  310  
175  311  
175  312  
175  313  
175  314  
175  315  
175  316  
175  317  
175  318  
175  319  
175  320  
176  321  
373  302  
366  303  
367  303  
368  303  
369  303  
370  303  
371  303  
372  303  
359  304  
360  304  
361  304  
362  304  
363  304  
364  304  
365  304  
351  305  
352  305  
353  305  
354  305  
355  305  
356  305  
357  305  
358  305  
347  306  
348  306  
349  306  
350  306  
180  305  
180  306  
180  307  
180  308  
180  309  
180  310  
180  311  
180  312  
180  313  
180  314  
180  315  
180  316  
180  317  
180  318  
180  319  
180  320  
180  321  
180  322  
180  323  
180  324  
180  325  
371  305  
372  305  
373  305  
374  305  
363  306  
364  306  
365  306  
366  306  
367  306  
368  306  
369  306  
370  306  
357  307  
358  307  
359  307  
360  307  
361  307  
362  307  
349  308  
350  308  
351  308  
352  308  
353  308  
354  308  
355  308  
356  308  
346  309  
347  309  
348  309  
287  307  
288  307  
266  308  
267  308  
268  308  
269  308  
270  308  
271  308  
272  308  
273  308  
274  308  
275  308  
276  308  
277  308  
278  308  
279  308  
280  308  
281  308  
282  308  
283  308  
284  308  
285  308  
286  308  
265  309  
368  308  
369  308  
370  308  
371  308  
361  309  
362  309  
363  309  
364  309  
365  309  
366  309  
367  309  
354  310  
355  310  
356  310  
357  310  
358  310  
359  310  
360  310  
347  311  
348  311  
349  311  
350  311  
351  311  
352  311  
353  311  
346  312  
96  309  
97  309  
98  309  
99  309  
100  309  
101  309  
102  309  
103  309  
104  309  
105  310  
106  310  
107  310  
108  310  
109  310  
110  310  
111  310  
112  310  
113  310  
114  310  
115  310  
116  310  
117  310  
118  310  
119  311  
120  311  
121  311  
122  311  
123  311  
124  311  
125  311  
126  311  
127  311  
128  311  
129  311  
130  311  
131  311  
132  311  
133  311  
134  311  
135  311  
136  311  
137  311  
138  311  
139  311  
140  311  
141  311  
142  312  
143  312  
144  312  
145  312  
146  312  
147  312  
148  312  
149  312  
150  312  
151  312  
152  312  
153  312  
154  312  
155  312  
365  311  
366  311  
367  311  
368  311  
369  311  
370  311  
371  311  
358  312  
359  312  
360  312  
361  312  
362  312  
363  312  
364  312  
350  313  
351  313  
352  313  
353  313  
354  313  
355  313  
356  313  
357  313  
346  314  
347  314  
348  314  
349  314  
262  312  
263  312  
264  312  
265  312  
266  312  
267  312  
268  312  
269  312  
270  312  
271  312  
272  312  
273  312  
274  312  
275  312  
276  312  
277  312  
278  312  
279  312  
280  312  
281  312  
282  312  
283  312  
284  312  
285  312  
286  312  
287  312  
288  312  
289  312  
290  312  
291  312  
292  312  
293  312  
84  313  
85  313  
86  313  
87  313  
88  314  
89  314  
90  314  
91  314  
92  314  
93  314  
94  314  
95  314  
96  314  
97  314  
98  314  
99  314  
100  314  
101  314  
102  314  
103  314  
104  314  
105  314  
106  315  
107  315  
108  315  
109  315  
110  315  
111  315  
112  315  
113  315  
114  315  
115  315  
116  315  
117  315  
118  315  
119  315  
120  315  
121  315  
122  315  
123  315  
124  316  
125  316  
126  316  
127  316  
128  316  
129  316  
130  316  
131  316  
132  316  
133  316  
134  316  
135  316  
136  316  
137  316  
138  316  
139  316  
140  316  
141  317  
142  317  
143  317  
144  317  
145  317  
146  317  
147  317  
148  317  
149  317  
150  317  
151  317  
152  317  
153  317  
154  317  
155  317  
156  317  
157  317  
158  317  
159  317  
160  317  
369  313  
370  313  
371  313  
362  314  
363  314  
364  314  
365  314  
366  314  
367  314  
368  314  
355  315  
356  315  
357  315  
358  315  
359  315  
360  315  
361  315  
346  316  
347  316  
348  316  
349  316  
350  316  
351  316  
352  316  
353  316  
354  316  
344  317  
345  317  
301  315  
301  316  
301  317  
301  318  
301  319  
300  320  
300  321  
300  322  
300  323  
300  324  
300  325  
300  326  
299  327  
299  328  
299  329  
299  330  
299  331  
299  332  
299  333  
298  334  
367  316  
368  316  
369  316  
370  316  
359  317  
360  317  
361  317  
362  317  
363  317  
364  317  
365  317  
366  317  
351  318  
352  318  
353  318  
354  318  
355  318  
356  318  
357  318  
358  318  
344  319  
345  319  
346  319  
347  319  
348  319  
349  319  
350  319  
86  319  
87  319  
88  319  
89  319  
90  319  
91  319  
92  320  
93  320  
94  320  
95  320  
96  320  
97  320  
98  320  
99  320  
100  320  
101  320  
102  320  
103  320  
104  320  
105  320  
106  320  
107  320  
108  320  
109  321  
110  321  
111  321  
112  321  
113  321  
114  321  
115  321  
116  321  
117  321  
118  321  
119  321  
120  321  
121  321  
122  321  
123  321  
124  321  
125  321  
126  321  
127  322  
128  322  
129  322  
130  322  
131  322  
132  322  
133  322  
134  322  
135  322  
136  322  
137  322  
138  322  
139  322  
140  322  
141  322  
142  322  
143  323  
144  323  
145  323  
146  323  
147  323  
148  323  
149  323  
150  323  
151  323  
152  323  
153  323  
154  323  
155  323  
156  323  
157  323  
158  323  
159  323  
160  323  
161  323  
162  323  
163  323  
164  324  
165  324  
364  319  
365  319  
366  319  
367  319  
368  319  
369  319  
356  320  
357  320  
358  320  
359  320  
360  320  
361  320  
362  320  
363  320  
348  321  
349  321  
350  321  
351  321  
352  321  
353  321  
354  321  
355  321  
344  322  
345  322  
346  322  
347  322  
368  321  
369  321  
360  322  
361  322  
362  322  
363  322  
364  322  
365  322  
366  322  
367  322  
353  323  
354  323  
355  323  
356  323  
357  323  
358  323  
359  323  
345  324  
346  324  
347  324  
348  324  
349  324  
350  324  
351  324  
352  324  
343  325  
344  325  
365  324  
366  324  
367  324  
368  324  
369  324  
370  324  
357  325  
358  325  
359  325  
360  325  
361  325  
362  325  
363  325  
364  325  
350  326  
351  326  
352  326  
353  326  
354  326  
355  326  
356  326  
343  327  
344  327  
345  327  
346  327  
347  327  
348  327  
349  327  
252  328  
253  328  
254  328  
255  328  
256  328  
257  328  
258  328  
259  328  
260  328  
261  328  
262  328  
263  328  
264  328  
265  328  
266  328  
267  328  
268  328  
269  328  
270  328  
271  328  
272  328  
273  328  
274  328  
275  328  
276  328  
277  328  
278  328  
279  328  
280  328  
281  328  
282  328  
283  328  
284  328  
285  328  
286  328  
172  331  
172  332  
172  333  
172  334  
172  335  
172  336  
172  337  
172  338  
172  339  
172  340  
172  341  
172  342  
172  343  
172  344  
172  345  
172  346  
173  347  
173  348  
173  349  
173  350  
173  351  
173  352  
173  353  
173  354  
173  355  
173  356  
173  357  
173  358  
173  359  
173  360  
173  361  
173  362  
173  363  
174  364  
174  365  
174  366  
359  332  
360  332  
361  332  
362  332  
363  332  
364  332  
365  332  
351  333  
352  333  
353  333  
354  333  
355  333  
356  333  
357  333  
358  333  
343  334  
344  334  
345  334  
346  334  
347  334  
348  334  
349  334  
350  334  
340  335  
341  335  
342  335  
364  334  
365  334  
366  334  
367  334  
356  335  
357  335  
358  335  
359  335  
360  335  
361  335  
362  335  
363  335  
348  336  
349  336  
350  336  
351  336  
352  336  
353  336  
354  336  
355  336  
340  337  
341  337  
342  337  
343  337  
344  337  
345  337  
346  337  
347  337  
367  337  
368  337  
358  338  
359  338  
360  338  
361  338  
362  338  
363  338  
364  338  
365  338  
366  338  
350  339  
351  339  
352  339  
353  339  
354  339  
355  339  
356  339  
357  339  
344  340  
345  340  
346  340  
347  340  
348  340  
349  340  
188  340  
189  340  
190  340  
191  340  
192  340  
193  340  
194  340  
195  340  
196  340  
197  340  
198  340  
199  340  
200  340  
201  340  
202  340  
203  340  
204  340  
205  340  
206  340  
207  340  
208  340  
209  340  
210  340  
211  340  
212  340  
213  340  
214  340  
215  340  
216  340  
217  340  
218  340  
219  340  
220  340  
221  340  
222  340  
223  340  
224  340  
225  340  
226  340  
227  340  
228  340  
229  340  
230  340  
231  340  
232  340  
233  340  
234  340  
235  340  
236  340  
237  340  
187  341  
187  342  
214  346  
215  346  
216  346  
217  346  
218  346  
219  346  
220  346  
221  346  
222  346  
223  346  
224  346  
225  346  
226  346  
227  346  
228  346  
229  346  
230  346  
231  346  
232  346  
233  346  
185  347  
186  347  
187  347  
188  347  
189  347  
190  347  
191  347  
192  347  
193  347  
194  347  
195  347  
196  347  
197  347  
198  347  
199  347  
200  347  
201  347  
202  347  
203  347  
204  347  
205  347  
206  347  
207  347  
208  347  
209  347  
210  347  
211  347  
212  347  
213  347  
253  346  
254  346  
255  346  
256  346  
257  346  
275  346  
276  346  
277  346  
278  346  
279  346  
280  346  
281  346  
282  346  
283  346  
284  346  
285  346  
286  346  
287  346  
288  346  
289  346  
290  346  
291  346  
258  347  
259  347  
260  347  
261  347  
262  347  
263  347  
264  347  
265  347  
266  347  
267  347  
268  347  
269  347  
270  347  
271  347  
272  347  
273  347  
274  347  
311  346  
312  346  
313  346  
314  346  
315  346  
316  346  
317  346  
318  346  
319  346  
320  346  
321  346  
322  346  
323  346  
324  346  
325  346  
326  346  
327  346  
328  346  
329  346  
330  346  
331  346  
332  346  
333  346  
334  346  
335  346  
336  346  
337  346  
338  346  
339  346  
340  346  
341  346  
342  346  
343  346  
344  346  
345  346  
346  346  
347  346  
348  346  
349  346  
350  346  
351  346  
352  346  
353  346  
354  346  
355  346  
355  349  
355  350  
355  351  
355  352  
354  353  
354  354  
354  355  
354  356  
354  357  
353  358  
353  359  
353  360  
353  361  
353  362  
352  363  
352  364  
352  365  
352  366  
352  367  
351  368  
351  369  
351  370  
351  371  
351  372  
350  373  
350  374  
350  375  
350  376  
349  377  
349  378  
349  379  
288  373  
289  373  
279  374  
280  374  
281  374  
282  374  
283  374  
284  374  
285  374  
286  374  
287  374  
273  375  
274  375  
275  375  
276  375  
277  375  
278  375  
268  376  
269  376  
270  376  
271  376  
272  376  
265  377  
266  377  
267  377  
348  381  
348  382  
348  383  
348  384  
348  385  
348  386  
347  387  
347  388  
347  389  
347  390  
347  391  
347  392  
346  393  
346  394  
346  395  
346  396  
346  397  
345  398  
345  399  
345  400  
344  401  
344  402  
344  403  
344  404  
344  405  
343  406  
343  407  
343  408  
343  409  
343  410  
342  411  
342  412  
342  413  
342  414  
342  415  
284  485  
285  485  
286  485  
287  485  
288  485  
289  485  
290  485  
291  485  
292  485  
293  485  
294  485  
295  485  
296  485  
297  485  
298  485  
299  485  
280  486  
281  486  
282  486  
283  486  
300  486  
301  486  
302  486  
303  486  
304  486  
305  486  
306  486  
307  486  
308  486  
309  486  
310  486  
311  486  
312  486  
313  486  
370  495  
370  496  
371  497  
371  498  
371  499  
372  500  
372  501  
373  502  
373  503  
374  504  
374  505  
375  506  
375  507  
376  508  
376  509  
377  510  
377  511  
378  512  
378  513  
378  514  
379  515  
379  516  
380  517  
380  518  
381  519  
381  520  
382  521  
382  522  
383  523  
383  524  
384  525  
384  526  
326  498  
326  499  
327  500  
327  501  
327  502  
327  503  
328  504  
328  505  
328  506  
329  507  
329  508  
329  509  
329  510  
330  511  
330  512  
330  513  
330  514  
331  515  
331  516  
331  517  
270  518  
270  519  
270  520  
270  521  
270  522  
270  523  
271  524  
271  525  
271  526  
271  527  
271  528  
271  529  
272  530  
272  531  
272  532  
272  533  
272  534  
272  535  
272  536  
272  537  
272  538  
277  529  
278  529  
279  529  
280  529  
281  529  
282  529  
283  529  
284  529  
285  529  
286  529  
287  529  
288  529  
289  529  
290  529  
291  529  
292  529  
293  529  
294  529  
295  529  
296  529  
297  529  
298  529  
299  529  
300  529  
301  529  
302  529  
303  529  
304  529  
305  529  
322  529  
323  529  
274  530  
275  530  
276  530  
306  530  
307  530  
308  530  
309  530  
310  530  
311  530  
312  530  
313  530  
314  530  
315  530  
316  530  
317  530  
318  530  
319  530  
320  530  
321  530  
324  530  
341  532  
342  532  
343  532  
344  532  
345  532  
346  532  
347  532  
348  532  
349  532  
350  532  
351  532  
352  532  
353  532  
354  532  
355  532  
356  532  
357  532  
358  532  
359  532  
360  532  
361  532  
362  532  
363  532  
364  532  
365  532  
366  532  
367  532  
368  532  
369  532  
370  532  
371  532  
372  532  
373  532  
374  532  
375  532  
376  532  
377  532  
378  532  
379  532  
380  532  
381  532  
382  532  
280  533  
281  533  
282  533  
283  533  
284  533  
285  533  
286  533  
287  533  
288  533  
289  533  
290  533  
291  533  
292  533  
293  533  
294  533  
295  533  
296  533  
297  533  
298  533  
299  533  
300  533  
301  533  
302  533  
303  533  
304  533  
305  533  
306  533  
307  533  
308  533  
309  533  
310  533  
311  533  
312  533  
313  533  
314  533  
315  533  
316  533  
317  533  
318  533  
319  533  
332  537  
333  537  
334  537  
335  537  
336  537  
337  538  
338  538  
339  538  
340  538  
341  538  
342  538  
343  538  
344  538  
345  538  
346  538  
347  538  
348  538  
349  538  
350  538  
351  538  
352  538  
353  538  
354  538  
355  538  
356  538  
357  538  
358  538  
359  538  
360  538  
361  538  
362  538  
363  538  
364  538  
365  538  
366  538  
367  538  
368  538  
369  538  
370  538  
371  538  
372  538  
373  538  
374  538  
375  538  
376  538  
377  538  
378  538  
379  538  
380  538  
381  538  
382  538  
383  538  
384  538  
389  542  
389  543  
390  544  
390  545  
391  546  
391  547  
392  548  
392  549  
392  550  
393  551  
393  552  
394  553  
394  554  
395  555  
395  556  
396  557  
396  558  
397  559  
397  560  
398  561  
398  562  
399  563  
399  564  
400  565  
400  566  
400  567  
401  568  
401  569  
245  543  
246  543  
247  543  
248  543  
249  543  
250  543  
251  543  
234  544  
235  544  
236  544  
237  544  
238  544  
239  544  
240  544  
241  544  
242  544  
243  544  
244  544  
223  545  
224  545  
225  545  
226  545  
227  545  
228  545  
229  545  
230  545  
231  545  
232  545  
233  545  
215  546  
216  546  
217  546  
218  546  
219  546  
220  546  
221  546  
222  546  
201  547  
202  547  
203  547  
204  547  
205  547  
206  547  
207  547  
208  547  
209  547  
210  547  
211  547  
212  547  
213  547  
214  547  
190  548  
191  548  
192  548  
193  548  
194  548  
195  548  
196  548  
197  548  
198  548  
199  548  
200  548  
179  549  
180  549  
181  549  
182  549  
183  549  
184  549  
185  549  
186  549  
187  549  
188  549  
189  549  
173  550  
174  550  
175  550  
176  550  
177  550  
178  550  
165  558  
165  559  
165  560  
165  561  
165  562  
165  563  
164  564  
164  565  
164  566  
164  567  
164  568  
164  569  
164  570  
164  571  
164  572  
164  573  
163  574  
163  575  
163  576  
163  577  
163  578  
163  579  
163  580  
163  581  
163  582  
162  583  
162  584  
162  585  
162  586  
162  587  
162  588  
162  589  
162  590  
161  591  
161  592  
161  593  
161  594  
161  595  
161  596  
161  597  
161  598  
161  599  
160  600  
160  601  
160  602  
160  603  
160  604  
160  605  
160  606  
160  607  
159  608  
338  559  
339  560  
339  561  
340  562  
340  563  
340  564  
341  565  
341  566  
342  567  
342  568  
343  569  
343  570  
343  571  
344  572  
344  573  
344  574  
345  575  
345  576  
345  577  
346  578  
346  579  
274  570  
274  571  
274  572  
274  573  
274  574  
274  575  
274  576  
274  577  
274  578  
274  579  
274  580  
274  581  
274  582  
273  583  
273  584  
273  585  
273  586  
273  587  
273  588  
273  589  
260  601  
261  601  
262  601  
251  602  
252  602  
253  602  
254  602  
255  602  
256  602  
257  602  
258  602  
259  602  
241  603  
242  603  
243  603  
244  603  
245  603  
246  603  
247  603  
248  603  
249  603  
250  603  
221  604  
222  604  
223  604  
224  604  
225  604  
226  604  
227  604  
228  604  
229  604  
230  604  
231  604  
232  604  
233  604  
234  604  
235  604  
236  604  
237  604  
238  604  
239  604  
240  604  
260  606  
261  606  
248  607  
249  607  
250  607  
251  607  
252  607  
253  607  
254  607  
255  607  
256  607  
257  607  
258  607  
259  607  
234  608  
235  608  
236  608  
237  608  
238  608  
239  608  
240  608  
241  608  
242  608  
243  608  
244  608  
245  608  
246  608  
247  608  
191  607  
192  607  
193  607  
194  607  
195  607  
196  607  
197  607  
198  607  
199  607  
200  607  
201  607  
202  607  
181  608  
182  608  
183  608  
184  608  
185  608  
186  608  
187  608  
188  608  
189  608  
190  608  
