32  45  
33  45  
34  45  
35  45  
36  45  
37  45  
38  45  
39  45  
40  45  
41  45  
42  45  
43  45  
44  45  
45  45  
46  45  
47  45  
48  45  
49  45  
50  45  
51  45  
52  45  
53  45  
54  45  
55  45  
56  45  
57  45  
218  45  
219  45  
220  45  
221  45  
222  45  
223  45  
224  45  
225  45  
226  45  
227  45  
228  45  
229  45  
230  45  
231  45  
232  45  
233  45  
234  45  
235  45  
236  45  
237  45  
238  45  
239  45  
240  45  
241  45  
242  45  
243  45  
244  45  
245  45  
246  45  
247  45  
248  45  
249  45  
250  45  
251  45  
252  45  
253  45  
254  45  
255  45  
256  45  
257  45  
258  45  
259  45  
260  45  
261  45  
262  45  
263  45  
264  45  
265  45  
266  45  
267  45  
324  45  
325  45  
326  45  
327  45  
328  45  
329  45  
330  45  
331  45  
332  45  
333  45  
334  45  
335  45  
336  45  
337  45  
338  45  
339  45  
340  45  
341  45  
342  45  
343  45  
344  45  
345  45  
346  45  
347  45  
348  45  
349  45  
350  45  
351  45  
352  45  
353  45  
354  45  
355  45  
356  45  
357  45  
358  45  
359  45  
360  45  
361  45  
362  45  
363  45  
364  45  
365  45  
366  45  
367  45  
368  45  
369  45  
370  45  
371  45  
372  45  
373  45  
374  45  
375  45  
376  45  
377  45  
378  45  
379  45  
380  45  
381  45  
382  45  
383  45  
384  45  
385  45  
386  45  
387  45  
388  45  
389  45  
390  45  
391  45  
392  45  
393  45  
394  45  
395  45  
396  45  
397  45  
398  45  
399  45  
400  45  
401  45  
402  45  
403  45  
404  45  
405  45  
406  45  
407  45  
408  45  
409  45  
410  45  
411  45  
412  45  
413  45  
414  45  
415  45  
416  45  
417  45  
418  45  
419  45  
420  45  
421  45  
422  45  
423  45  
424  45  
425  45  
426  45  
427  45  
428  45  
429  45  
430  45  
431  45  
432  45  
433  45  
434  45  
435  45  
436  45  
437  45  
438  45  
439  45  
440  45  
441  45  
442  45  
443  45  
444  45  
445  45  
446  45  
447  45  
448  45  
66  52  
66  53  
66  54  
67  55  
67  56  
67  57  
68  58  
68  59  
68  60  
69  61  
69  62  
69  63  
70  64  
70  65  
71  66  
71  67  
71  68  
72  69  
72  70  
72  71  
73  72  
73  73  
73  74  
74  75  
74  76  
75  77  
75  78  
75  79  
76  80  
76  81  
76  82  
77  83  
77  84  
77  85  
78  86  
78  87  
79  88  
79  89  
79  90  
80  91  
81  92  
173  52  
173  53  
173  54  
173  55  
173  56  
173  57  
174  58  
174  59  
174  60  
174  61  
174  62  
174  63  
174  64  
175  65  
175  66  
175  67  
175  68  
175  69  
175  70  
175  71  
176  72  
176  73  
176  74  
176  75  
176  76  
176  77  
176  78  
177  79  
177  80  
177  81  
177  82  
177  83  
177  84  
177  85  
178  86  
178  87  
178  88  
283  52  
283  53  
283  54  
283  55  
283  56  
283  57  
283  58  
283  59  
283  60  
282  61  
282  62  
282  63  
282  64  
282  65  
282  66  
282  67  
282  68  
282  69  
282  70  
282  71  
282  72  
281  73  
281  74  
281  75  
281  76  
281  77  
281  78  
281  79  
281  80  
281  81  
280  82  
280  83  
280  84  
280  85  
280  86  
280  87  
280  88  
280  89  
280  90  
280  91  
280  92  
280  93  
280  94  
280  95  
280  96  
317  52  
316  53  
316  54  
316  55  
316  56  
316  57  
316  58  
316  59  
315  60  
315  61  
315  62  
315  63  
315  64  
315  65  
314  66  
314  67  
314  68  
314  69  
314  70  
314  71  
314  72  
313  73  
313  74  
313  75  
313  76  
313  77  
313  78  
312  79  
312  80  
312  81  
312  82  
312  83  
312  84  
312  85  
312  86  
312  87  
312  88  
312  89  
312  90  
312  91  
72  53  
72  54  
73  55  
73  56  
73  57  
74  58  
74  59  
74  60  
75  61  
75  62  
75  63  
76  64  
76  65  
76  66  
77  67  
77  68  
77  69  
78  70  
78  71  
78  72  
79  73  
79  74  
79  75  
80  76  
80  77  
80  78  
81  79  
81  80  
81  81  
82  82  
82  83  
82  84  
83  85  
83  86  
83  87  
84  88  
84  89  
179  53  
179  54  
179  55  
179  56  
179  57  
179  58  
179  59  
180  60  
180  61  
180  62  
180  63  
180  64  
180  65  
180  66  
180  67  
181  68  
181  69  
181  70  
181  71  
181  72  
181  73  
181  74  
181  75  
182  76  
182  77  
182  78  
182  79  
182  80  
182  81  
182  82  
182  83  
183  84  
183  85  
183  86  
183  87  
183  88  
265  55  
266  55  
267  55  
268  55  
269  55  
270  55  
271  55  
272  55  
255  56  
256  56  
257  56  
258  56  
259  56  
260  56  
261  56  
262  56  
263  56  
264  56  
248  57  
249  57  
250  57  
251  57  
252  57  
253  57  
254  57  
242  58  
243  58  
244  58  
245  58  
246  58  
247  58  
241  59  
59  103  
60  103  
61  103  
62  103  
63  103  
64  103  
65  103  
66  103  
67  103  
68  103  
69  103  
70  103  
71  103  
72  103  
73  103  
74  103  
75  103  
76  103  
77  103  
78  103  
92  103  
98  103  
79  104  
80  104  
81  104  
82  104  
83  104  
84  104  
85  104  
86  104  
87  104  
88  104  
89  104  
90  104  
91  104  
93  104  
94  104  
95  104  
96  104  
97  104  
184  103  
185  103  
186  103  
187  103  
188  103  
189  103  
190  103  
191  103  
192  103  
193  103  
194  103  
195  103  
196  103  
197  103  
198  103  
199  103  
200  103  
201  103  
202  103  
203  103  
204  103  
205  103  
206  103  
207  103  
208  103  
209  103  
210  103  
211  103  
212  103  
213  103  
214  103  
215  103  
216  103  
217  103  
218  103  
219  103  
220  103  
221  103  
222  103  
223  103  
224  103  
225  103  
226  103  
227  103  
228  103  
229  103  
230  103  
231  103  
232  103  
233  103  
234  103  
235  103  
236  103  
237  103  
238  103  
239  103  
240  103  
241  103  
242  103  
243  103  
244  103  
245  103  
246  103  
247  103  
248  103  
249  103  
250  103  
251  103  
252  103  
253  103  
254  103  
255  103  
256  103  
257  103  
258  103  
259  103  
260  103  
261  103  
262  103  
263  103  
264  103  
265  103  
266  103  
267  103  
268  103  
269  103  
270  103  
271  103  
272  103  
273  103  
104  104  
105  104  
106  104  
107  104  
108  104  
109  104  
110  104  
111  104  
112  104  
113  104  
114  104  
115  104  
116  104  
117  104  
118  104  
119  104  
120  104  
121  104  
122  104  
123  104  
124  104  
125  104  
126  104  
127  104  
128  104  
129  104  
130  104  
131  104  
132  104  
133  104  
134  104  
135  104  
136  104  
137  104  
138  104  
139  104  
140  104  
141  104  
142  104  
143  104  
144  104  
145  104  
146  104  
147  104  
148  104  
149  104  
150  104  
151  104  
152  104  
153  104  
154  104  
155  104  
156  104  
157  104  
158  104  
159  104  
160  104  
161  104  
162  104  
163  104  
164  104  
165  104  
166  104  
167  104  
168  104  
169  104  
170  104  
171  104  
172  104  
173  104  
174  104  
175  104  
176  104  
177  104  
178  104  
179  104  
180  104  
181  104  
182  104  
183  104  
333  103  
334  103  
335  103  
336  103  
337  103  
338  103  
339  103  
340  103  
341  103  
342  103  
343  103  
344  103  
345  103  
346  103  
347  103  
348  103  
349  103  
350  103  
351  103  
352  103  
353  103  
354  103  
355  103  
356  103  
357  103  
358  103  
359  103  
360  103  
361  103  
362  103  
363  103  
364  103  
365  103  
366  103  
367  103  
368  103  
369  103  
370  103  
371  103  
372  103  
373  103  
374  103  
375  103  
376  103  
377  103  
378  103  
379  103  
380  103  
381  103  
382  103  
383  103  
384  103  
385  103  
386  103  
387  103  
388  103  
389  103  
390  103  
391  103  
392  103  
393  103  
394  103  
395  103  
396  103  
397  103  
398  103  
399  103  
400  103  
401  103  
402  103  
425  103  
426  103  
427  103  
428  103  
318  104  
319  104  
320  104  
321  104  
322  104  
323  104  
324  104  
325  104  
326  104  
327  104  
328  104  
329  104  
330  104  
331  104  
332  104  
403  104  
404  104  
405  104  
406  104  
407  104  
408  104  
409  104  
410  104  
411  104  
412  104  
413  104  
414  104  
415  104  
416  104  
417  104  
418  104  
419  104  
420  104  
421  104  
422  104  
423  104  
424  104  
230  110  
231  110  
232  110  
233  110  
234  110  
235  110  
236  111  
237  111  
238  111  
239  111  
240  111  
241  111  
242  111  
243  111  
244  111  
245  111  
246  111  
247  111  
248  111  
249  111  
250  111  
251  111  
252  111  
253  111  
254  111  
255  111  
256  111  
257  111  
258  111  
259  111  
260  111  
261  111  
262  111  
263  111  
264  111  
265  111  
266  111  
267  111  
268  111  
269  111  
270  111  
271  111  
272  111  
273  111  
274  111  
275  111  
325  110  
326  110  
327  110  
328  110  
329  110  
330  110  
331  110  
332  110  
333  110  
334  110  
335  110  
336  110  
337  110  
338  110  
339  110  
340  110  
341  110  
342  110  
343  110  
344  110  
345  110  
346  110  
347  110  
348  110  
349  110  
350  110  
351  110  
352  110  
353  110  
354  110  
355  110  
356  110  
357  110  
358  110  
359  110  
360  110  
361  110  
362  110  
363  110  
364  110  
365  110  
366  110  
367  110  
368  110  
369  110  
370  110  
371  110  
372  110  
373  110  
374  110  
375  110  
376  110  
377  110  
378  110  
379  110  
380  110  
381  110  
382  110  
383  110  
384  110  
385  110  
386  110  
387  110  
388  110  
389  110  
390  110  
391  110  
392  110  
393  110  
394  110  
395  110  
396  110  
397  110  
398  110  
399  110  
400  110  
401  110  
402  110  
403  110  
404  110  
405  110  
406  110  
407  110  
408  110  
409  110  
410  110  
411  110  
412  110  
413  110  
414  110  
415  110  
416  110  
417  110  
418  110  
419  110  
420  110  
421  110  
422  110  
423  110  
424  110  
425  110  
426  110  
427  110  
428  110  
429  110  
430  110  
431  110  
432  110  
433  110  
434  110  
435  110  
436  110  
437  110  
438  110  
439  110  
440  110  
441  110  
442  110  
443  110  
444  110  
445  110  
446  110  
447  110  
448  110  
282  111  
283  111  
284  111  
285  111  
286  111  
287  111  
288  111  
289  111  
290  111  
291  111  
292  111  
293  111  
294  111  
295  111  
296  111  
297  111  
298  111  
299  111  
300  111  
301  111  
302  111  
303  111  
304  111  
305  111  
306  111  
307  111  
308  111  
309  111  
310  111  
311  111  
312  111  
313  111  
314  111  
315  111  
316  111  
317  111  
318  111  
319  111  
320  111  
321  111  
322  111  
323  111  
324  111  
32  111  
33  111  
34  111  
35  111  
36  111  
37  111  
38  111  
39  111  
40  111  
41  111  
42  111  
43  111  
44  111  
45  111  
46  111  
47  111  
48  111  
49  111  
50  111  
51  111  
52  111  
53  111  
54  111  
55  111  
56  111  
57  111  
58  111  
59  111  
60  111  
61  111  
62  111  
63  111  
64  111  
65  111  
66  111  
67  111  
68  111  
69  111  
70  111  
71  111  
72  111  
73  111  
74  111  
75  111  
76  111  
77  111  
78  111  
79  111  
80  111  
81  111  
82  111  
83  111  
84  111  
85  111  
86  111  
87  111  
88  111  
89  111  
90  111  
91  111  
92  111  
93  111  
94  111  
95  111  
96  111  
97  111  
98  111  
99  111  
100  111  
101  111  
102  111  
103  111  
104  111  
105  111  
106  111  
107  111  
108  111  
109  111  
110  111  
111  111  
112  111  
113  111  
114  111  
115  111  
116  111  
117  111  
118  111  
119  111  
120  111  
121  111  
122  111  
123  111  
124  111  
125  111  
126  111  
127  111  
128  111  
129  111  
130  111  
131  111  
132  111  
133  111  
134  111  
135  111  
136  111  
137  111  
138  111  
139  111  
140  111  
141  111  
142  111  
143  111  
144  111  
145  111  
146  111  
147  111  
148  111  
149  111  
150  111  
151  111  
152  111  
153  111  
154  111  
155  111  
156  111  
157  111  
158  111  
159  111  
160  111  
161  111  
162  111  
163  111  
164  111  
165  111  
166  111  
167  111  
168  111  
169  111  
170  111  
171  111  
172  111  
173  111  
174  111  
175  111  
176  111  
177  111  
178  111  
179  111  
180  111  
181  111  
182  111  
183  111  
184  111  
185  111  
186  111  
187  111  
188  111  
189  111  
190  111  
191  111  
192  111  
193  111  
194  111  
195  111  
196  111  
197  111  
198  111  
199  111  
200  111  
201  111  
202  111  
203  111  
204  111  
205  111  
206  111  
207  111  
208  111  
45  115  
45  116  
45  117  
45  118  
45  119  
45  120  
46  121  
46  122  
46  123  
46  124  
46  125  
46  126  
46  127  
46  128  
47  129  
47  130  
47  131  
47  132  
47  133  
47  134  
48  135  
48  136  
48  137  
48  138  
49  139  
49  140  
49  141  
49  142  
50  143  
50  144  
211  115  
211  116  
211  117  
211  118  
211  119  
211  120  
211  121  
212  122  
212  123  
212  124  
212  125  
212  126  
212  127  
212  128  
212  129  
212  130  
212  131  
212  132  
212  133  
212  134  
212  135  
213  136  
213  137  
213  138  
213  139  
213  140  
213  141  
278  116  
278  117  
278  118  
278  119  
278  120  
278  121  
278  122  
278  123  
277  124  
277  125  
277  126  
277  127  
277  128  
277  129  
277  130  
277  131  
277  132  
277  133  
277  134  
277  135  
277  136  
276  137  
276  138  
276  139  
276  140  
276  141  
276  142  
276  143  
276  144  
276  145  
276  146  
275  147  
275  148  
275  149  
275  150  
275  151  
275  152  
275  153  
217  118  
217  119  
217  120  
217  121  
217  122  
217  123  
217  124  
217  125  
217  126  
217  127  
218  128  
218  129  
218  130  
218  131  
218  132  
218  133  
218  134  
218  135  
218  136  
218  137  
218  138  
218  139  
218  140  
218  141  
218  142  
218  143  
218  144  
218  145  
218  146  
218  147  
219  148  
219  149  
219  150  
219  151  
219  152  
219  153  
219  154  
219  155  
219  156  
219  157  
219  158  
219  159  
219  160  
219  161  
219  162  
219  163  
219  164  
219  165  
219  166  
219  167  
220  168  
220  169  
220  170  
220  171  
220  172  
220  173  
220  174  
220  175  
220  176  
220  177  
220  178  
220  179  
220  180  
222  118  
222  119  
222  120  
222  121  
222  122  
222  123  
222  124  
222  125  
222  126  
222  127  
222  128  
223  129  
223  130  
223  131  
223  132  
223  133  
223  134  
223  135  
223  136  
223  137  
223  138  
223  139  
223  140  
223  141  
223  142  
223  143  
223  144  
223  145  
223  146  
223  147  
224  148  
224  149  
224  150  
224  151  
224  152  
224  153  
224  154  
224  155  
224  156  
224  157  
224  158  
78  121  
78  122  
78  123  
79  124  
79  125  
80  126  
80  127  
80  128  
81  129  
81  130  
82  131  
82  132  
82  133  
83  134  
83  135  
84  136  
84  137  
84  138  
85  139  
85  140  
85  141  
86  142  
95  148  
96  148  
97  148  
98  148  
99  148  
100  148  
151  148  
152  148  
153  148  
154  148  
155  148  
156  148  
157  148  
158  148  
159  148  
160  148  
161  148  
162  148  
163  148  
164  148  
165  148  
166  148  
167  148  
168  148  
169  148  
170  148  
171  148  
172  148  
173  148  
174  148  
175  148  
176  148  
177  148  
178  148  
179  148  
180  148  
181  148  
182  148  
183  148  
184  148  
185  148  
186  148  
187  148  
188  148  
189  148  
190  148  
191  148  
192  148  
193  148  
194  148  
195  148  
196  148  
197  148  
198  148  
199  148  
200  148  
201  148  
202  148  
203  148  
204  148  
205  148  
206  148  
101  149  
102  149  
103  149  
104  149  
105  149  
106  149  
107  149  
108  149  
109  149  
110  149  
111  149  
112  149  
113  149  
144  149  
145  149  
146  149  
147  149  
148  149  
149  149  
150  149  
114  150  
115  150  
116  150  
117  150  
118  150  
119  150  
120  150  
121  150  
122  150  
123  150  
124  150  
125  150  
126  150  
127  150  
128  150  
129  150  
130  150  
131  150  
132  150  
133  150  
134  150  
135  150  
136  150  
137  150  
138  150  
139  150  
140  150  
141  150  
142  150  
143  150  
159  152  
160  152  
161  152  
162  152  
163  152  
164  152  
165  152  
166  152  
167  152  
168  152  
169  152  
170  152  
171  152  
172  152  
173  152  
174  152  
175  152  
176  152  
177  152  
178  152  
179  152  
180  152  
181  152  
182  152  
183  152  
184  152  
185  152  
186  152  
187  152  
188  152  
189  152  
190  152  
191  152  
192  152  
193  152  
194  152  
195  152  
196  152  
197  152  
198  152  
199  152  
200  152  
201  152  
202  152  
203  152  
204  152  
205  152  
206  152  
207  152  
208  152  
315  154  
315  155  
315  156  
315  157  
315  158  
315  159  
314  160  
314  161  
314  162  
314  163  
314  164  
314  165  
313  166  
313  167  
313  168  
313  169  
313  170  
313  171  
312  172  
312  173  
312  174  
312  175  
312  176  
312  177  
311  178  
311  179  
311  180  
310  181  
310  182  
310  183  
310  184  
310  185  
309  186  
309  187  
309  188  
309  189  
309  190  
310  191  
97  159  
98  160  
98  161  
98  162  
99  163  
99  164  
99  165  
100  166  
100  167  
100  168  
101  169  
101  170  
102  171  
102  172  
103  173  
103  174  
103  175  
104  176  
104  177  
104  178  
105  179  
105  180  
105  181  
106  182  
106  183  
106  184  
107  185  
107  186  
107  187  
108  188  
108  189  
108  190  
109  191  
109  192  
110  193  
110  194  
110  195  
111  196  
111  197  
111  198  
103  159  
104  160  
104  161  
104  162  
105  163  
105  164  
106  165  
106  166  
106  167  
107  168  
107  169  
107  170  
108  171  
108  172  
108  173  
109  174  
109  175  
109  176  
110  177  
110  178  
111  179  
111  180  
111  181  
112  182  
112  183  
112  184  
113  185  
113  186  
113  187  
114  188  
154  159  
154  160  
154  161  
154  162  
155  163  
155  164  
155  165  
155  166  
156  167  
156  168  
156  169  
156  170  
157  171  
157  172  
157  173  
157  174  
157  175  
158  176  
158  177  
158  178  
66  164  
66  165  
66  166  
66  167  
66  168  
66  169  
66  170  
66  171  
67  172  
67  173  
67  174  
67  175  
67  176  
67  177  
68  178  
68  179  
68  180  
68  181  
69  182  
69  183  
69  184  
448  165  
448  166  
447  167  
447  168  
446  169  
446  170  
445  171  
445  172  
444  173  
444  174  
443  175  
442  176  
442  177  
441  178  
441  179  
440  180  
440  181  
439  182  
439  183  
438  184  
438  185  
437  186  
437  187  
436  188  
435  189  
435  190  
434  191  
434  192  
433  193  
433  194  
432  195  
432  196  
431  197  
431  198  
430  199  
430  200  
429  201  
429  202  
428  203  
428  204  
427  205  
426  206  
426  207  
425  208  
425  209  
424  210  
424  211  
423  212  
423  213  
422  214  
422  215  
421  216  
421  217  
234  168  
235  168  
236  168  
237  168  
238  168  
239  168  
240  168  
241  168  
242  168  
243  168  
244  168  
245  168  
246  168  
247  168  
248  168  
249  168  
250  168  
251  168  
252  168  
253  168  
254  168  
255  168  
256  168  
257  168  
258  168  
259  168  
260  168  
261  168  
262  168  
263  168  
264  168  
265  168  
266  168  
267  168  
32  181  
33  182  
33  183  
34  184  
34  185  
35  186  
36  187  
36  188  
37  189  
37  190  
38  191  
38  192  
39  193  
39  194  
40  195  
41  196  
41  197  
42  198  
42  199  
43  200  
44  201  
166  184  
167  184  
168  184  
169  184  
170  184  
171  184  
172  184  
173  184  
174  184  
175  184  
176  184  
177  184  
178  184  
179  184  
180  184  
181  184  
182  184  
183  184  
184  184  
185  184  
186  184  
187  184  
188  184  
189  184  
190  184  
191  184  
192  184  
193  184  
194  184  
195  184  
196  184  
197  184  
198  184  
199  184  
200  184  
201  184  
202  184  
203  184  
204  184  
205  184  
206  184  
207  184  
208  184  
209  184  
229  186  
230  186  
231  186  
232  186  
233  186  
234  186  
235  186  
236  186  
237  186  
238  186  
239  186  
240  186  
241  186  
242  186  
243  186  
244  186  
245  186  
246  186  
247  186  
248  186  
249  186  
250  186  
251  186  
252  186  
253  186  
254  186  
255  186  
256  187  
257  187  
258  187  
259  187  
260  187  
261  187  
262  187  
263  187  
217  187  
218  187  
219  187  
220  187  
167  188  
168  188  
169  188  
170  188  
171  188  
172  188  
173  188  
174  188  
175  188  
176  188  
177  188  
178  188  
179  188  
180  188  
181  188  
182  188  
183  188  
184  188  
185  188  
186  188  
187  188  
188  188  
189  188  
190  188  
191  188  
192  188  
193  188  
194  188  
195  188  
196  188  
197  188  
198  188  
199  188  
200  188  
201  188  
202  188  
203  188  
204  188  
205  188  
206  188  
207  188  
208  188  
209  188  
210  188  
211  188  
212  188  
213  188  
214  188  
215  188  
216  188  
123  195  
124  195  
125  195  
126  195  
127  195  
128  195  
129  195  
130  195  
131  195  
132  195  
133  195  
134  195  
135  195  
136  195  
137  195  
138  195  
139  195  
140  195  
141  195  
142  195  
143  195  
144  195  
145  195  
146  195  
147  195  
148  195  
149  195  
150  195  
151  195  
232  198  
233  198  
234  198  
235  198  
236  198  
237  198  
238  198  
239  198  
240  198  
241  198  
242  198  
243  198  
244  198  
245  198  
246  198  
247  198  
248  198  
249  198  
250  198  
251  198  
252  198  
253  198  
254  198  
255  198  
256  198  
257  198  
258  198  
259  198  
260  198  
261  198  
32  200  
33  201  
33  202  
34  203  
35  204  
35  205  
36  206  
36  207  
37  208  
37  209  
38  210  
39  211  
39  212  
40  213  
41  214  
41  215  
42  216  
42  217  
43  218  
43  219  
44  220  
45  221  
45  222  
46  223  
46  224  
47  225  
48  226  
48  227  
49  228  
49  229  
50  230  
50  231  
51  232  
52  233  
52  234  
53  235  
54  236  
54  237  
55  238  
55  239  
56  240  
57  241  
57  242  
58  243  
57  214  
58  214  
59  214  
60  214  
61  214  
62  214  
63  214  
64  214  
65  214  
66  214  
67  214  
68  214  
69  214  
70  214  
71  214  
72  214  
73  214  
74  214  
75  214  
76  214  
77  215  
78  215  
79  215  
80  215  
81  215  
82  215  
83  215  
84  215  
85  215  
86  215  
87  215  
88  215  
89  215  
90  215  
91  215  
92  215  
93  215  
94  215  
95  215  
96  215  
97  215  
98  215  
99  215  
100  215  
101  215  
121  215  
122  215  
123  215  
124  215  
125  215  
126  215  
127  215  
128  215  
129  215  
130  215  
131  215  
132  215  
133  215  
134  215  
135  215  
136  215  
137  215  
138  215  
139  215  
140  215  
141  215  
142  215  
143  215  
144  215  
145  215  
146  215  
147  215  
148  215  
149  215  
150  215  
151  215  
152  215  
153  215  
154  215  
155  215  
174  215  
175  215  
176  215  
177  215  
178  215  
179  215  
180  215  
181  215  
182  215  
183  215  
184  215  
185  215  
186  215  
187  215  
188  215  
189  215  
190  215  
191  215  
192  215  
193  215  
194  215  
195  215  
196  215  
197  215  
198  215  
199  215  
200  215  
201  215  
202  215  
203  215  
204  215  
205  215  
206  215  
207  215  
208  215  
209  215  
210  215  
211  215  
212  215  
213  215  
214  215  
215  215  
216  215  
217  215  
218  215  
219  215  
220  215  
221  215  
222  215  
223  215  
224  215  
225  215  
226  215  
227  215  
228  215  
229  215  
230  216  
231  216  
232  216  
233  216  
234  216  
235  216  
236  216  
237  216  
90  219  
91  219  
92  219  
93  219  
94  219  
95  219  
96  219  
97  219  
98  219  
99  219  
100  219  
101  219  
102  219  
103  219  
104  219  
105  219  
106  219  
107  219  
108  219  
109  219  
110  219  
111  219  
112  219  
113  219  
114  219  
115  219  
116  219  
117  219  
118  219  
89  220  
158  219  
159  219  
160  219  
161  219  
162  219  
163  219  
164  219  
165  219  
166  219  
167  219  
168  219  
169  219  
170  219  
171  219  
172  219  
173  219  
174  219  
175  219  
176  219  
177  219  
178  219  
179  219  
180  219  
181  219  
182  219  
183  219  
184  219  
185  219  
186  219  
187  219  
188  219  
189  219  
157  220  
230  219  
231  219  
232  219  
233  219  
234  219  
235  219  
236  219  
237  219  
238  219  
239  219  
240  219  
241  219  
242  219  
243  219  
244  219  
245  219  
246  219  
247  219  
248  219  
249  219  
250  219  
251  219  
252  219  
253  219  
254  219  
255  219  
256  219  
257  219  
258  219  
259  219  
228  220  
229  220  
260  220  
261  220  
279  219  
280  219  
281  219  
282  219  
283  219  
284  219  
285  219  
286  219  
287  219  
288  219  
289  219  
290  219  
291  219  
292  220  
293  220  
294  220  
295  220  
296  220  
297  220  
298  220  
299  220  
300  220  
301  220  
302  220  
303  220  
304  220  
305  220  
306  220  
307  220  
308  220  
309  220  
310  220  
311  220  
312  220  
313  220  
314  220  
315  220  
316  220  
317  220  
318  220  
319  220  
320  220  
321  220  
322  220  
323  220  
324  220  
325  220  
326  220  
327  220  
328  220  
329  220  
330  220  
331  220  
332  220  
333  220  
334  220  
335  220  
336  220  
337  220  
338  220  
339  220  
340  220  
341  220  
342  220  
343  220  
344  220  
345  220  
346  220  
347  220  
348  220  
349  220  
350  220  
351  220  
352  220  
353  220  
354  220  
355  220  
356  220  
357  220  
358  220  
359  220  
360  220  
361  220  
362  220  
363  220  
364  220  
365  220  
366  220  
367  220  
368  220  
369  220  
370  220  
371  220  
372  220  
373  220  
374  220  
375  220  
376  220  
377  220  
378  220  
379  220  
380  220  
381  220  
382  220  
383  220  
384  220  
385  220  
386  220  
387  220  
388  220  
389  220  
390  220  
391  220  
392  220  
393  220  
394  220  
395  220  
396  220  
397  220  
398  220  
97  231  
98  231  
99  231  
100  231  
101  231  
102  231  
103  231  
104  231  
105  231  
106  231  
107  231  
108  231  
109  231  
110  231  
111  231  
112  231  
113  231  
114  231  
115  231  
116  231  
117  231  
118  231  
119  231  
120  231  
121  231  
122  231  
123  231  
164  231  
165  231  
166  231  
167  231  
168  231  
169  231  
170  231  
171  231  
172  231  
173  231  
174  231  
175  231  
176  231  
177  231  
178  231  
179  231  
180  231  
181  231  
182  231  
183  231  
184  231  
185  231  
186  231  
187  231  
188  231  
189  231  
190  231  
191  231  
234  231  
235  231  
236  231  
237  231  
238  231  
239  231  
240  231  
241  231  
242  231  
243  231  
244  231  
245  231  
246  231  
247  231  
248  231  
249  231  
250  231  
251  231  
252  231  
253  231  
254  231  
255  231  
256  231  
257  231  
258  231  
259  231  
119  239  
120  239  
85  240  
86  240  
87  240  
88  240  
89  240  
90  240  
91  240  
92  240  
93  240  
94  240  
95  240  
96  240  
97  240  
98  240  
99  240  
100  240  
101  240  
102  240  
103  240  
104  240  
105  240  
106  240  
107  240  
108  240  
109  240  
110  240  
111  240  
112  240  
113  240  
114  240  
115  240  
116  240  
117  240  
118  240  
147  239  
148  239  
149  239  
150  239  
151  239  
152  239  
153  239  
154  239  
155  239  
156  239  
157  239  
158  239  
159  239  
160  239  
161  239  
162  239  
163  239  
164  239  
165  239  
166  239  
167  239  
168  239  
169  239  
170  239  
171  239  
172  239  
173  239  
174  239  
175  239  
176  239  
177  239  
178  239  
179  239  
180  239  
181  239  
182  239  
183  239  
184  239  
185  239  
186  239  
187  239  
188  239  
189  239  
190  239  
191  239  
192  239  
193  239  
144  240  
145  240  
146  240  
194  240  
229  239  
230  239  
231  239  
232  239  
233  239  
234  239  
235  239  
236  239  
237  239  
238  239  
239  239  
240  239  
241  239  
242  239  
243  239  
244  239  
245  239  
246  239  
247  239  
248  239  
249  239  
250  239  
251  239  
252  239  
253  239  
254  239  
255  239  
256  239  
257  239  
258  239  
259  239  
260  239  
261  239  
262  239  
263  239  
264  239  
265  239  
321  239  
296  240  
297  240  
298  240  
299  240  
300  240  
301  240  
302  240  
303  240  
304  240  
305  240  
306  240  
307  240  
308  240  
309  240  
310  240  
311  240  
312  240  
313  240  
314  240  
315  240  
316  240  
317  240  
318  240  
319  240  
320  240  
327  239  
328  240  
329  240  
330  240  
331  240  
332  240  
333  240  
334  240  
335  240  
336  240  
337  240  
338  240  
339  240  
340  240  
341  240  
342  240  
343  240  
344  240  
345  240  
346  240  
347  240  
348  240  
349  240  
350  240  
351  240  
352  240  
353  240  
354  240  
355  240  
356  240  
357  240  
358  240  
359  240  
360  240  
361  240  
362  240  
363  240  
364  240  
365  240  
366  240  
367  240  
368  240  
369  240  
370  240  
371  240  
372  240  
373  240  
374  240  
375  240  
376  240  
377  240  
378  240  
379  240  
380  240  
381  240  
382  240  
383  240  
384  240  
385  240  
386  240  
387  240  
388  240  
55  244  
35  245  
36  245  
37  245  
38  245  
39  245  
40  245  
41  245  
42  245  
43  245  
44  245  
45  245  
46  245  
47  245  
48  245  
49  245  
50  245  
51  245  
52  245  
53  245  
54  245  
32  246  
33  246  
34  246  
87  245  
88  245  
89  245  
90  245  
91  245  
92  245  
93  245  
94  245  
95  245  
96  245  
97  245  
98  245  
99  245  
100  245  
101  245  
102  245  
103  245  
104  245  
105  245  
106  245  
107  245  
108  245  
109  245  
110  245  
111  245  
112  245  
113  245  
114  245  
115  245  
116  245  
117  245  
118  245  
119  245  
120  245  
121  245  
122  245  
123  245  
124  245  
125  245  
126  245  
127  245  
128  245  
129  245  
130  245  
131  245  
132  245  
133  245  
134  245  
135  245  
136  245  
137  245  
138  245  
139  245  
140  245  
141  245  
142  245  
143  245  
144  245  
145  245  
146  245  
147  245  
148  245  
149  245  
150  245  
151  245  
152  245  
153  245  
154  245  
155  245  
156  246  
157  246  
158  246  
159  246  
160  246  
161  246  
162  246  
163  246  
164  246  
165  246  
166  246  
167  246  
168  246  
169  246  
170  246  
171  246  
172  246  
173  246  
174  246  
175  246  
176  246  
177  246  
178  246  
179  246  
180  246  
181  246  
182  246  
183  246  
184  246  
185  246  
186  246  
187  246  
188  246  
189  246  
190  246  
191  246  
192  246  
193  246  
194  246  
195  246  
196  246  
197  246  
198  246  
199  246  
200  246  
201  246  
202  246  
203  246  
204  246  
205  246  
206  246  
207  246  
208  246  
209  246  
210  246  
211  246  
212  246  
213  246  
214  246  
215  246  
216  246  
217  246  
218  246  
219  246  
220  246  
221  246  
222  246  
223  246  
224  246  
225  246  
226  246  
227  246  
228  246  
229  246  
230  246  
231  246  
232  246  
233  246  
234  246  
235  246  
236  246  
237  246  
238  246  
239  246  
240  246  
241  246  
242  246  
243  246  
244  246  
245  246  
246  246  
247  246  
248  246  
249  246  
250  246  
251  246  
252  246  
253  246  
254  246  
255  246  
256  246  
257  246  
258  246  
259  246  
260  246  
261  246  
306  245  
307  245  
308  245  
309  245  
310  245  
311  245  
312  245  
313  245  
314  245  
315  245  
316  245  
317  245  
318  245  
319  245  
320  245  
321  245  
322  245  
323  245  
324  245  
325  245  
326  245  
327  245  
328  245  
329  245  
330  245  
331  245  
332  245  
333  245  
334  245  
335  245  
336  245  
337  245  
338  245  
339  245  
302  246  
303  246  
304  246  
305  246  
233  252  
234  252  
235  252  
236  252  
237  252  
238  252  
239  252  
240  252  
241  252  
242  252  
243  252  
244  252  
245  252  
246  252  
247  252  
248  252  
249  252  
250  252  
251  252  
252  252  
253  252  
254  252  
255  252  
256  252  
257  252  
258  252  
259  252  
260  252  
261  252  
262  252  
263  252  
264  252  
265  252  
266  252  
70  253  
71  253  
72  253  
73  253  
74  253  
75  253  
76  253  
77  253  
78  253  
79  253  
80  253  
81  253  
82  253  
83  253  
84  253  
85  253  
86  253  
87  253  
88  253  
89  253  
90  253  
91  253  
92  253  
93  253  
94  253  
95  253  
96  253  
97  253  
98  253  
99  253  
100  253  
101  253  
102  253  
103  253  
104  253  
105  253  
106  253  
107  253  
108  253  
109  253  
110  254  
111  254  
112  254  
113  254  
114  254  
115  254  
116  254  
117  254  
118  254  
119  254  
120  254  
121  254  
122  254  
123  254  
124  254  
125  254  
126  254  
127  254  
128  254  
129  254  
130  254  
131  254  
132  254  
133  254  
134  254  
135  254  
136  254  
137  254  
138  254  
222  253  
223  253  
224  253  
225  253  
226  253  
143  254  
144  254  
145  254  
146  254  
147  254  
148  254  
149  254  
150  254  
151  254  
152  254  
153  254  
154  254  
155  254  
156  254  
157  254  
158  254  
159  254  
160  254  
161  254  
162  254  
163  254  
164  254  
165  254  
166  254  
167  254  
168  254  
169  254  
170  254  
171  254  
172  254  
173  254  
174  254  
175  254  
176  254  
177  254  
178  254  
179  254  
180  254  
181  254  
182  254  
183  254  
184  254  
185  254  
186  254  
187  254  
188  254  
189  254  
190  254  
191  254  
192  254  
193  254  
194  254  
195  254  
196  254  
197  254  
198  254  
199  254  
200  254  
201  254  
202  254  
203  254  
204  254  
205  254  
206  254  
207  254  
208  254  
209  254  
210  254  
211  254  
212  254  
213  254  
214  254  
215  254  
216  254  
217  254  
218  254  
219  254  
220  254  
221  254  
297  253  
298  253  
299  253  
300  253  
301  253  
302  253  
303  253  
304  253  
305  253  
306  253  
307  253  
308  253  
309  253  
310  253  
311  253  
312  253  
313  253  
314  254  
315  254  
316  254  
317  254  
318  254  
319  254  
320  254  
321  254  
322  254  
323  254  
369  253  
370  253  
371  253  
372  253  
373  253  
374  253  
375  253  
376  253  
377  253  
378  253  
379  253  
380  253  
381  253  
382  253  
383  253  
384  253  
385  253  
386  253  
387  253  
388  253  
389  253  
390  253  
391  253  
392  253  
393  253  
394  253  
395  253  
396  253  
397  253  
398  253  
399  253  
400  253  
401  253  
402  253  
403  253  
404  253  
63  257  
64  257  
65  257  
66  257  
67  257  
68  257  
69  257  
70  257  
71  257  
72  257  
73  257  
74  257  
75  257  
76  257  
77  257  
78  257  
79  257  
80  257  
81  257  
82  257  
83  257  
84  257  
85  257  
86  257  
87  257  
52  258  
53  258  
54  258  
55  258  
56  258  
57  258  
58  258  
59  258  
60  258  
61  258  
62  258  
42  259  
43  259  
44  259  
45  259  
46  259  
47  259  
48  259  
49  259  
50  259  
51  259  
32  260  
33  260  
34  260  
35  260  
36  260  
37  260  
38  260  
39  260  
40  260  
41  260  
152  257  
153  257  
134  258  
135  258  
136  258  
137  258  
138  258  
139  258  
140  258  
141  258  
142  258  
143  258  
144  258  
145  258  
146  258  
147  258  
148  258  
149  258  
150  258  
151  258  
126  259  
127  259  
128  259  
129  259  
130  259  
131  259  
132  259  
133  259  
116  260  
117  260  
118  260  
119  260  
120  260  
121  260  
122  260  
123  260  
124  260  
125  260  
107  261  
108  261  
109  261  
110  261  
111  261  
112  261  
113  261  
114  261  
115  261  
214  258  
215  258  
216  258  
217  258  
218  258  
209  259  
210  259  
211  259  
212  259  
213  259  
204  260  
205  260  
206  260  
207  260  
208  260  
200  261  
201  261  
202  261  
203  261  
198  262  
199  262  
194  263  
195  263  
196  263  
197  263  
188  264  
189  264  
190  264  
191  264  
192  264  
193  264  
184  265  
185  265  
186  265  
187  265  
180  266  
181  266  
182  266  
183  266  
175  267  
176  267  
177  267  
178  267  
179  267  
170  268  
171  268  
172  268  
173  268  
174  268  
167  269  
168  269  
169  269  
162  270  
163  270  
164  270  
165  270  
166  270  
158  271  
159  271  
160  271  
161  271  
154  272  
155  272  
156  272  
157  272  
150  273  
151  273  
152  273  
153  273  
69  261  
70  261  
71  261  
72  261  
73  261  
74  261  
75  261  
76  261  
77  261  
58  262  
59  262  
60  262  
61  262  
62  262  
63  262  
64  262  
65  262  
66  262  
67  262  
68  262  
46  263  
47  263  
48  263  
49  263  
50  263  
51  263  
52  263  
53  263  
54  263  
55  263  
56  263  
57  263  
33  264  
34  264  
35  264  
36  264  
37  264  
38  264  
39  264  
40  264  
41  264  
42  264  
43  264  
44  264  
45  264  
32  265  
90  263  
91  263  
92  263  
93  263  
94  263  
95  263  
96  263  
97  263  
98  263  
79  264  
80  264  
81  264  
82  264  
83  264  
84  264  
85  264  
86  264  
87  264  
88  264  
89  264  
71  265  
72  265  
73  265  
74  265  
75  265  
76  265  
77  265  
78  265  
63  266  
64  266  
65  266  
66  266  
67  266  
68  266  
69  266  
70  266  
50  267  
51  267  
52  267  
53  267  
54  267  
55  267  
56  267  
57  267  
58  267  
59  267  
60  267  
61  267  
62  267  
34  268  
35  268  
36  268  
37  268  
38  268  
39  268  
40  268  
41  268  
42  268  
43  268  
44  268  
45  268  
46  268  
47  268  
48  268  
49  268  
32  269  
33  269  
341  263  
342  263  
343  263  
344  263  
345  263  
346  263  
347  263  
348  263  
349  264  
350  264  
351  264  
352  264  
353  264  
354  264  
355  265  
356  265  
357  265  
358  265  
359  265  
360  265  
361  265  
122  265  
123  265  
124  265  
125  265  
126  265  
115  266  
116  266  
117  266  
118  266  
119  266  
120  266  
121  266  
108  267  
109  267  
110  267  
111  267  
112  267  
113  267  
114  267  
100  268  
101  268  
102  268  
103  268  
104  268  
105  268  
106  268  
107  268  
92  269  
93  269  
94  269  
95  269  
96  269  
97  269  
98  269  
99  269  
85  270  
86  270  
87  270  
88  270  
89  270  
90  270  
91  270  
73  271  
74  271  
75  271  
76  271  
77  271  
78  271  
79  271  
80  271  
81  271  
82  271  
83  271  
84  271  
65  272  
66  272  
67  272  
68  272  
69  272  
70  272  
71  272  
72  272  
57  273  
58  273  
59  273  
60  273  
61  273  
62  273  
63  273  
64  273  
46  274  
47  274  
48  274  
49  274  
50  274  
51  274  
52  274  
53  274  
54  274  
55  274  
56  274  
35  275  
36  275  
37  275  
38  275  
39  275  
40  275  
41  275  
42  275  
43  275  
44  275  
45  275  
32  276  
33  276  
34  276  
311  266  
312  266  
313  266  
314  266  
315  267  
316  267  
317  267  
318  267  
319  267  
320  268  
321  268  
322  268  
323  268  
324  268  
325  269  
326  269  
327  269  
328  270  
329  270  
330  270  
331  270  
332  270  
333  271  
334  271  
335  271  
336  271  
337  271  
338  271  
339  272  
340  272  
341  272  
342  272  
343  272  
344  273  
345  273  
346  273  
347  273  
348  273  
349  273  
350  274  
351  274  
352  274  
353  274  
354  274  
355  274  
356  274  
357  274  
358  275  
359  275  
360  275  
361  275  
362  275  
363  275  
364  275  
365  276  
366  276  
367  276  
368  276  
369  276  
370  276  
371  276  
372  276  
373  277  
374  277  
375  277  
376  277  
377  277  
378  277  
379  277  
380  277  
381  278  
382  278  
383  278  
384  278  
385  278  
386  278  
387  278  
388  278  
389  278  
390  279  
391  279  
392  279  
393  279  
394  279  
395  279  
396  279  
397  279  
398  279  
399  280  
400  280  
401  280  
128  268  
129  268  
130  268  
131  268  
132  268  
133  268  
134  268  
135  268  
136  268  
137  268  
121  269  
122  269  
123  269  
124  269  
125  269  
126  269  
127  269  
115  270  
116  270  
117  270  
118  270  
119  270  
120  270  
110  271  
111  271  
112  271  
113  271  
114  271  
105  271  
106  271  
107  271  
97  272  
98  272  
99  272  
100  272  
101  272  
102  272  
103  272  
104  272  
108  272  
90  273  
91  273  
92  273  
93  273  
94  273  
95  273  
96  273  
82  274  
83  274  
84  274  
85  274  
86  274  
87  274  
88  274  
89  274  
72  275  
73  275  
74  275  
75  275  
76  275  
77  275  
78  275  
79  275  
80  275  
81  275  
66  276  
67  276  
68  276  
69  276  
70  276  
71  276  
60  277  
61  277  
62  277  
63  277  
64  277  
65  277  
50  278  
51  278  
52  278  
53  278  
54  278  
55  278  
56  278  
57  278  
58  278  
59  278  
41  279  
42  279  
43  279  
44  279  
45  279  
46  279  
47  279  
48  279  
49  279  
33  280  
34  280  
35  280  
36  280  
37  280  
38  280  
39  280  
40  280  
32  281  
143  274  
144  274  
145  274  
146  274  
147  274  
148  274  
137  275  
138  275  
139  275  
140  275  
141  275  
142  275  
132  276  
133  276  
134  276  
135  276  
136  276  
126  277  
127  277  
128  277  
129  277  
130  277  
131  277  
120  278  
121  278  
122  278  
123  278  
124  278  
125  278  
116  279  
117  279  
118  279  
119  279  
110  280  
111  280  
112  280  
113  280  
114  280  
115  280  
104  281  
105  281  
106  281  
107  281  
108  281  
109  281  
97  282  
98  282  
99  282  
100  282  
101  282  
102  282  
103  282  
304  284  
305  284  
306  284  
307  284  
308  284  
309  284  
310  284  
311  284  
312  284  
313  284  
314  284  
315  284  
316  284  
317  284  
318  284  
319  284  
320  284  
321  284  
322  284  
323  284  
324  284  
325  284  
326  284  
327  284  
328  284  
329  284  
330  284  
331  284  
332  284  
333  284  
334  284  
335  284  
336  284  
337  284  
338  284  
339  284  
340  284  
341  284  
342  284  
343  284  
344  284  
345  284  
346  284  
347  284  
348  284  
349  284  
350  284  
351  284  
352  284  
353  284  
354  284  
355  284  
356  284  
357  284  
358  284  
359  284  
360  284  
361  284  
362  284  
363  284  
364  284  
365  284  
366  284  
367  284  
368  284  
369  284  
370  284  
371  284  
372  284  
373  284  
374  284  
375  284  
376  284  
377  284  
378  284  
379  284  
380  284  
381  284  
382  284  
383  284  
384  284  
385  284  
386  284  
387  284  
388  284  
389  284  
390  284  
391  284  
71  286  
72  286  
73  286  
74  286  
75  286  
76  286  
77  286  
61  287  
62  287  
63  287  
64  287  
65  287  
66  287  
67  287  
68  287  
69  287  
70  287  
50  288  
51  288  
52  288  
53  288  
54  288  
55  288  
56  288  
57  288  
58  288  
59  288  
60  288  
43  289  
44  289  
45  289  
46  289  
47  289  
48  289  
49  289  
298  291  
298  292  
298  293  
298  294  
298  295  
298  296  
298  297  
298  298  
298  299  
298  300  
298  301  
298  302  
298  303  
298  304  
298  305  
298  306  
298  307  
298  308  
298  309  
298  310  
298  311  
298  312  
298  313  
298  314  
298  315  
298  316  
298  317  
298  318  
299  319  
299  320  
339  303  
339  304  
339  305  
339  306  
339  307  
339  308  
340  309  
340  310  
340  311  
340  312  
340  313  
340  314  
340  315  
340  316  
340  317  
340  318  
340  319  
340  320  
340  321  
340  322  
341  323  
341  324  
341  325  
341  326  
341  327  
341  328  
41  314  
41  315  
42  316  
42  317  
42  318  
43  319  
43  320  
43  321  
44  322  
44  323  
44  324  
44  325  
45  326  
45  327  
45  328  
46  329  
46  330  
46  331  
46  332  
47  333  
47  334  
47  335  
47  336  
47  337  
366  321  
366  322  
366  323  
366  324  
366  325  
366  326  
367  327  
367  328  
367  329  
367  330  
367  331  
367  332  
367  333  
367  334  
367  335  
367  336  
367  337  
367  338  
368  339  
368  340  
42  334  
42  335  
42  336  
42  337  
42  338  
42  339  
43  340  
43  341  
43  342  
43  343  
43  344  
43  345  
43  346  
43  347  
44  348  
44  349  
44  350  
44  351  
44  352  
44  353  
44  354  
44  355  
44  356  
44  357  
44  358  
44  359  
44  360  
44  361  
44  362  
44  363  
44  364  
44  365  
44  366  
45  367  
284  338  
285  339  
285  340  
285  341  
285  342  
285  343  
285  344  
285  345  
285  346  
285  347  
285  348  
285  349  
285  350  
285  351  
285  352  
285  353  
285  354  
285  355  
285  356  
285  357  
285  358  
285  359  
285  360  
285  361  
285  362  
285  363  
285  364  
285  365  
285  366  
285  367  
285  368  
285  369  
285  370  
285  371  
285  372  
285  373  
285  374  
285  375  
285  376  
285  377  
286  378  
286  379  
286  380  
286  381  
286  382  
286  383  
286  384  
286  385  
286  386  
286  387  
286  388  
286  389  
286  390  
286  391  
286  392  
286  393  
286  394  
286  395  
286  396  
286  397  
286  398  
286  399  
286  400  
286  401  
286  402  
286  403  
286  404  
286  405  
286  406  
286  407  
286  408  
286  409  
286  410  
286  411  
286  412  
286  413  
286  414  
286  415  
286  416  
286  417  
286  418  
286  419  
286  420  
287  421  
287  422  
287  423  
287  424  
287  425  
287  426  
287  427  
287  428  
287  429  
287  430  
287  431  
287  432  
287  433  
287  434  
287  435  
287  436  
287  437  
287  438  
287  439  
287  440  
287  441  
287  442  
287  443  
287  444  
287  445  
287  446  
287  447  
287  448  
287  449  
287  450  
287  451  
287  452  
287  453  
287  454  
287  455  
287  456  
287  457  
287  458  
287  459  
287  460  
287  461  
287  462  
287  463  
287  464  
287  465  
287  466  
287  467  
288  468  
288  469  
288  470  
288  471  
288  472  
288  473  
288  474  
288  475  
288  476  
288  477  
288  478  
288  479  
288  480  
288  481  
288  482  
288  483  
288  484  
288  485  
48  339  
48  340  
48  341  
48  342  
48  343  
48  344  
48  345  
48  346  
48  347  
48  348  
49  349  
49  350  
49  351  
49  352  
49  353  
49  354  
49  355  
49  356  
49  357  
49  358  
50  359  
50  360  
50  361  
50  362  
50  363  
446  344  
447  344  
448  344  
435  345  
436  345  
437  345  
438  345  
439  345  
440  345  
441  345  
442  345  
443  345  
444  345  
445  345  
423  346  
424  346  
425  346  
426  346  
427  346  
428  346  
429  346  
430  346  
431  346  
432  346  
433  346  
434  346  
415  347  
416  347  
417  347  
418  347  
419  347  
420  347  
421  347  
422  347  
409  348  
410  348  
411  348  
412  348  
403  349  
404  349  
405  349  
406  349  
407  349  
408  349  
391  350  
392  350  
393  350  
394  350  
395  350  
396  350  
397  350  
398  350  
399  350  
400  350  
401  350  
402  350  
381  351  
382  351  
383  351  
384  351  
385  351  
386  351  
387  351  
388  351  
389  351  
390  351  
377  352  
378  352  
379  352  
380  352  
298  351  
298  352  
298  353  
298  354  
298  355  
299  356  
299  357  
299  358  
300  359  
300  360  
300  361  
300  362  
301  363  
301  364  
301  365  
301  366  
301  367  
301  368  
302  369  
302  370  
302  371  
302  372  
303  373  
303  374  
303  375  
303  376  
303  377  
304  378  
304  379  
411  351  
411  352  
411  353  
411  354  
412  355  
412  356  
412  357  
412  358  
412  359  
412  360  
412  361  
412  362  
412  363  
412  364  
413  365  
413  366  
413  367  
413  368  
413  369  
413  370  
413  371  
413  372  
413  373  
413  374  
413  375  
414  376  
414  377  
414  378  
414  379  
414  380  
414  381  
414  382  
414  383  
414  384  
414  385  
415  386  
415  387  
415  388  
415  389  
415  390  
415  391  
415  392  
403  359  
403  360  
403  361  
403  362  
403  363  
403  364  
403  365  
403  366  
403  367  
403  368  
403  369  
403  370  
403  371  
404  372  
404  373  
404  374  
404  375  
404  376  
404  377  
404  378  
404  379  
404  380  
404  381  
404  382  
404  383  
404  384  
405  385  
405  386  
405  387  
405  388  
405  389  
405  390  
405  391  
405  392  
405  393  
385  368  
384  369  
386  369  
387  369  
384  370  
388  370  
384  371  
389  371  
384  372  
384  373  
385  374  
385  375  
385  376  
385  377  
385  378  
385  379  
385  380  
385  381  
385  382  
385  383  
385  384  
386  385  
386  386  
386  387  
386  388  
386  389  
386  390  
386  391  
386  392  
386  393  
386  394  
386  395  
386  396  
386  397  
386  398  
386  399  
395  374  
395  375  
396  376  
396  377  
396  378  
397  379  
397  380  
397  381  
397  382  
398  383  
398  384  
398  385  
398  386  
398  387  
398  388  
399  389  
399  390  
399  391  
399  392  
399  393  
399  394  
399  395  
49  381  
49  382  
49  383  
49  384  
49  385  
49  386  
49  387  
49  388  
49  389  
49  390  
49  391  
48  392  
48  393  
48  394  
48  395  
48  396  
48  397  
48  398  
47  399  
47  400  
47  401  
47  402  
47  403  
47  404  
46  405  
46  406  
46  407  
46  408  
46  409  
46  410  
45  411  
45  412  
45  413  
45  414  
44  415  
44  416  
428  384  
428  385  
428  386  
428  387  
428  388  
428  389  
429  390  
429  391  
429  392  
429  393  
429  394  
429  395  
429  396  
429  397  
429  398  
430  399  
430  400  
430  401  
430  402  
430  403  
430  404  
430  405  
430  406  
430  407  
430  408  
430  409  
430  410  
431  411  
431  412  
431  413  
431  414  
431  415  
431  416  
431  417  
431  418  
431  419  
431  420  
432  421  
432  422  
432  423  
432  424  
432  425  
432  426  
432  427  
432  428  
432  429  
432  430  
433  431  
433  432  
433  433  
433  434  
433  435  
433  436  
433  437  
433  438  
433  439  
434  440  
434  441  
434  442  
434  443  
434  444  
434  445  
434  446  
434  447  
434  448  
434  449  
434  450  
435  451  
435  452  
435  453  
435  454  
435  455  
435  456  
435  457  
435  458  
435  459  
435  460  
436  461  
436  462  
436  463  
436  464  
436  465  
436  466  
436  467  
436  468  
436  469  
436  470  
436  471  
436  472  
437  473  
437  474  
437  475  
437  476  
437  477  
437  478  
437  479  
318  392  
319  392  
320  393  
321  393  
322  394  
323  394  
324  395  
325  395  
326  396  
327  396  
328  396  
329  397  
330  397  
331  397  
332  398  
333  398  
334  398  
335  399  
336  399  
337  399  
338  399  
339  400  
340  400  
341  400  
342  400  
343  401  
344  401  
345  401  
346  401  
347  401  
348  401  
349  402  
350  402  
351  402  
352  402  
353  402  
354  402  
355  402  
356  403  
357  403  
358  403  
359  403  
360  403  
361  403  
362  403  
363  403  
364  403  
278  420  
279  420  
269  421  
270  421  
271  421  
272  421  
273  421  
274  421  
275  421  
276  421  
277  421  
256  422  
257  422  
258  422  
259  422  
260  422  
261  422  
262  422  
263  422  
264  422  
265  422  
266  422  
267  422  
268  422  
250  423  
251  423  
252  423  
253  423  
254  423  
255  423  
283  424  
283  425  
282  426  
282  427  
282  428  
282  429  
282  430  
282  431  
282  432  
282  433  
282  434  
282  435  
282  436  
282  437  
282  438  
282  439  
282  440  
282  441  
282  442  
282  443  
282  444  
282  445  
282  446  
282  447  
282  448  
282  449  
282  450  
282  451  
282  452  
282  453  
282  454  
282  455  
282  456  
282  457  
282  458  
282  459  
282  460  
282  461  
282  462  
282  463  
282  464  
282  465  
282  466  
282  467  
283  468  
282  469  
282  470  
282  471  
283  472  
283  473  
283  474  
283  475  
283  476  
283  477  
283  478  
283  479  
283  480  
283  481  
283  482  
283  483  
283  484  
243  430  
243  431  
243  432  
243  433  
243  434  
243  435  
243  436  
243  437  
243  438  
243  439  
243  440  
243  441  
243  442  
243  443  
243  444  
243  445  
243  446  
243  447  
243  448  
243  449  
243  450  
243  451  
243  452  
243  453  
243  454  
243  455  
243  456  
243  457  
243  458  
243  459  
243  460  
243  461  
243  462  
243  463  
243  464  
243  465  
243  466  
243  467  
243  468  
243  469  
243  470  
243  471  
243  472  
243  473  
243  474  
243  475  
243  476  
243  477  
243  478  
243  479  
243  480  
243  481  
243  482  
243  483  
243  484  
243  485  
243  486  
243  487  
243  488  
243  489  
243  490  
243  491  
243  492  
389  443  
389  444  
389  445  
389  446  
389  447  
389  448  
389  449  
389  450  
389  451  
389  452  
390  453  
390  454  
390  455  
390  456  
390  457  
390  458  
390  459  
390  460  
390  461  
390  462  
390  463  
391  464  
391  465  
391  466  
391  467  
391  468  
391  469  
391  470  
391  471  
391  472  
391  473  
391  474  
391  475  
391  476  
405  447  
405  448  
405  449  
405  450  
405  451  
405  452  
405  453  
405  454  
405  455  
405  456  
405  457  
405  458  
405  459  
405  460  
405  461  
405  462  
405  463  
405  464  
405  465  
405  466  
405  467  
405  468  
410  447  
410  448  
410  449  
410  450  
410  451  
410  452  
410  453  
410  454  
411  455  
411  456  
411  457  
411  458  
411  459  
411  460  
411  461  
411  462  
411  463  
411  464  
411  465  
411  466  
411  467  
412  468  
412  469  
412  470  
412  471  
412  472  
412  473  
412  474  
412  475  
412  476  
412  477  
412  478  
412  479  
412  480  
412  481  
412  482  
412  483  
421  449  
421  450  
421  451  
421  452  
421  453  
421  454  
421  455  
421  456  
421  457  
421  458  
421  459  
422  460  
422  461  
422  462  
422  463  
422  464  
422  465  
422  466  
422  467  
422  468  
422  469  
422  470  
422  471  
422  472  
423  473  
423  474  
423  475  
423  476  
423  477  
308  450  
307  451  
307  452  
307  453  
307  454  
306  455  
306  456  
306  457  
306  458  
305  459  
305  460  
305  461  
304  462  
304  463  
304  464  
304  465  
303  466  
303  467  
303  468  
303  469  
437  483  
438  483  
439  483  
440  483  
441  483  
442  483  
443  483  
444  483  
445  483  
446  483  
447  483  
448  483  
425  484  
426  484  
427  484  
428  484  
429  484  
430  484  
431  484  
432  484  
433  484  
434  484  
435  484  
436  484  
416  484  
392  485  
393  485  
394  485  
395  485  
396  485  
397  485  
398  485  
399  485  
400  485  
401  485  
402  485  
403  485  
404  485  
405  485  
406  485  
407  485  
408  485  
409  485  
410  485  
411  485  
412  485  
413  485  
414  485  
415  485  
378  486  
379  486  
380  486  
381  486  
382  486  
383  486  
384  486  
385  486  
386  486  
387  486  
388  486  
389  486  
390  486  
391  486  
426  498  
427  498  
428  498  
429  498  
430  498  
431  498  
432  498  
433  498  
434  498  
435  498  
436  498  
437  498  
438  498  
439  498  
440  498  
441  498  
442  498  
443  498  
444  498  
445  498  
446  498  
447  498  
448  498  
397  499  
398  499  
399  499  
400  499  
401  499  
402  499  
403  499  
404  499  
405  499  
406  499  
407  499  
408  499  
409  499  
410  499  
411  499  
412  499  
413  499  
414  499  
415  499  
416  499  
417  499  
418  499  
419  499  
420  499  
421  499  
422  499  
423  499  
424  499  
425  499  
380  500  
381  500  
382  500  
383  500  
384  500  
385  500  
386  500  
387  500  
388  500  
389  500  
390  500  
391  500  
392  500  
393  500  
394  500  
395  500  
396  500  
332  499  
333  499  
334  499  
335  499  
336  499  
337  499  
338  499  
339  499  
340  499  
341  499  
342  499  
343  499  
344  500  
345  500  
346  500  
347  500  
348  500  
349  500  
350  500  
351  500  
352  500  
353  501  
354  501  
355  501  
356  501  
304  505  
304  506  
304  507  
304  508  
304  509  
304  510  
304  511  
304  512  
304  513  
304  514  
304  515  
304  516  
304  517  
304  518  
304  519  
304  520  
304  521  
305  522  
305  523  
305  524  
305  525  
305  526  
305  527  
305  528  
305  529  
305  530  
305  531  
305  532  
305  533  
305  534  
305  535  
305  536  
305  537  
305  538  
306  539  
306  540  
306  541  
306  542  
306  543  
306  544  
306  545  
306  546  
306  547  
306  548  
306  549  
306  550  
306  551  
306  552  
306  553  
307  554  
307  555  
307  556  
307  557  
307  558  
307  559  
307  560  
434  509  
434  510  
434  511  
434  512  
434  513  
434  514  
434  515  
434  516  
434  517  
434  518  
434  519  
434  520  
434  521  
434  522  
434  523  
434  524  
434  525  
434  526  
434  527  
434  528  
434  529  
434  530  
299  521  
299  522  
299  523  
299  524  
299  525  
299  526  
299  527  
299  528  
299  529  
299  530  
299  531  
299  532  
299  533  
299  534  
299  535  
299  536  
299  537  
299  538  
299  539  
300  540  
300  541  
300  542  
300  543  
300  544  
300  545  
300  546  
300  547  
300  548  
300  549  
300  550  
301  551  
301  552  
301  553  
301  554  
301  555  
301  556  
301  557  
301  558  
301  559  
301  560  
302  561  
302  562  
302  563  
302  564  
302  565  
302  566  
302  567  
302  568  
302  569  
302  570  
302  571  
302  572  
302  573  
302  574  
302  575  
302  576  
302  577  
302  578  
302  579  
301  580  
301  581  
301  582  
301  583  
301  584  
301  585  
301  586  
301  587  
301  588  
301  589  
301  590  
301  591  
301  592  
301  593  
300  594  
300  595  
300  596  
300  597  
300  598  
300  599  
300  600  
300  601  
327  551  
327  552  
327  553  
327  554  
327  555  
327  556  
327  557  
327  558  
327  559  
327  560  
327  561  
327  562  
327  563  
327  564  
327  565  
328  566  
328  567  
328  568  
328  569  
328  570  
328  571  
328  572  
328  573  
328  574  
328  575  
328  576  
328  577  
328  578  
328  579  
287  553  
287  554  
287  555  
287  556  
287  557  
287  558  
287  559  
287  560  
287  561  
287  562  
287  563  
287  564  
287  565  
287  566  
287  567  
287  568  
287  569  
287  570  
287  571  
287  572  
287  573  
287  574  
287  575  
287  576  
287  577  
287  578  
287  579  
287  580  
287  581  
287  582  
287  583  
287  584  
287  585  
286  586  
286  587  
286  588  
286  589  
286  590  
286  591  
286  592  
286  593  
286  594  
285  595  
285  596  
285  597  
286  598  
446  562  
447  562  
448  562  
444  563  
445  563  
441  564  
442  564  
443  564  
438  565  
439  565  
440  565  
435  566  
436  566  
437  566  
432  567  
433  567  
434  567  
429  568  
430  568  
431  568  
428  569  
297  574  
297  575  
297  576  
297  577  
297  578  
297  579  
297  580  
296  581  
296  582  
296  583  
296  584  
296  585  
296  586  
296  587  
296  588  
296  589  
296  590  
296  591  
296  592  
296  593  
295  594  
295  595  
295  596  
295  597  
295  598  
295  599  
295  600  
295  601  
295  602  
295  603  
295  604  
32  589  
33  589  
34  590  
35  590  
36  590  
37  590  
38  590  
39  590  
40  590  
41  590  
42  590  
43  591  
44  591  
45  591  
46  591  
47  591  
48  591  
49  592  
50  592  
51  592  
52  592  
53  592  
61  594  
62  594  
63  594  
64  594  
65  594  
66  595  
67  595  
68  595  
69  595  
70  595  
71  595  
72  596  
73  596  
74  596  
75  596  
76  596  
77  596  
78  597  
79  597  
80  597  
81  597  
82  598  
83  598  
84  598  
85  598  
86  598  
87  599  
88  599  
89  599  
90  599  
91  599  
92  600  
93  600  
94  600  
95  600  
96  600  
97  601  
98  601  
99  601  
100  601  
101  602  
102  602  
103  602  
104  602  
105  603  
106  603  
107  603  
108  603  
109  604  
110  604  
111  604  
112  604  
113  604  
114  605  
115  605  
116  605  
117  605  
118  606  
119  606  
120  606  
121  606  
122  607  
123  607  
124  607  
125  607  
126  608  
127  608  
128  608  
129  608  
130  608  
