142  32  
142  33  
142  34  
142  35  
142  36  
142  37  
142  38  
142  39  
142  40  
142  41  
142  42  
142  43  
142  44  
142  45  
142  46  
142  47  
142  48  
142  49  
142  50  
142  51  
142  52  
141  53  
141  54  
141  55  
141  56  
141  57  
141  58  
141  59  
141  60  
141  61  
141  62  
141  63  
141  64  
141  65  
141  66  
141  67  
141  68  
208  32  
208  33  
207  34  
207  35  
207  36  
207  37  
207  38  
207  39  
207  40  
207  41  
206  42  
206  43  
206  44  
206  45  
206  46  
206  47  
206  48  
205  49  
205  50  
205  51  
205  52  
205  53  
205  54  
205  55  
204  56  
204  57  
204  58  
204  59  
204  60  
204  61  
204  62  
203  63  
203  64  
203  65  
203  66  
203  67  
203  68  
203  69  
202  70  
202  71  
202  72  
202  73  
202  74  
202  75  
202  76  
202  77  
411  32  
411  33  
410  34  
410  35  
409  36  
409  37  
408  38  
408  39  
407  40  
407  41  
406  42  
406  43  
406  44  
405  45  
405  46  
404  47  
404  48  
403  49  
403  50  
402  51  
402  52  
402  53  
401  54  
401  55  
400  56  
400  57  
399  58  
399  59  
398  60  
398  61  
397  62  
397  63  
397  64  
396  65  
396  66  
395  67  
395  68  
394  69  
394  70  
393  71  
393  72  
393  73  
392  74  
392  75  
391  76  
391  77  
390  78  
390  79  
389  80  
389  81  
388  82  
388  83  
387  84  
387  85  
387  86  
386  87  
386  88  
385  89  
385  90  
385  91  
384  92  
431  32  
431  33  
430  34  
430  35  
429  36  
429  37  
428  38  
428  39  
427  40  
427  41  
426  42  
426  43  
425  44  
425  45  
424  46  
424  47  
423  48  
423  49  
422  50  
422  51  
421  52  
421  53  
420  54  
420  55  
420  56  
419  57  
419  58  
418  59  
418  60  
417  61  
417  62  
416  63  
416  64  
415  65  
415  66  
414  67  
414  68  
413  69  
413  70  
412  71  
412  72  
411  73  
411  74  
410  75  
410  76  
409  77  
409  78  
408  79  
408  80  
407  81  
407  82  
406  83  
406  84  
405  85  
405  86  
296  100  
297  100  
298  100  
299  100  
300  100  
301  100  
302  100  
303  100  
304  100  
305  100  
306  100  
307  100  
308  100  
309  100  
310  100  
311  100  
312  101  
313  101  
314  101  
315  101  
316  101  
317  101  
318  101  
319  101  
320  101  
321  101  
322  101  
323  101  
324  101  
325  101  
326  101  
327  101  
328  101  
329  101  
330  101  
331  101  
332  101  
333  102  
334  102  
335  102  
336  102  
337  102  
338  102  
339  102  
340  102  
341  102  
342  102  
343  102  
344  102  
345  102  
346  102  
347  102  
348  102  
349  102  
350  102  
351  102  
352  102  
353  102  
354  102  
355  103  
356  103  
357  103  
358  103  
359  103  
360  103  
361  103  
362  103  
363  103  
364  103  
365  103  
366  103  
367  103  
368  103  
369  103  
370  103  
371  103  
372  103  
373  103  
374  103  
375  104  
376  104  
377  104  
378  104  
379  104  
380  104  
381  104  
382  104  
383  104  
384  104  
385  104  
386  104  
387  104  
388  104  
389  104  
390  104  
391  104  
392  104  
393  104  
394  104  
271  106  
271  107  
271  108  
271  109  
272  110  
272  111  
272  112  
272  113  
272  114  
272  115  
272  116  
272  117  
272  118  
272  119  
273  120  
273  121  
273  122  
273  123  
273  124  
273  125  
273  126  
273  127  
273  128  
273  129  
274  130  
274  131  
274  132  
274  133  
274  134  
274  135  
274  136  
274  137  
274  138  
274  139  
275  140  
275  141  
275  142  
275  143  
275  144  
275  145  
275  146  
275  147  
275  148  
275  149  
276  150  
276  151  
276  152  
276  153  
276  154  
276  155  
276  156  
276  157  
276  158  
277  159  
277  160  
277  161  
277  162  
277  163  
277  164  
277  165  
277  166  
277  167  
277  168  
278  169  
278  170  
278  171  
278  172  
278  173  
278  174  
278  175  
278  176  
278  177  
278  178  
279  179  
279  180  
279  181  
279  182  
279  183  
279  184  
279  185  
279  186  
279  187  
279  188  
280  189  
280  190  
280  191  
280  192  
280  193  
280  194  
280  195  
280  196  
280  197  
281  198  
281  199  
281  200  
281  201  
281  202  
281  203  
281  204  
281  205  
281  206  
281  207  
282  208  
282  209  
282  210  
282  211  
282  212  
282  213  
282  214  
282  215  
282  216  
282  217  
283  218  
283  219  
283  220  
283  221  
283  222  
283  223  
283  224  
283  225  
283  226  
284  227  
284  228  
284  229  
284  230  
284  231  
284  232  
284  233  
284  234  
284  235  
284  236  
284  237  
285  238  
285  239  
285  240  
285  241  
285  242  
285  243  
285  244  
285  245  
285  246  
285  247  
286  248  
286  249  
286  250  
286  251  
286  252  
286  253  
286  254  
286  255  
286  256  
286  257  
287  258  
287  259  
287  260  
287  261  
287  262  
287  263  
287  264  
287  265  
287  266  
287  267  
288  268  
288  269  
288  270  
288  271  
288  272  
288  273  
288  274  
288  275  
288  276  
288  277  
289  278  
289  279  
289  280  
289  281  
289  282  
289  283  
289  284  
289  285  
289  286  
289  287  
290  288  
290  289  
290  290  
290  291  
290  292  
290  293  
290  294  
290  295  
290  296  
291  297  
291  298  
291  299  
291  300  
291  301  
291  302  
291  303  
291  304  
291  305  
291  306  
292  307  
292  308  
292  309  
292  310  
292  311  
292  312  
292  313  
292  314  
292  315  
292  316  
293  317  
293  318  
293  319  
293  320  
293  321  
293  322  
293  323  
293  324  
293  325  
293  326  
294  327  
294  328  
294  329  
294  330  
294  331  
294  332  
294  333  
294  334  
294  335  
294  336  
295  337  
295  338  
295  339  
295  340  
295  341  
295  342  
295  343  
295  344  
295  345  
295  346  
296  347  
296  348  
296  349  
296  350  
296  351  
296  352  
296  353  
296  354  
296  355  
296  356  
297  357  
297  358  
297  359  
297  360  
297  361  
297  362  
297  363  
297  364  
297  365  
298  366  
298  367  
298  368  
298  369  
298  370  
298  371  
298  372  
298  373  
298  374  
298  375  
298  376  
267  107  
267  108  
267  109  
267  110  
266  111  
266  112  
266  113  
266  114  
266  115  
265  116  
265  117  
265  118  
265  119  
264  120  
264  121  
264  122  
264  123  
263  124  
263  125  
263  126  
262  127  
262  128  
262  129  
262  130  
261  131  
261  132  
261  133  
261  134  
260  135  
260  136  
260  137  
260  138  
259  139  
259  140  
259  141  
259  142  
258  143  
258  144  
258  145  
258  146  
257  147  
257  148  
257  149  
256  150  
256  151  
256  152  
256  153  
255  154  
255  155  
255  156  
255  157  
254  158  
254  159  
254  160  
254  161  
253  162  
253  163  
253  164  
253  165  
253  166  
133  122  
133  123  
133  124  
133  125  
133  126  
133  127  
133  128  
133  129  
133  130  
133  131  
133  132  
133  133  
133  134  
133  135  
133  136  
133  137  
133  138  
133  139  
133  140  
133  141  
133  142  
133  143  
133  144  
133  145  
133  146  
133  147  
133  148  
133  149  
133  150  
133  151  
133  152  
133  153  
133  154  
133  155  
133  156  
133  157  
139  122  
139  123  
139  124  
139  125  
139  126  
139  127  
139  128  
139  129  
139  130  
139  131  
139  132  
138  133  
138  134  
139  135  
139  136  
139  137  
138  138  
138  139  
138  140  
138  141  
138  142  
138  143  
138  144  
307  125  
308  125  
309  125  
310  125  
311  126  
312  126  
313  126  
314  126  
315  126  
316  126  
317  126  
318  126  
319  126  
320  126  
321  126  
322  126  
323  126  
324  126  
325  126  
326  126  
327  126  
328  126  
329  126  
330  126  
331  126  
332  126  
333  126  
334  126  
335  126  
336  126  
337  126  
338  126  
339  126  
340  126  
341  126  
342  126  
343  126  
344  127  
345  127  
346  127  
347  127  
348  127  
349  127  
350  127  
351  127  
352  127  
353  127  
354  127  
355  127  
356  127  
357  127  
358  127  
359  127  
360  127  
361  127  
362  127  
363  127  
364  127  
365  127  
366  127  
367  128  
368  128  
369  128  
370  128  
371  128  
372  128  
373  128  
374  128  
375  128  
376  128  
377  128  
378  128  
379  128  
380  128  
381  128  
382  128  
383  128  
384  128  
385  128  
386  128  
387  128  
388  128  
389  129  
390  129  
391  129  
392  129  
393  129  
394  129  
395  129  
396  129  
397  129  
398  129  
399  129  
400  129  
401  129  
300  132  
300  133  
300  134  
300  135  
301  136  
301  137  
301  138  
301  139  
301  140  
301  141  
301  142  
301  143  
301  144  
302  145  
302  146  
302  147  
302  148  
302  149  
302  150  
302  151  
302  152  
303  153  
303  154  
303  155  
303  156  
303  157  
303  158  
303  159  
303  160  
303  161  
304  162  
304  163  
304  164  
304  165  
304  166  
304  167  
304  168  
304  169  
305  170  
305  171  
305  172  
305  173  
305  174  
305  175  
305  176  
305  177  
305  178  
306  179  
306  180  
306  181  
306  182  
306  183  
306  184  
306  185  
306  186  
306  187  
307  188  
307  189  
307  190  
307  191  
307  192  
307  193  
307  194  
307  195  
307  196  
307  197  
307  198  
307  199  
307  200  
307  201  
308  202  
308  203  
308  204  
308  205  
308  206  
308  207  
308  208  
308  209  
309  210  
309  211  
309  212  
309  213  
309  214  
309  215  
309  216  
309  217  
309  218  
310  219  
310  220  
310  221  
310  222  
310  223  
310  224  
310  225  
310  226  
310  227  
310  228  
311  229  
311  230  
309  190  
310  190  
311  190  
312  190  
313  190  
314  190  
315  190  
316  190  
317  190  
318  190  
319  190  
320  190  
321  190  
322  190  
323  190  
324  190  
325  190  
326  190  
327  191  
328  191  
329  191  
330  191  
331  191  
332  191  
336  198  
335  199  
335  200  
335  201  
334  202  
334  203  
333  204  
333  205  
332  206  
332  207  
331  208  
331  209  
330  210  
330  211  
330  212  
329  213  
329  214  
328  215  
328  216  
327  217  
327  218  
326  219  
326  220  
326  221  
325  222  
325  223  
324  224  
324  225  
323  226  
323  227  
322  228  
322  229  
321  230  
321  231  
321  232  
320  233  
320  234  
319  235  
319  236  
318  237  
318  238  
317  239  
317  240  
358  199  
357  200  
357  201  
356  202  
356  203  
355  204  
355  205  
354  206  
354  207  
353  208  
353  209  
352  210  
352  211  
351  212  
351  213  
350  214  
350  215  
349  216  
349  217  
348  218  
348  219  
347  220  
347  221  
346  222  
345  223  
345  224  
345  225  
344  226  
344  227  
343  228  
225  236  
225  237  
225  238  
225  239  
225  240  
225  241  
225  242  
225  243  
225  244  
225  245  
225  246  
225  247  
225  248  
226  249  
226  250  
226  251  
226  252  
226  253  
226  254  
226  255  
226  256  
226  257  
226  258  
226  259  
227  260  
227  261  
227  262  
227  263  
227  264  
227  265  
227  266  
227  267  
227  268  
227  269  
227  270  
227  271  
227  272  
227  273  
227  274  
227  275  
227  276  
227  277  
228  278  
228  279  
228  280  
228  281  
228  282  
228  283  
269  241  
269  242  
269  243  
269  244  
270  245  
270  246  
270  247  
270  248  
270  249  
270  250  
270  251  
270  252  
270  253  
271  254  
271  255  
271  256  
271  257  
271  258  
271  259  
271  260  
271  261  
271  262  
271  263  
272  264  
272  265  
272  266  
272  267  
272  268  
272  269  
272  270  
272  271  
272  272  
272  273  
272  274  
273  275  
273  276  
273  277  
273  278  
273  279  
273  280  
273  281  
273  282  
273  283  
273  284  
274  285  
274  286  
274  287  
274  288  
274  289  
274  290  
274  291  
274  292  
274  293  
274  243  
274  244  
274  245  
274  246  
274  247  
274  248  
274  249  
274  250  
274  251  
274  252  
275  253  
275  254  
275  255  
275  256  
275  257  
275  258  
275  259  
275  260  
275  261  
275  262  
276  263  
276  264  
276  265  
276  266  
276  267  
276  268  
276  269  
276  270  
276  271  
276  272  
277  273  
277  274  
277  275  
277  276  
277  277  
277  278  
277  279  
277  280  
277  281  
277  282  
277  283  
278  284  
278  285  
278  286  
278  287  
278  288  
339  260  
339  261  
339  262  
339  263  
340  264  
340  265  
340  266  
341  267  
341  268  
341  269  
341  270  
341  271  
341  272  
342  273  
342  274  
342  275  
342  276  
342  277  
342  278  
343  279  
343  280  
343  281  
343  282  
343  283  
343  284  
249  261  
249  262  
249  263  
249  264  
249  265  
249  266  
249  267  
249  268  
249  269  
249  270  
249  271  
249  272  
249  273  
249  274  
250  275  
250  276  
250  277  
250  278  
250  279  
250  280  
250  281  
316  265  
316  266  
316  267  
316  268  
316  269  
316  270  
316  271  
317  272  
317  273  
317  274  
317  275  
317  276  
317  277  
317  278  
317  279  
317  280  
317  281  
317  282  
318  283  
318  284  
318  285  
318  286  
318  287  
318  288  
318  289  
318  290  
318  291  
319  292  
319  293  
319  294  
319  295  
319  296  
319  297  
319  298  
319  299  
320  300  
320  301  
320  302  
320  303  
320  304  
320  305  
320  306  
320  307  
320  308  
321  309  
321  310  
321  311  
321  312  
321  313  
321  314  
321  315  
321  316  
322  317  
322  318  
322  319  
322  320  
322  321  
322  322  
322  323  
322  324  
323  325  
323  326  
323  327  
323  328  
323  329  
323  330  
323  331  
323  332  
323  333  
324  334  
324  335  
324  336  
324  337  
324  338  
324  339  
109  273  
110  273  
111  273  
112  273  
113  273  
114  273  
115  273  
116  273  
117  273  
118  273  
119  273  
120  273  
121  273  
122  273  
123  273  
124  273  
125  273  
126  273  
127  273  
128  273  
129  273  
130  273  
131  273  
132  273  
133  273  
134  273  
135  273  
136  273  
137  273  
138  273  
158  274  
159  274  
160  274  
161  274  
162  274  
163  274  
164  274  
165  274  
166  274  
167  274  
168  274  
169  274  
170  274  
171  274  
172  274  
173  274  
174  274  
175  274  
176  274  
177  274  
178  274  
179  274  
116  278  
117  278  
118  278  
119  278  
120  278  
121  278  
122  278  
123  278  
124  278  
125  278  
126  278  
127  278  
128  278  
129  278  
130  278  
131  278  
132  278  
133  278  
134  278  
135  278  
136  278  
137  278  
138  278  
139  279  
96  280  
96  281  
96  282  
96  283  
96  284  
96  285  
96  286  
96  287  
96  288  
96  289  
96  290  
96  291  
96  292  
96  293  
96  294  
96  295  
96  296  
96  297  
96  298  
96  299  
96  300  
96  301  
96  302  
95  303  
95  304  
95  305  
95  306  
95  307  
95  308  
95  309  
95  310  
95  311  
95  312  
95  313  
95  314  
95  315  
95  316  
95  317  
95  318  
95  319  
95  320  
95  321  
95  322  
95  323  
95  324  
95  325  
95  326  
95  327  
95  328  
95  329  
95  330  
95  331  
95  332  
95  333  
95  334  
95  335  
95  336  
95  337  
95  338  
95  339  
95  340  
95  341  
95  342  
95  343  
95  344  
95  345  
95  346  
95  347  
95  348  
95  349  
95  350  
95  351  
95  352  
95  353  
95  354  
95  355  
95  356  
95  357  
95  358  
95  359  
102  280  
102  281  
102  282  
102  283  
102  284  
102  285  
102  286  
102  287  
102  288  
102  289  
102  290  
102  291  
102  292  
102  293  
102  294  
102  295  
102  296  
102  297  
102  298  
102  299  
102  300  
102  301  
102  302  
102  303  
102  304  
102  305  
102  306  
102  307  
102  308  
102  309  
102  310  
102  311  
102  312  
102  313  
102  314  
102  315  
102  316  
102  317  
102  318  
102  319  
102  320  
102  321  
102  322  
102  323  
102  324  
102  325  
102  326  
102  327  
102  328  
102  329  
102  330  
102  331  
102  332  
102  333  
102  334  
102  335  
102  336  
102  337  
102  338  
102  339  
102  340  
102  341  
102  342  
102  343  
102  344  
102  345  
102  346  
102  347  
102  348  
102  349  
102  350  
102  351  
102  352  
102  353  
102  354  
101  355  
101  356  
101  357  
101  358  
101  359  
101  360  
101  361  
101  362  
101  363  
101  364  
101  365  
101  366  
101  367  
101  368  
101  369  
101  370  
101  371  
101  372  
101  373  
101  374  
101  375  
101  376  
101  377  
101  378  
101  379  
152  280  
152  281  
152  282  
152  283  
152  284  
152  285  
152  286  
152  287  
152  288  
152  289  
152  290  
152  291  
152  292  
152  293  
152  294  
152  295  
152  296  
152  297  
152  298  
152  299  
152  300  
152  301  
152  302  
152  303  
152  304  
152  305  
152  306  
152  307  
153  308  
153  309  
153  310  
153  311  
153  312  
153  313  
153  314  
153  315  
153  316  
153  317  
153  318  
153  319  
153  320  
153  321  
153  322  
153  323  
153  324  
153  325  
153  326  
153  327  
153  328  
153  329  
153  330  
153  331  
153  332  
153  333  
153  334  
153  335  
153  336  
153  337  
153  338  
153  339  
153  340  
153  341  
153  342  
153  343  
153  344  
153  345  
153  346  
153  347  
153  348  
153  349  
153  350  
153  351  
153  352  
153  353  
153  354  
153  355  
153  356  
153  357  
153  358  
153  359  
153  360  
153  361  
153  362  
153  363  
153  364  
153  365  
154  366  
154  367  
154  368  
154  369  
154  370  
154  371  
154  372  
154  373  
154  374  
154  375  
154  376  
154  377  
154  378  
154  379  
154  380  
154  381  
154  382  
154  383  
154  384  
154  385  
154  386  
154  387  
154  388  
154  389  
154  390  
154  391  
154  392  
154  393  
154  394  
154  395  
154  396  
154  397  
154  398  
154  399  
154  400  
154  401  
154  402  
154  403  
154  404  
154  405  
154  406  
154  407  
154  408  
154  409  
154  410  
154  411  
154  412  
154  413  
154  414  
154  415  
154  416  
154  417  
154  418  
154  419  
155  420  
155  421  
155  422  
155  423  
155  424  
155  425  
155  426  
155  427  
155  428  
155  429  
155  430  
155  431  
155  432  
155  433  
155  434  
155  435  
155  436  
155  437  
155  438  
155  439  
155  440  
155  441  
155  442  
155  443  
155  444  
155  445  
155  446  
155  447  
155  448  
155  449  
155  450  
155  451  
200  281  
200  282  
200  283  
201  284  
201  285  
201  286  
201  287  
201  288  
201  289  
201  290  
201  291  
201  292  
201  293  
201  294  
201  295  
201  296  
201  297  
201  298  
201  299  
201  300  
201  301  
201  302  
202  303  
202  304  
202  305  
202  306  
202  307  
202  308  
202  309  
202  310  
202  311  
194  282  
194  283  
194  284  
194  285  
194  286  
194  287  
194  288  
194  289  
194  290  
194  291  
194  292  
195  293  
195  294  
194  295  
194  296  
194  297  
194  298  
195  299  
195  300  
195  301  
195  302  
195  303  
195  304  
195  305  
195  306  
195  307  
195  308  
195  309  
195  310  
195  311  
195  312  
195  313  
195  314  
195  315  
195  316  
145  286  
145  287  
145  288  
145  289  
145  290  
145  291  
145  292  
145  293  
145  294  
145  295  
145  296  
145  297  
145  298  
146  299  
145  300  
145  301  
145  302  
145  303  
145  304  
146  305  
358  286  
358  287  
358  288  
358  289  
358  290  
358  291  
358  292  
358  293  
358  294  
358  295  
358  296  
358  297  
358  298  
358  299  
358  300  
358  301  
358  302  
358  303  
358  304  
358  305  
358  306  
358  307  
358  308  
358  309  
358  310  
116  295  
117  295  
118  295  
119  295  
120  295  
121  295  
122  295  
123  295  
124  295  
125  295  
126  295  
127  295  
128  295  
129  295  
130  295  
131  295  
132  295  
133  296  
134  296  
135  296  
136  296  
137  296  
138  296  
139  296  
140  296  
141  296  
142  297  
143  297  
244  315  
245  315  
246  315  
247  315  
239  316  
240  316  
241  316  
242  316  
243  316  
233  317  
234  317  
235  317  
236  317  
237  317  
238  317  
227  318  
228  318  
229  318  
230  318  
231  318  
232  318  
220  319  
221  319  
222  319  
223  319  
224  319  
225  319  
226  319  
189  334  
189  335  
189  336  
189  337  
189  338  
189  339  
189  340  
189  341  
189  342  
189  343  
189  344  
189  345  
189  346  
189  347  
189  348  
189  349  
189  350  
189  351  
189  352  
189  353  
189  354  
189  355  
189  356  
189  357  
189  358  
189  359  
189  360  
268  346  
268  347  
268  348  
268  349  
268  350  
268  351  
268  352  
268  353  
268  354  
268  355  
268  356  
269  357  
269  358  
269  359  
269  360  
269  361  
269  362  
269  363  
269  364  
269  365  
269  366  
269  367  
269  368  
269  369  
270  370  
270  371  
270  372  
270  373  
270  374  
270  375  
270  376  
270  377  
270  378  
270  379  
270  380  
271  381  
271  382  
271  383  
271  384  
271  385  
271  386  
271  387  
271  388  
271  389  
271  390  
271  391  
271  392  
272  393  
272  394  
272  395  
272  396  
272  397  
272  398  
272  399  
272  400  
272  401  
272  402  
272  403  
273  404  
273  405  
273  406  
273  407  
273  408  
273  409  
273  410  
273  411  
273  412  
273  413  
273  414  
332  346  
333  346  
334  346  
335  346  
336  346  
337  346  
338  346  
339  346  
340  346  
341  346  
342  346  
343  346  
344  346  
345  346  
346  346  
347  346  
348  346  
349  346  
350  346  
351  346  
352  346  
353  346  
354  346  
355  346  
356  346  
357  346  
358  346  
359  346  
360  346  
361  346  
362  346  
363  346  
364  346  
365  346  
366  346  
367  346  
368  346  
369  346  
370  346  
371  346  
372  346  
373  346  
374  346  
375  346  
376  346  
377  346  
378  346  
379  346  
380  346  
381  346  
382  346  
383  346  
384  346  
385  346  
386  346  
387  346  
388  346  
389  346  
390  346  
391  346  
392  346  
393  346  
394  346  
395  346  
396  346  
397  346  
398  346  
399  346  
400  346  
401  346  
402  346  
403  346  
404  346  
405  346  
406  346  
407  346  
408  346  
409  346  
410  346  
411  346  
412  346  
413  346  
414  346  
415  346  
416  346  
417  346  
418  346  
419  346  
420  346  
421  346  
422  346  
423  346  
424  346  
425  346  
426  346  
427  346  
428  346  
429  346  
430  346  
431  346  
432  346  
433  346  
434  346  
435  346  
436  346  
437  346  
438  346  
439  346  
440  346  
75  369  
75  370  
75  371  
75  372  
75  373  
75  374  
75  375  
75  376  
75  377  
75  378  
75  379  
75  380  
75  381  
75  382  
75  383  
75  384  
75  385  
75  386  
75  387  
75  388  
75  389  
75  390  
75  391  
75  392  
75  393  
75  394  
75  395  
75  396  
75  397  
75  398  
75  399  
75  400  
75  401  
75  402  
75  403  
90  369  
90  370  
90  371  
90  372  
90  373  
90  374  
90  375  
90  376  
90  377  
90  378  
90  379  
90  380  
90  381  
90  382  
90  383  
90  384  
90  385  
90  386  
90  387  
90  388  
90  389  
90  390  
90  391  
90  392  
90  393  
90  394  
90  395  
90  396  
90  397  
90  398  
90  399  
90  400  
90  401  
90  402  
90  403  
90  404  
90  405  
90  406  
90  407  
90  408  
89  409  
89  410  
240  369  
241  369  
242  369  
243  369  
244  369  
245  369  
246  369  
247  369  
248  369  
249  369  
250  369  
251  369  
252  369  
253  369  
254  369  
219  370  
220  370  
221  370  
222  370  
223  370  
224  370  
225  370  
226  370  
227  370  
228  370  
229  370  
230  370  
231  370  
232  370  
233  370  
234  370  
235  370  
236  370  
237  370  
238  370  
239  370  
255  370  
95  370  
95  371  
95  372  
95  373  
95  374  
94  375  
94  376  
94  377  
94  378  
94  379  
94  380  
94  381  
94  382  
94  383  
94  384  
94  385  
94  386  
94  387  
94  388  
94  389  
94  390  
94  391  
94  392  
94  393  
94  394  
94  395  
94  396  
94  397  
94  398  
94  399  
94  400  
94  401  
94  402  
94  403  
94  404  
94  405  
94  406  
94  407  
94  408  
94  409  
94  410  
94  411  
94  412  
94  413  
94  414  
94  415  
94  416  
94  417  
94  418  
94  419  
94  420  
94  421  
94  422  
94  423  
94  424  
94  425  
94  426  
94  427  
94  428  
94  429  
94  430  
94  431  
94  432  
94  433  
93  434  
93  435  
93  436  
93  437  
93  438  
93  439  
93  440  
93  441  
93  442  
93  443  
93  444  
93  445  
93  446  
93  447  
93  448  
93  449  
93  450  
93  451  
93  452  
93  453  
259  373  
259  374  
259  375  
259  376  
259  377  
259  378  
259  379  
259  380  
259  381  
259  382  
259  383  
259  384  
260  385  
260  386  
260  387  
260  388  
260  389  
260  390  
260  391  
260  392  
205  377  
205  378  
205  379  
205  380  
205  381  
205  382  
206  383  
206  384  
206  385  
206  386  
206  387  
206  388  
206  389  
206  390  
206  391  
206  392  
206  393  
206  394  
206  395  
206  396  
206  397  
206  398  
206  399  
206  400  
206  401  
207  402  
207  403  
207  404  
207  405  
207  406  
207  407  
207  408  
207  409  
207  410  
207  411  
207  412  
207  413  
207  414  
207  415  
207  416  
207  417  
207  418  
207  419  
207  420  
207  421  
207  422  
208  423  
208  424  
208  425  
208  426  
208  427  
208  428  
208  429  
208  430  
208  431  
208  432  
208  433  
208  434  
208  435  
208  436  
208  437  
208  438  
208  439  
208  440  
208  441  
208  442  
209  443  
209  444  
209  445  
209  446  
209  447  
209  448  
209  449  
209  450  
209  451  
209  452  
209  453  
209  454  
209  455  
209  456  
209  457  
209  458  
209  459  
209  460  
209  461  
209  462  
210  463  
210  464  
210  465  
210  466  
210  467  
210  468  
210  469  
210  470  
210  471  
210  472  
210  473  
210  474  
210  475  
210  476  
210  477  
210  478  
210  479  
210  480  
210  481  
210  482  
210  483  
211  484  
211  485  
211  486  
211  487  
211  488  
211  489  
211  490  
211  491  
211  492  
211  493  
211  494  
211  495  
211  496  
211  497  
211  498  
211  499  
211  500  
211  501  
211  502  
211  503  
212  504  
212  505  
212  506  
212  507  
212  508  
212  509  
212  510  
212  511  
212  512  
212  513  
212  514  
212  515  
212  516  
212  517  
212  518  
212  519  
212  520  
212  521  
212  522  
212  523  
212  524  
213  525  
213  526  
213  527  
213  528  
222  384  
223  384  
224  384  
225  384  
226  384  
227  384  
228  384  
229  384  
230  384  
231  384  
232  384  
233  384  
234  384  
235  384  
236  384  
237  384  
238  384  
239  384  
240  384  
241  384  
242  384  
243  384  
448  384  
447  385  
446  386  
444  387  
445  387  
443  388  
442  389  
441  390  
440  391  
439  392  
438  393  
436  394  
437  394  
435  395  
434  396  
433  397  
432  398  
431  399  
430  400  
429  401  
427  402  
428  402  
426  403  
425  404  
424  405  
423  406  
422  407  
421  408  
420  409  
419  410  
417  411  
418  411  
416  412  
415  413  
414  414  
413  415  
108  386  
109  386  
110  386  
111  386  
112  386  
113  386  
114  386  
115  386  
116  386  
117  386  
118  386  
119  386  
120  386  
121  386  
122  386  
123  386  
124  386  
125  386  
126  386  
127  386  
128  386  
129  386  
130  386  
131  386  
132  386  
296  387  
295  388  
295  389  
294  390  
294  391  
293  392  
292  393  
292  394  
291  395  
290  396  
290  397  
289  398  
289  399  
288  400  
287  401  
287  402  
286  403  
286  404  
285  405  
284  406  
284  407  
283  408  
283  409  
282  410  
281  411  
281  412  
280  413  
279  414  
136  394  
137  394  
138  394  
139  394  
140  394  
141  394  
142  394  
108  395  
109  395  
110  395  
111  395  
112  395  
113  395  
114  395  
115  395  
116  395  
117  395  
118  395  
119  395  
120  395  
121  395  
122  395  
123  395  
124  395  
125  395  
126  395  
127  395  
128  395  
129  395  
130  395  
131  395  
132  395  
133  395  
134  395  
135  395  
209  394  
210  394  
211  394  
212  394  
213  394  
214  394  
215  394  
216  394  
217  394  
218  394  
219  394  
220  394  
221  394  
222  394  
223  394  
224  394  
225  394  
226  394  
227  394  
228  394  
229  394  
230  394  
231  394  
232  394  
233  394  
234  394  
235  394  
236  394  
237  394  
238  394  
239  394  
240  394  
241  394  
242  394  
243  394  
244  394  
245  394  
246  394  
101  402  
101  403  
101  404  
101  405  
101  406  
101  407  
101  408  
101  409  
101  410  
101  411  
101  412  
101  413  
101  414  
101  415  
101  416  
101  417  
101  418  
101  419  
101  420  
101  421  
101  422  
101  423  
101  424  
101  425  
101  426  
101  427  
101  428  
101  429  
101  430  
101  431  
101  432  
101  433  
101  434  
101  435  
101  436  
101  437  
101  438  
101  439  
101  440  
101  441  
101  442  
101  443  
101  444  
101  445  
101  446  
101  447  
101  448  
101  449  
101  450  
101  451  
101  452  
101  453  
100  454  
100  455  
100  456  
100  457  
100  458  
100  459  
100  460  
100  461  
100  462  
100  463  
100  464  
100  465  
100  466  
100  467  
100  468  
100  469  
100  470  
100  471  
100  472  
100  473  
100  474  
100  475  
100  476  
100  477  
100  478  
100  479  
100  480  
100  481  
100  482  
100  483  
100  484  
100  485  
100  486  
100  487  
100  488  
100  489  
100  490  
100  491  
100  492  
100  493  
100  494  
100  495  
100  496  
100  497  
100  498  
100  499  
100  500  
100  501  
100  502  
100  503  
100  504  
100  505  
100  506  
100  507  
100  508  
100  509  
100  510  
100  511  
100  512  
100  513  
100  514  
100  515  
100  516  
100  517  
100  518  
100  519  
100  520  
100  521  
100  522  
100  523  
100  524  
100  525  
100  526  
100  527  
100  528  
100  529  
100  530  
100  531  
100  532  
100  533  
239  417  
240  417  
241  417  
242  417  
243  417  
223  418  
224  418  
225  418  
226  418  
227  418  
228  418  
229  418  
230  418  
231  418  
232  418  
233  418  
234  418  
235  418  
236  418  
237  418  
238  418  
377  420  
378  420  
379  420  
380  420  
381  420  
382  420  
383  420  
384  420  
385  420  
386  420  
387  420  
388  420  
389  420  
390  420  
391  420  
392  420  
393  420  
394  420  
395  420  
396  420  
397  420  
398  420  
399  420  
400  420  
401  420  
402  420  
403  420  
338  421  
339  421  
340  421  
341  421  
342  421  
343  421  
344  421  
345  421  
346  421  
347  421  
348  421  
349  421  
350  421  
351  421  
352  421  
353  421  
354  421  
355  421  
356  421  
357  421  
358  421  
359  421  
360  421  
361  421  
362  421  
363  421  
364  421  
365  421  
366  421  
367  421  
332  428  
332  429  
332  430  
332  431  
333  432  
333  433  
333  434  
333  435  
333  436  
333  437  
333  438  
333  439  
334  440  
334  441  
334  442  
334  443  
334  444  
334  445  
334  446  
334  447  
334  448  
334  449  
335  450  
335  451  
335  452  
335  453  
335  454  
335  455  
335  456  
335  457  
336  458  
336  459  
336  460  
336  461  
336  462  
336  463  
336  464  
336  465  
337  466  
337  467  
337  468  
337  469  
337  470  
337  471  
337  472  
337  473  
338  474  
338  475  
338  476  
338  477  
338  478  
338  479  
338  480  
338  481  
338  482  
338  483  
339  484  
339  485  
339  486  
339  487  
339  488  
339  489  
340  490  
340  491  
340  492  
340  493  
340  494  
340  495  
340  496  
340  497  
340  498  
340  499  
340  500  
340  501  
341  502  
341  503  
341  504  
341  505  
341  506  
341  507  
341  508  
342  509  
342  510  
342  511  
342  512  
342  513  
342  514  
342  515  
342  516  
343  517  
343  518  
343  519  
343  520  
343  521  
343  522  
343  523  
343  524  
343  525  
344  526  
344  527  
344  528  
344  529  
344  530  
344  531  
344  532  
344  533  
344  534  
345  535  
345  536  
345  537  
345  538  
345  539  
345  540  
345  541  
345  542  
345  543  
346  544  
346  545  
346  546  
346  547  
346  548  
346  549  
346  550  
346  551  
347  552  
347  553  
347  554  
347  555  
347  556  
347  557  
347  558  
347  559  
348  560  
348  561  
348  562  
348  563  
348  564  
348  565  
348  566  
348  567  
349  568  
349  569  
349  570  
349  571  
349  572  
349  573  
349  574  
349  575  
349  576  
349  577  
350  578  
350  579  
350  580  
350  581  
350  582  
350  583  
350  584  
351  585  
351  586  
351  587  
351  588  
351  589  
351  590  
352  591  
352  592  
352  593  
352  594  
352  595  
352  596  
352  597  
352  598  
352  599  
352  600  
352  601  
353  602  
353  603  
353  604  
353  605  
353  606  
353  607  
353  608  
251  431  
251  432  
251  433  
251  434  
251  435  
252  436  
252  437  
252  438  
252  439  
252  440  
252  441  
252  442  
252  443  
252  444  
252  445  
252  446  
252  447  
253  448  
253  449  
253  450  
253  451  
253  452  
253  453  
253  454  
253  455  
162  458  
163  458  
164  458  
165  458  
166  458  
167  458  
168  458  
169  458  
170  458  
171  458  
172  458  
173  458  
174  458  
175  458  
176  458  
177  458  
178  458  
179  458  
180  458  
181  458  
73  460  
74  460  
75  460  
76  460  
77  460  
78  460  
79  460  
80  460  
81  460  
82  460  
83  460  
84  460  
85  460  
86  460  
51  461  
52  461  
53  461  
54  461  
55  461  
56  461  
57  461  
58  461  
59  461  
60  461  
61  461  
62  461  
63  461  
64  461  
65  461  
66  461  
67  461  
68  461  
69  461  
70  461  
71  461  
72  461  
50  462  
238  462  
239  462  
240  462  
241  462  
242  462  
243  462  
244  462  
245  462  
246  462  
225  463  
226  463  
227  463  
228  463  
229  463  
230  463  
231  463  
232  463  
233  463  
234  463  
235  463  
236  463  
237  463  
186  466  
187  466  
188  466  
189  466  
190  466  
191  466  
192  466  
193  466  
194  466  
195  466  
163  467  
164  467  
165  467  
166  467  
167  467  
168  467  
169  467  
170  467  
171  467  
172  467  
173  467  
174  467  
175  467  
176  467  
177  467  
178  467  
179  467  
180  467  
181  467  
182  467  
183  467  
184  467  
185  467  
49  469  
50  470  
51  470  
54  470  
55  470  
56  470  
57  470  
58  470  
59  470  
60  470  
61  470  
62  470  
63  470  
64  470  
65  470  
66  470  
67  470  
68  470  
69  470  
70  470  
71  470  
72  470  
73  470  
74  470  
75  470  
76  470  
77  470  
78  470  
79  470  
80  470  
81  470  
82  470  
83  470  
84  470  
85  470  
86  470  
87  470  
52  471  
53  471  
156  475  
156  476  
156  477  
156  478  
156  479  
156  480  
156  481  
156  482  
156  483  
156  484  
156  485  
156  486  
156  487  
156  488  
156  489  
156  490  
156  491  
156  492  
156  493  
156  494  
156  495  
156  496  
156  497  
156  498  
156  499  
156  500  
156  501  
156  502  
156  503  
156  504  
156  505  
156  506  
156  507  
156  508  
156  509  
156  510  
156  511  
156  512  
156  513  
156  514  
156  515  
156  516  
156  517  
156  518  
156  519  
156  520  
157  521  
157  522  
157  523  
157  524  
157  525  
157  526  
157  527  
157  528  
157  529  
157  530  
157  531  
157  532  
157  533  
157  534  
157  535  
157  536  
157  537  
157  538  
157  539  
157  540  
157  541  
157  542  
157  543  
157  544  
157  545  
157  546  
157  547  
157  548  
157  549  
157  550  
157  551  
157  552  
157  553  
157  554  
157  555  
157  556  
157  557  
157  558  
157  559  
157  560  
157  561  
157  562  
157  563  
157  564  
157  565  
157  566  
157  567  
158  568  
158  569  
158  570  
158  571  
158  572  
158  573  
158  574  
158  575  
158  576  
158  577  
158  578  
158  579  
158  580  
158  581  
158  582  
158  583  
158  584  
158  585  
158  586  
158  587  
158  588  
158  589  
158  590  
158  591  
158  592  
158  593  
158  594  
158  595  
158  596  
158  597  
158  598  
158  599  
158  600  
158  601  
158  602  
158  603  
158  604  
158  605  
158  606  
158  607  
158  608  
93  477  
93  478  
93  479  
93  480  
93  481  
93  482  
93  483  
93  484  
93  485  
93  486  
93  487  
93  488  
93  489  
93  490  
93  491  
93  492  
93  493  
93  494  
93  495  
93  496  
93  497  
93  498  
93  499  
93  500  
93  501  
93  502  
93  503  
93  504  
93  505  
93  506  
93  507  
93  508  
93  509  
93  510  
92  511  
92  512  
92  513  
92  514  
92  515  
92  516  
92  517  
92  518  
92  519  
92  520  
92  521  
92  522  
92  523  
92  524  
92  525  
92  526  
92  527  
92  528  
92  529  
92  530  
92  531  
92  532  
92  533  
92  534  
92  535  
92  536  
92  537  
92  538  
92  539  
92  540  
92  541  
92  542  
92  543  
92  544  
92  545  
255  481  
255  482  
255  483  
255  484  
255  485  
255  486  
255  487  
255  488  
256  489  
256  490  
256  491  
256  492  
256  493  
256  494  
256  495  
256  496  
256  497  
256  498  
256  499  
256  500  
257  501  
257  502  
257  503  
257  504  
257  505  
257  506  
257  507  
241  514  
242  514  
243  514  
244  514  
245  514  
246  514  
247  514  
248  514  
249  514  
250  514  
227  515  
228  515  
229  515  
230  515  
231  515  
232  515  
233  515  
234  515  
235  515  
236  515  
237  515  
238  515  
239  515  
240  515  
248  520  
249  520  
250  520  
251  520  
227  521  
228  521  
229  521  
230  521  
231  521  
232  521  
233  521  
234  521  
235  521  
236  521  
237  521  
238  521  
239  521  
240  521  
241  521  
242  521  
243  521  
244  521  
245  521  
246  521  
247  521  
45  533  
45  534  
45  535  
45  536  
45  537  
45  538  
45  539  
45  540  
45  541  
45  542  
45  543  
45  544  
45  545  
45  546  
45  547  
44  548  
44  549  
44  550  
44  551  
44  552  
44  553  
44  554  
44  555  
44  556  
44  557  
44  558  
44  559  
44  560  
44  561  
44  562  
44  563  
44  564  
44  565  
44  566  
44  567  
44  568  
44  569  
44  570  
44  571  
44  572  
44  573  
44  574  
44  575  
44  576  
43  577  
43  578  
43  579  
43  580  
43  581  
43  582  
43  583  
43  584  
43  585  
43  586  
43  587  
43  588  
43  589  
43  590  
43  591  
43  592  
43  593  
43  594  
43  595  
43  596  
43  597  
43  598  
43  599  
43  600  
43  601  
43  602  
42  603  
42  604  
42  605  
42  606  
42  607  
42  608  
233  533  
234  533  
235  533  
236  533  
237  533  
238  533  
239  533  
240  533  
241  533  
242  533  
243  533  
244  533  
245  533  
246  533  
247  533  
248  533  
249  533  
250  533  
251  533  
220  534  
221  534  
222  534  
223  534  
224  534  
225  534  
226  534  
227  534  
228  534  
229  534  
230  534  
231  534  
232  534  
205  534  
205  535  
205  536  
205  537  
205  538  
205  539  
205  540  
205  541  
205  542  
205  543  
205  544  
205  545  
205  546  
205  547  
205  548  
205  549  
206  550  
206  551  
206  552  
206  553  
206  554  
206  555  
206  556  
206  557  
206  558  
206  559  
206  560  
206  561  
206  562  
206  563  
206  564  
206  565  
206  566  
206  567  
206  568  
206  569  
206  570  
207  571  
207  572  
207  573  
207  574  
207  575  
207  576  
207  577  
207  578  
207  579  
207  580  
207  581  
207  582  
207  583  
207  584  
207  585  
207  586  
235  543  
236  543  
237  543  
238  543  
239  543  
240  543  
241  543  
242  543  
243  543  
244  543  
245  543  
246  543  
247  543  
248  543  
249  543  
250  543  
251  543  
252  543  
253  543  
254  543  
255  543  
256  543  
257  543  
258  543  
221  544  
222  544  
223  544  
224  544  
225  544  
226  544  
227  544  
228  544  
229  544  
230  544  
231  544  
232  544  
233  544  
234  544  
125  548  
126  548  
127  548  
128  548  
129  548  
130  548  
131  548  
132  548  
133  548  
134  548  
135  548  
136  548  
137  548  
138  548  
139  548  
140  548  
141  548  
142  548  
143  548  
107  549  
108  549  
109  549  
110  549  
111  549  
112  549  
113  549  
114  549  
115  549  
116  549  
117  549  
118  549  
119  549  
120  549  
121  549  
122  549  
123  549  
124  549  
106  550  
88  549  
87  550  
87  551  
87  552  
87  553  
87  554  
87  555  
87  556  
87  557  
87  558  
87  559  
87  560  
87  561  
87  562  
87  563  
87  564  
87  565  
87  566  
87  567  
87  568  
87  569  
87  570  
87  571  
87  572  
87  573  
87  574  
87  575  
87  576  
87  577  
87  578  
87  579  
87  580  
87  581  
87  582  
87  583  
87  584  
87  585  
87  586  
87  587  
86  588  
86  589  
86  590  
86  591  
86  592  
86  593  
86  594  
86  595  
86  596  
86  597  
86  598  
86  599  
86  600  
86  601  
86  602  
86  603  
86  604  
86  605  
86  606  
86  607  
86  608  
92  549  
92  550  
92  551  
92  552  
92  553  
92  554  
92  555  
92  556  
92  557  
92  558  
92  559  
92  560  
92  561  
92  562  
92  563  
92  564  
92  565  
92  566  
92  567  
92  568  
92  569  
92  570  
92  571  
92  572  
91  573  
91  574  
91  575  
91  576  
91  577  
91  578  
91  579  
91  580  
91  581  
91  582  
91  583  
91  584  
91  585  
91  586  
91  587  
91  588  
91  589  
91  590  
91  591  
91  592  
91  593  
91  594  
91  595  
91  596  
91  597  
91  598  
91  599  
91  600  
91  601  
91  602  
91  603  
91  604  
91  605  
91  606  
91  607  
91  608  
214  551  
214  552  
214  553  
214  554  
214  555  
214  556  
214  557  
214  558  
214  559  
214  560  
214  561  
214  562  
214  563  
214  564  
214  565  
214  566  
214  567  
214  568  
214  569  
214  570  
215  571  
215  572  
215  573  
215  574  
215  575  
215  576  
215  577  
215  578  
215  579  
215  580  
215  581  
215  582  
215  583  
215  584  
215  585  
215  586  
215  587  
215  588  
215  589  
215  590  
216  591  
216  592  
216  593  
216  594  
216  595  
216  596  
216  597  
216  598  
216  599  
216  600  
216  601  
216  602  
216  603  
216  604  
216  605  
216  606  
216  607  
216  608  
100  557  
99  558  
99  559  
99  560  
99  561  
99  562  
99  563  
99  564  
99  565  
99  566  
99  567  
99  568  
99  569  
99  570  
99  571  
99  572  
99  573  
99  574  
99  575  
99  576  
99  577  
99  578  
99  579  
99  580  
99  581  
99  582  
99  583  
99  584  
99  585  
99  586  
99  587  
99  588  
99  589  
99  590  
99  591  
99  592  
99  593  
99  594  
99  595  
99  596  
99  597  
99  598  
99  599  
99  600  
99  601  
99  602  
99  603  
99  604  
99  605  
99  606  
99  607  
99  608  
