353  35  
358  35  
359  35  
362  35  
363  35  
364  35  
365  35  
366  35  
367  35  
368  35  
369  35  
370  35  
371  35  
350  36  
351  36  
352  36  
354  36  
355  36  
356  36  
357  36  
360  36  
361  36  
349  37  
115  43  
116  43  
117  43  
118  43  
119  43  
120  43  
121  43  
122  43  
123  43  
124  43  
125  43  
126  43  
127  43  
128  43  
129  43  
130  43  
131  43  
132  43  
133  43  
134  43  
135  43  
136  43  
137  43  
138  43  
139  43  
140  43  
141  43  
142  43  
143  43  
144  43  
145  43  
146  43  
147  43  
148  43  
149  43  
150  43  
151  43  
152  43  
153  43  
154  43  
155  43  
156  44  
157  44  
158  44  
159  44  
160  44  
161  44  
162  44  
163  44  
164  44  
165  44  
166  44  
167  44  
168  44  
169  44  
170  44  
171  44  
172  44  
173  44  
174  44  
175  45  
189  44  
190  44  
191  44  
192  44  
193  44  
194  44  
195  44  
196  44  
197  44  
198  44  
199  44  
200  44  
201  44  
202  44  
203  45  
204  45  
205  45  
206  45  
207  45  
208  45  
209  45  
210  45  
211  45  
212  45  
213  45  
214  45  
215  45  
216  45  
217  45  
218  45  
219  45  
220  45  
221  45  
222  45  
223  45  
224  45  
225  45  
226  45  
227  45  
228  45  
229  45  
230  45  
231  45  
232  45  
233  45  
234  45  
235  45  
236  45  
237  45  
238  45  
239  45  
240  45  
241  45  
242  45  
243  45  
244  45  
245  45  
246  45  
247  45  
248  45  
249  45  
250  45  
251  45  
252  45  
253  45  
254  45  
255  45  
256  45  
257  45  
258  45  
259  45  
260  45  
261  45  
262  45  
263  45  
264  45  
265  45  
266  45  
267  45  
268  45  
269  45  
270  45  
271  45  
272  45  
273  45  
274  45  
275  45  
276  45  
277  45  
278  45  
279  45  
119  47  
120  47  
121  47  
122  47  
123  47  
124  47  
125  47  
126  47  
127  47  
128  47  
129  47  
130  47  
131  47  
132  47  
133  47  
134  47  
135  47  
136  47  
137  47  
138  47  
139  47  
140  47  
141  47  
142  47  
143  47  
144  47  
145  47  
146  47  
147  47  
148  47  
149  47  
150  47  
151  47  
152  47  
153  47  
154  47  
155  47  
156  47  
157  47  
158  47  
159  47  
115  48  
116  48  
117  48  
118  48  
160  48  
161  48  
162  48  
163  48  
164  48  
165  48  
166  48  
167  48  
168  48  
169  48  
170  48  
171  48  
172  48  
173  48  
174  48  
175  48  
190  49  
191  49  
192  49  
193  49  
194  49  
195  49  
196  49  
197  49  
198  49  
199  49  
200  49  
201  49  
202  49  
203  49  
204  49  
205  49  
206  49  
207  49  
208  49  
209  49  
210  49  
211  49  
212  49  
213  49  
214  49  
215  49  
216  49  
217  49  
218  49  
219  49  
220  49  
221  49  
222  49  
223  49  
224  49  
225  49  
226  49  
227  49  
228  49  
229  49  
230  49  
231  49  
232  49  
233  49  
234  49  
235  49  
236  49  
237  49  
238  49  
239  49  
240  49  
241  49  
242  49  
243  49  
244  49  
245  49  
246  49  
247  49  
248  49  
249  49  
250  49  
251  49  
252  49  
253  49  
254  49  
255  49  
256  49  
257  49  
258  49  
259  49  
260  50  
261  50  
262  50  
263  50  
264  50  
265  50  
266  50  
267  50  
268  50  
269  50  
270  50  
271  50  
272  50  
273  50  
274  50  
275  50  
276  50  
277  50  
278  50  
279  50  
280  50  
281  50  
282  50  
283  50  
284  50  
285  50  
286  50  
287  50  
288  50  
116  56  
117  56  
118  56  
119  56  
120  56  
121  56  
122  56  
123  56  
124  56  
125  56  
126  56  
127  56  
128  56  
129  56  
130  56  
131  56  
132  56  
133  56  
134  56  
135  57  
136  57  
137  57  
138  57  
139  57  
140  57  
141  57  
142  57  
143  57  
144  57  
145  57  
146  57  
147  57  
148  57  
149  57  
150  57  
151  57  
152  57  
153  57  
154  57  
155  57  
156  57  
157  57  
158  57  
159  57  
160  57  
161  57  
162  57  
163  57  
164  57  
165  57  
166  57  
167  57  
168  58  
169  58  
188  58  
189  58  
190  58  
191  58  
192  58  
193  58  
194  58  
195  58  
196  58  
197  58  
198  58  
199  58  
200  58  
201  58  
202  58  
203  58  
204  58  
205  58  
206  58  
207  58  
208  58  
209  58  
210  58  
211  58  
212  58  
213  58  
214  58  
215  58  
216  58  
217  58  
218  58  
219  58  
220  58  
221  58  
222  58  
223  58  
224  58  
225  58  
226  58  
227  58  
228  58  
229  58  
230  58  
231  58  
232  58  
233  58  
234  58  
235  58  
236  58  
237  58  
238  58  
239  58  
240  58  
241  58  
242  58  
243  58  
248  58  
244  59  
245  59  
246  59  
247  59  
249  59  
250  59  
251  59  
252  59  
253  59  
254  59  
255  59  
256  59  
257  59  
258  59  
259  59  
260  59  
261  59  
262  59  
263  59  
264  59  
265  59  
266  59  
267  59  
268  59  
269  59  
270  59  
271  59  
272  59  
273  59  
274  59  
275  59  
276  59  
277  59  
278  59  
279  59  
280  60  
281  60  
282  60  
283  60  
284  60  
285  60  
286  60  
287  60  
183  74  
183  75  
183  76  
183  77  
183  78  
183  79  
183  80  
183  81  
183  82  
184  83  
184  84  
184  85  
184  86  
184  87  
184  88  
184  89  
184  90  
184  91  
184  92  
184  93  
184  94  
187  74  
187  75  
187  76  
187  77  
187  78  
187  79  
187  80  
187  81  
188  82  
188  83  
188  84  
188  85  
188  86  
188  87  
188  88  
188  89  
188  90  
188  91  
188  92  
188  93  
188  94  
305  76  
305  77  
305  78  
305  79  
305  80  
305  81  
305  82  
305  83  
305  84  
305  85  
306  86  
306  87  
306  88  
306  89  
306  90  
306  91  
306  92  
306  93  
306  94  
306  95  
306  96  
306  97  
306  98  
306  99  
306  100  
306  101  
306  102  
306  103  
306  104  
306  105  
306  106  
306  107  
306  108  
306  109  
306  110  
307  111  
307  112  
307  113  
307  114  
307  115  
307  116  
307  117  
307  118  
307  119  
307  120  
307  121  
307  122  
307  123  
307  124  
307  125  
307  126  
307  127  
307  128  
307  129  
307  130  
307  131  
307  132  
307  133  
307  134  
307  135  
307  136  
307  137  
307  138  
307  139  
307  140  
307  141  
308  142  
308  143  
308  144  
308  145  
308  146  
308  147  
308  148  
308  149  
308  150  
308  151  
308  152  
308  153  
308  154  
308  155  
308  156  
308  157  
308  158  
308  159  
308  160  
308  161  
309  162  
309  163  
309  164  
309  165  
309  166  
309  167  
309  168  
309  169  
309  170  
309  171  
309  172  
309  173  
309  174  
309  175  
309  176  
309  177  
309  178  
309  179  
309  180  
309  181  
309  182  
309  183  
309  184  
309  185  
309  186  
309  187  
309  188  
309  189  
309  190  
309  191  
309  192  
309  193  
310  194  
310  195  
310  196  
310  197  
310  198  
310  199  
310  200  
310  201  
310  202  
310  203  
310  204  
310  205  
310  206  
310  207  
311  208  
311  209  
311  210  
311  211  
311  212  
311  213  
311  214  
311  215  
311  216  
311  217  
311  218  
311  219  
311  220  
311  221  
311  222  
311  223  
311  224  
311  225  
311  226  
311  227  
311  228  
311  229  
311  230  
311  231  
311  232  
311  233  
311  234  
311  235  
311  236  
311  237  
312  238  
312  239  
312  240  
302  77  
302  78  
302  79  
302  80  
302  81  
302  82  
302  83  
302  84  
302  85  
302  86  
302  87  
302  88  
302  89  
302  90  
302  91  
302  92  
302  93  
302  94  
302  95  
302  96  
302  97  
302  98  
302  99  
302  100  
302  101  
302  102  
302  103  
302  104  
302  105  
303  106  
303  107  
303  108  
303  109  
303  110  
303  111  
303  112  
303  113  
303  114  
303  115  
303  116  
303  117  
303  118  
303  119  
303  120  
303  121  
303  122  
303  123  
303  124  
303  125  
303  126  
303  127  
303  128  
303  129  
303  130  
303  131  
303  132  
303  133  
303  134  
303  135  
303  136  
304  137  
304  138  
304  139  
304  140  
304  141  
304  142  
304  143  
304  144  
304  145  
304  146  
304  147  
304  148  
304  149  
304  150  
304  151  
304  152  
304  153  
304  154  
304  155  
304  156  
304  157  
304  158  
305  159  
305  160  
305  161  
305  162  
305  163  
305  164  
305  165  
305  166  
305  167  
305  168  
305  169  
305  170  
305  171  
305  172  
305  173  
305  174  
305  175  
305  176  
305  177  
305  178  
305  179  
305  180  
305  181  
305  182  
305  183  
305  184  
305  185  
305  186  
305  187  
305  188  
305  189  
305  190  
305  191  
305  192  
305  193  
305  194  
305  195  
306  196  
306  197  
306  198  
306  199  
306  200  
306  201  
306  202  
306  203  
306  204  
306  205  
307  206  
307  207  
307  208  
307  209  
307  210  
307  211  
307  212  
307  213  
307  214  
307  215  
307  216  
307  217  
307  218  
307  219  
307  220  
307  221  
307  222  
307  223  
307  224  
307  225  
307  226  
307  227  
307  228  
307  229  
307  230  
307  231  
307  232  
307  233  
307  234  
308  235  
308  236  
308  237  
308  238  
308  239  
308  240  
377  81  
378  81  
379  81  
380  81  
381  81  
382  81  
383  81  
354  82  
355  82  
356  82  
357  82  
358  82  
359  82  
360  82  
361  82  
362  82  
363  82  
364  82  
365  82  
366  82  
367  82  
368  82  
369  82  
370  82  
371  82  
372  82  
373  82  
374  82  
375  82  
376  82  
347  83  
348  83  
349  83  
350  83  
351  83  
352  83  
353  83  
255  94  
255  95  
256  96  
256  97  
256  98  
256  99  
256  100  
256  101  
256  102  
256  103  
256  104  
256  105  
256  106  
256  107  
256  108  
256  109  
256  110  
256  111  
256  112  
256  113  
256  114  
256  115  
256  116  
256  117  
256  118  
256  119  
256  120  
256  121  
256  122  
256  123  
256  124  
256  125  
256  126  
256  127  
256  128  
256  129  
256  130  
256  131  
256  132  
316  94  
316  95  
316  96  
315  97  
315  98  
315  99  
315  100  
315  101  
315  102  
315  103  
315  104  
315  105  
315  106  
315  107  
315  108  
315  109  
315  110  
315  111  
316  112  
316  113  
315  114  
315  115  
315  116  
316  117  
316  118  
316  119  
316  120  
316  121  
316  122  
316  123  
316  124  
316  125  
316  126  
316  127  
316  128  
316  129  
317  130  
317  131  
317  132  
317  133  
317  134  
317  135  
317  136  
317  137  
317  138  
317  139  
317  140  
317  141  
317  142  
317  143  
317  144  
317  145  
317  146  
317  147  
317  148  
317  149  
317  150  
317  151  
318  152  
318  153  
318  154  
318  155  
318  156  
318  157  
318  158  
318  159  
318  160  
318  161  
318  162  
318  163  
319  164  
319  165  
319  166  
319  167  
319  168  
319  169  
319  170  
319  171  
319  172  
319  173  
319  174  
319  175  
319  176  
214  100  
214  101  
214  102  
214  103  
214  104  
214  105  
214  106  
214  107  
214  108  
214  109  
214  110  
214  111  
214  112  
214  113  
214  114  
214  115  
214  116  
214  117  
214  118  
214  119  
214  120  
214  121  
214  122  
214  123  
214  124  
214  125  
214  126  
214  127  
214  128  
214  129  
214  130  
214  131  
214  132  
214  133  
214  134  
214  135  
214  136  
214  137  
218  102  
218  103  
218  104  
218  105  
218  106  
218  107  
218  108  
218  109  
218  110  
218  111  
218  112  
218  113  
218  114  
218  115  
218  116  
218  117  
218  118  
218  119  
218  120  
218  121  
218  122  
218  123  
218  124  
218  125  
218  126  
218  127  
218  128  
218  129  
218  130  
218  131  
218  132  
218  133  
218  134  
218  135  
218  136  
218  137  
285  103  
285  104  
285  105  
285  106  
285  107  
285  108  
285  109  
285  110  
285  111  
285  112  
285  113  
285  114  
286  115  
286  116  
286  117  
286  118  
286  119  
286  120  
286  121  
286  122  
286  123  
286  124  
286  125  
286  126  
286  127  
286  128  
286  129  
286  130  
286  131  
286  132  
286  133  
286  134  
286  135  
286  136  
286  137  
286  138  
286  139  
286  140  
286  141  
286  142  
286  143  
286  144  
286  145  
287  146  
287  147  
287  148  
287  149  
287  150  
287  151  
287  152  
287  153  
287  154  
287  155  
287  156  
287  157  
287  158  
287  159  
287  160  
287  161  
287  162  
287  163  
287  164  
287  165  
287  166  
287  167  
287  168  
287  169  
287  170  
287  171  
287  172  
287  173  
287  174  
287  175  
287  176  
260  104  
260  105  
260  106  
260  107  
260  108  
260  109  
260  110  
260  111  
260  112  
260  113  
260  114  
260  115  
260  116  
260  117  
260  118  
260  119  
260  120  
260  121  
261  122  
261  123  
261  124  
261  125  
261  126  
261  127  
261  128  
261  129  
261  130  
261  131  
261  132  
261  133  
261  134  
194  112  
194  113  
194  114  
194  115  
194  116  
194  117  
194  118  
194  119  
194  120  
194  121  
194  122  
195  123  
195  124  
195  125  
195  126  
195  127  
195  128  
195  129  
195  130  
195  131  
195  132  
195  133  
195  134  
195  135  
194  136  
419  145  
419  146  
419  147  
419  148  
419  149  
419  150  
419  151  
419  152  
419  153  
419  154  
419  155  
419  156  
419  157  
420  158  
420  159  
420  160  
420  161  
420  162  
420  163  
420  164  
420  165  
421  166  
421  167  
421  168  
421  169  
421  170  
421  171  
421  172  
235  149  
235  150  
235  151  
235  152  
235  153  
235  154  
235  155  
235  156  
235  157  
235  158  
235  159  
235  160  
236  161  
236  162  
236  163  
236  164  
236  165  
236  166  
236  167  
236  168  
236  169  
236  170  
236  171  
236  172  
236  173  
236  174  
236  175  
236  176  
236  177  
236  178  
236  179  
236  180  
236  181  
236  182  
236  183  
237  184  
237  185  
237  186  
237  187  
237  188  
240  149  
240  150  
240  151  
240  152  
240  153  
240  154  
240  155  
240  156  
240  157  
240  158  
240  159  
240  160  
240  161  
240  162  
240  163  
240  164  
240  165  
240  166  
240  167  
240  168  
240  169  
240  170  
240  171  
240  172  
240  173  
240  174  
240  175  
240  176  
240  177  
240  178  
240  179  
240  180  
240  181  
240  182  
240  183  
240  184  
240  185  
240  186  
240  187  
240  188  
240  189  
240  190  
195  152  
195  153  
195  154  
195  155  
195  156  
195  157  
195  158  
195  159  
195  160  
195  161  
195  162  
195  163  
195  164  
195  165  
195  166  
195  167  
195  168  
195  169  
195  170  
195  171  
195  172  
195  173  
195  174  
195  175  
195  176  
195  177  
195  178  
195  179  
195  180  
195  181  
195  182  
195  183  
195  184  
195  185  
195  186  
195  187  
195  188  
195  189  
195  190  
195  191  
195  192  
195  193  
195  194  
195  195  
195  196  
195  197  
195  198  
195  199  
195  200  
195  201  
195  202  
195  203  
195  204  
195  205  
195  206  
195  207  
195  208  
195  209  
195  210  
195  211  
195  212  
195  213  
195  214  
195  215  
195  216  
195  217  
195  218  
195  219  
195  220  
195  221  
195  222  
195  223  
195  224  
195  225  
195  226  
195  227  
195  228  
196  229  
196  230  
196  231  
196  232  
196  233  
196  234  
196  235  
196  236  
196  237  
196  238  
196  239  
196  240  
196  241  
196  242  
196  243  
196  244  
196  245  
393  171  
393  172  
393  173  
393  174  
394  175  
394  176  
395  177  
395  178  
395  179  
395  180  
395  181  
396  182  
396  183  
396  184  
396  185  
396  186  
397  187  
397  188  
397  189  
397  190  
398  191  
398  192  
398  193  
398  194  
398  195  
398  196  
79  178  
78  179  
78  180  
78  181  
78  182  
78  183  
78  184  
78  185  
78  186  
77  187  
77  188  
77  189  
77  190  
77  191  
77  192  
77  193  
77  194  
77  195  
77  196  
77  197  
418  189  
418  190  
418  191  
418  192  
418  193  
418  194  
418  195  
418  196  
418  197  
418  198  
418  199  
418  200  
418  201  
418  202  
418  203  
418  204  
418  205  
418  206  
418  207  
418  208  
418  209  
418  210  
418  211  
418  212  
218  194  
218  195  
218  196  
218  197  
218  198  
218  199  
218  200  
218  201  
218  202  
218  203  
218  204  
218  205  
218  206  
218  207  
218  208  
218  209  
218  210  
218  211  
218  212  
218  213  
218  214  
218  215  
218  216  
263  194  
263  195  
263  196  
263  197  
263  198  
263  199  
263  200  
263  201  
263  202  
263  203  
263  204  
263  205  
263  206  
263  207  
263  208  
263  209  
263  210  
263  211  
263  212  
263  213  
263  214  
263  215  
263  216  
263  217  
263  218  
263  219  
263  220  
263  221  
263  222  
263  223  
263  224  
263  225  
263  226  
263  227  
263  228  
263  229  
263  230  
263  231  
263  232  
263  233  
264  234  
264  235  
264  236  
264  237  
264  238  
264  239  
264  240  
264  241  
264  242  
264  243  
264  244  
264  245  
264  246  
264  247  
259  209  
259  210  
259  211  
259  212  
259  213  
259  214  
259  215  
259  216  
259  217  
259  218  
259  219  
259  220  
259  221  
259  222  
259  223  
259  224  
259  225  
259  226  
259  227  
259  228  
259  229  
259  230  
259  231  
259  232  
259  233  
214  213  
214  214  
214  215  
214  216  
214  217  
214  218  
214  219  
214  220  
214  221  
214  222  
214  223  
214  224  
214  225  
214  226  
214  227  
214  228  
214  229  
214  230  
214  231  
214  232  
215  233  
215  234  
373  234  
373  235  
373  236  
373  237  
373  238  
373  239  
373  240  
374  241  
374  242  
374  243  
374  244  
374  245  
374  246  
374  247  
374  248  
374  249  
374  250  
374  251  
374  252  
374  253  
374  254  
375  255  
375  256  
375  257  
375  258  
375  259  
375  260  
375  261  
375  262  
375  263  
375  264  
375  265  
375  266  
375  267  
375  268  
375  269  
375  270  
376  271  
376  272  
376  273  
376  274  
376  275  
376  276  
376  277  
376  278  
376  279  
376  280  
376  281  
376  282  
376  283  
376  284  
376  285  
376  286  
377  287  
377  288  
377  289  
377  290  
377  291  
377  292  
377  293  
377  294  
377  295  
377  296  
377  297  
377  298  
377  299  
378  300  
378  301  
378  302  
378  303  
378  304  
378  305  
378  306  
378  307  
378  308  
378  309  
378  310  
378  311  
378  312  
378  313  
378  314  
378  315  
378  316  
379  317  
379  318  
379  319  
379  320  
379  321  
379  322  
379  323  
379  324  
379  325  
379  326  
379  327  
379  328  
379  329  
379  330  
379  331  
379  332  
380  333  
380  334  
380  335  
379  336  
379  337  
380  338  
380  339  
380  340  
380  341  
380  342  
380  343  
380  344  
380  345  
380  346  
380  347  
380  348  
380  349  
380  350  
377  234  
377  235  
377  236  
377  237  
377  238  
377  239  
377  240  
378  241  
378  242  
378  243  
378  244  
378  245  
378  246  
378  247  
378  248  
378  249  
378  250  
378  251  
378  252  
378  253  
379  254  
379  255  
379  256  
379  257  
379  258  
379  259  
100  238  
101  238  
102  238  
103  238  
104  238  
105  239  
106  239  
107  239  
108  240  
109  240  
110  240  
111  240  
112  241  
113  241  
114  241  
115  241  
116  242  
117  242  
118  242  
119  242  
120  243  
121  243  
427  246  
427  247  
427  248  
427  249  
427  250  
427  251  
428  252  
428  253  
428  254  
428  255  
428  256  
428  257  
429  258  
429  259  
429  260  
429  261  
430  262  
430  263  
430  264  
430  265  
430  266  
430  267  
431  268  
159  252  
160  252  
161  252  
162  252  
163  252  
164  252  
165  252  
166  252  
167  252  
168  252  
169  252  
170  252  
171  252  
172  252  
173  252  
174  252  
175  252  
176  252  
177  252  
178  252  
179  252  
180  252  
181  252  
182  252  
183  252  
184  252  
185  252  
186  252  
187  252  
188  252  
189  252  
158  253  
341  253  
341  254  
341  255  
341  256  
341  257  
341  258  
341  259  
341  260  
341  261  
341  262  
341  263  
341  264  
341  265  
341  266  
341  267  
341  268  
341  269  
341  270  
342  271  
342  272  
342  273  
342  274  
342  275  
342  276  
342  277  
342  278  
342  279  
342  280  
342  281  
342  282  
342  283  
342  284  
342  285  
342  286  
342  287  
342  288  
343  289  
343  290  
343  291  
343  292  
152  256  
152  257  
151  258  
151  259  
151  260  
151  261  
151  262  
151  263  
151  264  
151  265  
151  266  
151  267  
151  268  
151  269  
151  270  
151  271  
151  272  
151  273  
152  274  
152  275  
152  276  
152  277  
152  278  
152  279  
152  280  
152  281  
153  282  
153  283  
153  284  
153  285  
153  286  
153  287  
153  288  
153  289  
153  290  
416  260  
416  261  
416  262  
416  263  
416  264  
416  265  
416  266  
416  267  
416  268  
416  269  
416  270  
416  271  
417  272  
417  273  
417  274  
417  275  
417  276  
417  277  
417  278  
417  279  
417  280  
417  281  
379  268  
379  269  
379  270  
379  271  
380  272  
380  273  
380  274  
380  275  
380  276  
380  277  
380  278  
380  279  
380  280  
380  281  
380  282  
380  283  
380  284  
380  285  
380  286  
380  287  
380  288  
380  289  
381  290  
381  291  
381  292  
381  293  
381  294  
381  295  
381  296  
381  297  
381  298  
381  299  
382  300  
382  301  
382  302  
382  303  
382  304  
382  305  
382  306  
382  307  
382  308  
382  309  
382  310  
382  311  
382  312  
382  313  
382  314  
383  315  
383  316  
383  317  
383  318  
383  319  
383  320  
383  321  
383  322  
383  323  
383  324  
383  325  
383  326  
383  327  
383  328  
383  329  
383  330  
384  331  
384  332  
384  333  
384  334  
384  335  
384  336  
384  337  
384  338  
384  339  
384  340  
384  341  
384  342  
384  343  
385  344  
385  345  
385  346  
385  347  
61  271  
62  271  
63  271  
64  271  
65  271  
66  271  
67  271  
68  272  
69  272  
70  272  
71  272  
72  272  
73  272  
74  272  
75  272  
76  272  
77  272  
78  273  
79  273  
80  273  
81  273  
82  273  
83  273  
84  273  
85  273  
86  273  
87  273  
88  273  
89  273  
133  277  
126  278  
127  278  
128  278  
129  278  
130  278  
131  278  
132  278  
114  279  
115  279  
116  279  
117  279  
118  279  
119  279  
120  279  
121  279  
122  279  
123  279  
124  279  
125  279  
98  280  
99  280  
100  280  
101  280  
102  280  
103  280  
104  280  
105  280  
106  280  
107  280  
108  280  
109  280  
110  280  
111  280  
112  280  
113  280  
371  286  
370  287  
370  288  
370  289  
370  290  
371  291  
371  292  
371  293  
371  294  
371  295  
371  296  
371  297  
371  298  
371  299  
371  300  
371  301  
372  302  
372  303  
372  304  
372  305  
372  306  
372  307  
372  308  
372  309  
372  310  
372  311  
372  312  
372  313  
372  314  
372  315  
372  316  
372  317  
372  318  
372  319  
372  320  
372  321  
372  322  
372  323  
372  324  
372  325  
372  326  
355  294  
355  295  
355  296  
355  297  
355  298  
355  299  
355  300  
355  301  
355  302  
355  303  
355  304  
355  305  
355  306  
355  307  
355  308  
355  309  
355  310  
355  311  
356  312  
356  313  
356  314  
356  315  
356  316  
356  317  
356  318  
356  319  
356  320  
356  321  
356  322  
356  323  
356  324  
356  325  
356  326  
356  327  
356  328  
356  329  
356  330  
356  331  
299  311  
300  311  
288  312  
289  312  
290  312  
291  312  
292  312  
293  312  
294  312  
295  312  
296  312  
297  312  
298  312  
273  313  
274  313  
275  313  
276  313  
277  313  
278  313  
279  313  
280  313  
281  313  
282  313  
283  313  
284  313  
285  313  
286  313  
287  313  
77  314  
77  315  
77  316  
77  317  
77  318  
77  319  
77  320  
77  321  
77  322  
77  323  
77  324  
77  325  
77  326  
77  327  
77  328  
77  329  
77  330  
77  331  
76  332  
76  333  
76  334  
76  335  
76  336  
76  337  
76  338  
76  339  
76  340  
76  341  
76  342  
75  343  
75  344  
75  345  
75  346  
75  347  
75  348  
75  349  
75  350  
75  351  
75  352  
75  353  
75  354  
75  355  
297  314  
297  315  
297  316  
297  317  
297  318  
297  319  
297  320  
297  321  
298  322  
298  323  
298  324  
298  325  
298  326  
298  327  
299  328  
299  329  
299  330  
299  331  
299  332  
299  333  
299  334  
239  319  
239  320  
239  321  
239  322  
239  323  
239  324  
239  325  
239  326  
239  327  
239  328  
239  329  
239  330  
239  331  
239  332  
239  333  
239  334  
239  335  
239  336  
239  337  
239  338  
239  339  
239  340  
239  341  
239  342  
239  343  
238  344  
238  345  
238  346  
238  347  
238  348  
238  349  
238  350  
238  351  
238  352  
238  353  
238  354  
238  355  
238  356  
239  357  
149  320  
149  321  
149  322  
149  323  
149  324  
149  325  
149  326  
149  327  
148  328  
148  329  
148  330  
148  331  
148  332  
148  333  
148  334  
148  335  
148  336  
148  337  
148  338  
148  339  
148  340  
148  341  
148  342  
148  343  
148  344  
148  345  
148  346  
148  347  
148  348  
148  349  
148  350  
148  351  
148  352  
148  353  
148  354  
148  355  
148  356  
148  357  
346  321  
346  322  
346  323  
346  324  
346  325  
346  326  
346  327  
346  328  
346  329  
346  330  
346  331  
346  332  
346  333  
346  334  
346  335  
346  336  
346  337  
346  338  
346  339  
346  340  
346  341  
346  342  
346  343  
346  344  
143  324  
143  325  
143  326  
143  327  
143  328  
143  329  
143  330  
143  331  
143  332  
143  333  
143  334  
143  335  
143  336  
143  337  
143  338  
143  339  
143  340  
143  341  
143  342  
143  343  
143  344  
139  331  
139  332  
139  333  
139  334  
139  335  
139  336  
139  337  
139  338  
139  339  
139  340  
139  341  
139  342  
139  343  
139  344  
139  345  
139  346  
139  347  
139  348  
138  349  
138  350  
138  351  
138  352  
138  353  
138  354  
138  355  
138  356  
137  357  
137  358  
137  359  
137  360  
137  361  
137  362  
137  363  
137  364  
137  365  
137  366  
137  367  
137  368  
137  369  
138  370  
245  334  
244  335  
245  336  
245  337  
245  338  
244  339  
244  340  
244  341  
244  342  
244  343  
244  344  
244  345  
244  346  
244  347  
244  348  
244  349  
244  350  
244  351  
244  352  
244  353  
244  354  
244  355  
244  356  
244  357  
244  358  
182  353  
172  354  
173  354  
174  354  
175  354  
176  354  
177  354  
178  354  
179  354  
180  354  
181  354  
162  355  
163  355  
164  355  
165  355  
166  355  
167  355  
168  355  
169  355  
170  355  
171  355  
184  353  
185  353  
186  353  
187  353  
188  353  
189  353  
190  353  
191  353  
192  353  
193  353  
194  353  
195  354  
196  354  
197  354  
198  354  
199  354  
200  354  
201  354  
202  354  
203  354  
204  354  
205  354  
206  354  
207  354  
208  354  
209  354  
210  354  
211  354  
212  354  
216  374  
217  374  
218  374  
219  374  
220  374  
221  374  
222  374  
223  374  
224  374  
225  374  
226  374  
227  374  
228  374  
229  374  
230  374  
231  374  
232  374  
233  374  
234  374  
235  374  
236  374  
215  375  
211  378  
212  378  
186  379  
187  379  
188  379  
189  379  
190  379  
191  379  
192  379  
193  379  
194  379  
195  379  
196  379  
197  379  
198  379  
199  379  
200  379  
201  379  
202  379  
203  379  
204  379  
205  379  
206  379  
207  379  
208  379  
209  379  
210  379  
213  379  
228  378  
258  378  
259  378  
260  378  
261  378  
264  378  
265  378  
266  378  
267  378  
268  378  
269  378  
270  378  
271  378  
272  378  
273  378  
274  378  
275  378  
276  378  
277  378  
278  378  
279  378  
280  378  
281  378  
282  378  
283  378  
284  378  
285  378  
286  378  
287  378  
288  378  
289  378  
290  378  
291  378  
292  378  
229  379  
230  379  
231  379  
232  379  
233  379  
234  379  
235  379  
236  379  
237  379  
238  379  
239  379  
240  379  
241  379  
242  379  
243  379  
244  379  
245  379  
246  379  
247  379  
248  379  
249  379  
250  379  
251  379  
252  379  
253  379  
254  379  
255  379  
256  379  
257  379  
262  379  
263  379  
293  379  
294  379  
295  379  
296  379  
297  379  
298  379  
299  379  
300  379  
301  379  
302  379  
303  379  
318  389  
318  390  
318  391  
318  392  
318  393  
318  394  
318  395  
318  396  
318  397  
319  398  
319  399  
319  400  
319  401  
319  402  
319  403  
319  404  
319  405  
319  406  
319  407  
319  408  
319  409  
319  410  
319  411  
319  412  
319  413  
319  414  
319  415  
319  416  
319  417  
320  418  
320  419  
320  420  
320  421  
320  422  
320  423  
320  424  
320  425  
320  426  
320  427  
320  428  
320  429  
320  430  
320  431  
320  432  
320  433  
320  434  
320  435  
320  436  
320  437  
320  438  
321  439  
321  440  
321  441  
321  442  
321  443  
321  444  
321  445  
321  446  
321  447  
321  448  
321  449  
321  450  
321  451  
321  452  
321  453  
321  454  
321  455  
321  456  
321  457  
322  458  
322  459  
322  460  
322  461  
322  462  
322  463  
322  464  
322  465  
322  466  
322  467  
322  468  
322  469  
322  470  
322  471  
322  472  
322  473  
322  474  
322  475  
322  476  
323  477  
323  478  
323  479  
323  480  
323  481  
323  482  
323  483  
323  484  
323  485  
323  486  
323  487  
323  488  
323  489  
323  490  
323  491  
323  492  
323  493  
323  494  
323  495  
323  496  
323  497  
323  498  
323  499  
324  500  
324  501  
324  502  
324  503  
324  504  
324  505  
324  506  
324  507  
324  508  
324  509  
324  510  
106  394  
107  394  
108  394  
109  394  
110  394  
111  394  
112  394  
113  394  
114  394  
115  394  
116  394  
117  394  
118  394  
119  394  
120  394  
102  395  
103  395  
104  395  
105  395  
121  395  
122  395  
123  395  
124  395  
125  395  
126  395  
127  395  
128  395  
129  395  
130  395  
131  395  
315  394  
315  395  
315  396  
315  397  
315  398  
315  399  
315  400  
315  401  
315  402  
315  403  
315  404  
315  405  
315  406  
315  407  
315  408  
315  409  
315  410  
315  411  
315  412  
315  413  
316  414  
316  415  
316  416  
316  417  
316  418  
316  419  
316  420  
316  421  
316  422  
316  423  
316  424  
316  425  
316  426  
316  427  
316  428  
316  429  
316  430  
316  431  
316  432  
316  433  
316  434  
316  435  
316  436  
317  437  
317  438  
317  439  
317  440  
317  441  
317  442  
317  443  
317  444  
317  445  
317  446  
317  447  
317  448  
317  449  
317  450  
317  451  
317  452  
317  453  
317  454  
317  455  
318  456  
318  457  
318  458  
318  459  
318  460  
318  461  
318  462  
318  463  
318  464  
318  465  
318  466  
318  467  
318  468  
318  469  
318  470  
318  471  
318  472  
318  473  
319  474  
319  475  
319  476  
319  477  
319  478  
319  479  
319  480  
319  481  
319  482  
319  483  
319  484  
319  485  
319  486  
319  487  
319  488  
319  489  
319  490  
319  491  
319  492  
319  493  
319  494  
319  495  
319  496  
319  497  
319  498  
320  499  
320  500  
320  501  
320  502  
320  503  
320  504  
320  505  
320  506  
320  507  
320  508  
320  509  
320  510  
320  511  
320  512  
122  401  
123  401  
124  401  
125  401  
126  401  
127  401  
128  401  
129  401  
130  401  
131  401  
132  401  
133  401  
134  401  
135  401  
136  401  
137  401  
138  401  
139  401  
140  401  
141  401  
142  401  
143  401  
144  401  
145  401  
146  401  
147  402  
147  403  
147  404  
147  405  
147  406  
97  408  
98  408  
94  409  
95  409  
96  409  
99  409  
100  409  
101  409  
102  409  
103  409  
104  409  
105  410  
106  410  
107  410  
108  410  
109  410  
110  410  
111  410  
112  410  
113  410  
114  410  
115  410  
116  410  
117  410  
118  410  
119  410  
120  410  
121  410  
122  410  
123  410  
124  410  
125  410  
126  410  
127  410  
128  410  
129  410  
130  410  
131  410  
132  410  
133  410  
134  410  
135  410  
136  410  
137  410  
138  410  
139  410  
140  410  
141  410  
289  411  
290  411  
271  412  
272  412  
273  412  
274  412  
275  412  
276  412  
277  412  
278  412  
279  412  
280  412  
281  412  
282  412  
283  412  
284  412  
285  412  
286  412  
287  412  
288  412  
215  412  
215  413  
215  414  
215  415  
215  416  
215  417  
215  418  
215  419  
215  420  
215  421  
215  422  
215  423  
215  424  
215  425  
215  426  
215  427  
215  428  
215  429  
215  430  
215  431  
215  432  
215  433  
215  434  
215  435  
215  436  
91  413  
92  413  
93  413  
94  413  
95  413  
96  413  
97  413  
98  413  
99  413  
100  413  
101  413  
102  413  
103  413  
104  413  
105  413  
106  413  
90  414  
107  414  
108  414  
109  414  
110  414  
111  414  
112  414  
113  414  
90  415  
90  416  
263  413  
263  414  
263  415  
263  416  
263  417  
263  418  
263  419  
263  420  
263  421  
263  422  
263  423  
263  424  
263  425  
263  426  
263  427  
263  428  
263  429  
263  430  
263  431  
263  432  
263  433  
263  434  
263  435  
167  415  
167  416  
167  417  
167  418  
167  419  
167  420  
167  421  
167  422  
167  423  
167  424  
167  425  
167  426  
167  427  
167  428  
167  429  
167  430  
167  431  
167  432  
167  433  
167  434  
167  435  
167  436  
167  437  
167  438  
167  439  
167  440  
167  441  
267  415  
267  416  
267  417  
267  418  
267  419  
267  420  
267  421  
267  422  
267  423  
267  424  
267  425  
267  426  
268  427  
268  428  
268  429  
268  430  
268  431  
268  432  
268  433  
268  434  
268  435  
268  436  
99  417  
99  418  
98  419  
98  420  
98  421  
98  422  
98  423  
98  424  
98  425  
98  426  
98  427  
98  428  
98  429  
98  430  
98  431  
98  432  
98  433  
98  434  
98  435  
98  436  
98  437  
97  438  
97  439  
97  440  
97  441  
97  442  
97  443  
97  444  
148  417  
148  418  
148  419  
148  420  
148  421  
148  422  
148  423  
148  424  
148  425  
148  426  
148  427  
148  428  
148  429  
148  430  
148  431  
148  432  
148  433  
148  434  
148  435  
148  436  
148  437  
148  438  
148  439  
148  440  
148  441  
148  442  
147  443  
147  444  
147  445  
147  446  
147  447  
147  448  
146  449  
146  450  
146  451  
146  452  
146  453  
146  454  
146  455  
146  456  
146  457  
146  458  
146  459  
146  460  
146  461  
146  462  
146  463  
146  464  
146  465  
146  466  
146  467  
146  468  
146  469  
146  470  
146  471  
146  472  
146  473  
146  474  
146  475  
146  476  
146  477  
146  478  
146  479  
147  480  
172  417  
172  418  
172  419  
172  420  
172  421  
172  422  
172  423  
172  424  
172  425  
172  426  
172  427  
172  428  
172  429  
172  430  
172  431  
172  432  
172  433  
172  434  
172  435  
172  436  
172  437  
172  438  
172  439  
172  440  
172  441  
172  442  
89  418  
89  419  
89  420  
89  421  
89  422  
89  423  
89  424  
89  425  
89  426  
89  427  
89  428  
89  429  
89  430  
89  431  
89  432  
89  433  
89  434  
89  435  
89  436  
89  437  
89  438  
89  439  
89  440  
89  441  
89  442  
88  443  
88  444  
88  445  
88  446  
88  447  
88  448  
88  449  
87  450  
87  451  
88  452  
88  453  
88  454  
88  455  
87  456  
87  457  
88  458  
88  459  
88  460  
88  461  
123  420  
123  421  
123  422  
123  423  
123  424  
123  425  
123  426  
123  427  
123  428  
123  429  
123  430  
123  431  
123  432  
123  433  
123  434  
123  435  
123  436  
123  437  
123  438  
123  439  
123  440  
124  441  
360  422  
353  423  
354  423  
355  423  
356  423  
357  423  
358  423  
359  423  
361  423  
339  424  
340  424  
341  424  
343  424  
344  424  
345  424  
346  424  
347  424  
348  424  
349  424  
350  424  
351  424  
352  424  
342  425  
195  447  
195  448  
195  449  
195  450  
195  451  
195  452  
195  453  
195  454  
195  455  
195  456  
195  457  
195  458  
195  459  
195  460  
195  461  
195  462  
195  463  
195  464  
196  465  
196  466  
117  452  
117  453  
117  454  
117  455  
117  456  
117  457  
117  458  
117  459  
116  460  
116  461  
116  462  
116  463  
116  464  
116  465  
116  466  
116  467  
116  468  
116  469  
116  470  
116  471  
191  452  
191  453  
191  454  
191  455  
191  456  
191  457  
191  458  
191  459  
191  460  
191  461  
191  462  
191  463  
191  464  
191  465  
191  466  
191  467  
191  468  
191  469  
191  470  
191  471  
191  472  
191  473  
191  474  
192  475  
88  464  
88  465  
88  466  
87  467  
87  468  
87  469  
87  470  
87  471  
87  472  
87  473  
87  474  
86  475  
86  476  
86  477  
86  478  
86  479  
86  480  
86  481  
86  482  
86  483  
86  484  
86  485  
86  486  
86  487  
86  488  
86  489  
85  490  
85  491  
85  492  
85  493  
85  494  
85  495  
85  496  
85  497  
85  498  
85  499  
85  500  
85  501  
85  502  
85  503  
85  504  
85  505  
334  467  
334  468  
334  469  
335  470  
335  471  
335  472  
335  473  
335  474  
335  475  
336  476  
336  477  
336  478  
336  479  
336  480  
336  481  
336  482  
336  483  
336  484  
336  485  
336  486  
336  487  
336  488  
336  489  
336  490  
336  491  
337  492  
337  493  
337  494  
337  495  
337  496  
337  497  
337  498  
337  499  
337  500  
337  501  
337  502  
337  503  
337  504  
337  505  
337  506  
268  470  
268  471  
269  472  
269  473  
269  474  
269  475  
269  476  
269  477  
269  478  
269  479  
269  480  
269  481  
269  482  
269  483  
269  484  
269  485  
269  486  
269  487  
269  488  
269  489  
269  490  
269  491  
269  492  
269  493  
269  494  
269  495  
269  496  
269  497  
269  498  
269  499  
269  500  
269  501  
270  502  
270  503  
270  504  
270  505  
270  506  
270  507  
270  508  
270  509  
270  510  
270  511  
270  512  
94  472  
95  473  
95  474  
95  475  
95  476  
95  477  
95  478  
95  479  
95  480  
95  481  
95  482  
95  483  
95  484  
95  485  
95  486  
95  487  
95  488  
95  489  
95  490  
95  491  
95  492  
95  493  
95  494  
95  495  
95  496  
95  497  
95  498  
95  499  
118  481  
118  482  
118  483  
118  484  
118  485  
118  486  
118  487  
118  488  
118  489  
118  490  
118  491  
118  492  
118  493  
118  494  
118  495  
118  496  
118  497  
118  498  
118  499  
118  500  
118  501  
118  502  
118  503  
118  504  
143  481  
143  482  
143  483  
143  484  
143  485  
143  486  
143  487  
143  488  
143  489  
143  490  
143  491  
143  492  
143  493  
143  494  
143  495  
143  496  
143  497  
143  498  
143  499  
143  500  
143  501  
143  502  
143  503  
143  504  
143  505  
143  506  
143  507  
143  508  
143  509  
143  510  
143  511  
143  512  
143  513  
143  514  
143  515  
143  516  
144  517  
144  518  
144  519  
144  520  
220  485  
220  486  
220  487  
220  488  
220  489  
220  490  
220  491  
220  492  
220  493  
220  494  
220  495  
220  496  
220  497  
220  498  
220  499  
220  500  
220  501  
220  502  
220  503  
220  504  
220  505  
220  506  
220  507  
220  508  
220  509  
220  510  
220  511  
220  512  
220  513  
220  514  
220  515  
220  516  
220  517  
220  518  
220  519  
220  520  
220  521  
220  522  
220  523  
220  524  
220  525  
220  526  
220  527  
220  528  
220  529  
220  530  
121  486  
121  487  
121  488  
121  489  
121  490  
121  491  
121  492  
121  493  
121  494  
121  495  
121  496  
121  497  
121  498  
121  499  
121  500  
121  501  
121  502  
122  503  
122  504  
122  505  
122  506  
265  489  
265  490  
265  491  
265  492  
265  493  
265  494  
265  495  
265  496  
265  497  
265  498  
265  499  
265  500  
265  501  
265  502  
265  503  
265  504  
265  505  
265  506  
265  507  
265  508  
265  509  
265  510  
265  511  
265  512  
266  513  
266  514  
266  515  
266  516  
266  517  
266  518  
266  519  
266  520  
266  521  
266  522  
266  523  
266  524  
266  525  
266  526  
266  527  
266  528  
266  529  
266  530  
266  531  
71  490  
72  490  
70  491  
69  492  
68  493  
67  494  
66  495  
65  496  
64  497  
63  498  
62  499  
61  500  
60  501  
59  502  
58  503  
58  504  
57  505  
56  506  
54  507  
55  507  
53  508  
53  509  
52  510  
51  511  
215  490  
215  491  
215  492  
215  493  
215  494  
215  495  
215  496  
215  497  
215  498  
215  499  
216  500  
216  501  
216  502  
216  503  
216  504  
216  505  
216  506  
216  507  
216  508  
216  509  
216  510  
216  511  
216  512  
216  513  
216  514  
216  515  
216  516  
216  517  
215  518  
215  519  
215  520  
215  521  
215  522  
215  523  
215  524  
215  525  
215  526  
215  527  
215  528  
215  529  
215  530  
215  531  
216  532  
216  533  
342  491  
363  491  
364  491  
343  492  
344  492  
345  492  
346  492  
347  492  
348  492  
349  492  
350  492  
351  492  
352  492  
353  492  
354  492  
355  492  
356  492  
357  492  
358  492  
359  492  
360  492  
361  492  
362  492  
365  498  
366  498  
367  498  
368  498  
369  498  
358  499  
359  499  
360  499  
361  499  
362  499  
363  499  
364  499  
342  500  
343  500  
344  500  
345  500  
346  500  
347  500  
348  500  
349  500  
350  500  
351  500  
352  500  
353  500  
354  500  
355  500  
356  500  
357  500  
117  506  
117  507  
117  508  
117  509  
117  510  
116  511  
116  512  
116  513  
116  514  
115  515  
115  516  
115  517  
114  518  
114  519  
114  520  
113  521  
113  522  
113  523  
113  524  
112  525  
112  526  
166  519  
166  520  
166  521  
166  522  
166  523  
166  524  
166  525  
166  526  
166  527  
166  528  
166  529  
166  530  
166  531  
166  532  
167  533  
167  534  
167  535  
167  536  
167  537  
167  538  
372  519  
373  519  
347  520  
348  520  
349  520  
350  520  
351  520  
352  520  
353  520  
354  520  
355  520  
356  520  
357  520  
358  520  
359  520  
360  520  
361  520  
362  520  
363  520  
364  520  
365  520  
366  520  
367  520  
368  520  
369  520  
370  520  
371  520  
172  534  
173  534  
174  534  
175  534  
176  534  
177  534  
178  534  
179  534  
180  534  
181  534  
182  534  
183  534  
184  534  
185  534  
186  534  
171  535  
171  536  
171  537  
171  538  
171  539  
245  539  
245  540  
246  541  
246  542  
246  543  
246  544  
246  545  
246  546  
246  547  
246  548  
246  549  
246  550  
246  551  
246  552  
246  553  
246  554  
246  555  
246  556  
246  557  
246  558  
246  559  
246  560  
246  561  
246  562  
246  563  
246  564  
246  565  
246  566  
246  567  
246  568  
246  569  
246  570  
246  571  
246  572  
246  573  
246  574  
246  575  
246  576  
246  577  
137  542  
137  543  
137  544  
137  545  
137  546  
137  547  
137  548  
137  549  
137  550  
137  551  
137  552  
137  553  
137  554  
137  555  
137  556  
137  557  
136  558  
136  559  
136  560  
136  561  
136  562  
136  563  
136  564  
136  565  
136  566  
167  558  
167  559  
167  560  
167  561  
167  562  
167  563  
167  564  
167  565  
167  566  
167  567  
167  568  
167  569  
167  570  
167  571  
167  572  
167  573  
167  574  
167  575  
167  576  
167  577  
167  578  
167  579  
167  580  
167  581  
167  582  
167  583  
167  584  
167  585  
167  586  
167  587  
166  588  
136  572  
136  573  
136  574  
136  575  
136  576  
136  577  
135  578  
135  579  
135  580  
135  581  
135  582  
135  583  
135  584  
135  585  
135  586  
135  587  
135  588  
135  589  
135  590  
135  591  
135  592  
135  593  
135  594  
135  595  
135  596  
135  597  
135  598  
135  599  
135  600  
135  601  
135  602  
135  603  
135  604  
135  605  
135  606  
135  607  
135  608  
411  572  
412  572  
413  572  
414  572  
415  572  
416  572  
417  572  
418  572  
419  572  
420  572  
421  572  
422  572  
423  572  
424  572  
425  572  
426  572  
427  572  
428  573  
429  573  
430  573  
431  573  
432  573  
433  573  
434  573  
435  573  
436  573  
437  573  
438  573  
439  573  
440  573  
441  573  
442  573  
443  573  
444  573  
445  573  
446  573  
447  573  
448  573  
308  579  
309  580  
310  580  
311  580  
312  581  
313  581  
314  581  
315  582  
316  582  
317  582  
318  582  
319  582  
320  583  
321  583  
322  583  
323  583  
324  583  
325  584  
326  584  
327  584  
328  584  
337  588  
338  588  
339  588  
331  589  
332  589  
333  589  
334  589  
335  589  
336  589  
321  590  
322  590  
323  590  
324  590  
325  590  
326  590  
327  590  
328  590  
329  590  
330  590  
315  591  
316  591  
317  591  
318  591  
319  591  
320  591  
311  592  
312  592  
313  592  
314  592  
231  602  
232  602  
233  602  
234  602  
235  602  
236  602  
237  602  
238  602  
239  602  
240  602  
241  602  
242  602  
191  603  
192  603  
193  603  
194  603  
195  603  
196  603  
197  603  
198  603  
199  603  
200  603  
201  603  
202  603  
203  603  
204  603  
205  603  
206  603  
207  603  
208  603  
209  603  
210  603  
211  603  
212  603  
213  603  
214  603  
215  603  
216  603  
217  603  
218  603  
219  603  
220  603  
221  603  
222  603  
223  603  
224  603  
225  603  
226  603  
227  603  
228  603  
229  603  
230  603  
248  602  
249  602  
250  602  
251  602  
252  602  
253  602  
254  602  
255  602  
256  602  
257  602  
258  602  
259  602  
260  602  
261  602  
262  602  
263  602  
264  602  
265  602  
266  602  
267  602  
268  602  
269  602  
270  602  
271  602  
272  602  
273  602  
274  602  
275  602  
276  602  
277  602  
278  602  
279  602  
280  602  
281  602  
282  602  
283  602  
284  602  
285  602  
286  602  
287  602  
288  602  
289  602  
290  602  
291  602  
292  602  
293  602  
294  602  
295  602  
296  602  
297  602  
298  602  
387  602  
388  602  
389  602  
390  602  
391  602  
392  602  
393  602  
394  602  
395  602  
396  602  
397  602  
398  602  
399  602  
400  602  
401  602  
402  602  
403  602  
404  602  
405  602  
406  602  
407  602  
408  602  
409  602  
410  602  
411  602  
412  602  
413  602  
414  602  
415  602  
230  606  
231  606  
232  606  
233  606  
234  606  
235  606  
236  606  
237  606  
238  606  
239  606  
240  606  
241  606  
242  606  
243  606  
244  606  
245  606  
246  606  
247  606  
248  606  
249  606  
250  606  
251  606  
252  606  
253  606  
254  606  
255  606  
256  606  
257  606  
258  606  
259  606  
260  606  
261  606  
262  606  
263  606  
264  606  
265  606  
266  606  
267  606  
268  606  
269  606  
270  606  
271  606  
272  606  
273  606  
274  606  
275  606  
276  606  
277  606  
278  606  
279  606  
280  606  
281  606  
282  606  
283  606  
284  606  
285  606  
286  606  
287  606  
288  606  
289  606  
290  606  
291  606  
292  606  
293  606  
294  606  
295  606  
296  606  
297  606  
298  606  
299  606  
300  606  
301  606  
161  607  
162  607  
163  607  
164  607  
165  607  
166  607  
167  607  
168  607  
169  607  
170  607  
171  607  
172  607  
173  607  
174  607  
175  607  
176  607  
177  607  
178  607  
179  607  
180  607  
181  607  
182  607  
183  607  
184  607  
185  607  
186  607  
187  607  
188  607  
189  607  
190  607  
191  607  
192  607  
193  607  
194  607  
195  607  
196  607  
197  607  
198  607  
199  607  
200  607  
201  607  
202  607  
203  607  
204  607  
205  607  
206  607  
207  607  
208  607  
209  607  
210  607  
211  607  
212  607  
213  607  
214  607  
215  607  
216  607  
217  607  
218  607  
219  607  
220  607  
221  607  
222  607  
223  607  
224  607  
225  607  
226  607  
227  607  
228  607  
229  607  
158  608  
159  608  
160  608  
