32  
23  51  22  43  45  26  28  102  22  22  70  119  52  96  41  35  35  51  29  22  22  20  23  22  21  23  23  31  21  21  23  24  
429  101  
429  102  
429  103  
429  104  
429  105  
429  106  
429  107  
429  108  
429  109  
429  110  
429  111  
429  112  
429  113  
429  114  
429  115  
429  116  
429  117  
429  118  
429  119  
429  120  
429  121  
429  122  
429  123  
430  131  
430  132  
430  133  
430  134  
430  135  
430  136  
430  137  
430  138  
430  139  
430  140  
430  141  
430  142  
430  143  
430  144  
430  145  
430  146  
430  147  
430  148  
430  149  
430  150  
430  151  
430  152  
430  153  
430  154  
430  155  
430  156  
430  157  
430  158  
430  159  
430  160  
430  161  
430  162  
430  163  
430  164  
430  165  
430  166  
430  167  
430  168  
430  169  
430  170  
430  171  
430  172  
430  173  
430  174  
430  175  
430  176  
430  177  
430  178  
430  179  
430  180  
430  181  
376  183  
376  184  
376  185  
376  186  
376  187  
376  188  
376  189  
376  190  
376  191  
375  192  
375  193  
375  194  
375  195  
375  196  
375  197  
375  198  
375  199  
375  200  
375  201  
375  202  
375  203  
375  204  
385  184  
386  185  
386  186  
386  187  
386  188  
386  189  
386  190  
386  191  
386  192  
386  193  
386  194  
386  195  
387  196  
387  197  
387  198  
387  199  
387  200  
387  201  
387  202  
387  203  
387  204  
387  205  
387  206  
387  207  
387  208  
387  209  
388  210  
388  211  
388  212  
388  213  
388  214  
388  215  
388  216  
388  217  
388  218  
388  219  
389  220  
389  221  
389  222  
389  223  
389  224  
389  225  
389  226  
389  228  
389  229  
389  230  
389  231  
389  232  
389  233  
389  234  
389  235  
389  236  
389  237  
389  238  
389  239  
389  240  
389  241  
390  242  
390  243  
390  244  
390  245  
390  246  
390  247  
390  248  
390  249  
390  250  
390  251  
390  252  
390  253  
390  254  
390  255  
390  256  
390  257  
390  258  
390  259  
390  260  
390  261  
390  262  
390  263  
390  264  
390  265  
390  266  
391  267  
390  268  
390  269  
391  270  
391  271  
390  272  
365  247  
365  248  
365  249  
365  250  
365  251  
364  252  
364  253  
364  254  
364  255  
364  256  
363  257  
363  258  
363  259  
363  260  
362  261  
362  262  
362  263  
361  264  
361  265  
361  266  
360  267  
360  268  
360  269  
359  270  
359  271  
359  272  
347  249  
347  250  
347  251  
348  252  
348  253  
348  254  
348  255  
348  256  
348  257  
348  258  
348  259  
348  260  
348  261  
348  262  
349  263  
349  264  
349  265  
349  266  
349  267  
349  268  
349  269  
349  270  
349  271  
349  272  
349  273  
349  274  
349  275  
348  276  
300  262  
301  263  
301  264  
301  265  
301  266  
301  267  
301  268  
301  269  
301  270  
301  271  
301  272  
301  273  
301  274  
301  275  
301  276  
301  277  
301  278  
301  279  
301  280  
301  281  
301  282  
301  283  
301  284  
301  285  
301  286  
302  287  
302  288  
302  289  
302  290  
302  291  
302  292  
302  293  
302  294  
302  295  
302  296  
302  297  
302  298  
302  299  
302  300  
302  301  
302  302  
302  303  
302  304  
302  305  
302  306  
302  307  
302  308  
302  309  
302  310  
302  311  
302  312  
302  313  
302  314  
302  315  
302  316  
302  317  
302  318  
302  319  
302  320  
302  321  
302  322  
302  323  
302  324  
302  325  
302  326  
302  327  
302  328  
302  329  
302  330  
302  331  
302  332  
302  333  
302  334  
302  335  
302  336  
302  337  
302  338  
302  339  
302  340  
302  341  
302  342  
302  343  
302  344  
302  345  
302  346  
302  347  
302  348  
302  349  
302  350  
302  351  
302  352  
302  353  
302  354  
302  355  
302  356  
303  357  
303  358  
303  359  
303  360  
303  361  
303  362  
303  363  
427  262  
427  263  
427  264  
427  265  
427  266  
427  267  
427  268  
427  269  
427  270  
427  271  
427  272  
427  273  
427  274  
427  275  
427  276  
427  277  
427  278  
427  279  
427  280  
427  281  
427  282  
427  283  
431  262  
431  263  
431  264  
431  265  
431  266  
431  267  
431  268  
431  269  
431  270  
431  271  
431  272  
431  273  
431  274  
431  275  
431  276  
431  277  
431  278  
431  279  
431  280  
431  281  
431  282  
431  283  
269  271  
268  272  
268  273  
268  274  
268  275  
268  276  
268  277  
268  278  
268  279  
268  280  
268  281  
268  282  
268  283  
268  284  
268  285  
268  286  
268  287  
268  288  
268  289  
268  290  
268  291  
268  292  
268  293  
268  294  
268  295  
268  296  
268  297  
268  298  
269  299  
269  300  
269  301  
269  302  
269  303  
269  304  
269  305  
269  306  
269  307  
269  308  
269  309  
269  310  
269  311  
269  312  
269  313  
269  314  
269  315  
269  316  
269  317  
270  318  
270  319  
270  320  
270  321  
270  322  
270  323  
270  324  
270  325  
270  326  
270  327  
270  328  
270  329  
270  330  
270  331  
270  332  
270  333  
270  334  
270  335  
270  336  
270  337  
270  338  
270  339  
270  340  
257  273  
257  274  
257  275  
257  276  
257  277  
257  278  
258  279  
258  280  
258  281  
258  282  
258  283  
258  284  
258  285  
258  286  
258  287  
258  288  
258  289  
258  290  
258  291  
258  292  
258  293  
258  294  
258  295  
258  296  
258  297  
258  298  
258  299  
258  300  
258  301  
258  302  
258  303  
258  304  
258  305  
258  306  
258  307  
258  308  
258  309  
258  310  
258  311  
258  312  
258  313  
258  314  
258  315  
258  316  
258  317  
258  318  
258  319  
258  320  
258  321  
258  322  
258  323  
258  324  
258  325  
258  326  
258  327  
258  328  
259  329  
259  330  
259  331  
259  332  
259  333  
259  334  
259  335  
259  336  
259  337  
259  338  
259  339  
259  340  
259  341  
259  342  
259  343  
259  344  
259  345  
259  346  
259  347  
259  348  
259  349  
259  350  
259  351  
259  352  
259  353  
259  354  
259  355  
259  356  
259  357  
259  358  
259  359  
259  360  
259  361  
259  362  
259  363  
259  364  
259  365  
259  366  
259  367  
259  368  
259  369  
259  370  
259  371  
259  372  
259  373  
259  374  
259  375  
259  376  
259  377  
259  378  
259  379  
259  380  
259  381  
259  382  
259  383  
259  384  
259  385  
259  386  
259  387  
259  388  
259  389  
259  390  
259  391  
227  280  
227  281  
227  282  
227  283  
227  284  
227  285  
228  286  
228  287  
228  288  
228  289  
228  290  
228  291  
228  292  
228  293  
228  294  
228  295  
228  296  
228  297  
228  298  
229  299  
229  300  
229  301  
229  302  
229  303  
229  304  
229  305  
229  306  
229  307  
229  308  
229  309  
229  310  
229  311  
229  312  
229  313  
229  314  
229  315  
229  316  
229  317  
229  318  
229  319  
229  320  
229  321  
229  322  
229  323  
229  324  
229  325  
229  326  
229  327  
229  328  
229  329  
229  330  
229  331  
218  286  
218  287  
218  288  
218  289  
218  290  
218  291  
218  292  
218  293  
218  294  
218  295  
218  296  
218  297  
218  298  
218  299  
218  300  
218  301  
218  302  
218  303  
218  304  
218  305  
218  306  
218  307  
218  308  
218  309  
218  310  
218  311  
218  312  
218  313  
218  314  
218  315  
218  316  
218  317  
218  318  
218  319  
218  320  
218  321  
218  322  
218  323  
218  324  
218  325  
218  326  
218  327  
219  328  
219  329  
219  330  
219  331  
219  332  
219  333  
219  334  
219  335  
219  336  
219  337  
219  338  
219  339  
219  340  
219  341  
219  342  
219  343  
219  344  
219  345  
219  346  
219  347  
219  348  
219  349  
219  350  
219  351  
219  352  
219  353  
219  354  
219  355  
219  356  
219  357  
219  358  
219  359  
219  360  
219  361  
219  362  
219  363  
219  364  
219  365  
219  366  
219  367  
219  368  
219  369  
219  370  
219  371  
219  372  
219  373  
219  374  
219  375  
219  376  
219  377  
219  378  
219  379  
219  380  
218  381  
194  288  
194  289  
193  290  
193  291  
193  292  
193  293  
193  294  
193  295  
193  296  
193  297  
193  298  
193  299  
193  300  
192  301  
192  302  
192  303  
192  304  
192  305  
192  306  
192  307  
192  308  
192  309  
192  310  
192  311  
192  312  
192  313  
192  314  
193  315  
193  316  
193  317  
193  318  
193  319  
193  320  
193  321  
193  322  
193  323  
193  324  
193  325  
193  326  
193  327  
193  328  
183  296  
183  297  
183  298  
183  299  
183  300  
183  301  
183  302  
183  303  
183  304  
183  305  
183  306  
183  307  
183  308  
183  309  
184  310  
184  311  
184  312  
184  313  
184  314  
184  315  
184  316  
184  317  
184  318  
184  319  
184  320  
184  321  
184  322  
184  323  
184  324  
184  325  
184  326  
184  327  
184  328  
184  329  
184  330  
391  314  
391  315  
391  316  
391  317  
391  318  
391  319  
391  320  
391  321  
391  322  
391  323  
391  324  
391  325  
391  326  
391  327  
391  328  
391  329  
391  330  
391  331  
391  332  
391  333  
391  334  
391  335  
391  336  
391  337  
391  338  
391  339  
391  340  
391  341  
391  342  
391  343  
391  344  
392  345  
391  346  
391  347  
391  348  
152  315  
152  316  
152  317  
152  318  
153  319  
153  320  
153  321  
153  322  
153  323  
153  324  
153  325  
153  326  
153  327  
153  328  
153  329  
153  330  
153  331  
153  332  
153  333  
153  334  
153  335  
153  336  
153  337  
153  338  
153  339  
153  340  
153  341  
153  342  
153  343  
153  344  
153  345  
153  346  
153  347  
153  348  
153  349  
153  350  
153  351  
153  352  
153  353  
153  354  
153  355  
153  356  
153  357  
153  358  
153  359  
153  360  
153  361  
153  362  
153  363  
153  364  
153  365  
436  317  
436  318  
436  319  
436  320  
436  321  
436  322  
436  323  
436  324  
436  325  
436  326  
436  327  
437  328  
437  329  
437  330  
437  331  
437  332  
437  333  
437  334  
437  335  
437  336  
437  337  
437  338  
437  339  
437  340  
437  341  
437  342  
437  343  
437  344  
437  345  
427  320  
427  321  
427  322  
427  323  
427  324  
427  325  
427  326  
427  327  
427  328  
427  329  
427  330  
427  331  
427  332  
427  333  
427  334  
427  335  
427  336  
427  337  
427  338  
427  339  
427  340  
427  341  
431  320  
431  321  
431  322  
431  323  
431  324  
431  325  
431  326  
431  327  
431  328  
431  329  
431  330  
431  331  
431  332  
431  333  
431  334  
431  335  
431  336  
431  337  
431  338  
431  339  
431  340  
431  341  
125  325  
125  326  
125  327  
125  328  
125  329  
125  330  
125  331  
125  332  
125  333  
125  334  
125  335  
125  336  
125  337  
125  338  
125  339  
125  340  
125  341  
125  342  
125  343  
125  344  
165  333  
165  334  
165  335  
165  336  
165  337  
165  338  
165  339  
165  340  
165  341  
165  342  
165  343  
165  344  
165  345  
165  346  
165  347  
166  348  
166  349  
166  350  
166  351  
166  352  
166  353  
166  354  
166  355  
349  334  
349  335  
349  336  
349  337  
349  338  
349  339  
349  340  
349  341  
349  342  
349  343  
349  344  
349  345  
349  346  
349  347  
349  348  
349  349  
349  350  
349  351  
349  352  
349  353  
349  354  
349  355  
392  351  
391  352  
391  353  
391  354  
391  355  
391  356  
391  357  
391  358  
391  359  
391  360  
391  361  
391  362  
391  363  
391  364  
391  365  
391  366  
392  367  
391  368  
391  369  
391  370  
391  371  
427  378  
427  379  
427  380  
427  381  
427  382  
427  383  
427  384  
427  385  
427  386  
427  387  
427  388  
427  389  
427  390  
427  391  
427  392  
427  393  
427  394  
427  395  
427  396  
427  397  
427  398  
427  399  
427  400  
431  378  
431  379  
431  380  
431  381  
431  382  
431  383  
431  384  
431  385  
431  386  
431  387  
431  388  
431  389  
431  390  
431  391  
431  392  
431  393  
431  394  
431  395  
431  396  
431  397  
431  398  
431  399  
431  400  
391  387  
391  388  
391  389  
391  390  
391  391  
391  392  
391  393  
391  394  
391  395  
391  396  
391  397  
391  398  
391  399  
391  400  
391  401  
391  402  
390  403  
390  404  
390  405  
390  406  
390  407  
390  408  
390  409  
390  410  
390  411  
390  412  
390  413  
390  414  
390  415  
390  416  
390  417  
317  408  
318  408  
319  408  
320  408  
321  408  
322  408  
323  408  
324  408  
325  408  
326  408  
327  408  
328  409  
329  409  
330  409  
331  409  
332  409  
333  409  
334  409  
335  409  
336  409  
337  409  
428  420  
429  420  
430  420  
431  420  
432  420  
433  420  
434  420  
435  420  
436  420  
437  420  
438  421  
439  421  
440  421  
441  421  
442  421  
443  421  
444  421  
445  421  
446  421  
447  421  
448  421  
389  445  
389  446  
388  447  
388  448  
388  449  
388  450  
388  451  
388  452  
388  453  
388  454  
388  455  
388  456  
388  457  
388  458  
388  459  
387  460  
387  461  
388  462  
388  463  
387  464  
387  465  
386  466  
386  467  
374  455  
374  456  
375  457  
375  458  
375  459  
375  460  
375  461  
375  462  
375  463  
375  464  
375  465  
375  466  
375  467  
375  468  
375  469  
375  470  
375  471  
375  472  
375  473  
375  474  
375  475  
375  476  
375  477  
375  478  
