443  32  
443  33  
443  34  
443  35  
443  36  
443  37  
442  38  
442  39  
442  40  
442  41  
442  42  
442  43  
442  44  
442  45  
442  46  
442  47  
442  48  
442  49  
442  50  
442  51  
442  52  
442  53  
442  54  
442  55  
442  56  
442  57  
442  58  
442  59  
442  60  
442  61  
442  62  
442  63  
442  64  
442  65  
442  66  
442  67  
442  68  
441  69  
441  70  
441  71  
441  72  
441  73  
441  74  
441  75  
441  76  
441  77  
441  78  
441  79  
441  80  
441  81  
441  82  
441  83  
441  84  
441  85  
441  86  
441  87  
441  88  
441  89  
441  90  
441  91  
441  92  
441  93  
441  94  
441  95  
441  96  
441  97  
441  98  
441  99  
441  100  
441  101  
441  102  
441  103  
441  104  
441  105  
441  106  
441  107  
441  108  
441  109  
441  110  
441  111  
441  112  
440  113  
440  114  
440  115  
440  116  
440  117  
440  118  
440  119  
440  120  
440  121  
440  122  
440  123  
440  124  
440  125  
440  126  
440  127  
440  128  
440  129  
440  130  
440  131  
440  132  
440  133  
440  134  
440  135  
440  136  
440  137  
440  138  
440  139  
440  140  
440  141  
440  142  
440  143  
440  144  
440  145  
440  146  
440  147  
440  148  
440  149  
440  150  
440  151  
440  152  
440  153  
440  154  
440  155  
440  156  
440  157  
440  158  
440  159  
440  160  
440  161  
440  162  
440  163  
440  164  
440  165  
440  166  
440  167  
440  168  
440  169  
440  170  
440  171  
440  172  
440  173  
359  38  
360  38  
361  38  
362  38  
363  38  
364  38  
365  38  
366  38  
367  38  
368  38  
369  39  
370  39  
371  39  
372  39  
373  39  
374  39  
375  39  
376  39  
377  39  
378  39  
379  39  
380  39  
381  40  
382  40  
383  40  
384  40  
385  40  
386  40  
387  41  
388  41  
389  41  
390  41  
391  42  
392  42  
348  80  
349  80  
350  80  
351  80  
352  80  
353  80  
354  80  
355  80  
356  80  
357  80  
358  80  
359  80  
360  80  
361  80  
362  80  
363  80  
364  80  
365  80  
366  80  
367  80  
368  80  
369  80  
370  80  
371  80  
372  80  
342  81  
343  81  
344  81  
345  81  
346  81  
347  81  
373  81  
374  81  
375  81  
376  81  
377  81  
378  81  
379  81  
380  81  
381  81  
339  82  
340  82  
341  82  
337  83  
338  83  
383  82  
384  82  
385  82  
386  82  
387  82  
388  83  
389  83  
390  83  
391  83  
392  83  
393  83  
394  84  
395  84  
396  84  
397  84  
398  84  
399  84  
400  84  
401  84  
402  84  
403  84  
404  84  
405  85  
406  85  
407  85  
408  85  
409  85  
356  86  
357  86  
358  86  
355  87  
359  87  
360  87  
361  87  
362  87  
363  87  
364  87  
365  87  
366  87  
367  87  
368  87  
369  87  
370  87  
371  87  
354  88  
372  88  
354  89  
354  90  
199  116  
200  116  
201  116  
202  116  
203  116  
204  116  
205  116  
206  116  
207  116  
208  116  
209  116  
210  116  
190  117  
191  117  
192  117  
193  117  
194  117  
195  117  
196  117  
197  117  
198  117  
211  117  
212  117  
213  117  
214  117  
215  117  
216  117  
217  117  
218  117  
219  117  
220  117  
221  117  
222  117  
223  117  
224  117  
169  118  
170  118  
171  118  
172  118  
173  118  
174  118  
175  118  
176  118  
177  118  
178  118  
179  118  
180  118  
181  118  
182  118  
183  118  
184  118  
185  118  
186  118  
187  118  
188  118  
189  118  
225  118  
226  118  
227  118  
228  118  
229  118  
230  118  
231  118  
232  119  
233  119  
234  119  
235  119  
236  119  
237  119  
238  120  
239  120  
184  126  
185  126  
183  127  
181  128  
182  128  
178  129  
179  129  
180  129  
175  130  
176  130  
177  130  
172  131  
173  131  
174  131  
168  132  
169  132  
170  132  
171  132  
166  133  
167  133  
163  141  
163  142  
163  143  
163  144  
163  145  
164  146  
164  147  
164  148  
164  149  
164  150  
164  151  
165  152  
165  153  
165  154  
165  155  
165  156  
165  157  
165  158  
166  159  
166  160  
166  161  
166  162  
166  163  
166  164  
166  165  
166  166  
166  167  
167  168  
167  169  
167  170  
167  171  
167  172  
167  173  
167  174  
156  142  
156  143  
156  144  
156  145  
157  146  
157  147  
157  148  
157  149  
157  150  
157  151  
157  152  
158  153  
158  154  
158  155  
158  156  
158  157  
158  158  
159  159  
159  160  
159  161  
159  162  
159  163  
159  164  
159  165  
159  166  
159  167  
159  168  
160  169  
160  170  
160  171  
160  172  
160  173  
160  174  
160  175  
127  167  
128  168  
129  168  
130  168  
131  168  
132  169  
133  169  
134  169  
135  169  
136  169  
137  169  
138  169  
139  170  
140  170  
141  170  
142  170  
143  170  
144  170  
145  170  
146  170  
147  170  
82  180  
80  181  
81  181  
79  182  
78  183  
76  184  
77  184  
75  185  
74  186  
73  187  
72  188  
71  189  
70  190  
69  191  
68  192  
66  193  
67  193  
65  194  
64  195  
63  196  
62  197  
61  198  
59  199  
60  199  
58  200  
57  201  
56  202  
54  203  
55  203  
53  204  
52  205  
51  206  
50  207  
49  208  
47  209  
48  209  
46  210  
45  211  
44  212  
43  213  
42  214  
439  182  
439  183  
439  184  
439  185  
439  186  
439  187  
439  188  
439  189  
439  190  
439  191  
439  192  
439  193  
439  194  
439  195  
439  196  
439  197  
439  198  
439  199  
439  200  
439  201  
439  202  
439  203  
439  204  
439  205  
439  206  
439  207  
439  208  
439  209  
439  210  
439  211  
439  212  
439  213  
439  214  
439  215  
439  216  
439  217  
439  218  
439  219  
439  220  
439  221  
439  222  
439  223  
439  224  
439  225  
439  226  
439  227  
439  228  
400  184  
401  184  
402  184  
403  184  
404  184  
405  184  
406  184  
407  184  
408  184  
409  184  
410  184  
411  184  
412  184  
394  185  
395  185  
396  185  
397  185  
398  185  
399  185  
389  186  
390  186  
391  186  
392  186  
393  186  
384  187  
385  187  
386  187  
387  187  
388  187  
378  188  
379  188  
380  188  
381  188  
382  188  
383  188  
374  189  
375  189  
376  189  
377  189  
368  190  
369  190  
370  190  
371  190  
372  190  
373  190  
362  191  
363  191  
364  191  
365  191  
366  191  
367  191  
357  192  
358  192  
359  192  
360  192  
361  192  
353  193  
354  193  
355  193  
356  193  
197  185  
197  186  
198  187  
198  188  
198  189  
198  190  
199  191  
199  192  
199  193  
199  194  
200  195  
200  196  
200  197  
200  198  
201  199  
201  200  
201  201  
202  202  
202  203  
202  204  
203  205  
203  206  
349  187  
350  187  
351  187  
352  187  
346  188  
347  188  
348  188  
343  189  
344  189  
345  189  
339  190  
340  190  
341  190  
342  190  
336  191  
337  191  
338  191  
333  192  
334  192  
335  192  
330  193  
331  193  
332  193  
327  194  
328  194  
329  194  
326  195  
324  196  
325  196  
332  188  
333  188  
334  188  
330  189  
331  189  
327  190  
328  190  
329  190  
324  191  
325  191  
326  191  
322  192  
323  192  
319  193  
320  193  
321  193  
317  194  
318  194  
313  195  
314  195  
315  195  
316  195  
172  192  
172  193  
172  194  
173  195  
173  196  
174  197  
174  198  
174  199  
175  200  
175  201  
176  202  
176  203  
177  204  
177  205  
178  206  
178  207  
179  208  
179  209  
180  210  
181  211  
181  212  
182  213  
182  214  
183  215  
184  216  
427  194  
427  195  
427  196  
427  197  
427  198  
427  199  
427  200  
427  201  
427  202  
427  203  
427  204  
427  205  
427  206  
427  207  
427  208  
427  209  
427  210  
427  211  
427  212  
427  213  
427  214  
427  215  
427  216  
427  217  
427  218  
427  219  
427  220  
427  221  
427  222  
427  223  
427  224  
427  225  
427  226  
427  227  
427  228  
427  229  
427  230  
427  231  
427  232  
427  233  
427  234  
427  235  
427  236  
427  237  
427  238  
427  239  
427  240  
427  241  
427  242  
427  243  
427  244  
427  245  
427  246  
427  247  
427  248  
427  249  
427  250  
427  251  
427  252  
427  253  
427  254  
427  255  
427  256  
427  257  
427  258  
427  259  
427  260  
427  261  
427  262  
427  263  
427  264  
427  265  
427  266  
295  197  
295  198  
295  199  
295  200  
294  201  
294  202  
294  203  
294  204  
293  205  
293  206  
293  207  
293  208  
292  209  
292  210  
292  211  
292  212  
291  213  
291  214  
291  215  
291  216  
290  217  
290  218  
338  199  
332  200  
333  200  
334  200  
335  200  
336  200  
337  200  
319  201  
320  201  
321  201  
322  201  
323  201  
324  201  
325  201  
326  201  
327  201  
328  201  
329  201  
330  201  
331  201  
38  224  
39  225  
39  226  
39  227  
39  228  
40  229  
40  230  
41  231  
41  232  
41  233  
41  234  
42  235  
42  236  
43  237  
43  238  
43  239  
44  240  
44  241  
44  242  
45  243  
45  244  
45  245  
46  246  
46  247  
46  248  
47  249  
47  250  
47  251  
48  252  
48  253  
48  254  
49  255  
49  256  
49  257  
50  258  
50  259  
50  260  
51  261  
51  262  
51  263  
52  264  
52  265  
53  266  
219  238  
220  238  
216  239  
217  239  
218  239  
221  239  
222  239  
223  239  
224  239  
225  239  
226  239  
227  239  
228  239  
229  239  
230  239  
231  239  
232  240  
233  240  
234  240  
235  240  
236  240  
237  240  
238  240  
239  240  
240  241  
241  241  
242  241  
243  241  
244  241  
245  241  
246  241  
247  241  
248  242  
249  242  
439  242  
439  243  
439  244  
439  245  
439  246  
439  247  
439  248  
439  249  
439  250  
439  251  
439  252  
439  253  
439  254  
439  255  
439  256  
439  257  
439  258  
439  259  
439  260  
439  261  
439  262  
439  263  
439  264  
439  265  
439  266  
439  267  
439  268  
439  269  
439  270  
439  271  
439  272  
439  273  
439  274  
439  275  
439  276  
439  277  
439  278  
439  279  
439  280  
439  281  
439  282  
439  283  
439  284  
439  285  
439  286  
439  287  
439  288  
439  289  
439  290  
439  291  
439  292  
440  293  
440  294  
440  295  
440  296  
440  297  
440  298  
440  299  
440  300  
440  301  
440  302  
440  303  
440  304  
440  305  
440  306  
440  307  
440  308  
440  309  
440  310  
440  311  
440  312  
440  313  
440  314  
441  315  
441  316  
441  317  
441  318  
441  319  
441  320  
441  321  
441  322  
441  323  
441  324  
441  325  
441  326  
161  249  
159  250  
160  250  
158  251  
156  252  
157  252  
155  253  
154  254  
153  255  
151  256  
152  256  
150  257  
149  258  
148  259  
147  260  
146  261  
145  262  
144  263  
143  264  
142  265  
141  266  
140  267  
139  268  
139  269  
138  270  
137  271  
136  272  
135  273  
134  274  
133  275  
132  276  
131  277  
131  278  
130  279  
129  280  
128  281  
127  282  
126  283  
126  284  
125  285  
124  286  
123  287  
123  288  
122  289  
121  290  
120  291  
120  292  
119  293  
118  294  
117  295  
117  296  
116  297  
115  298  
152  251  
151  252  
149  253  
150  253  
148  254  
147  255  
145  256  
146  256  
144  257  
143  258  
142  259  
141  260  
140  261  
139  262  
138  263  
137  264  
135  265  
136  265  
134  266  
133  267  
133  268  
132  269  
131  270  
354  266  
355  266  
356  266  
357  267  
358  267  
359  267  
360  267  
361  268  
362  268  
363  268  
364  269  
365  269  
366  269  
367  269  
368  269  
369  270  
370  270  
371  270  
372  270  
373  270  
374  271  
375  271  
376  271  
377  272  
378  272  
379  272  
380  273  
381  273  
382  273  
383  273  
384  274  
385  274  
386  274  
387  275  
388  275  
389  275  
390  276  
391  276  
392  276  
393  277  
394  277  
395  277  
396  277  
321  267  
322  267  
323  267  
324  267  
325  267  
326  267  
327  268  
328  268  
329  268  
330  268  
331  268  
332  269  
333  269  
334  269  
335  270  
336  270  
337  270  
338  271  
339  271  
340  271  
341  272  
342  272  
343  272  
344  273  
345  273  
346  273  
347  273  
348  274  
349  274  
350  274  
351  274  
352  274  
353  275  
354  275  
355  275  
356  276  
357  276  
358  276  
359  277  
360  277  
361  277  
362  278  
363  278  
364  278  
365  278  
366  279  
367  279  
368  279  
369  280  
370  280  
371  280  
372  281  
373  281  
374  281  
375  282  
376  282  
377  283  
378  284  
129  272  
128  273  
127  274  
126  275  
125  276  
124  277  
123  278  
123  279  
122  280  
121  281  
121  282  
120  283  
119  284  
119  285  
118  286  
117  287  
116  288  
115  289  
114  290  
114  291  
113  292  
112  293  
111  294  
110  295  
110  296  
109  297  
108  298  
107  299  
374  284  
359  285  
360  285  
361  285  
362  285  
363  285  
364  285  
365  285  
366  285  
367  285  
368  285  
369  285  
370  285  
371  285  
372  285  
373  285  
353  286  
354  286  
355  286  
356  286  
357  286  
358  286  
386  285  
387  285  
407  285  
408  285  
409  285  
410  285  
388  286  
389  286  
390  286  
391  286  
392  286  
393  286  
394  286  
395  286  
396  286  
397  286  
398  286  
399  286  
400  286  
401  286  
402  286  
403  286  
404  286  
405  286  
406  286  
115  310  
116  311  
117  312  
118  313  
118  314  
119  315  
120  316  
121  317  
122  318  
123  319  
124  320  
125  321  
126  322  
127  323  
128  324  
128  325  
129  326  
130  327  
131  328  
132  329  
133  330  
133  331  
134  332  
135  333  
136  334  
137  335  
138  336  
139  337  
140  338  
141  339  
142  340  
143  341  
144  342  
145  343  
146  344  
147  345  
148  346  
149  347  
150  348  
151  349  
152  349  
153  350  
154  351  
155  352  
156  353  
157  353  
158  354  
277  311  
277  312  
277  313  
277  314  
277  315  
277  316  
277  317  
277  318  
277  319  
277  320  
277  321  
277  322  
277  323  
277  324  
277  325  
277  326  
277  327  
277  328  
277  329  
278  330  
43  327  
42  328  
42  329  
41  330  
41  331  
41  332  
40  333  
40  334  
39  335  
39  336  
39  337  
38  338  
38  339  
38  340  
37  341  
37  342  
37  343  
36  344  
36  345  
36  346  
35  347  
35  348  
35  349  
35  350  
35  351  
34  352  
34  353  
34  354  
33  355  
33  356  
33  357  
33  358  
32  359  
32  360  
32  361  
441  328  
441  329  
441  330  
441  331  
441  332  
441  333  
441  334  
441  335  
441  336  
441  337  
441  338  
441  339  
440  340  
440  341  
440  342  
440  343  
440  344  
440  345  
440  346  
440  347  
440  348  
440  349  
440  350  
440  351  
440  352  
440  353  
440  354  
440  355  
440  356  
440  357  
440  358  
440  359  
440  360  
440  361  
440  362  
440  363  
440  364  
440  365  
440  366  
440  367  
440  368  
441  369  
441  370  
441  371  
441  372  
441  373  
441  374  
441  375  
441  376  
441  377  
441  378  
441  379  
441  380  
441  381  
441  382  
441  383  
441  384  
441  385  
441  386  
441  387  
441  388  
441  389  
441  390  
441  391  
441  392  
441  393  
441  394  
441  395  
441  396  
441  397  
441  398  
441  399  
441  400  
441  401  
441  402  
441  403  
441  404  
441  405  
441  406  
441  407  
441  408  
441  409  
441  410  
441  411  
441  412  
441  413  
441  414  
441  415  
441  416  
441  417  
441  418  
441  419  
441  420  
441  421  
441  422  
441  423  
441  424  
441  425  
441  426  
441  427  
441  428  
441  429  
441  430  
441  431  
441  432  
441  433  
441  434  
441  435  
441  436  
441  437  
441  438  
441  439  
441  440  
441  441  
441  442  
441  443  
441  444  
441  445  
441  446  
441  447  
441  448  
441  449  
441  450  
441  451  
441  452  
441  453  
441  454  
441  455  
441  456  
441  457  
441  458  
441  459  
441  460  
441  461  
441  462  
441  463  
441  464  
441  465  
441  466  
441  467  
441  468  
441  469  
441  470  
441  471  
441  472  
441  473  
441  474  
441  475  
441  476  
441  477  
441  478  
441  479  
441  480  
441  481  
441  482  
441  483  
441  484  
441  485  
441  486  
441  487  
441  488  
441  489  
441  490  
441  491  
441  492  
441  493  
441  494  
441  495  
441  496  
441  497  
441  498  
441  499  
441  500  
441  501  
441  502  
441  503  
441  504  
441  505  
441  506  
441  507  
441  508  
441  509  
441  510  
441  511  
441  512  
441  513  
441  514  
441  515  
441  516  
441  517  
441  518  
441  519  
441  520  
441  521  
441  522  
441  523  
441  524  
441  525  
441  526  
441  527  
441  528  
441  529  
441  530  
441  531  
441  532  
441  533  
441  534  
441  535  
441  536  
441  537  
441  538  
441  539  
441  540  
441  541  
441  542  
441  543  
441  544  
441  545  
441  546  
441  547  
441  548  
441  549  
441  550  
441  551  
441  552  
441  553  
441  554  
441  555  
441  556  
441  557  
441  558  
441  559  
441  560  
441  561  
441  562  
441  563  
441  564  
441  565  
441  566  
441  567  
441  568  
441  569  
441  570  
441  571  
441  572  
441  573  
441  574  
441  575  
441  576  
442  577  
442  578  
442  579  
442  580  
442  581  
442  582  
442  583  
442  584  
442  585  
442  586  
442  587  
442  588  
442  589  
442  590  
442  591  
442  592  
442  593  
442  594  
442  595  
442  596  
442  597  
442  598  
442  599  
442  600  
442  601  
442  602  
442  603  
442  604  
442  605  
442  606  
442  607  
442  608  
44  339  
44  340  
43  341  
43  342  
43  343  
43  344  
42  345  
42  346  
42  347  
42  348  
42  349  
41  350  
41  351  
41  352  
41  353  
40  354  
40  355  
40  356  
40  357  
40  358  
39  359  
39  360  
39  361  
39  362  
39  363  
38  364  
38  365  
38  366  
38  367  
38  368  
37  369  
37  370  
37  371  
37  372  
37  373  
36  374  
36  375  
418  379  
419  379  
420  379  
421  379  
412  380  
413  380  
414  380  
415  380  
416  380  
417  380  
409  381  
410  381  
411  381  
404  382  
405  382  
406  382  
407  382  
408  382  
398  383  
399  383  
400  383  
401  383  
402  383  
403  383  
394  384  
395  384  
396  384  
397  384  
38  380  
39  381  
40  382  
41  382  
42  383  
43  384  
44  384  
45  385  
46  386  
47  387  
48  388  
49  388  
50  389  
51  390  
52  391  
53  391  
54  392  
55  393  
56  394  
57  395  
58  396  
59  397  
60  398  
61  398  
62  399  
63  400  
64  401  
65  402  
66  403  
67  403  
68  404  
69  405  
70  406  
71  407  
72  407  
73  408  
74  409  
75  409  
76  410  
77  411  
78  411  
79  412  
80  413  
81  413  
82  414  
428  386  
428  387  
428  388  
428  389  
428  390  
428  391  
428  392  
428  393  
428  394  
428  395  
428  396  
428  397  
428  398  
428  399  
428  400  
428  401  
428  402  
428  403  
428  404  
428  405  
428  406  
428  407  
428  408  
428  409  
428  410  
428  411  
428  412  
428  413  
428  414  
428  415  
428  416  
428  417  
428  418  
428  419  
428  420  
428  421  
428  422  
428  423  
428  424  
428  425  
428  426  
428  427  
428  428  
428  429  
428  430  
428  431  
428  432  
428  433  
428  434  
428  435  
428  436  
428  437  
428  438  
428  439  
428  440  
428  441  
428  442  
428  443  
428  444  
428  445  
428  446  
428  447  
428  448  
428  449  
428  450  
428  451  
428  452  
428  453  
187  392  
186  393  
185  394  
185  395  
184  396  
184  397  
183  398  
182  399  
182  400  
181  401  
181  402  
180  403  
180  404  
179  405  
179  406  
178  407  
178  408  
177  409  
177  410  
177  411  
176  412  
176  413  
176  414  
175  415  
175  416  
175  417  
174  418  
174  419  
173  420  
173  421  
173  422  
172  423  
172  424  
172  425  
171  426  
171  427  
171  428  
170  429  
170  430  
170  431  
170  432  
169  433  
169  434  
169  435  
169  436  
168  437  
168  438  
168  439  
168  440  
168  441  
167  442  
167  443  
167  444  
167  445  
167  446  
166  406  
165  407  
163  408  
164  408  
161  409  
162  409  
160  410  
158  411  
159  411  
156  412  
157  412  
154  413  
155  413  
152  414  
153  414  
150  415  
151  415  
148  416  
149  416  
145  417  
146  417  
147  417  
142  418  
143  418  
144  418  
139  419  
140  419  
141  419  
129  420  
134  420  
135  420  
136  420  
137  420  
138  420  
130  421  
131  421  
132  421  
133  421  
166  417  
166  418  
166  419  
165  420  
165  421  
165  422  
165  423  
164  424  
164  425  
164  426  
164  427  
164  428  
163  429  
163  430  
163  431  
163  432  
163  433  
163  434  
162  435  
162  436  
162  437  
162  438  
161  439  
161  440  
401  417  
402  417  
403  417  
404  417  
405  417  
406  417  
407  417  
408  417  
409  417  
410  417  
411  417  
412  417  
413  417  
414  417  
415  417  
416  417  
396  418  
397  418  
398  418  
399  418  
400  418  
114  424  
115  424  
116  424  
117  424  
118  424  
119  424  
120  424  
121  424  
122  424  
123  425  
124  425  
125  425  
126  425  
127  425  
128  425  
129  425  
130  425  
131  425  
132  425  
133  425  
134  425  
135  425  
136  425  
137  425  
138  425  
139  425  
140  426  
141  426  
142  426  
143  426  
144  426  
145  426  
146  426  
147  426  
341  437  
342  437  
343  437  
344  437  
345  437  
346  437  
347  437  
348  437  
349  437  
350  437  
351  437  
352  437  
353  438  
354  438  
355  438  
356  438  
357  438  
358  438  
359  438  
360  438  
361  438  
362  439  
363  439  
364  439  
365  439  
366  439  
367  439  
368  439  
369  440  
370  440  
371  440  
372  440  
373  440  
100  447  
100  448  
100  449  
101  450  
101  451  
102  452  
102  453  
103  454  
103  455  
104  456  
104  457  
104  458  
105  459  
105  460  
106  461  
106  462  
107  463  
107  464  
108  465  
108  466  
109  467  
109  468  
110  469  
110  470  
111  471  
111  472  
112  473  
113  474  
109  452  
109  453  
110  454  
110  455  
111  456  
111  457  
112  458  
112  459  
113  460  
113  461  
114  462  
114  463  
115  464  
115  465  
116  466  
116  467  
117  468  
117  469  
118  470  
118  471  
119  472  
119  473  
120  474  
120  475  
121  476  
121  477  
285  457  
286  457  
287  457  
309  457  
310  457  
311  457  
284  458  
288  458  
289  458  
290  458  
291  458  
292  458  
293  458  
294  458  
295  458  
296  458  
297  458  
298  458  
299  458  
300  458  
301  458  
302  458  
303  458  
304  458  
305  458  
306  458  
307  458  
308  458  
169  468  
170  468  
171  468  
172  468  
173  468  
174  468  
175  468  
176  468  
177  468  
178  468  
179  468  
180  468  
181  468  
182  469  
183  469  
184  469  
185  469  
186  469  
187  469  
188  469  
189  469  
190  469  
191  470  
192  470  
193  470  
194  470  
195  470  
196  470  
197  470  
198  471  
199  471  
200  471  
201  471  
202  471  
203  471  
204  471  
205  471  
206  472  
207  472  
208  472  
378  545  
379  545  
380  545  
381  545  
382  545  
383  546  
384  546  
385  546  
386  546  
387  546  
388  546  
389  546  
390  546  
391  546  
392  546  
393  546  
394  546  
395  546  
396  546  
397  546  
398  546  
399  546  
400  546  
401  546  
374  581  
375  581  
376  581  
377  581  
378  581  
379  581  
365  582  
366  582  
367  582  
368  582  
369  582  
370  582  
371  582  
372  582  
373  582  
359  583  
360  583  
361  583  
362  583  
363  583  
364  583  
353  584  
354  584  
355  584  
356  584  
357  584  
358  584  
302  595  
303  595  
304  595  
305  595  
306  595  
298  596  
299  596  
300  596  
301  596  
293  597  
294  597  
295  597  
296  597  
297  597  
288  598  
289  598  
290  598  
291  598  
292  598  
285  599  
286  599  
287  599  
281  600  
282  600  
283  600  
284  600  
277  601  
278  601  
279  601  
280  601  
320  596  
321  596  
322  597  
323  597  
324  598  
325  598  
326  598  
327  599  
328  599  
329  600  
330  600  
331  600  
332  601  
333  601  
334  602  
335  602  
336  603  
337  603  
338  604  
339  604  
340  605  
341  605  
342  606  
343  606  
344  607  
345  607  
346  608  
347  608  
348  608  
