410  32  
410  33  
410  34  
410  35  
410  36  
410  37  
410  38  
410  39  
410  40  
410  41  
410  42  
410  43  
410  44  
410  45  
410  46  
410  47  
410  48  
410  49  
410  50  
410  51  
410  52  
410  53  
409  54  
409  55  
409  56  
409  57  
409  58  
409  59  
409  60  
409  61  
409  62  
409  63  
409  64  
409  65  
409  66  
409  67  
423  32  
423  33  
423  34  
423  35  
423  36  
423  37  
423  38  
423  39  
423  40  
423  41  
423  42  
423  43  
423  44  
423  45  
423  46  
423  47  
423  48  
423  49  
423  50  
423  51  
423  52  
423  53  
423  54  
423  55  
423  56  
423  57  
422  58  
422  59  
422  60  
422  61  
422  62  
422  63  
422  64  
422  65  
422  66  
422  67  
422  68  
422  69  
422  70  
422  71  
422  72  
422  73  
422  74  
422  75  
422  76  
421  77  
421  78  
422  79  
422  80  
422  81  
422  82  
421  83  
421  84  
421  85  
441  32  
441  33  
441  34  
441  35  
441  36  
441  37  
441  38  
441  39  
441  40  
441  41  
441  42  
441  43  
441  44  
441  45  
440  46  
441  47  
441  48  
440  49  
440  50  
440  51  
440  52  
440  53  
440  54  
440  55  
440  56  
440  57  
440  58  
440  59  
440  60  
440  61  
440  62  
292  40  
293  40  
294  40  
295  40  
296  40  
297  40  
298  40  
299  40  
300  40  
301  40  
302  40  
303  40  
304  40  
305  40  
306  40  
307  41  
308  41  
309  41  
310  41  
311  41  
312  41  
313  41  
314  41  
315  41  
316  41  
317  41  
318  41  
319  41  
320  41  
321  41  
322  41  
323  41  
324  41  
325  41  
326  41  
327  41  
328  41  
329  41  
330  41  
331  41  
165  47  
166  47  
167  47  
168  47  
169  47  
170  47  
171  47  
172  47  
173  47  
174  47  
175  47  
176  47  
177  47  
178  47  
179  47  
180  47  
181  47  
182  47  
183  47  
184  47  
185  48  
186  48  
193  47  
194  47  
195  47  
196  47  
197  47  
198  47  
199  47  
200  47  
201  47  
202  47  
203  47  
204  47  
205  47  
206  47  
207  47  
208  47  
209  47  
210  47  
211  47  
212  47  
213  47  
191  48  
192  48  
71  67  
71  68  
71  69  
70  70  
70  71  
70  72  
69  73  
69  74  
69  75  
69  76  
68  77  
68  78  
68  79  
67  80  
67  81  
67  82  
66  83  
66  84  
66  85  
65  86  
65  87  
65  88  
64  89  
64  90  
64  91  
64  92  
63  93  
63  94  
63  95  
63  96  
62  97  
62  98  
62  99  
62  100  
61  101  
61  102  
61  103  
61  104  
60  105  
60  106  
60  107  
60  108  
60  109  
60  110  
59  111  
59  112  
59  113  
59  114  
59  115  
59  116  
408  76  
408  77  
408  78  
408  79  
408  80  
408  81  
408  82  
408  83  
408  84  
408  85  
408  86  
408  87  
408  88  
407  89  
407  90  
408  91  
408  92  
408  93  
407  94  
407  95  
407  96  
407  97  
407  98  
407  99  
407  100  
407  101  
407  102  
407  103  
407  104  
407  105  
407  106  
407  107  
407  108  
407  109  
407  110  
407  111  
407  112  
407  113  
407  114  
407  115  
407  116  
406  117  
406  118  
406  119  
406  120  
406  121  
406  122  
406  123  
406  124  
406  125  
406  126  
406  127  
406  128  
406  129  
406  130  
406  131  
406  132  
406  133  
406  134  
406  135  
406  136  
406  137  
421  95  
421  96  
421  97  
421  98  
421  99  
421  100  
421  101  
421  102  
421  103  
421  104  
421  105  
421  106  
421  107  
420  108  
420  109  
420  110  
420  111  
420  112  
420  113  
420  114  
420  115  
420  116  
420  117  
420  118  
420  119  
420  120  
420  121  
420  122  
438  98  
438  99  
438  100  
438  101  
438  102  
438  103  
438  104  
438  105  
438  106  
438  107  
438  108  
438  109  
438  110  
438  111  
438  112  
438  113  
438  114  
438  115  
438  116  
438  117  
438  118  
437  119  
437  120  
437  121  
437  122  
437  123  
437  124  
437  125  
437  126  
437  127  
437  128  
437  129  
32  101  
33  101  
34  102  
35  102  
36  102  
37  102  
38  102  
39  102  
40  102  
41  102  
42  102  
43  102  
44  102  
45  102  
46  102  
47  103  
48  103  
49  103  
50  103  
51  103  
52  103  
56  103  
53  104  
54  104  
55  104  
68  120  
69  121  
70  122  
71  123  
72  124  
73  125  
73  126  
74  127  
75  128  
76  129  
77  130  
78  131  
78  132  
79  133  
80  134  
81  135  
82  136  
82  137  
83  138  
84  139  
85  140  
86  141  
87  142  
88  143  
89  144  
90  145  
91  146  
92  146  
93  147  
94  148  
95  149  
96  150  
97  151  
98  151  
99  152  
100  153  
101  153  
102  154  
103  155  
104  155  
105  156  
106  157  
107  157  
108  158  
135  129  
136  129  
137  129  
138  129  
139  129  
140  129  
141  129  
142  129  
143  129  
144  129  
145  129  
146  129  
147  129  
148  129  
149  129  
150  129  
151  129  
152  129  
153  130  
154  130  
155  130  
156  130  
157  130  
142  141  
143  141  
144  141  
145  141  
146  141  
138  142  
139  142  
140  142  
141  142  
133  143  
134  143  
135  143  
136  143  
137  143  
127  144  
128  144  
129  144  
130  144  
131  144  
132  144  
87  148  
88  148  
89  149  
90  150  
91  151  
92  152  
93  152  
94  153  
95  154  
96  155  
97  155  
98  156  
99  157  
100  158  
101  158  
102  159  
103  159  
104  160  
105  161  
106  162  
115  161  
116  161  
117  162  
118  162  
119  162  
120  162  
121  163  
122  163  
123  163  
124  164  
125  164  
126  164  
127  164  
128  165  
129  165  
130  165  
131  165  
132  165  
133  165  
134  166  
135  166  
136  166  
137  166  
419  164  
419  165  
419  166  
419  167  
419  168  
419  169  
418  170  
418  171  
418  172  
418  173  
418  174  
418  175  
418  176  
418  177  
418  178  
418  179  
418  180  
418  181  
418  182  
418  183  
418  184  
418  185  
418  186  
418  187  
418  188  
418  189  
418  190  
418  191  
418  192  
418  193  
418  194  
417  195  
417  196  
417  197  
417  198  
417  199  
417  200  
417  201  
417  202  
417  203  
417  204  
417  205  
417  206  
417  207  
417  208  
417  209  
417  210  
417  211  
417  212  
417  213  
417  214  
417  215  
417  216  
417  217  
417  218  
417  219  
417  220  
417  221  
417  222  
417  223  
417  224  
417  225  
417  226  
417  227  
417  228  
417  229  
417  230  
417  231  
417  232  
417  233  
417  234  
417  235  
417  236  
417  237  
417  238  
417  239  
417  240  
417  241  
417  242  
417  243  
417  244  
417  245  
417  246  
417  247  
417  248  
417  249  
417  250  
417  251  
417  252  
417  253  
417  254  
417  255  
417  256  
417  257  
417  258  
417  259  
417  260  
417  261  
417  262  
417  263  
417  264  
417  265  
417  266  
417  267  
417  268  
417  269  
404  174  
404  175  
404  176  
404  177  
404  178  
404  179  
404  180  
404  181  
404  182  
404  183  
404  184  
404  185  
404  186  
404  187  
404  188  
404  189  
404  190  
404  191  
404  192  
404  193  
404  194  
404  195  
404  196  
404  197  
404  198  
404  199  
404  200  
404  201  
404  202  
404  203  
404  204  
404  205  
404  206  
404  207  
404  208  
404  209  
404  210  
404  211  
404  212  
404  213  
404  214  
404  215  
404  216  
404  217  
404  218  
404  219  
404  220  
404  221  
404  222  
404  223  
404  224  
403  225  
403  226  
403  227  
403  228  
403  229  
403  230  
403  231  
403  232  
403  233  
403  234  
403  235  
403  236  
403  237  
45  181  
44  182  
44  183  
44  184  
44  185  
44  186  
44  187  
44  188  
44  189  
44  190  
44  191  
43  192  
43  193  
43  194  
43  195  
43  196  
43  197  
43  198  
43  199  
43  200  
43  201  
43  202  
43  203  
43  204  
42  205  
42  206  
42  207  
42  208  
42  209  
42  210  
42  211  
41  212  
41  213  
41  214  
41  215  
41  216  
41  217  
40  218  
40  219  
40  220  
40  221  
41  222  
40  223  
40  224  
50  190  
50  191  
50  192  
50  193  
50  194  
50  195  
50  196  
50  197  
50  198  
50  199  
50  200  
50  201  
50  202  
49  203  
49  204  
49  205  
49  206  
49  207  
49  208  
49  209  
49  210  
48  211  
48  212  
48  213  
353  197  
353  198  
352  199  
352  200  
352  201  
352  202  
352  203  
352  204  
352  205  
352  206  
352  207  
352  208  
352  209  
352  210  
352  211  
352  212  
352  213  
352  214  
352  215  
352  216  
352  217  
352  218  
351  219  
351  220  
351  221  
351  222  
351  223  
351  224  
351  225  
351  226  
351  227  
351  228  
351  229  
351  230  
351  231  
351  232  
351  233  
351  234  
351  235  
351  236  
351  237  
351  238  
351  239  
351  240  
351  241  
351  242  
351  243  
351  244  
351  245  
351  246  
351  247  
351  248  
351  249  
351  250  
351  251  
351  252  
351  253  
351  254  
351  255  
351  256  
351  257  
351  258  
351  259  
351  260  
351  261  
351  262  
351  263  
351  264  
351  265  
351  266  
351  267  
351  268  
351  269  
351  270  
350  271  
350  272  
350  273  
350  274  
350  275  
350  276  
350  277  
350  278  
350  279  
350  280  
350  281  
350  282  
350  283  
44  249  
43  250  
43  251  
43  252  
43  253  
43  254  
43  255  
43  256  
42  257  
42  258  
42  259  
42  260  
42  261  
42  262  
42  263  
42  264  
42  265  
42  266  
42  267  
42  268  
42  269  
42  270  
42  271  
42  272  
42  273  
42  274  
42  275  
42  276  
42  277  
42  278  
42  279  
42  280  
42  281  
42  282  
42  283  
42  284  
42  285  
42  286  
42  287  
42  288  
42  289  
42  290  
42  291  
42  292  
42  293  
42  294  
41  295  
41  296  
41  297  
39  250  
39  251  
39  252  
39  253  
39  254  
39  255  
39  256  
38  257  
38  258  
38  259  
38  260  
38  261  
38  262  
38  263  
38  264  
38  265  
38  266  
38  267  
38  268  
38  269  
38  270  
38  271  
38  272  
38  273  
38  274  
38  275  
38  276  
38  277  
38  278  
38  279  
38  280  
38  281  
38  282  
38  283  
38  284  
38  285  
38  286  
38  287  
38  288  
37  289  
37  290  
37  291  
403  256  
403  257  
403  258  
403  259  
403  260  
403  261  
403  262  
403  263  
403  264  
403  265  
403  266  
403  267  
403  268  
403  269  
403  270  
403  271  
403  272  
403  273  
403  274  
403  275  
403  276  
435  270  
435  271  
435  272  
435  273  
435  274  
435  275  
435  276  
435  277  
435  278  
435  279  
435  280  
435  281  
435  282  
435  283  
435  284  
435  285  
435  286  
435  287  
435  288  
435  289  
435  290  
435  291  
435  292  
435  293  
403  282  
403  283  
403  284  
403  285  
403  286  
403  287  
403  288  
403  289  
403  290  
403  291  
403  292  
403  293  
403  294  
403  295  
403  296  
403  297  
403  298  
403  299  
403  300  
403  301  
403  302  
115  284  
116  284  
117  285  
118  285  
119  285  
120  286  
121  286  
122  286  
123  286  
124  287  
125  287  
126  287  
127  287  
128  288  
129  288  
130  288  
131  289  
132  289  
133  289  
134  289  
135  289  
346  287  
345  288  
347  288  
344  289  
344  290  
344  291  
344  292  
344  293  
344  294  
343  295  
343  296  
343  297  
343  298  
343  299  
343  300  
343  301  
343  302  
343  303  
343  304  
343  305  
343  306  
343  307  
343  308  
344  309  
344  310  
344  311  
344  312  
122  291  
123  291  
124  291  
125  292  
126  292  
127  292  
128  293  
129  293  
130  293  
131  294  
132  294  
133  294  
134  294  
135  295  
136  295  
137  295  
138  295  
139  295  
140  295  
145  295  
141  296  
142  296  
143  296  
144  296  
146  296  
147  296  
148  297  
149  297  
150  298  
185  306  
186  306  
187  306  
188  306  
189  306  
190  306  
191  307  
192  307  
193  307  
194  307  
195  307  
196  307  
197  308  
198  308  
199  308  
200  308  
201  308  
202  308  
203  308  
204  308  
205  308  
206  308  
207  308  
208  308  
209  308  
210  308  
211  308  
212  308  
213  308  
214  308  
215  308  
216  308  
217  308  
218  308  
219  308  
220  308  
350  308  
350  309  
350  310  
350  311  
350  312  
350  313  
350  314  
350  315  
350  316  
350  317  
350  318  
350  319  
350  320  
350  321  
350  322  
350  323  
350  324  
350  325  
350  326  
350  327  
350  328  
350  329  
350  330  
350  331  
350  332  
350  333  
350  334  
350  335  
350  336  
350  337  
350  338  
350  339  
350  340  
350  341  
350  342  
350  343  
350  344  
350  345  
350  346  
350  347  
350  348  
350  349  
350  350  
350  351  
350  352  
350  353  
350  354  
350  355  
350  356  
350  357  
350  358  
350  359  
350  360  
351  361  
351  362  
351  363  
351  364  
351  365  
351  366  
351  367  
351  368  
351  369  
351  370  
351  371  
351  372  
351  373  
351  374  
351  375  
351  376  
351  377  
351  378  
351  379  
351  380  
351  381  
351  382  
435  308  
435  309  
435  310  
435  311  
435  312  
435  313  
435  314  
435  315  
435  316  
435  317  
435  318  
435  319  
435  320  
435  321  
435  322  
435  323  
435  324  
435  325  
435  326  
435  327  
435  328  
435  329  
435  330  
435  331  
435  332  
435  333  
435  334  
435  335  
435  336  
435  337  
435  338  
435  339  
435  340  
435  341  
435  342  
435  343  
435  344  
435  345  
435  346  
435  347  
435  348  
435  349  
435  350  
435  351  
435  352  
435  353  
435  354  
435  355  
435  356  
435  357  
435  358  
435  359  
435  360  
435  361  
435  362  
435  363  
435  364  
435  365  
402  312  
402  313  
402  314  
402  315  
402  316  
402  317  
402  318  
402  319  
402  320  
402  321  
402  322  
402  323  
403  324  
403  325  
403  326  
402  327  
402  328  
403  329  
403  330  
403  331  
403  332  
403  333  
403  334  
403  335  
403  336  
403  337  
403  338  
403  339  
403  340  
403  341  
390  340  
391  340  
353  341  
354  341  
355  341  
356  341  
357  341  
358  341  
359  341  
360  341  
361  341  
362  341  
363  341  
364  341  
365  341  
366  341  
367  341  
368  341  
369  341  
370  341  
371  341  
372  341  
373  341  
374  341  
375  341  
376  341  
377  341  
378  341  
379  341  
380  341  
381  341  
382  341  
383  341  
384  341  
385  341  
386  341  
387  341  
388  341  
389  341  
45  342  
46  343  
46  344  
46  345  
46  346  
46  347  
46  348  
46  349  
46  350  
46  351  
46  352  
46  353  
46  354  
46  355  
46  356  
46  357  
46  358  
47  359  
47  360  
47  361  
304  343  
305  343  
306  343  
307  343  
308  343  
309  343  
310  343  
311  343  
312  343  
313  343  
314  343  
315  343  
316  343  
321  343  
298  344  
299  344  
300  344  
301  344  
302  344  
303  344  
317  344  
318  344  
319  344  
320  344  
293  345  
294  345  
295  345  
296  345  
273  346  
274  346  
287  346  
288  346  
289  346  
290  346  
291  346  
292  346  
275  347  
276  347  
277  347  
278  347  
279  347  
280  347  
281  347  
282  347  
283  347  
284  347  
285  347  
286  347  
435  367  
435  368  
435  369  
435  370  
435  371  
435  372  
435  373  
435  374  
435  375  
435  376  
435  377  
435  378  
435  379  
435  380  
435  381  
435  382  
435  383  
435  384  
435  385  
435  386  
435  387  
435  388  
435  389  
435  390  
435  391  
435  392  
435  393  
435  394  
435  395  
435  396  
435  397  
435  398  
435  399  
435  400  
435  401  
435  402  
435  403  
435  404  
435  405  
435  406  
435  407  
435  408  
435  409  
435  410  
435  411  
435  412  
435  413  
435  414  
435  415  
435  416  
435  417  
435  418  
435  419  
435  420  
435  421  
435  422  
435  423  
435  424  
435  425  
435  426  
435  427  
435  428  
435  429  
435  430  
435  431  
435  432  
435  433  
435  434  
435  435  
435  436  
435  437  
401  368  
401  369  
401  370  
401  371  
401  372  
401  373  
401  374  
401  375  
401  376  
401  377  
401  378  
401  379  
401  380  
401  381  
401  382  
401  383  
401  384  
401  385  
401  386  
401  387  
401  388  
401  389  
401  390  
401  391  
401  392  
401  393  
401  394  
401  395  
402  396  
402  397  
402  398  
417  397  
417  398  
417  399  
417  400  
418  401  
418  402  
418  403  
418  404  
418  405  
418  406  
418  407  
418  408  
418  409  
418  410  
418  411  
418  412  
418  413  
418  414  
418  415  
418  416  
418  417  
418  418  
418  419  
418  420  
418  421  
418  422  
418  423  
418  424  
418  425  
418  426  
418  427  
418  428  
418  429  
418  430  
418  431  
418  432  
418  433  
419  434  
300  433  
301  433  
302  433  
303  433  
304  433  
305  433  
306  433  
307  433  
308  433  
309  434  
310  434  
311  434  
312  434  
313  434  
314  434  
315  435  
316  435  
317  435  
318  435  
319  435  
320  436  
321  436  
322  436  
403  433  
403  434  
403  435  
403  436  
403  437  
403  438  
403  439  
403  440  
403  441  
403  442  
403  443  
403  444  
403  445  
403  446  
403  447  
403  448  
403  449  
403  450  
403  451  
403  452  
403  453  
403  454  
403  455  
403  456  
418  443  
419  444  
419  445  
419  446  
419  447  
419  448  
419  449  
419  450  
419  451  
419  452  
419  453  
419  454  
419  455  
419  456  
419  457  
419  458  
419  459  
419  460  
419  461  
419  462  
419  463  
419  464  
419  465  
419  466  
419  467  
419  468  
419  469  
419  470  
419  471  
419  472  
419  473  
419  474  
419  475  
420  476  
420  477  
420  478  
420  479  
420  480  
420  481  
420  482  
420  483  
420  484  
420  485  
420  486  
420  487  
420  488  
420  489  
420  490  
420  491  
420  492  
420  493  
420  494  
420  495  
420  496  
420  497  
420  498  
420  499  
420  500  
420  501  
420  502  
420  503  
420  504  
420  505  
420  506  
420  507  
435  445  
435  446  
435  447  
435  448  
435  449  
435  450  
435  451  
435  452  
436  453  
436  454  
436  455  
436  456  
436  457  
436  458  
436  459  
436  460  
436  461  
436  462  
436  463  
436  464  
436  465  
436  466  
436  467  
436  468  
436  469  
436  470  
436  471  
436  472  
436  473  
436  474  
436  475  
436  476  
436  477  
436  478  
436  479  
436  480  
436  481  
436  482  
436  483  
437  484  
437  485  
437  486  
437  487  
437  488  
437  489  
437  490  
437  491  
437  492  
437  493  
438  494  
354  448  
355  449  
355  450  
355  451  
355  452  
355  453  
355  454  
355  455  
355  456  
355  457  
355  458  
355  459  
355  460  
355  461  
355  462  
356  463  
356  464  
356  465  
356  466  
356  467  
356  468  
356  469  
356  470  
356  471  
356  472  
357  473  
357  474  
357  475  
357  476  
357  477  
357  478  
357  479  
357  480  
357  481  
357  482  
357  483  
357  484  
357  485  
359  493  
359  494  
359  495  
359  496  
359  497  
359  498  
359  499  
359  500  
359  501  
359  502  
360  503  
360  504  
360  505  
360  506  
360  507  
360  508  
360  509  
360  510  
360  511  
360  512  
360  513  
361  514  
361  515  
361  516  
361  517  
361  518  
361  519  
362  520  
362  521  
362  522  
362  523  
362  524  
362  525  
405  496  
405  497  
405  498  
405  499  
405  500  
405  501  
405  502  
405  503  
405  504  
405  505  
405  506  
405  507  
405  508  
405  509  
405  510  
405  511  
405  512  
405  513  
405  514  
405  515  
405  516  
405  517  
405  518  
405  519  
405  520  
405  521  
437  499  
437  500  
437  501  
437  502  
437  503  
438  504  
438  505  
438  506  
438  507  
438  508  
438  509  
438  510  
438  511  
438  512  
438  513  
438  514  
438  515  
438  516  
438  517  
438  518  
438  519  
438  520  
438  521  
438  522  
438  523  
438  524  
438  525  
438  526  
438  527  
438  528  
438  529  
438  530  
438  531  
438  532  
438  533  
438  534  
439  535  
439  536  
439  537  
439  538  
439  539  
439  540  
439  541  
439  542  
439  543  
439  544  
439  545  
439  546  
439  547  
439  548  
439  549  
439  550  
439  551  
439  552  
439  553  
439  554  
439  555  
439  556  
439  557  
439  558  
439  559  
421  515  
421  516  
421  517  
421  518  
421  519  
421  520  
421  521  
421  522  
421  523  
421  524  
421  525  
421  526  
422  527  
422  528  
422  529  
422  530  
422  531  
422  532  
422  533  
422  534  
422  535  
422  536  
422  537  
422  538  
422  539  
422  540  
422  541  
422  542  
422  543  
422  544  
422  545  
423  546  
423  547  
423  548  
423  549  
423  550  
423  551  
423  552  
423  553  
423  554  
423  555  
423  556  
423  557  
423  558  
423  559  
423  560  
423  561  
423  562  
424  563  
424  564  
424  565  
424  566  
424  567  
424  568  
424  569  
424  570  
424  571  
424  572  
424  573  
424  574  
424  575  
424  576  
424  577  
424  578  
424  579  
424  580  
424  581  
424  582  
424  583  
424  584  
425  585  
425  586  
425  587  
425  588  
425  589  
425  590  
425  591  
425  592  
425  593  
425  594  
425  595  
425  596  
425  597  
425  598  
425  599  
425  600  
425  601  
425  602  
425  603  
425  604  
425  605  
425  606  
426  607  
426  608  
406  523  
406  524  
406  525  
406  526  
406  527  
406  528  
406  529  
406  530  
406  531  
406  532  
406  533  
406  534  
406  535  
406  536  
406  537  
406  538  
406  539  
406  540  
406  541  
406  542  
406  543  
406  544  
406  545  
406  546  
406  547  
182  553  
183  553  
184  553  
185  553  
186  553  
187  553  
188  553  
189  553  
190  553  
191  553  
192  553  
193  553  
194  553  
195  553  
196  553  
197  553  
198  553  
199  553  
200  553  
201  553  
202  553  
203  554  
204  554  
205  554  
206  554  
207  554  
208  554  
209  554  
210  554  
211  555  
212  555  
213  555  
214  555  
215  555  
216  555  
217  555  
218  555  
219  555  
220  555  
221  555  
222  555  
223  555  
224  555  
334  579  
334  580  
334  581  
335  582  
335  583  
335  584  
335  585  
335  586  
335  587  
335  588  
335  589  
335  590  
336  591  
336  592  
336  593  
336  594  
336  595  
336  596  
336  597  
336  598  
336  599  
337  600  
337  601  
337  602  
337  603  
337  604  
337  605  
338  606  
338  607  
338  608  
441  580  
441  581  
441  582  
441  583  
441  584  
441  585  
441  586  
441  587  
441  588  
441  589  
441  590  
441  591  
441  592  
441  593  
441  594  
442  595  
442  596  
442  597  
442  598  
442  599  
442  600  
442  601  
442  602  
442  603  
442  604  
442  605  
442  606  
442  607  
442  608  
410  585  
410  586  
410  587  
410  588  
410  589  
410  590  
410  591  
410  592  
410  593  
410  594  
411  595  
411  596  
411  597  
411  598  
411  599  
411  600  
411  601  
411  602  
411  603  
411  604  
411  605  
411  606  
411  607  
411  608  
267  600  
268  600  
269  600  
270  600  
271  600  
272  600  
273  600  
274  601  
275  601  
276  601  
277  601  
278  601  
279  601  
280  602  
281  602  
282  602  
283  602  
284  602  
285  602  
286  602  
287  602  
288  602  
289  603  
290  603  
