176  32  
176  33  
176  34  
176  35  
176  36  
176  37  
176  38  
176  39  
176  40  
176  41  
176  42  
176  43  
176  44  
176  45  
176  46  
176  47  
176  48  
176  49  
176  50  
176  51  
176  52  
176  53  
176  54  
176  55  
176  56  
176  57  
176  58  
176  59  
176  60  
176  61  
176  62  
176  63  
176  64  
176  65  
176  66  
176  67  
176  68  
176  69  
176  70  
176  71  
176  72  
176  73  
176  74  
176  75  
176  76  
176  77  
176  78  
176  79  
176  80  
176  81  
176  82  
176  83  
176  84  
176  85  
176  86  
176  87  
176  88  
176  89  
176  90  
176  91  
176  92  
176  93  
176  94  
176  95  
176  96  
176  97  
176  98  
176  99  
176  100  
176  101  
176  102  
176  103  
176  104  
176  105  
176  106  
176  107  
176  108  
176  109  
176  110  
175  111  
175  112  
175  113  
175  114  
175  115  
175  116  
175  117  
175  118  
175  119  
175  120  
175  121  
175  122  
175  123  
175  124  
175  125  
175  126  
175  127  
175  128  
175  129  
175  130  
175  131  
175  132  
175  133  
175  134  
175  135  
175  136  
175  137  
175  138  
175  139  
175  140  
175  141  
175  142  
175  143  
175  144  
175  145  
175  146  
175  147  
175  148  
175  149  
175  150  
175  151  
175  152  
175  153  
175  154  
175  155  
175  156  
175  157  
175  158  
175  159  
175  160  
175  161  
175  162  
175  163  
175  164  
175  165  
175  166  
175  167  
175  168  
175  169  
175  170  
175  171  
175  172  
175  173  
175  174  
175  175  
175  176  
175  177  
175  178  
175  179  
175  180  
175  181  
175  182  
175  183  
175  184  
175  185  
184  39  
184  40  
184  41  
183  42  
183  43  
183  44  
183  45  
183  46  
183  47  
183  48  
183  49  
183  50  
183  51  
183  52  
183  53  
183  54  
183  55  
183  56  
183  57  
183  58  
183  59  
183  60  
183  61  
183  62  
183  63  
183  64  
183  65  
183  66  
183  67  
183  68  
183  69  
183  70  
183  71  
183  72  
183  73  
183  74  
183  75  
183  76  
183  77  
183  78  
183  79  
183  80  
183  81  
183  82  
183  83  
183  84  
183  85  
183  86  
183  87  
183  88  
183  89  
183  90  
183  91  
183  92  
183  93  
183  94  
183  95  
183  96  
183  97  
183  98  
183  99  
183  100  
183  101  
183  102  
183  103  
183  104  
183  105  
183  106  
183  107  
183  108  
183  109  
183  110  
183  111  
183  112  
183  113  
183  114  
183  115  
183  116  
183  117  
183  118  
183  119  
183  120  
183  121  
183  122  
183  123  
183  124  
183  125  
183  126  
183  127  
183  128  
183  129  
183  130  
183  131  
183  132  
183  133  
183  134  
183  135  
183  136  
183  137  
183  138  
183  139  
183  140  
183  141  
183  142  
183  143  
183  144  
183  145  
183  146  
183  147  
183  148  
183  149  
183  150  
183  151  
183  152  
183  153  
183  154  
183  155  
183  156  
183  157  
183  158  
183  159  
183  160  
183  161  
183  162  
183  163  
183  164  
183  165  
183  166  
183  167  
183  168  
183  169  
183  170  
183  171  
183  172  
183  173  
183  174  
183  175  
183  176  
183  177  
183  178  
183  179  
183  180  
183  181  
183  182  
183  183  
183  184  
183  185  
164  44  
164  45  
164  46  
164  47  
164  48  
164  49  
165  50  
165  51  
165  52  
165  53  
165  54  
165  55  
165  56  
165  57  
165  58  
166  59  
166  60  
166  61  
166  62  
166  63  
166  64  
166  65  
167  66  
167  67  
167  68  
167  69  
167  70  
167  71  
167  72  
167  73  
167  74  
167  75  
167  76  
167  77  
167  78  
167  79  
167  80  
167  81  
167  82  
167  83  
167  84  
167  85  
167  86  
167  87  
166  88  
166  89  
167  90  
167  91  
166  92  
166  93  
166  94  
166  95  
166  96  
166  97  
166  98  
166  99  
166  100  
166  101  
165  102  
165  103  
165  104  
165  105  
165  106  
165  107  
371  44  
372  44  
364  45  
365  45  
366  45  
367  45  
368  45  
369  45  
370  45  
373  45  
357  46  
358  46  
359  46  
360  46  
361  46  
362  46  
363  46  
353  47  
354  47  
355  47  
356  47  
338  49  
339  49  
331  50  
332  50  
333  50  
334  50  
335  50  
336  50  
337  50  
324  51  
325  51  
326  51  
327  51  
328  51  
329  51  
330  51  
318  52  
319  52  
320  52  
321  52  
322  52  
323  52  
311  53  
312  53  
313  53  
314  53  
315  53  
316  53  
317  53  
304  54  
305  54  
306  54  
307  54  
308  54  
309  54  
310  54  
298  55  
299  55  
300  55  
301  55  
302  55  
303  55  
292  56  
293  56  
294  56  
295  56  
296  56  
297  56  
285  57  
286  57  
287  57  
288  57  
289  57  
290  57  
291  57  
278  58  
279  58  
280  58  
281  58  
282  58  
283  58  
284  58  
272  59  
273  59  
274  59  
275  59  
276  59  
277  59  
266  60  
267  60  
268  60  
269  60  
270  60  
271  60  
260  61  
261  61  
262  61  
263  61  
264  61  
265  61  
254  62  
255  62  
256  62  
257  62  
258  62  
259  62  
248  63  
249  63  
250  63  
251  63  
252  63  
253  63  
172  60  
172  61  
172  62  
172  63  
172  64  
172  65  
172  66  
172  67  
172  68  
172  69  
172  70  
172  71  
172  72  
172  73  
172  74  
172  75  
172  76  
172  77  
172  78  
172  79  
172  80  
172  81  
172  82  
172  83  
172  84  
172  85  
172  86  
172  87  
172  88  
172  89  
172  90  
172  91  
172  92  
172  93  
172  94  
172  95  
172  96  
172  97  
172  98  
172  99  
172  100  
172  101  
172  102  
172  103  
172  104  
172  105  
172  106  
172  107  
172  108  
172  109  
172  110  
172  111  
172  112  
172  113  
172  114  
172  115  
172  116  
172  117  
172  118  
172  119  
172  120  
172  121  
172  122  
172  123  
172  124  
172  125  
172  126  
172  127  
172  128  
172  129  
172  130  
172  131  
172  132  
172  133  
172  134  
172  135  
172  136  
172  137  
172  138  
172  139  
172  140  
172  141  
172  142  
172  143  
172  144  
172  145  
172  146  
172  147  
172  148  
172  149  
172  150  
172  151  
172  152  
172  153  
172  154  
172  155  
172  156  
172  157  
172  158  
172  159  
404  72  
404  73  
404  74  
403  75  
403  76  
403  77  
403  78  
403  79  
403  80  
403  81  
403  82  
403  83  
403  84  
403  85  
403  86  
403  87  
403  88  
403  89  
403  90  
403  91  
403  92  
404  93  
404  94  
404  95  
404  96  
404  97  
404  98  
404  99  
404  100  
404  101  
404  102  
404  103  
404  104  
404  105  
404  106  
404  107  
404  108  
404  109  
404  110  
404  111  
404  112  
404  113  
404  114  
404  115  
404  116  
404  117  
404  118  
404  119  
404  120  
404  121  
404  122  
404  123  
404  124  
404  125  
404  126  
404  127  
404  128  
404  129  
404  130  
404  131  
404  132  
404  133  
404  134  
404  135  
404  136  
404  137  
404  138  
404  139  
404  140  
404  141  
404  142  
404  143  
404  144  
404  145  
404  146  
404  147  
404  148  
404  149  
404  150  
404  151  
404  152  
404  153  
404  154  
404  155  
404  156  
404  157  
404  158  
404  159  
404  160  
364  82  
365  82  
366  82  
367  82  
368  82  
356  83  
357  83  
358  83  
359  83  
360  83  
361  83  
362  83  
363  83  
349  84  
350  84  
351  84  
352  84  
353  84  
354  84  
355  84  
340  85  
341  85  
342  85  
343  85  
344  85  
345  85  
346  85  
347  85  
348  85  
333  86  
334  86  
335  86  
336  86  
337  86  
338  86  
339  86  
326  87  
327  87  
328  87  
329  87  
330  87  
331  87  
332  87  
317  88  
318  88  
319  88  
320  88  
321  88  
322  88  
323  88  
324  88  
325  88  
309  89  
310  89  
311  89  
312  89  
313  89  
314  89  
315  89  
316  89  
302  90  
303  90  
304  90  
305  90  
306  90  
307  90  
308  90  
295  91  
296  91  
297  91  
298  91  
299  91  
300  91  
301  91  
258  92  
259  92  
260  92  
261  92  
262  92  
263  92  
264  92  
265  92  
266  92  
267  92  
268  92  
269  92  
270  92  
271  92  
272  92  
273  92  
274  92  
275  92  
276  92  
277  92  
278  92  
279  92  
280  92  
281  92  
282  92  
283  92  
284  92  
285  92  
286  92  
287  92  
288  92  
289  92  
290  92  
291  92  
292  92  
293  92  
294  92  
255  93  
256  93  
257  93  
365  92  
366  92  
367  92  
368  92  
356  93  
357  93  
358  93  
359  93  
360  93  
361  93  
362  93  
363  93  
364  93  
349  94  
350  94  
351  94  
352  94  
353  94  
354  94  
355  94  
340  95  
341  95  
342  95  
343  95  
344  95  
345  95  
346  95  
347  95  
348  95  
333  96  
334  96  
335  96  
336  96  
337  96  
338  96  
339  96  
324  97  
325  97  
326  97  
327  97  
328  97  
329  97  
330  97  
331  97  
332  97  
316  98  
317  98  
318  98  
319  98  
320  98  
321  98  
322  98  
323  98  
308  99  
309  99  
310  99  
311  99  
312  99  
313  99  
314  99  
315  99  
299  100  
300  100  
301  100  
302  100  
303  100  
304  100  
305  100  
306  100  
307  100  
291  101  
292  101  
293  101  
294  101  
295  101  
296  101  
297  101  
298  101  
283  102  
284  102  
285  102  
286  102  
287  102  
288  102  
289  102  
290  102  
275  103  
276  103  
277  103  
278  103  
279  103  
280  103  
281  103  
282  103  
266  104  
267  104  
268  104  
269  104  
270  104  
271  104  
272  104  
273  104  
274  104  
258  105  
259  105  
260  105  
261  105  
262  105  
263  105  
264  105  
265  105  
249  106  
250  106  
251  106  
252  106  
253  106  
254  106  
255  106  
256  106  
257  106  
243  107  
244  107  
245  107  
246  107  
247  107  
248  107  
240  108  
241  108  
242  108  
393  96  
393  97  
393  98  
393  99  
393  100  
393  101  
393  102  
393  103  
393  104  
393  105  
393  106  
393  107  
393  108  
393  109  
393  110  
393  111  
393  112  
393  113  
393  114  
393  115  
393  116  
393  117  
393  118  
393  119  
393  120  
393  121  
393  122  
393  123  
375  99  
375  100  
375  101  
375  102  
375  103  
375  104  
375  105  
375  106  
375  107  
375  108  
375  109  
375  110  
375  111  
375  112  
375  113  
375  114  
375  115  
375  116  
375  117  
375  118  
375  119  
375  120  
375  121  
375  122  
375  123  
375  124  
375  125  
375  126  
375  127  
187  109  
187  110  
187  111  
187  112  
187  113  
187  114  
187  115  
187  116  
187  117  
187  118  
187  119  
187  120  
187  121  
187  122  
187  123  
187  124  
187  125  
187  126  
187  127  
187  128  
187  129  
187  130  
187  131  
187  132  
187  133  
187  134  
187  135  
187  136  
187  137  
187  138  
187  139  
187  140  
187  141  
187  142  
187  143  
187  144  
187  145  
187  146  
187  147  
187  148  
187  149  
187  150  
187  151  
187  152  
187  153  
187  154  
187  155  
187  156  
187  157  
187  158  
187  159  
187  160  
187  161  
187  162  
187  163  
187  164  
187  165  
187  166  
187  167  
187  168  
187  169  
187  170  
187  171  
187  172  
187  173  
187  174  
187  175  
187  176  
187  177  
187  178  
187  179  
187  180  
187  181  
205  110  
206  110  
207  110  
208  110  
209  110  
210  110  
211  110  
212  110  
213  110  
214  110  
215  110  
216  111  
217  111  
218  111  
219  111  
220  111  
221  111  
222  111  
223  111  
224  111  
225  111  
226  111  
227  111  
228  111  
163  117  
163  118  
163  119  
163  120  
163  121  
163  122  
163  123  
163  124  
163  125  
163  126  
163  127  
163  128  
163  129  
163  130  
163  131  
163  132  
163  133  
163  134  
163  135  
163  136  
163  137  
163  138  
163  139  
163  140  
163  141  
163  142  
163  143  
163  144  
163  145  
163  146  
163  147  
163  148  
163  149  
163  150  
163  151  
163  152  
163  153  
163  154  
163  155  
163  156  
163  157  
163  158  
163  159  
163  160  
163  161  
163  162  
163  163  
163  164  
163  165  
163  166  
162  167  
163  168  
132  120  
133  120  
134  120  
135  120  
136  120  
137  120  
138  120  
139  120  
140  120  
141  120  
142  120  
143  120  
144  120  
145  120  
146  120  
147  120  
148  120  
149  120  
150  120  
151  120  
152  120  
153  120  
154  120  
155  120  
156  120  
157  120  
393  126  
393  127  
393  128  
393  129  
393  130  
393  131  
393  132  
393  133  
393  134  
393  135  
393  136  
393  137  
393  138  
393  139  
393  140  
394  141  
394  142  
394  143  
394  144  
394  145  
394  146  
394  147  
394  148  
394  149  
394  150  
394  151  
394  152  
394  153  
394  154  
393  155  
133  127  
134  127  
135  127  
136  127  
114  128  
115  128  
116  128  
117  128  
118  128  
119  128  
120  128  
121  128  
122  128  
123  128  
124  128  
125  128  
126  128  
127  128  
128  128  
129  128  
130  128  
131  128  
132  128  
113  129  
142  129  
142  130  
142  131  
142  132  
142  133  
142  134  
142  135  
142  136  
142  137  
142  138  
142  139  
142  140  
142  141  
142  142  
142  143  
142  144  
142  145  
142  146  
142  147  
142  148  
142  149  
142  150  
142  151  
142  152  
142  153  
142  154  
142  155  
133  133  
134  133  
135  133  
129  134  
130  134  
131  134  
132  134  
126  135  
127  135  
128  135  
123  136  
124  136  
125  136  
120  137  
121  137  
122  137  
117  138  
118  138  
119  138  
114  139  
115  139  
116  139  
111  140  
112  140  
113  140  
108  141  
109  141  
110  141  
105  142  
106  142  
107  142  
103  143  
104  143  
151  138  
151  139  
151  140  
151  141  
151  142  
151  143  
151  144  
151  145  
151  146  
151  147  
151  148  
151  149  
151  150  
151  151  
151  152  
151  153  
151  154  
151  155  
151  156  
151  157  
151  158  
151  159  
151  160  
151  161  
152  162  
152  163  
152  164  
152  165  
152  166  
152  167  
152  168  
152  169  
152  170  
152  171  
152  172  
152  173  
152  174  
152  175  
152  176  
152  177  
152  178  
152  179  
152  180  
152  181  
152  182  
152  183  
131  139  
128  140  
129  140  
130  140  
125  141  
126  141  
127  141  
122  142  
123  142  
124  142  
120  143  
121  143  
117  144  
118  144  
119  144  
114  145  
115  145  
116  145  
111  146  
112  146  
113  146  
110  147  
368  141  
358  142  
359  142  
360  142  
361  142  
362  142  
363  142  
364  142  
365  142  
366  142  
367  142  
346  143  
347  143  
348  143  
349  143  
350  143  
351  143  
352  143  
353  143  
354  143  
355  143  
356  143  
357  143  
338  144  
339  144  
340  144  
341  144  
342  144  
343  144  
344  144  
345  144  
368  149  
358  150  
359  150  
360  150  
361  150  
362  150  
363  150  
364  150  
365  150  
366  150  
367  150  
348  151  
349  151  
350  151  
351  151  
352  151  
353  151  
354  151  
355  151  
356  151  
357  151  
337  152  
338  152  
339  152  
340  152  
341  152  
342  152  
343  152  
344  152  
345  152  
346  152  
347  152  
334  153  
335  153  
336  153  
352  156  
353  156  
354  156  
355  156  
356  156  
357  156  
358  156  
359  156  
360  156  
361  156  
362  156  
363  156  
364  156  
365  156  
366  156  
367  156  
368  156  
369  156  
338  157  
339  157  
340  157  
341  157  
342  157  
343  157  
344  157  
345  157  
346  157  
347  157  
348  157  
349  157  
350  157  
351  157  
334  158  
335  158  
336  158  
337  158  
99  162  
99  163  
99  164  
99  165  
99  166  
99  167  
99  168  
99  169  
99  170  
99  171  
99  172  
99  173  
99  174  
99  175  
99  176  
99  177  
99  178  
99  179  
99  180  
99  181  
99  182  
99  183  
99  184  
99  185  
99  186  
99  187  
99  188  
99  189  
253  163  
254  163  
255  163  
256  163  
257  163  
258  163  
259  163  
260  163  
261  163  
262  163  
247  164  
248  164  
249  164  
250  164  
251  164  
252  164  
239  165  
240  165  
241  165  
242  165  
243  165  
244  165  
245  165  
246  165  
238  166  
356  164  
357  164  
358  164  
359  164  
360  164  
361  164  
362  164  
363  164  
364  164  
365  164  
366  164  
367  164  
343  165  
344  165  
345  165  
346  165  
347  165  
348  165  
349  165  
350  165  
351  165  
352  165  
353  165  
354  165  
355  165  
332  166  
333  166  
334  166  
335  166  
336  166  
337  166  
338  166  
339  166  
340  166  
341  166  
342  166  
117  166  
118  166  
119  166  
120  166  
121  166  
122  166  
123  166  
138  166  
139  166  
140  166  
141  166  
142  166  
124  167  
125  167  
126  167  
127  167  
128  167  
129  167  
130  167  
131  167  
132  167  
133  167  
134  167  
135  167  
136  167  
137  167  
95  167  
95  168  
95  169  
95  170  
95  171  
95  172  
95  173  
95  174  
95  175  
95  176  
95  177  
95  178  
95  179  
95  180  
95  181  
95  182  
95  183  
95  184  
95  185  
95  186  
146  168  
146  169  
146  170  
146  171  
146  172  
146  173  
146  174  
146  175  
147  176  
147  177  
147  178  
147  179  
147  180  
147  181  
147  182  
147  183  
147  184  
147  185  
147  186  
147  187  
147  188  
147  189  
147  190  
147  191  
147  192  
147  193  
147  194  
147  195  
147  196  
147  197  
147  198  
147  199  
147  200  
147  201  
147  202  
147  203  
147  204  
147  205  
147  206  
147  207  
147  208  
147  209  
147  210  
147  211  
147  212  
147  213  
147  214  
147  215  
147  216  
147  217  
147  218  
147  219  
147  220  
147  221  
147  222  
147  223  
147  224  
147  225  
147  226  
147  227  
147  228  
147  229  
147  230  
147  231  
147  232  
147  233  
147  234  
147  235  
147  236  
147  237  
147  238  
147  239  
147  240  
147  241  
147  242  
147  243  
147  244  
147  245  
147  246  
147  247  
147  248  
147  249  
147  250  
147  251  
147  252  
147  253  
147  254  
147  255  
147  256  
147  257  
147  258  
147  259  
147  260  
147  261  
147  262  
147  263  
147  264  
147  265  
147  266  
147  267  
147  268  
147  269  
147  270  
147  271  
147  272  
147  273  
147  274  
147  275  
147  276  
147  277  
147  278  
147  279  
147  280  
147  281  
147  282  
147  283  
147  284  
147  285  
147  286  
147  287  
147  288  
147  289  
147  290  
147  291  
147  292  
147  293  
147  294  
147  295  
147  296  
147  297  
147  298  
147  299  
147  300  
147  301  
147  302  
147  303  
147  304  
147  305  
147  306  
147  307  
147  308  
146  309  
146  310  
146  311  
155  168  
155  169  
155  170  
155  171  
155  172  
155  173  
155  174  
155  175  
155  176  
155  177  
155  178  
155  179  
155  180  
155  181  
155  182  
155  183  
155  184  
155  185  
155  186  
155  187  
155  188  
155  189  
155  190  
155  191  
155  192  
155  193  
155  194  
155  195  
155  196  
155  197  
155  198  
155  199  
155  200  
155  201  
155  202  
155  203  
155  204  
155  205  
155  206  
155  207  
155  208  
155  209  
155  210  
155  211  
155  212  
155  213  
155  214  
155  215  
155  216  
155  217  
155  218  
155  219  
155  220  
155  221  
155  222  
155  223  
155  224  
155  225  
155  226  
155  227  
155  228  
155  229  
155  230  
155  231  
155  232  
155  233  
155  234  
155  235  
155  236  
155  237  
155  238  
155  239  
155  240  
155  241  
155  242  
155  243  
155  244  
155  245  
155  246  
155  247  
155  248  
155  249  
155  250  
155  251  
155  252  
155  253  
155  254  
155  255  
155  256  
155  257  
155  258  
155  259  
155  260  
155  261  
155  262  
155  263  
155  264  
155  265  
155  266  
155  267  
155  268  
155  269  
155  270  
155  271  
155  272  
155  273  
155  274  
155  275  
155  276  
155  277  
155  278  
155  279  
155  280  
155  281  
155  282  
155  283  
155  284  
155  285  
155  286  
155  287  
155  288  
155  289  
155  290  
155  291  
155  292  
155  293  
155  294  
155  295  
155  296  
155  297  
155  298  
155  299  
155  300  
155  301  
155  302  
155  303  
155  304  
155  305  
155  306  
155  307  
155  308  
155  309  
155  310  
155  311  
155  312  
155  313  
155  314  
155  315  
155  316  
155  317  
155  318  
155  319  
155  320  
155  321  
155  322  
155  323  
155  324  
155  325  
155  326  
155  327  
155  328  
155  329  
155  330  
155  331  
155  332  
155  333  
155  334  
155  335  
155  336  
155  337  
155  338  
155  339  
155  340  
155  341  
155  342  
155  343  
155  344  
155  345  
155  346  
155  347  
155  348  
155  349  
155  350  
155  351  
155  352  
155  353  
155  354  
155  355  
155  356  
155  357  
155  358  
155  359  
155  360  
155  361  
155  362  
155  363  
155  364  
155  365  
155  366  
155  367  
155  368  
155  369  
155  370  
155  371  
155  372  
155  373  
155  374  
155  375  
155  376  
155  377  
155  378  
155  379  
155  380  
155  381  
155  382  
155  383  
155  384  
156  385  
156  386  
156  387  
156  388  
156  389  
156  390  
156  391  
156  392  
156  393  
156  394  
156  395  
156  396  
156  397  
156  398  
156  399  
156  400  
156  401  
156  402  
156  403  
156  404  
156  405  
156  406  
156  407  
156  408  
156  409  
156  410  
156  411  
156  412  
156  413  
156  414  
156  415  
156  416  
156  417  
156  418  
156  419  
156  420  
156  421  
156  422  
156  423  
156  424  
156  425  
156  426  
156  427  
156  428  
156  429  
156  430  
156  431  
156  432  
156  433  
156  434  
156  435  
156  436  
156  437  
156  438  
156  439  
156  440  
156  441  
156  442  
156  443  
156  444  
156  445  
156  446  
156  447  
156  448  
156  449  
156  450  
156  451  
156  452  
156  453  
156  454  
156  455  
156  456  
156  457  
156  458  
156  459  
156  460  
157  461  
157  462  
157  463  
157  464  
157  465  
157  466  
157  467  
157  468  
157  469  
157  470  
157  471  
157  472  
157  473  
157  474  
157  475  
157  476  
158  168  
159  169  
159  170  
159  171  
159  172  
159  173  
159  174  
159  175  
159  176  
159  177  
159  178  
159  179  
159  180  
159  181  
159  182  
159  183  
159  184  
159  185  
159  186  
159  187  
159  188  
159  189  
159  190  
159  191  
159  192  
159  193  
159  194  
159  195  
159  196  
159  197  
159  198  
159  199  
159  200  
159  201  
159  202  
159  203  
159  204  
159  205  
159  206  
159  207  
159  208  
159  209  
159  210  
159  211  
159  212  
159  213  
159  214  
159  215  
159  216  
159  217  
159  218  
159  219  
159  220  
159  221  
159  222  
159  223  
159  224  
159  225  
159  226  
159  227  
159  228  
159  229  
159  230  
159  231  
159  232  
159  233  
159  234  
159  235  
159  236  
159  237  
159  238  
159  239  
159  240  
159  241  
159  242  
159  243  
159  244  
159  245  
159  246  
159  247  
159  248  
159  249  
159  250  
159  251  
159  252  
159  253  
159  254  
159  255  
159  256  
159  257  
159  258  
159  259  
159  260  
159  261  
159  262  
159  263  
159  264  
159  265  
159  266  
159  267  
159  268  
159  269  
159  270  
159  271  
159  272  
159  273  
159  274  
159  275  
159  276  
159  277  
159  278  
159  279  
159  280  
159  281  
159  282  
159  283  
159  284  
159  285  
159  286  
159  287  
159  288  
159  289  
159  290  
159  291  
159  292  
159  293  
159  294  
159  295  
159  296  
159  297  
159  298  
159  299  
159  300  
159  301  
159  302  
159  303  
159  304  
159  305  
159  306  
159  307  
159  308  
159  309  
159  310  
159  311  
159  312  
159  313  
159  314  
159  315  
159  316  
159  317  
159  318  
159  319  
159  320  
159  321  
159  322  
159  323  
159  324  
159  325  
159  326  
159  327  
159  328  
159  329  
159  330  
159  331  
159  332  
159  333  
159  334  
159  335  
159  336  
159  337  
159  338  
159  339  
159  340  
159  341  
159  342  
159  343  
159  344  
159  345  
159  346  
159  347  
159  348  
159  349  
159  350  
159  351  
159  352  
159  353  
159  354  
159  355  
159  356  
159  357  
159  358  
159  359  
159  360  
159  361  
159  362  
159  363  
159  364  
159  365  
159  366  
159  367  
159  368  
159  369  
159  370  
159  371  
159  372  
159  373  
159  374  
159  375  
159  376  
159  377  
159  378  
351  172  
352  172  
353  172  
354  172  
343  173  
344  173  
345  173  
346  173  
347  173  
348  173  
349  173  
350  173  
329  174  
330  174  
331  174  
332  174  
333  174  
334  174  
335  174  
336  174  
337  174  
338  174  
339  174  
340  174  
341  174  
342  174  
327  175  
328  175  
312  176  
313  176  
302  177  
303  177  
304  177  
305  177  
306  177  
307  177  
308  177  
309  177  
310  177  
311  177  
291  178  
292  178  
293  178  
294  178  
295  178  
296  178  
297  178  
298  178  
299  178  
300  178  
301  178  
277  179  
278  179  
279  179  
280  179  
281  179  
282  179  
283  179  
284  179  
285  179  
286  179  
287  179  
288  179  
289  179  
290  179  
267  180  
268  180  
269  180  
270  180  
271  180  
272  180  
273  180  
274  180  
275  180  
276  180  
245  181  
246  181  
247  181  
248  181  
249  181  
250  181  
251  181  
252  181  
253  181  
254  181  
255  181  
256  181  
257  181  
258  181  
259  181  
260  181  
261  181  
262  181  
263  181  
264  181  
265  181  
266  181  
358  177  
358  178  
358  179  
358  180  
358  181  
358  182  
358  183  
358  184  
358  185  
358  186  
358  187  
358  188  
358  189  
358  190  
358  191  
358  192  
358  193  
358  194  
358  195  
358  196  
358  197  
358  198  
358  199  
358  200  
358  201  
358  202  
358  203  
358  204  
358  205  
358  206  
358  207  
358  208  
358  209  
358  210  
358  211  
358  212  
363  180  
363  181  
363  182  
363  183  
363  184  
363  185  
363  186  
363  187  
363  188  
363  189  
363  190  
363  191  
363  192  
363  193  
363  194  
363  195  
363  196  
363  197  
363  198  
363  199  
363  200  
363  201  
363  202  
363  203  
363  204  
363  205  
363  206  
363  207  
363  208  
363  209  
363  210  
363  211  
363  212  
363  213  
363  214  
363  215  
363  216  
140  181  
140  182  
140  183  
140  184  
140  185  
140  186  
140  187  
140  188  
140  189  
140  190  
140  191  
140  192  
140  193  
140  194  
140  195  
140  196  
140  197  
140  198  
140  199  
140  200  
140  201  
140  202  
140  203  
140  204  
140  205  
140  206  
140  207  
140  208  
140  209  
140  210  
140  211  
140  212  
140  213  
140  214  
140  215  
140  216  
140  217  
140  218  
140  219  
140  220  
140  221  
140  222  
139  223  
139  224  
139  225  
139  226  
139  227  
139  228  
139  229  
139  230  
139  231  
139  232  
139  233  
139  234  
139  235  
139  236  
139  237  
139  238  
139  239  
139  240  
139  241  
139  242  
139  243  
139  244  
139  245  
139  246  
139  247  
139  248  
139  249  
139  250  
139  251  
139  252  
139  253  
139  254  
139  255  
139  256  
139  257  
139  258  
139  259  
139  260  
139  261  
139  262  
139  263  
139  264  
139  265  
139  266  
139  267  
139  268  
139  269  
139  270  
139  271  
139  272  
139  273  
139  274  
139  275  
139  276  
139  277  
139  278  
139  279  
139  280  
139  281  
139  282  
139  283  
139  284  
139  285  
139  286  
139  287  
139  288  
139  289  
139  290  
139  291  
139  292  
139  293  
139  294  
139  295  
139  296  
139  297  
139  298  
139  299  
139  300  
139  301  
139  302  
139  303  
139  304  
139  305  
139  306  
139  307  
139  308  
139  309  
139  310  
139  311  
139  312  
139  313  
139  314  
139  315  
139  316  
139  317  
139  318  
139  319  
139  320  
139  321  
139  322  
139  323  
139  324  
139  325  
139  326  
139  327  
139  328  
139  329  
139  330  
139  331  
139  332  
139  333  
139  334  
139  335  
139  336  
139  337  
139  338  
139  339  
139  340  
139  341  
139  342  
139  343  
139  344  
139  345  
139  346  
139  347  
139  348  
139  349  
139  350  
139  351  
139  352  
139  353  
139  354  
139  355  
139  356  
139  357  
139  358  
139  359  
139  360  
139  361  
139  362  
139  363  
139  364  
139  365  
139  366  
139  367  
139  368  
139  369  
139  370  
139  371  
139  372  
139  373  
139  374  
139  375  
139  376  
139  377  
139  378  
139  379  
139  380  
139  381  
139  382  
139  383  
139  384  
139  385  
139  386  
139  387  
139  388  
139  389  
139  390  
139  391  
139  392  
139  393  
139  394  
139  395  
139  396  
139  397  
139  398  
139  399  
139  400  
139  401  
139  402  
139  403  
139  404  
139  405  
139  406  
139  407  
139  408  
139  409  
139  410  
139  411  
140  412  
140  413  
140  414  
140  415  
140  416  
140  417  
140  418  
140  419  
140  420  
140  421  
140  422  
140  423  
140  424  
140  425  
140  426  
140  427  
140  428  
140  429  
140  430  
140  431  
140  432  
140  433  
140  434  
140  435  
140  436  
140  437  
140  438  
140  439  
140  440  
140  441  
140  442  
140  443  
140  444  
140  445  
140  446  
140  447  
140  448  
140  449  
140  450  
140  451  
140  452  
140  453  
140  454  
140  455  
140  456  
140  457  
140  458  
143  181  
144  182  
144  183  
144  184  
144  185  
144  186  
144  187  
144  188  
144  189  
144  190  
144  191  
144  192  
144  193  
144  194  
144  195  
144  196  
144  197  
144  198  
144  199  
144  200  
144  201  
144  202  
144  203  
144  204  
144  205  
144  206  
144  207  
144  208  
144  209  
144  210  
144  211  
144  212  
144  213  
144  214  
144  215  
144  216  
144  217  
144  218  
144  219  
144  220  
144  221  
144  222  
143  223  
143  224  
143  225  
143  226  
143  227  
143  228  
143  229  
143  230  
143  231  
143  232  
143  233  
143  234  
143  235  
143  236  
143  237  
143  238  
143  239  
143  240  
143  241  
143  242  
143  243  
143  244  
143  245  
143  246  
143  247  
143  248  
143  249  
143  250  
143  251  
143  252  
143  253  
143  254  
143  255  
143  256  
108  194  
104  195  
105  195  
106  195  
107  195  
100  196  
101  196  
102  196  
103  196  
95  197  
96  197  
97  197  
98  197  
99  197  
90  198  
91  198  
92  198  
93  198  
94  198  
85  199  
86  199  
87  199  
88  199  
89  199  
81  200  
82  200  
83  200  
84  200  
123  195  
123  196  
123  197  
123  198  
123  199  
123  200  
123  201  
123  202  
123  203  
123  204  
123  205  
123  206  
123  207  
123  208  
123  209  
123  210  
123  211  
122  212  
122  213  
122  214  
122  215  
122  216  
122  217  
122  218  
122  219  
122  220  
122  221  
122  222  
122  223  
122  224  
122  225  
122  226  
122  227  
122  228  
122  229  
122  230  
122  231  
122  232  
122  233  
122  234  
122  235  
332  195  
332  196  
332  197  
332  198  
332  199  
332  200  
332  201  
332  202  
332  203  
332  204  
332  205  
332  206  
332  207  
332  208  
332  209  
332  210  
332  211  
332  212  
332  213  
331  214  
331  215  
115  197  
116  197  
112  198  
113  198  
114  198  
108  199  
109  199  
110  199  
111  199  
104  200  
105  200  
106  200  
107  200  
101  201  
102  201  
103  201  
96  202  
97  202  
98  202  
99  202  
100  202  
92  203  
93  203  
94  203  
95  203  
91  204  
131  199  
131  200  
131  201  
131  202  
131  203  
131  204  
131  205  
131  206  
131  207  
131  208  
131  209  
131  210  
131  211  
131  212  
131  213  
131  214  
131  215  
131  216  
131  217  
131  218  
131  219  
131  220  
131  221  
131  222  
131  223  
131  224  
131  225  
131  226  
131  227  
131  228  
131  229  
131  230  
131  231  
131  232  
131  233  
131  234  
131  235  
131  236  
131  237  
131  238  
131  239  
131  240  
131  241  
131  242  
131  243  
131  244  
131  245  
131  246  
131  247  
131  248  
131  249  
131  250  
131  251  
131  252  
131  253  
131  254  
131  255  
131  256  
131  257  
131  258  
131  259  
131  260  
131  261  
131  262  
131  263  
131  264  
131  265  
131  266  
131  267  
131  268  
131  269  
131  270  
131  271  
131  272  
131  273  
131  274  
131  275  
131  276  
131  277  
131  278  
131  279  
131  280  
131  281  
131  282  
131  283  
131  284  
131  285  
131  286  
131  287  
131  288  
131  289  
131  290  
131  291  
131  292  
131  293  
131  294  
131  295  
131  296  
131  297  
131  298  
131  299  
131  300  
131  301  
131  302  
131  303  
131  304  
131  305  
131  306  
131  307  
131  308  
131  309  
131  310  
131  311  
131  312  
131  313  
131  314  
131  315  
131  316  
131  317  
131  318  
131  319  
131  320  
131  321  
131  322  
131  323  
131  324  
131  325  
131  326  
131  327  
131  328  
131  329  
131  330  
131  331  
131  332  
131  333  
131  334  
131  335  
131  336  
131  337  
131  338  
131  339  
131  340  
131  341  
131  342  
131  343  
131  344  
131  345  
131  346  
131  347  
131  348  
131  349  
131  350  
131  351  
131  352  
131  353  
131  354  
131  355  
131  356  
131  357  
131  358  
131  359  
131  360  
131  361  
131  362  
131  363  
131  364  
131  365  
131  366  
131  367  
131  368  
131  369  
131  370  
131  371  
131  372  
131  373  
131  374  
131  375  
131  376  
131  377  
131  378  
131  379  
131  380  
131  381  
131  382  
131  383  
131  384  
131  385  
131  386  
131  387  
131  388  
131  389  
131  390  
131  391  
131  392  
131  393  
131  394  
131  395  
131  396  
131  397  
131  398  
131  399  
131  400  
131  401  
131  402  
131  403  
131  404  
131  405  
131  406  
131  407  
131  408  
131  409  
131  410  
131  411  
131  412  
131  413  
131  414  
221  204  
222  204  
223  204  
224  204  
225  204  
226  204  
227  204  
228  204  
229  204  
230  204  
231  204  
232  204  
215  205  
216  205  
217  205  
218  205  
219  205  
220  205  
233  205  
214  206  
233  206  
232  207  
232  208  
233  209  
82  217  
82  218  
82  219  
82  220  
82  221  
82  222  
82  223  
82  224  
82  225  
82  226  
82  227  
82  228  
82  229  
82  230  
82  231  
82  232  
82  233  
82  234  
82  235  
82  236  
82  237  
82  238  
82  239  
82  240  
82  241  
82  242  
82  243  
82  244  
82  245  
82  246  
82  247  
82  248  
82  249  
82  250  
82  251  
82  252  
82  253  
82  254  
82  255  
82  256  
82  257  
82  258  
82  259  
82  260  
82  261  
82  262  
82  263  
82  264  
82  265  
82  266  
82  267  
82  268  
82  269  
82  270  
82  271  
82  272  
82  273  
82  274  
82  275  
82  276  
82  277  
82  278  
82  279  
82  280  
82  281  
82  282  
365  219  
366  220  
367  220  
368  220  
369  220  
370  220  
371  220  
372  220  
373  220  
374  220  
375  220  
376  220  
377  220  
378  220  
379  220  
380  220  
381  220  
382  220  
383  220  
384  220  
385  220  
386  220  
387  220  
388  220  
389  220  
390  220  
391  220  
392  220  
77  221  
77  222  
77  223  
77  224  
77  225  
77  226  
77  227  
77  228  
77  229  
77  230  
77  231  
77  232  
77  233  
77  234  
77  235  
77  236  
77  237  
77  238  
77  239  
77  240  
77  241  
77  242  
77  243  
77  244  
77  245  
77  246  
77  247  
77  248  
77  249  
77  250  
77  251  
77  252  
77  253  
77  254  
77  255  
77  256  
77  257  
77  258  
77  259  
77  260  
77  261  
77  262  
77  263  
77  264  
77  265  
77  266  
77  267  
77  268  
77  269  
77  270  
77  271  
77  272  
77  273  
77  274  
77  275  
77  276  
77  277  
77  278  
77  279  
77  280  
78  281  
78  282  
78  283  
78  284  
78  285  
78  286  
78  287  
78  288  
78  289  
78  290  
78  291  
78  292  
78  293  
78  294  
78  295  
78  296  
78  297  
78  298  
78  299  
78  300  
78  301  
78  302  
78  303  
78  304  
78  305  
78  306  
78  307  
78  308  
78  309  
78  310  
78  311  
78  312  
78  313  
78  314  
78  315  
78  316  
78  317  
78  318  
78  319  
78  320  
78  321  
78  322  
78  323  
78  324  
78  325  
78  326  
78  327  
78  328  
78  329  
78  330  
78  331  
78  332  
78  333  
78  334  
78  335  
78  336  
78  337  
78  338  
78  339  
78  340  
78  341  
78  342  
78  343  
78  344  
78  345  
78  346  
78  347  
78  348  
78  349  
78  350  
78  351  
78  352  
78  353  
78  354  
78  355  
78  356  
78  357  
78  358  
78  359  
78  360  
78  361  
78  362  
78  363  
78  364  
78  365  
78  366  
78  367  
78  368  
78  369  
78  370  
78  371  
78  372  
78  373  
78  374  
78  375  
78  376  
78  377  
78  378  
78  379  
78  380  
78  381  
78  382  
78  383  
78  384  
78  385  
78  386  
78  387  
78  388  
78  389  
78  390  
78  391  
78  392  
78  393  
78  394  
78  395  
78  396  
78  397  
78  398  
78  399  
78  400  
78  401  
79  402  
79  403  
79  404  
79  405  
79  406  
79  407  
79  408  
79  409  
79  410  
79  411  
79  412  
79  413  
79  414  
79  415  
79  416  
79  417  
369  223  
370  223  
371  223  
372  223  
373  223  
374  223  
375  223  
376  223  
377  223  
378  223  
379  223  
380  223  
381  223  
382  223  
383  223  
384  223  
385  223  
386  223  
387  223  
388  223  
389  223  
390  223  
391  223  
392  223  
393  223  
394  223  
395  223  
396  223  
397  223  
398  223  
399  223  
400  223  
401  223  
402  223  
403  223  
404  223  
405  223  
406  223  
407  223  
408  223  
409  223  
410  223  
411  223  
412  223  
413  223  
414  223  
415  223  
416  223  
417  223  
418  223  
419  223  
420  223  
421  223  
422  223  
423  223  
424  223  
425  223  
426  223  
427  223  
428  223  
429  223  
430  223  
431  223  
432  223  
433  223  
434  223  
435  223  
436  223  
437  223  
438  223  
439  223  
440  223  
441  223  
442  223  
443  223  
444  223  
445  223  
446  223  
447  223  
448  223  
355  231  
356  231  
357  231  
358  231  
359  231  
360  231  
361  231  
362  231  
363  231  
364  231  
365  231  
366  231  
367  231  
368  231  
369  231  
370  231  
371  231  
372  231  
373  231  
374  231  
375  231  
376  231  
377  231  
378  231  
379  231  
380  231  
381  231  
339  232  
340  232  
341  232  
342  232  
343  232  
344  232  
345  232  
346  232  
347  232  
348  232  
349  232  
350  232  
351  232  
352  232  
353  232  
354  232  
405  231  
406  231  
407  231  
408  231  
409  231  
410  231  
411  231  
412  231  
413  231  
414  231  
415  231  
416  231  
417  231  
418  231  
419  231  
420  231  
421  231  
422  231  
423  231  
424  231  
425  231  
426  231  
427  231  
428  231  
429  231  
430  231  
431  231  
432  231  
433  231  
434  231  
435  231  
436  231  
437  231  
438  231  
439  231  
440  231  
441  231  
442  231  
443  231  
444  231  
445  231  
446  231  
447  231  
448  231  
278  233  
279  233  
280  233  
281  233  
282  233  
272  234  
273  234  
274  234  
275  234  
276  234  
277  234  
248  235  
249  235  
250  235  
251  235  
252  235  
253  235  
254  235  
255  235  
256  235  
257  235  
258  235  
259  235  
260  235  
261  235  
262  235  
263  235  
264  235  
265  235  
266  235  
267  235  
268  235  
269  235  
270  235  
271  235  
245  236  
246  236  
247  236  
245  239  
246  239  
247  239  
248  239  
249  239  
250  239  
251  239  
252  239  
253  239  
254  239  
255  239  
256  239  
257  239  
258  239  
259  239  
260  239  
261  239  
262  239  
263  239  
264  239  
265  239  
266  239  
267  239  
268  239  
269  239  
270  239  
271  239  
272  239  
273  239  
274  239  
275  239  
276  239  
277  239  
122  240  
122  241  
122  242  
122  243  
122  244  
122  245  
122  246  
122  247  
122  248  
122  249  
122  250  
122  251  
122  252  
122  253  
122  254  
122  255  
122  256  
122  257  
122  258  
122  259  
122  260  
122  261  
347  245  
348  245  
349  245  
350  245  
351  245  
352  245  
353  245  
354  245  
355  245  
356  245  
357  245  
358  245  
359  245  
360  245  
361  245  
362  245  
363  245  
364  245  
365  245  
366  245  
367  245  
368  245  
369  245  
370  245  
371  245  
284  248  
285  248  
286  248  
287  248  
288  248  
289  248  
290  248  
291  248  
292  248  
293  248  
294  248  
295  248  
296  248  
297  248  
298  248  
299  248  
300  248  
301  248  
302  248  
303  248  
356  249  
357  249  
358  249  
361  249  
362  249  
363  249  
364  249  
365  249  
366  249  
367  249  
368  249  
369  249  
370  249  
371  249  
372  249  
373  249  
374  249  
375  249  
376  249  
377  249  
359  250  
360  250  
122  264  
122  265  
122  266  
122  267  
122  268  
122  269  
122  270  
122  271  
122  272  
122  273  
122  274  
122  275  
122  276  
122  277  
122  278  
122  279  
122  280  
122  281  
122  282  
122  283  
122  284  
122  285  
122  286  
122  287  
122  288  
122  289  
122  290  
122  291  
122  292  
122  293  
122  294  
122  295  
122  296  
122  297  
122  298  
122  299  
122  300  
122  301  
122  302  
122  303  
122  304  
122  305  
122  306  
122  307  
122  308  
122  309  
122  310  
122  311  
122  312  
122  313  
122  314  
122  315  
122  316  
122  317  
122  318  
122  319  
122  320  
122  321  
122  322  
122  323  
122  324  
122  325  
122  326  
122  327  
122  328  
122  329  
122  330  
122  331  
122  332  
122  333  
122  334  
122  335  
122  336  
122  337  
122  338  
122  339  
122  340  
122  341  
122  342  
122  343  
122  344  
122  345  
122  346  
122  347  
122  348  
122  349  
122  350  
122  351  
122  352  
122  353  
122  354  
122  355  
122  356  
122  357  
122  358  
123  359  
123  360  
123  361  
123  362  
123  363  
123  364  
123  365  
123  366  
123  367  
123  368  
123  369  
123  370  
123  371  
123  372  
123  373  
123  374  
123  375  
123  376  
123  377  
123  378  
123  379  
123  380  
123  381  
123  382  
123  383  
123  384  
123  385  
123  386  
123  387  
123  388  
123  389  
123  390  
123  391  
123  392  
123  393  
123  394  
123  395  
123  396  
123  397  
123  398  
123  399  
123  400  
123  401  
123  402  
123  403  
123  404  
123  405  
123  406  
123  407  
123  408  
123  409  
123  410  
123  411  
123  412  
123  413  
123  414  
123  415  
123  416  
123  417  
123  418  
123  419  
123  420  
123  421  
123  422  
123  423  
123  424  
123  425  
123  426  
123  427  
123  428  
123  429  
123  430  
123  431  
123  432  
123  433  
123  434  
123  435  
123  436  
123  437  
123  438  
123  439  
124  440  
124  441  
378  268  
379  268  
380  268  
381  268  
382  268  
383  268  
384  268  
385  268  
386  268  
387  268  
388  268  
389  268  
390  268  
391  268  
392  268  
393  268  
394  268  
395  268  
396  268  
397  268  
398  268  
399  268  
400  268  
401  268  
402  268  
403  268  
404  268  
405  268  
406  268  
407  268  
408  268  
409  268  
410  268  
411  268  
342  269  
343  269  
344  269  
345  269  
346  269  
347  269  
348  269  
349  269  
350  269  
351  269  
352  269  
353  269  
354  269  
355  269  
356  269  
357  269  
358  269  
359  269  
360  269  
361  269  
362  269  
363  269  
364  269  
365  269  
366  269  
367  269  
368  269  
369  269  
370  269  
371  269  
372  269  
373  269  
374  269  
375  269  
376  269  
377  269  
299  270  
300  270  
301  270  
302  270  
303  270  
304  270  
305  270  
306  270  
307  270  
308  270  
309  270  
310  270  
311  270  
312  270  
313  270  
314  270  
315  270  
316  270  
317  270  
318  270  
319  270  
320  270  
321  270  
322  270  
323  270  
324  270  
325  270  
326  270  
327  270  
328  270  
329  270  
330  270  
331  270  
332  270  
333  270  
334  270  
335  270  
336  270  
337  270  
338  270  
339  270  
340  270  
341  270  
264  271  
265  271  
266  271  
267  271  
268  271  
269  271  
270  271  
271  271  
272  271  
273  271  
274  271  
275  271  
276  271  
277  271  
278  271  
279  271  
280  271  
281  271  
282  271  
283  271  
284  271  
285  271  
286  271  
287  271  
288  271  
289  271  
290  271  
291  271  
292  271  
293  271  
294  271  
295  271  
296  271  
297  271  
298  271  
220  272  
221  272  
222  272  
223  272  
224  272  
225  272  
226  272  
227  272  
228  272  
229  272  
230  272  
231  272  
232  272  
233  272  
234  272  
235  272  
236  272  
237  272  
238  272  
239  272  
240  272  
241  272  
242  272  
243  272  
244  272  
245  272  
246  272  
247  272  
248  272  
249  272  
250  272  
251  272  
252  272  
253  272  
254  272  
255  272  
256  272  
257  272  
258  272  
259  272  
260  272  
261  272  
262  272  
263  272  
169  276  
170  276  
171  276  
172  276  
167  277  
168  277  
173  277  
174  277  
175  277  
176  277  
177  277  
178  277  
179  277  
180  277  
181  277  
182  277  
183  277  
184  277  
185  277  
186  277  
187  277  
188  277  
189  277  
190  277  
191  277  
192  277  
193  277  
194  277  
195  277  
196  277  
197  278  
198  278  
170  280  
171  280  
172  280  
173  280  
174  280  
175  281  
176  281  
177  281  
178  281  
179  281  
180  281  
181  281  
182  281  
183  281  
184  281  
185  281  
186  281  
187  281  
188  281  
189  281  
143  284  
143  285  
143  286  
143  287  
143  288  
143  289  
143  290  
143  291  
143  292  
143  293  
143  294  
143  295  
143  296  
143  297  
143  298  
143  299  
143  300  
143  301  
143  302  
143  303  
143  304  
143  305  
143  306  
143  307  
143  308  
143  309  
143  310  
143  311  
143  312  
143  313  
143  314  
143  315  
143  316  
143  317  
143  318  
143  319  
143  320  
143  321  
143  322  
143  323  
143  324  
143  325  
143  326  
143  327  
143  328  
143  329  
143  330  
143  331  
143  332  
143  333  
143  334  
143  335  
143  336  
143  337  
143  338  
143  339  
143  340  
143  341  
143  342  
143  343  
143  344  
143  345  
143  346  
143  347  
143  348  
143  349  
143  350  
143  351  
143  352  
143  353  
143  354  
143  355  
143  356  
143  357  
144  358  
144  359  
144  360  
144  361  
144  362  
144  363  
144  364  
144  365  
144  366  
144  367  
144  368  
144  369  
144  370  
144  371  
144  372  
144  373  
144  374  
144  375  
144  376  
144  377  
144  378  
144  379  
144  380  
144  381  
144  382  
144  383  
144  384  
144  385  
144  386  
144  387  
144  388  
144  389  
144  390  
144  391  
144  392  
144  393  
144  394  
144  395  
144  396  
144  397  
144  398  
144  399  
144  400  
144  401  
144  402  
144  403  
144  404  
144  405  
144  406  
144  407  
144  408  
144  409  
144  410  
144  411  
144  412  
144  413  
144  414  
144  415  
144  416  
144  417  
144  418  
144  419  
144  420  
144  421  
144  422  
144  423  
144  424  
144  425  
144  426  
144  427  
144  428  
144  429  
144  430  
144  431  
144  432  
145  433  
145  434  
145  435  
145  436  
145  437  
145  438  
145  439  
145  440  
145  441  
145  442  
145  443  
145  444  
145  445  
145  446  
145  447  
145  448  
145  449  
145  450  
145  451  
145  452  
145  453  
145  454  
145  455  
145  456  
145  457  
145  458  
145  459  
145  460  
405  300  
406  300  
407  300  
408  300  
409  300  
410  300  
411  300  
412  301  
413  301  
414  301  
415  301  
416  301  
417  301  
418  301  
419  301  
420  301  
421  301  
422  301  
423  301  
424  301  
425  301  
426  301  
441  311  
441  312  
441  313  
441  314  
441  315  
441  316  
441  317  
441  318  
441  319  
441  320  
441  321  
441  322  
441  323  
441  324  
441  325  
441  326  
441  327  
441  328  
441  329  
441  330  
441  331  
441  332  
441  333  
441  334  
441  335  
441  336  
441  337  
441  338  
441  339  
441  340  
441  341  
441  342  
146  315  
146  316  
146  317  
147  318  
147  319  
147  320  
147  321  
147  322  
147  323  
147  324  
147  325  
147  326  
147  327  
147  328  
147  329  
147  330  
147  331  
147  332  
147  333  
147  334  
147  335  
147  336  
147  337  
147  338  
147  339  
147  340  
147  341  
147  342  
147  343  
147  344  
147  345  
147  346  
147  347  
147  348  
147  349  
147  350  
147  351  
147  352  
147  353  
147  354  
147  355  
147  356  
147  357  
147  358  
147  359  
147  360  
147  361  
147  362  
147  363  
147  364  
147  365  
147  366  
147  367  
147  368  
147  369  
147  370  
147  371  
147  372  
147  373  
147  374  
147  375  
147  376  
147  377  
147  378  
147  379  
147  380  
147  381  
147  382  
147  383  
147  384  
147  385  
147  386  
147  387  
147  388  
147  389  
147  390  
147  391  
147  392  
147  393  
147  394  
147  395  
147  396  
147  397  
147  398  
147  399  
147  400  
147  401  
147  402  
147  403  
147  404  
147  405  
147  406  
147  407  
147  408  
147  409  
147  410  
147  411  
147  412  
147  413  
147  414  
147  415  
147  416  
147  417  
147  418  
147  419  
147  420  
147  421  
148  422  
148  423  
148  424  
148  425  
148  426  
148  427  
148  428  
148  429  
148  430  
148  431  
148  432  
148  433  
148  434  
148  435  
148  436  
148  437  
148  438  
148  439  
148  440  
148  441  
148  442  
148  443  
148  444  
148  445  
148  446  
148  447  
148  448  
148  449  
149  450  
149  451  
149  452  
149  453  
149  454  
256  323  
257  323  
258  323  
259  323  
260  323  
261  323  
262  323  
263  323  
264  323  
265  323  
266  323  
267  323  
268  323  
269  323  
270  323  
271  323  
272  323  
273  324  
274  324  
275  324  
276  324  
277  324  
278  324  
279  325  
280  325  
82  324  
82  325  
82  326  
82  327  
82  328  
83  329  
83  330  
83  331  
83  332  
83  333  
83  334  
83  335  
83  336  
83  337  
83  338  
83  339  
83  340  
83  341  
83  342  
83  343  
83  344  
83  345  
83  346  
83  347  
83  348  
83  349  
83  350  
83  351  
83  352  
83  353  
83  354  
83  355  
83  356  
83  357  
83  358  
83  359  
83  360  
83  361  
83  362  
83  363  
83  364  
83  365  
83  366  
83  367  
83  368  
83  369  
83  370  
83  371  
83  372  
83  373  
83  374  
83  375  
83  376  
83  377  
83  378  
83  379  
83  380  
83  381  
83  382  
83  383  
83  384  
83  385  
83  386  
83  387  
83  388  
83  389  
83  390  
83  391  
83  392  
83  393  
83  394  
83  395  
83  396  
83  397  
83  398  
83  399  
83  400  
83  401  
83  402  
83  403  
83  404  
83  405  
83  406  
83  407  
83  408  
83  409  
83  410  
83  411  
83  412  
83  413  
83  414  
83  415  
83  416  
83  417  
83  418  
83  419  
83  420  
83  421  
83  422  
83  423  
83  424  
408  353  
409  353  
410  353  
411  353  
412  353  
413  353  
414  353  
415  353  
416  353  
417  353  
418  353  
419  353  
420  353  
421  353  
422  353  
423  353  
396  354  
397  354  
398  354  
399  354  
400  354  
401  354  
402  354  
403  354  
404  354  
405  354  
406  354  
407  354  
244  356  
245  356  
222  357  
223  357  
224  357  
225  357  
226  357  
227  357  
228  357  
229  357  
230  357  
231  357  
232  357  
233  357  
234  357  
235  357  
236  357  
237  357  
238  357  
239  357  
240  357  
241  357  
242  357  
243  357  
213  360  
214  360  
215  360  
216  360  
217  360  
218  360  
219  360  
220  360  
221  361  
222  361  
223  361  
224  361  
225  361  
226  361  
227  361  
228  361  
229  361  
230  361  
231  361  
232  361  
233  361  
234  361  
235  361  
236  361  
237  361  
238  361  
239  361  
240  361  
241  362  
242  362  
243  362  
244  362  
245  362  
246  362  
247  362  
248  362  
249  362  
250  362  
251  362  
252  363  
253  363  
254  363  
255  363  
256  363  
257  363  
258  363  
259  363  
260  363  
261  363  
262  363  
263  363  
264  363  
265  363  
374  362  
375  362  
376  362  
377  362  
378  362  
379  362  
380  362  
381  362  
382  362  
383  362  
384  362  
385  362  
386  362  
387  362  
388  362  
389  363  
390  363  
391  363  
392  363  
393  363  
394  363  
395  363  
270  363  
271  363  
272  363  
273  363  
274  363  
275  363  
276  363  
277  363  
278  363  
279  363  
280  363  
281  363  
282  363  
283  363  
284  363  
285  364  
286  364  
287  364  
288  364  
289  364  
290  364  
291  364  
292  364  
293  364  
294  364  
295  364  
296  364  
297  364  
298  364  
299  364  
300  364  
301  364  
302  364  
303  364  
304  364  
305  364  
306  364  
307  364  
308  364  
309  364  
310  364  
311  364  
312  364  
313  364  
314  364  
315  364  
316  364  
317  364  
318  364  
319  364  
320  364  
321  364  
322  364  
323  365  
324  365  
325  365  
326  365  
327  365  
328  365  
329  365  
330  365  
331  365  
332  365  
333  365  
334  365  
335  365  
336  365  
337  365  
338  365  
339  365  
340  365  
341  365  
342  365  
343  365  
344  365  
345  365  
346  365  
347  365  
348  365  
349  365  
350  365  
351  365  
352  365  
353  365  
354  365  
355  365  
356  365  
357  365  
358  365  
359  365  
360  365  
361  365  
362  365  
363  365  
364  365  
365  366  
366  366  
367  366  
368  366  
369  366  
370  366  
371  366  
372  366  
373  366  
374  366  
375  366  
376  366  
377  366  
378  366  
379  366  
380  366  
381  366  
382  366  
383  366  
384  366  
385  366  
386  366  
387  366  
388  366  
389  366  
390  366  
391  366  
392  366  
393  366  
394  366  
395  366  
396  366  
397  366  
398  366  
399  366  
400  366  
401  366  
402  366  
403  366  
404  366  
405  367  
406  367  
407  367  
408  367  
409  367  
168  367  
169  367  
170  367  
171  367  
172  367  
173  367  
174  367  
175  367  
176  367  
177  367  
178  367  
179  367  
180  367  
181  367  
182  367  
183  367  
184  367  
185  367  
186  367  
187  367  
188  367  
189  367  
190  367  
191  367  
192  367  
193  367  
194  367  
195  367  
196  367  
197  367  
198  367  
199  367  
200  367  
201  367  
202  367  
203  367  
204  368  
205  368  
206  368  
207  368  
208  368  
209  368  
210  368  
211  368  
212  368  
213  368  
214  368  
215  368  
216  368  
217  368  
218  368  
219  368  
160  386  
160  387  
160  388  
160  389  
160  390  
160  391  
160  392  
160  393  
160  394  
160  395  
160  396  
160  397  
160  398  
160  399  
160  400  
160  401  
160  402  
160  403  
160  404  
160  405  
160  406  
160  407  
160  408  
160  409  
160  410  
160  411  
160  412  
160  413  
160  414  
160  415  
160  416  
160  417  
160  418  
160  419  
160  420  
160  421  
160  422  
160  423  
160  424  
160  425  
160  426  
160  427  
160  428  
160  429  
160  430  
160  431  
160  432  
160  433  
160  434  
160  435  
160  436  
160  437  
160  438  
160  439  
161  440  
161  441  
161  442  
161  443  
161  444  
161  445  
161  446  
161  447  
161  448  
161  449  
161  450  
161  451  
161  452  
161  453  
161  454  
161  455  
161  456  
161  457  
161  458  
161  459  
161  460  
161  461  
161  462  
161  463  
390  387  
390  388  
390  389  
390  390  
390  391  
390  392  
390  393  
390  394  
390  395  
390  396  
390  397  
390  398  
390  399  
390  400  
390  401  
390  402  
390  403  
390  404  
390  405  
390  406  
390  407  
390  408  
390  409  
390  410  
390  411  
390  412  
390  413  
390  414  
390  415  
390  416  
390  417  
390  418  
390  419  
390  420  
390  421  
390  422  
390  423  
390  424  
390  425  
394  387  
393  388  
393  389  
393  390  
393  391  
393  392  
393  393  
393  394  
393  395  
393  396  
393  397  
393  398  
393  399  
393  400  
393  401  
393  402  
393  403  
393  404  
393  405  
393  406  
393  407  
393  408  
393  409  
393  410  
393  411  
393  412  
393  413  
393  414  
393  415  
393  416  
393  417  
393  418  
393  419  
393  420  
393  421  
393  422  
393  423  
393  424  
393  425  
393  426  
393  427  
393  428  
393  429  
393  430  
393  431  
393  432  
393  433  
393  434  
393  435  
393  436  
341  388  
342  388  
343  388  
344  388  
345  388  
346  388  
347  388  
348  388  
349  388  
350  388  
351  388  
352  388  
353  388  
354  388  
355  388  
356  388  
357  388  
358  388  
359  388  
360  388  
361  388  
362  388  
350  396  
351  396  
352  396  
353  396  
354  396  
355  396  
356  396  
357  396  
358  396  
359  396  
360  397  
361  397  
362  397  
363  397  
364  397  
365  397  
366  397  
367  397  
368  397  
369  397  
370  397  
371  397  
372  397  
373  397  
397  402  
397  403  
397  404  
397  405  
398  406  
398  407  
398  408  
398  409  
398  410  
398  411  
398  412  
398  413  
398  414  
398  415  
398  416  
398  417  
398  418  
398  419  
398  420  
398  421  
397  422  
397  423  
397  424  
397  425  
397  426  
397  427  
397  428  
397  429  
397  430  
397  431  
397  432  
397  433  
397  434  
398  435  
398  436  
398  437  
398  438  
398  439  
346  405  
347  405  
348  405  
349  405  
350  405  
351  405  
352  405  
353  405  
354  405  
355  405  
356  405  
357  405  
358  405  
359  405  
360  405  
361  405  
362  405  
363  405  
364  405  
365  405  
366  405  
367  405  
368  406  
369  406  
370  406  
371  406  
339  408  
340  409  
341  409  
342  409  
343  409  
344  409  
345  409  
346  409  
347  409  
348  409  
349  409  
350  409  
351  409  
352  409  
353  409  
354  409  
355  409  
356  409  
357  409  
358  409  
359  409  
360  409  
361  410  
362  410  
363  410  
364  410  
365  410  
366  410  
367  410  
368  410  
369  410  
370  410  
131  418  
131  419  
131  420  
131  421  
131  422  
131  423  
131  424  
131  425  
131  426  
131  427  
131  428  
131  429  
131  430  
132  431  
132  432  
132  433  
132  434  
132  435  
132  436  
132  437  
132  438  
132  439  
132  440  
132  441  
132  442  
132  443  
132  444  
345  418  
346  418  
347  418  
348  418  
349  418  
350  418  
351  418  
352  418  
353  418  
354  418  
355  418  
356  418  
357  418  
358  418  
359  418  
360  418  
361  418  
362  418  
363  418  
364  418  
365  418  
366  418  
367  418  
368  418  
349  422  
350  423  
351  423  
352  423  
353  423  
354  423  
355  423  
356  423  
357  423  
358  423  
359  423  
360  423  
361  423  
362  423  
363  423  
364  423  
365  423  
366  423  
367  423  
368  424  
369  424  
370  424  
371  424  
372  424  
373  424  
374  424  
305  447  
306  447  
307  447  
308  447  
309  447  
310  447  
311  447  
312  447  
313  447  
314  447  
315  447  
316  447  
317  447  
318  448  
319  448  
320  448  
321  448  
322  448  
323  448  
324  448  
325  448  
326  448  
327  448  
328  448  
329  448  
330  448  
331  448  
332  448  
333  448  
334  449  
335  449  
336  449  
337  449  
338  449  
339  449  
340  449  
341  449  
342  449  
343  449  
344  449  
345  449  
346  449  
347  449  
348  449  
349  449  
350  449  
351  449  
352  449  
353  449  
354  449  
355  449  
356  449  
357  449  
358  449  
368  447  
369  447  
370  447  
371  447  
372  447  
373  447  
374  447  
375  447  
376  448  
377  448  
378  448  
379  448  
380  448  
381  448  
382  448  
383  448  
384  448  
385  448  
386  448  
387  448  
388  448  
389  448  
390  448  
391  448  
392  448  
393  448  
394  448  
400  449  
401  449  
402  449  
403  449  
404  449  
405  449  
406  449  
407  449  
408  449  
409  449  
410  449  
411  449  
412  449  
413  449  
414  449  
415  449  
416  449  
417  449  
418  449  
419  449  
420  449  
421  449  
422  449  
423  449  
424  449  
425  450  
426  450  
427  450  
428  450  
429  450  
430  450  
431  450  
432  450  
433  450  
434  450  
435  450  
436  450  
437  450  
438  450  
439  450  
440  450  
441  450  
442  450  
443  450  
444  450  
445  450  
446  450  
447  450  
448  450  
94  450  
94  451  
94  452  
94  453  
94  454  
94  455  
94  456  
94  457  
94  458  
94  459  
94  460  
94  461  
94  462  
94  463  
94  464  
94  465  
94  466  
94  467  
94  468  
94  469  
94  470  
94  471  
94  472  
94  473  
99  451  
99  452  
99  453  
99  454  
99  455  
99  456  
99  457  
99  458  
99  459  
99  460  
99  461  
99  462  
99  463  
99  464  
99  465  
99  466  
99  467  
99  468  
99  469  
99  470  
99  471  
99  472  
99  473  
99  474  
99  475  
99  476  
99  477  
294  451  
295  451  
296  451  
297  451  
298  451  
299  451  
300  451  
301  451  
302  451  
303  451  
304  451  
305  451  
306  452  
307  452  
308  452  
309  452  
310  452  
311  452  
312  452  
313  452  
314  452  
315  452  
316  452  
317  452  
318  452  
319  452  
320  453  
321  453  
322  453  
323  453  
324  453  
325  453  
326  453  
327  453  
328  453  
329  453  
330  453  
331  453  
332  454  
333  454  
257  453  
258  453  
259  453  
260  453  
261  453  
262  453  
263  453  
264  453  
265  453  
266  454  
267  454  
268  454  
269  454  
270  454  
271  454  
272  454  
273  454  
274  454  
275  454  
276  454  
277  454  
278  455  
279  455  
280  455  
281  455  
282  455  
283  455  
284  455  
285  455  
286  455  
287  455  
288  455  
289  455  
290  456  
291  456  
292  456  
293  456  
294  456  
295  456  
296  456  
297  456  
298  456  
299  456  
300  456  
301  457  
302  457  
303  457  
304  457  
305  457  
306  457  
307  457  
308  457  
309  457  
310  457  
311  457  
312  458  
313  458  
314  458  
315  458  
316  458  
317  458  
318  458  
319  458  
320  458  
209  459  
210  459  
211  459  
212  459  
213  459  
214  459  
215  459  
216  459  
217  459  
218  459  
219  459  
220  459  
221  459  
222  459  
223  459  
224  459  
225  459  
226  459  
227  459  
228  459  
365  460  
366  460  
367  460  
368  461  
369  461  
370  461  
371  461  
372  461  
373  461  
374  461  
375  461  
376  461  
377  461  
378  461  
379  461  
380  461  
381  462  
382  462  
383  462  
384  462  
385  462  
386  462  
387  462  
388  462  
389  462  
390  462  
391  462  
392  462  
393  462  
394  462  
395  463  
396  463  
397  463  
398  463  
399  463  
400  463  
401  463  
402  463  
403  463  
404  463  
405  463  
406  463  
407  463  
408  463  
409  463  
410  463  
411  463  
412  463  
413  463  
414  464  
415  464  
416  464  
417  464  
418  464  
419  464  
420  464  
421  464  
422  464  
423  464  
424  464  
425  464  
426  464  
427  464  
428  464  
429  465  
430  465  
431  465  
432  465  
433  465  
434  465  
435  465  
436  465  
437  465  
438  465  
439  465  
440  465  
441  465  
442  465  
443  465  
444  465  
445  465  
446  465  
447  465  
448  465  
183  462  
183  463  
183  464  
183  465  
183  466  
183  467  
183  468  
183  469  
183  470  
183  471  
183  472  
183  473  
183  474  
183  475  
183  476  
183  477  
183  478  
183  479  
183  480  
183  481  
183  482  
183  483  
183  484  
183  485  
183  486  
183  487  
183  488  
183  489  
183  490  
183  491  
183  492  
183  493  
183  494  
183  495  
183  496  
183  497  
183  498  
183  499  
183  500  
183  501  
183  502  
183  503  
183  504  
183  505  
183  506  
183  507  
183  508  
183  509  
183  510  
184  511  
184  512  
184  513  
184  514  
184  515  
184  516  
184  517  
184  518  
184  519  
184  520  
184  521  
184  522  
184  523  
184  524  
184  525  
184  526  
184  527  
184  528  
184  529  
184  530  
184  531  
184  532  
184  533  
184  534  
184  535  
184  536  
184  537  
184  538  
184  539  
184  540  
184  541  
184  542  
184  543  
184  544  
184  545  
184  546  
184  547  
184  548  
184  549  
184  550  
184  551  
184  552  
184  553  
184  554  
184  555  
184  556  
184  557  
184  558  
184  559  
184  560  
184  561  
184  562  
184  563  
184  564  
184  565  
184  566  
184  567  
184  568  
184  569  
184  570  
184  571  
184  572  
184  573  
184  574  
184  575  
184  576  
184  577  
184  578  
184  579  
184  580  
184  581  
184  582  
184  583  
184  584  
184  585  
184  586  
184  587  
184  588  
184  589  
184  590  
184  591  
184  592  
184  593  
184  594  
184  595  
184  596  
184  597  
184  598  
184  599  
184  600  
184  601  
185  602  
185  603  
185  604  
185  605  
185  606  
185  607  
185  608  
172  463  
172  464  
172  465  
172  466  
172  467  
172  468  
172  469  
172  470  
172  471  
172  472  
172  473  
172  474  
172  475  
172  476  
172  477  
172  478  
172  479  
172  480  
172  481  
172  482  
172  483  
172  484  
172  485  
172  486  
172  487  
172  488  
172  489  
172  490  
172  491  
172  492  
172  493  
172  494  
172  495  
172  496  
172  497  
172  498  
172  499  
172  500  
172  501  
188  465  
188  466  
188  467  
188  468  
188  469  
188  470  
188  471  
188  472  
188  473  
188  474  
188  475  
188  476  
188  477  
188  478  
188  479  
188  480  
188  481  
188  482  
188  483  
188  484  
188  485  
188  486  
188  487  
188  488  
188  489  
188  490  
188  491  
188  492  
188  493  
188  494  
188  495  
188  496  
188  497  
188  498  
188  499  
188  500  
188  501  
188  502  
188  503  
188  504  
188  505  
188  506  
188  507  
188  508  
188  509  
189  510  
189  511  
189  512  
189  513  
189  514  
189  515  
189  516  
189  517  
189  518  
189  519  
189  520  
189  521  
189  522  
189  523  
189  524  
189  525  
189  526  
189  527  
189  528  
189  529  
189  530  
189  531  
189  532  
189  533  
189  534  
189  535  
189  536  
189  537  
189  538  
189  539  
189  540  
189  541  
189  542  
189  543  
189  544  
189  545  
189  546  
189  547  
189  548  
189  549  
189  550  
189  551  
189  552  
189  553  
189  554  
189  555  
189  556  
189  557  
189  558  
189  559  
189  560  
189  561  
189  562  
189  563  
189  564  
189  565  
189  566  
189  567  
189  568  
189  569  
189  570  
189  571  
189  572  
189  573  
189  574  
189  575  
189  576  
189  577  
189  578  
189  579  
189  580  
189  581  
189  582  
189  583  
189  584  
189  585  
189  586  
189  587  
189  588  
189  589  
189  590  
189  591  
189  592  
189  593  
189  594  
189  595  
189  596  
189  597  
189  598  
189  599  
189  600  
189  601  
189  602  
189  603  
189  604  
189  605  
189  606  
189  607  
189  608  
175  466  
175  467  
175  468  
175  469  
175  470  
175  471  
175  472  
175  473  
175  474  
175  475  
175  476  
175  477  
175  478  
175  479  
175  480  
175  481  
175  482  
175  483  
175  484  
175  485  
175  486  
175  487  
175  488  
175  489  
175  490  
175  491  
175  492  
175  493  
175  494  
175  495  
175  496  
175  497  
175  498  
175  499  
175  500  
175  501  
175  502  
175  503  
175  504  
175  505  
175  506  
175  507  
175  508  
175  509  
175  510  
175  511  
175  512  
175  513  
175  514  
175  515  
175  516  
175  517  
175  518  
175  519  
175  520  
175  521  
175  522  
175  523  
175  524  
175  525  
175  526  
175  527  
175  528  
175  529  
175  530  
175  531  
175  532  
175  533  
175  534  
175  535  
175  536  
175  537  
175  538  
175  539  
175  540  
175  541  
175  542  
175  543  
175  544  
175  545  
175  546  
175  547  
175  548  
175  549  
175  550  
175  551  
175  552  
175  553  
175  554  
175  555  
175  556  
175  557  
175  558  
175  559  
175  560  
175  561  
175  562  
175  563  
175  564  
175  565  
175  566  
176  567  
176  568  
176  569  
176  570  
176  571  
176  572  
176  573  
176  574  
176  575  
176  576  
176  577  
176  578  
176  579  
176  580  
176  581  
176  582  
176  583  
176  584  
176  585  
176  586  
176  587  
176  588  
176  589  
176  590  
176  591  
176  592  
176  593  
176  594  
176  595  
176  596  
176  597  
176  598  
176  599  
176  600  
176  601  
176  602  
176  603  
176  604  
176  605  
176  606  
176  607  
176  608  
356  466  
356  467  
356  468  
356  469  
356  470  
356  471  
356  472  
356  473  
356  474  
356  475  
356  476  
356  477  
356  478  
356  479  
356  480  
355  481  
355  482  
355  483  
355  484  
355  485  
355  486  
355  487  
355  488  
355  489  
355  490  
355  491  
355  492  
355  493  
355  494  
355  495  
355  496  
355  497  
355  498  
355  499  
355  500  
355  501  
355  502  
355  503  
355  504  
355  505  
329  468  
329  469  
329  470  
329  471  
329  472  
329  473  
329  474  
329  475  
329  476  
329  477  
329  478  
329  479  
329  480  
329  481  
329  482  
329  483  
329  484  
329  485  
329  486  
329  487  
329  488  
329  489  
329  490  
329  491  
329  492  
329  493  
329  494  
165  473  
164  474  
164  475  
164  476  
164  477  
164  478  
164  479  
164  480  
164  481  
164  482  
164  483  
164  484  
164  485  
163  486  
163  487  
163  488  
163  489  
163  490  
163  491  
163  492  
163  493  
163  494  
163  495  
163  496  
163  497  
163  498  
163  499  
163  500  
163  501  
360  474  
360  475  
360  476  
360  477  
360  478  
360  479  
360  480  
360  481  
360  482  
360  483  
360  484  
360  485  
360  486  
360  487  
360  488  
360  489  
360  490  
360  491  
360  492  
360  493  
360  494  
360  495  
360  496  
360  497  
360  498  
360  499  
360  500  
360  501  
360  502  
360  503  
360  504  
360  505  
360  506  
360  507  
360  508  
361  509  
362  509  
363  509  
364  509  
239  480  
240  480  
241  480  
242  480  
243  480  
244  480  
245  480  
246  480  
247  480  
248  480  
290  480  
291  480  
292  480  
293  480  
249  481  
250  481  
251  481  
252  481  
253  481  
254  481  
255  481  
256  481  
257  481  
258  481  
259  481  
260  481  
261  481  
262  481  
263  481  
277  481  
278  481  
279  481  
280  481  
281  481  
282  481  
283  481  
284  481  
285  481  
286  481  
287  481  
288  481  
289  481  
264  482  
265  482  
266  482  
267  482  
268  482  
269  482  
270  482  
271  482  
272  482  
273  482  
274  482  
275  482  
276  482  
100  491  
101  491  
102  492  
103  492  
104  493  
105  493  
106  493  
107  494  
108  494  
109  494  
110  495  
111  495  
112  495  
113  496  
114  496  
115  496  
116  497  
117  497  
118  498  
119  498  
120  498  
121  499  
122  499  
123  500  
124  500  
125  500  
126  501  
269  507  
270  507  
271  507  
272  507  
273  507  
274  507  
275  507  
276  508  
277  508  
278  508  
279  508  
280  508  
281  508  
282  508  
283  508  
284  509  
285  509  
286  509  
287  509  
288  509  
289  509  
290  509  
291  509  
292  510  
293  510  
294  510  
295  510  
296  510  
297  510  
298  510  
299  510  
300  511  
301  511  
302  511  
303  511  
304  511  
305  511  
306  511  
307  511  
308  512  
309  512  
310  512  
311  512  
312  512  
313  512  
314  512  
271  512  
272  512  
273  512  
274  512  
275  512  
276  512  
277  512  
278  512  
279  512  
280  512  
281  513  
282  513  
283  513  
284  513  
285  513  
286  513  
287  513  
288  513  
289  513  
290  514  
291  514  
292  514  
293  514  
294  514  
295  514  
296  514  
297  514  
298  514  
299  515  
300  515  
301  515  
302  515  
303  515  
304  515  
305  515  
306  515  
307  515  
308  516  
309  516  
310  516  
311  516  
312  516  
313  516  
314  516  
315  516  
316  516  
317  517  
318  517  
278  516  
279  516  
280  516  
281  517  
282  517  
283  517  
284  517  
285  517  
286  517  
287  517  
288  517  
289  517  
290  518  
291  518  
292  518  
293  518  
294  518  
295  518  
296  518  
297  518  
298  519  
299  519  
300  519  
301  519  
302  519  
303  519  
304  519  
305  519  
306  519  
307  519  
308  520  
309  520  
310  520  
311  520  
312  520  
313  520  
314  520  
315  520  
316  520  
317  520  
318  521  
319  521  
320  521  
321  521  
322  521  
323  521  
324  521  
325  521  
326  522  
327  522  
328  522  
329  522  
330  522  
331  522  
332  522  
333  522  
334  523  
335  523  
336  523  
337  523  
338  523  
339  523  
340  523  
341  523  
342  524  
343  524  
344  524  
345  524  
346  524  
347  524  
348  524  
349  524  
350  524  
351  525  
352  525  
353  525  
354  525  
355  525  
356  525  
357  525  
358  525  
359  525  
360  526  
361  526  
362  526  
363  526  
364  526  
365  526  
366  526  
367  526  
324  518  
325  518  
326  518  
327  518  
328  518  
329  518  
330  518  
331  518  
332  518  
333  518  
334  518  
335  519  
336  519  
337  519  
338  519  
339  519  
340  519  
341  519  
342  519  
343  519  
344  520  
345  520  
346  520  
347  520  
348  520  
349  520  
350  520  
351  520  
352  521  
353  521  
354  521  
355  521  
356  521  
357  521  
358  521  
359  521  
360  521  
361  522  
362  522  
363  522  
364  522  
365  522  
366  522  
367  522  
368  522  
369  522  
283  523  
284  523  
285  523  
286  523  
287  523  
288  523  
289  523  
290  523  
291  524  
292  524  
293  524  
294  524  
295  524  
296  524  
297  524  
298  524  
299  525  
300  525  
301  525  
302  525  
303  525  
304  525  
305  525  
306  525  
307  525  
308  525  
309  526  
310  526  
311  526  
312  526  
313  526  
314  526  
315  526  
316  526  
317  527  
318  527  
319  527  
320  527  
321  527  
322  527  
323  527  
324  527  
325  527  
326  528  
327  528  
328  528  
329  528  
330  528  
331  528  
332  528  
333  528  
334  528  
335  529  
336  529  
337  529  
338  529  
339  529  
340  529  
341  529  
342  529  
343  529  
344  530  
345  530  
346  530  
347  530  
348  530  
349  530  
350  530  
351  530  
352  531  
353  531  
354  531  
355  531  
356  531  
357  531  
358  531  
359  531  
360  531  
361  531  
362  532  
363  532  
364  532  
365  532  
366  532  
367  532  
368  532  
369  532  
370  532  
278  529  
279  529  
280  529  
281  529  
282  529  
283  529  
284  530  
285  530  
286  530  
287  530  
288  530  
289  530  
290  530  
291  530  
292  531  
293  531  
294  531  
295  531  
296  531  
297  531  
298  531  
299  531  
300  532  
301  532  
302  532  
303  532  
304  532  
305  532  
306  532  
307  533  
308  533  
309  533  
310  533  
311  533  
312  533  
313  533  
314  533  
315  534  
316  534  
317  534  
318  534  
319  534  
320  534  
321  535  
322  535  
323  535  
324  535  
325  535  
326  535  
327  535  
328  535  
329  535  
330  535  
331  536  
332  536  
333  536  
334  536  
335  536  
336  536  
337  536  
338  536  
339  536  
340  537  
341  537  
342  537  
343  537  
344  537  
345  537  
346  537  
347  537  
348  538  
349  538  
350  538  
351  538  
352  538  
353  538  
354  538  
355  538  
356  539  
357  539  
358  539  
359  539  
360  539  
361  539  
362  539  
363  539  
364  540  
365  540  
366  540  
367  540  
368  540  
369  540  
402  529  
402  530  
402  531  
402  532  
402  533  
402  534  
402  535  
402  536  
402  537  
402  538  
402  539  
402  540  
402  541  
402  542  
402  543  
402  544  
402  545  
402  546  
402  547  
401  548  
401  549  
401  550  
401  551  
401  552  
401  553  
401  554  
401  555  
401  556  
401  557  
401  558  
401  559  
401  560  
401  561  
401  562  
401  563  
401  564  
401  565  
401  566  
401  567  
401  568  
401  569  
401  570  
401  571  
401  572  
401  573  
401  574  
401  575  
401  576  
401  577  
401  578  
401  579  
401  580  
401  581  
401  582  
401  583  
401  584  
401  585  
401  586  
401  587  
401  588  
401  589  
400  590  
400  591  
400  592  
400  593  
400  594  
400  595  
400  596  
400  597  
400  598  
400  599  
400  600  
400  601  
400  602  
400  603  
400  604  
400  605  
400  606  
400  607  
400  608  
213  532  
214  532  
215  532  
216  532  
217  532  
218  532  
219  532  
220  532  
221  532  
222  532  
223  532  
224  532  
225  532  
226  532  
227  532  
228  532  
229  532  
230  532  
231  532  
232  532  
233  532  
234  532  
235  532  
236  532  
237  532  
238  532  
239  532  
240  532  
241  532  
242  532  
243  532  
244  532  
245  532  
246  532  
247  532  
210  536  
211  536  
212  536  
213  536  
214  536  
215  536  
216  536  
217  536  
218  536  
219  536  
220  536  
221  536  
222  536  
223  536  
224  536  
194  537  
195  537  
196  537  
197  537  
198  537  
199  537  
200  537  
201  537  
202  537  
203  537  
204  537  
205  537  
206  537  
207  537  
208  537  
209  537  
240  537  
241  537  
242  537  
243  537  
244  538  
245  538  
246  538  
247  538  
248  538  
249  538  
250  538  
251  539  
252  539  
253  539  
254  539  
255  539  
256  539  
257  540  
258  540  
259  540  
260  540  
261  540  
262  540  
263  541  
264  541  
265  541  
266  541  
267  541  
268  541  
269  541  
270  541  
271  541  
272  541  
273  542  
390  544  
390  545  
390  546  
390  547  
390  548  
390  549  
390  550  
390  551  
390  552  
390  553  
390  554  
390  555  
390  556  
390  557  
390  558  
390  559  
390  560  
390  561  
390  562  
390  563  
390  564  
390  565  
390  566  
389  567  
269  545  
270  545  
271  545  
272  546  
273  546  
274  546  
275  546  
276  546  
277  546  
278  546  
279  547  
280  547  
281  547  
282  547  
283  547  
284  547  
285  547  
286  547  
287  548  
288  548  
289  548  
290  548  
291  548  
292  548  
293  548  
294  549  
295  549  
296  549  
297  549  
298  549  
299  549  
300  549  
301  549  
302  550  
303  550  
304  550  
305  550  
306  550  
307  550  
308  550  
309  551  
310  551  
311  551  
312  551  
313  551  
314  551  
315  551  
316  551  
317  552  
318  552  
319  552  
320  552  
321  552  
322  552  
323  552  
324  553  
325  553  
326  553  
327  553  
328  553  
329  553  
330  553  
331  553  
332  554  
333  554  
334  554  
335  554  
336  554  
337  554  
338  554  
339  554  
340  555  
341  555  
342  555  
343  555  
344  555  
345  555  
346  555  
347  555  
348  556  
349  556  
350  556  
351  556  
352  556  
353  556  
354  556  
355  556  
356  557  
357  557  
358  557  
359  557  
360  557  
361  557  
362  557  
363  557  
364  558  
365  558  
273  553  
274  553  
275  553  
276  553  
277  553  
278  553  
279  553  
280  553  
281  553  
282  553  
283  554  
284  554  
285  554  
286  554  
287  554  
288  554  
289  555  
290  555  
291  555  
292  555  
293  555  
294  555  
295  555  
296  556  
297  556  
298  556  
299  556  
300  556  
301  556  
302  556  
303  557  
304  557  
305  557  
306  557  
307  557  
308  557  
309  558  
310  558  
311  558  
312  558  
313  558  
314  558  
315  558  
316  559  
317  559  
318  559  
319  559  
320  559  
321  559  
322  559  
323  560  
324  560  
325  560  
326  560  
327  560  
328  560  
329  560  
330  561  
331  561  
332  561  
333  561  
334  561  
335  561  
336  561  
337  562  
338  562  
339  562  
340  562  
341  562  
342  562  
343  562  
344  562  
345  563  
346  563  
347  563  
348  563  
349  563  
350  563  
351  563  
352  563  
353  564  
354  564  
355  564  
356  564  
357  564  
358  564  
359  564  
360  565  
361  565  
362  565  
363  565  
364  565  
365  565  
246  566  
247  566  
248  566  
249  567  
250  567  
251  567  
252  568  
253  568  
254  568  
255  569  
256  569  
257  569  
258  569  
259  569  
260  569  
261  570  
262  570  
263  570  
264  570  
265  570  
266  571  
267  571  
268  571  
269  571  
270  571  
271  571  
272  572  
273  572  
274  572  
275  572  
276  572  
277  573  
278  573  
279  573  
280  573  
281  573  
282  573  
283  574  
284  574  
285  574  
286  574  
287  574  
288  574  
289  575  
290  575  
291  575  
292  575  
293  575  
294  575  
295  576  
296  576  
297  576  
298  576  
299  576  
300  576  
301  576  
302  577  
303  577  
304  577  
305  577  
306  577  
307  577  
308  578  
309  578  
310  578  
311  578  
312  578  
313  578  
282  566  
283  566  
284  566  
285  566  
286  566  
287  566  
288  566  
289  567  
290  567  
291  567  
292  567  
293  567  
294  567  
295  567  
296  568  
297  568  
298  568  
299  568  
300  568  
301  568  
302  568  
303  569  
304  569  
305  569  
306  569  
307  569  
308  569  
309  569  
310  570  
311  570  
312  570  
313  570  
314  570  
315  570  
316  570  
317  570  
318  571  
319  571  
320  571  
321  571  
322  571  
323  571  
324  571  
325  572  
326  572  
327  572  
328  572  
329  572  
330  572  
331  572  
332  573  
333  573  
334  573  
335  573  
336  573  
337  573  
338  573  
339  573  
340  574  
341  574  
342  574  
343  574  
344  574  
345  574  
346  574  
347  575  
348  575  
349  575  
350  575  
351  575  
352  575  
353  575  
354  576  
355  576  
356  576  
357  576  
358  576  
359  576  
360  576  
361  577  
362  577  
363  577  
364  577  
365  577  
366  577  
367  577  
368  577  
369  578  
370  578  
211  580  
212  580  
213  580  
214  580  
215  580  
216  580  
217  580  
218  580  
219  580  
220  580  
221  580  
222  580  
223  580  
224  580  
225  580  
200  581  
201  581  
202  581  
203  581  
204  581  
205  581  
206  581  
207  581  
208  581  
209  581  
210  581  
226  581  
321  580  
322  580  
323  580  
324  580  
325  580  
326  580  
327  581  
328  581  
329  581  
330  581  
331  581  
332  581  
333  581  
334  582  
335  582  
336  582  
337  582  
338  582  
339  582  
340  583  
341  583  
342  583  
343  583  
344  583  
345  583  
346  583  
347  584  
348  584  
349  584  
350  584  
351  584  
352  584  
353  584  
354  585  
355  585  
356  585  
357  585  
358  585  
359  585  
360  585  
361  586  
362  586  
363  586  
364  586  
365  586  
366  586  
367  587  
273  586  
274  586  
275  586  
276  586  
277  586  
278  587  
279  587  
280  587  
281  587  
282  587  
283  587  
284  588  
285  588  
286  588  
287  588  
288  588  
289  589  
290  589  
291  589  
292  589  
293  589  
294  589  
295  590  
296  590  
297  590  
298  590  
299  590  
300  590  
301  591  
302  591  
303  591  
304  591  
305  591  
306  591  
307  592  
308  592  
309  592  
310  592  
311  592  
312  593  
313  593  
314  593  
315  593  
316  593  
317  593  
318  594  
319  594  
320  594  
330  596  
331  596  
332  596  
333  596  
334  597  
335  597  
336  597  
337  597  
338  597  
339  598  
340  598  
341  598  
342  598  
343  598  
344  598  
345  599  
346  599  
347  599  
348  599  
349  599  
350  600  
351  600  
352  600  
353  600  
