65  
27  31  22  64  20  21  20  74  112  42  39  94  37  20  21  32  23  69  24  21  21  21  21  20  64  40  23  25  66  37  21  21  23  36  22  21  24  24  21  26  36  57  42  29  30  20  58  29  23  32  26  22  27  20  22  23  37  34  22  23  24  32  22  25  20  
328  68  
329  68  
330  68  
331  68  
332  68  
333  68  
334  68  
335  68  
336  68  
337  68  
315  69  
316  69  
317  69  
318  69  
319  69  
320  69  
321  69  
322  69  
323  69  
324  69  
325  69  
326  69  
327  69  
314  70  
314  71  
314  72  
314  73  
249  88  
250  88  
251  88  
252  88  
253  88  
254  88  
255  88  
256  88  
257  88  
258  88  
259  88  
260  88  
261  88  
262  88  
232  89  
233  89  
234  89  
235  89  
236  89  
237  89  
238  89  
239  89  
240  89  
241  89  
242  89  
243  89  
244  89  
245  89  
246  89  
247  89  
248  89  
253  96  
254  96  
255  96  
256  96  
257  96  
258  96  
259  96  
260  96  
261  96  
262  96  
241  97  
242  97  
243  97  
244  97  
245  97  
246  97  
247  97  
248  97  
249  97  
250  97  
251  97  
252  97  
336  110  
337  110  
338  110  
339  110  
307  111  
308  111  
310  111  
311  111  
312  111  
313  111  
314  111  
315  111  
316  111  
317  111  
318  111  
319  111  
320  111  
321  111  
322  111  
323  111  
324  111  
325  111  
326  111  
327  111  
328  111  
329  111  
330  111  
331  111  
332  111  
333  111  
334  111  
335  111  
296  112  
297  112  
298  112  
299  112  
300  112  
301  112  
302  112  
303  112  
304  112  
305  112  
306  112  
309  112  
279  113  
280  113  
281  113  
282  113  
283  113  
284  113  
285  113  
286  113  
287  113  
288  113  
289  113  
290  113  
291  113  
292  113  
293  113  
294  113  
295  113  
276  114  
277  114  
278  114  
167  111  
168  111  
169  111  
170  111  
171  111  
172  111  
173  111  
174  111  
175  111  
176  111  
177  111  
178  111  
179  111  
180  111  
181  111  
162  112  
163  112  
164  112  
165  112  
166  112  
180  114  
160  115  
161  115  
162  115  
163  115  
164  115  
165  115  
166  115  
167  115  
168  115  
169  115  
170  115  
171  115  
172  115  
173  115  
174  115  
175  115  
176  115  
177  115  
178  115  
179  115  
235  114  
236  114  
237  114  
238  114  
239  114  
240  114  
241  114  
242  114  
243  114  
244  114  
225  115  
226  115  
227  115  
228  115  
229  115  
230  115  
231  115  
232  115  
233  115  
234  115  
94  121  
93  122  
93  123  
93  124  
93  125  
93  126  
93  127  
93  128  
93  129  
93  130  
93  131  
93  132  
93  133  
93  134  
93  135  
93  136  
93  137  
93  138  
93  139  
93  140  
93  141  
93  142  
93  143  
93  144  
93  145  
93  146  
93  147  
93  148  
93  149  
93  150  
93  151  
93  152  
93  153  
93  154  
93  155  
93  156  
93  157  
93  158  
93  159  
93  160  
93  161  
93  162  
94  163  
94  164  
94  165  
94  166  
94  167  
94  168  
94  169  
94  170  
94  171  
94  172  
94  173  
94  174  
94  175  
94  176  
94  177  
94  178  
94  179  
94  180  
94  181  
94  182  
94  183  
94  184  
94  185  
94  186  
94  187  
94  188  
94  189  
94  190  
94  191  
94  192  
94  193  
94  194  
96  127  
96  128  
96  129  
96  130  
96  131  
96  132  
96  133  
96  134  
96  135  
96  136  
96  137  
96  138  
96  139  
96  140  
96  141  
96  142  
96  143  
96  144  
96  145  
96  146  
96  147  
96  148  
96  149  
96  150  
96  151  
97  152  
97  153  
97  154  
97  155  
97  156  
97  157  
97  158  
97  159  
97  160  
97  161  
97  162  
97  163  
97  164  
97  165  
97  166  
97  167  
97  168  
97  169  
97  170  
97  171  
97  172  
97  173  
97  174  
97  175  
97  176  
97  177  
97  178  
97  179  
97  180  
97  181  
97  182  
97  183  
97  184  
97  185  
97  186  
97  187  
97  188  
98  189  
98  190  
98  191  
98  192  
98  193  
98  194  
98  195  
98  196  
98  197  
98  198  
98  199  
98  200  
98  201  
98  202  
98  203  
98  204  
98  205  
98  206  
98  207  
98  208  
98  209  
98  210  
98  211  
98  212  
98  213  
98  214  
98  215  
98  216  
98  217  
98  218  
98  219  
98  220  
98  221  
98  222  
98  223  
98  224  
98  225  
98  226  
98  227  
98  228  
98  229  
98  230  
98  231  
98  232  
98  233  
98  234  
98  235  
98  236  
98  237  
98  238  
335  129  
336  129  
337  129  
338  129  
339  129  
340  129  
341  129  
342  129  
343  129  
344  129  
345  129  
346  129  
305  130  
306  130  
319  130  
320  130  
321  130  
322  130  
323  130  
324  130  
325  130  
326  130  
327  130  
328  130  
329  130  
330  130  
331  130  
332  130  
333  130  
334  130  
307  131  
308  131  
309  131  
310  131  
311  131  
312  131  
313  131  
314  131  
315  131  
316  131  
317  131  
318  131  
289  131  
290  131  
291  131  
292  131  
293  131  
294  131  
295  131  
296  131  
297  131  
298  131  
299  131  
300  131  
301  131  
302  131  
303  131  
265  132  
266  132  
267  132  
268  132  
269  132  
270  132  
271  132  
272  132  
273  132  
274  132  
275  132  
276  132  
277  132  
278  132  
279  132  
280  132  
281  132  
282  132  
283  132  
284  132  
285  132  
286  132  
287  132  
288  132  
257  132  
231  133  
232  133  
233  133  
234  133  
235  133  
236  133  
237  133  
238  133  
239  133  
240  133  
241  133  
242  133  
243  133  
244  133  
245  133  
246  133  
247  133  
248  133  
249  133  
250  133  
251  133  
252  133  
253  133  
254  133  
255  133  
256  133  
189  134  
190  134  
191  134  
192  134  
193  134  
194  134  
195  134  
196  134  
197  134  
198  134  
199  134  
200  134  
201  134  
202  134  
203  134  
204  134  
205  134  
206  134  
207  134  
208  134  
209  134  
210  134  
211  134  
212  134  
213  134  
214  134  
215  134  
216  134  
217  134  
218  134  
219  134  
220  134  
221  134  
222  134  
223  134  
224  134  
225  134  
226  134  
227  134  
228  134  
229  134  
230  134  
168  135  
169  135  
170  135  
171  135  
172  135  
173  135  
174  135  
175  135  
176  135  
177  135  
178  135  
179  135  
180  135  
181  135  
182  135  
183  135  
184  135  
185  135  
186  135  
187  135  
188  135  
164  136  
165  136  
166  136  
167  136  
369  132  
369  133  
369  134  
369  135  
369  136  
369  137  
370  138  
370  139  
370  140  
370  141  
370  142  
370  143  
370  144  
370  145  
370  146  
370  147  
370  148  
370  149  
370  150  
370  151  
370  152  
370  153  
370  154  
370  155  
370  156  
371  157  
371  158  
371  159  
371  160  
371  161  
371  162  
371  163  
372  164  
372  165  
372  166  
372  167  
372  168  
140  136  
141  136  
142  136  
143  136  
144  136  
145  136  
146  136  
147  136  
148  136  
149  136  
150  136  
151  136  
132  137  
133  137  
134  137  
135  137  
136  137  
137  137  
138  137  
139  137  
283  141  
284  141  
285  141  
286  141  
287  141  
288  141  
289  141  
290  141  
291  141  
292  141  
293  141  
294  141  
295  141  
296  141  
297  141  
298  141  
299  141  
300  141  
301  141  
302  141  
303  141  
234  143  
235  143  
236  143  
237  143  
238  143  
239  143  
240  143  
241  143  
242  143  
243  143  
244  143  
245  143  
246  143  
247  143  
248  143  
249  143  
250  143  
223  144  
224  144  
225  144  
226  144  
227  144  
228  144  
229  144  
230  144  
231  144  
232  144  
233  144  
251  144  
251  145  
251  146  
251  147  
184  145  
185  145  
186  145  
167  146  
168  146  
169  146  
170  146  
171  146  
172  146  
173  146  
174  146  
175  146  
176  146  
177  146  
178  146  
179  146  
180  146  
181  146  
182  146  
183  146  
187  146  
188  146  
189  146  
101  146  
101  147  
101  148  
101  149  
101  150  
101  151  
101  152  
101  153  
101  154  
101  155  
101  156  
101  157  
101  158  
101  159  
101  160  
101  161  
101  162  
101  163  
101  164  
101  165  
101  166  
101  167  
101  168  
101  169  
101  170  
101  171  
101  172  
101  173  
101  174  
101  175  
101  176  
101  177  
101  178  
101  179  
101  180  
101  181  
101  182  
101  183  
101  184  
101  185  
102  186  
102  187  
102  188  
102  189  
102  190  
102  191  
102  192  
102  193  
102  194  
102  195  
102  196  
102  197  
102  198  
102  199  
102  200  
102  201  
102  202  
102  203  
102  204  
102  205  
102  206  
102  207  
102  208  
102  209  
102  210  
102  211  
102  212  
102  213  
102  214  
117  153  
117  154  
117  155  
117  156  
117  157  
117  158  
117  159  
117  160  
117  161  
117  162  
117  163  
117  164  
117  165  
117  166  
117  167  
117  168  
117  169  
117  170  
118  171  
118  172  
118  173  
118  174  
118  175  
118  176  
284  161  
285  161  
286  161  
287  161  
288  161  
289  161  
290  161  
291  161  
292  161  
293  161  
294  161  
295  161  
296  161  
297  161  
298  161  
299  161  
300  161  
301  161  
302  161  
303  161  
304  161  
244  162  
224  163  
225  163  
226  163  
227  163  
228  163  
229  163  
230  163  
231  163  
232  163  
233  163  
234  163  
235  163  
236  163  
237  163  
238  163  
239  163  
240  163  
241  163  
242  163  
243  163  
188  164  
168  165  
169  165  
170  165  
171  165  
172  165  
173  165  
174  165  
175  165  
176  165  
177  165  
178  165  
179  165  
180  165  
181  165  
182  165  
183  165  
184  165  
185  165  
186  165  
187  165  
388  172  
388  173  
388  174  
388  175  
388  176  
388  177  
388  178  
388  179  
388  180  
388  181  
388  182  
388  183  
388  184  
388  185  
388  186  
388  187  
388  188  
388  189  
388  190  
388  191  
388  192  
131  178  
131  179  
131  180  
131  181  
132  182  
132  183  
132  184  
132  185  
133  186  
133  187  
134  188  
134  189  
134  190  
134  191  
134  192  
134  193  
135  194  
135  195  
135  196  
136  197  
396  180  
396  181  
396  182  
396  183  
396  184  
396  185  
396  186  
396  187  
396  188  
396  189  
396  190  
396  191  
396  192  
396  193  
396  194  
396  195  
396  196  
396  197  
396  198  
396  199  
396  200  
396  201  
396  202  
396  203  
396  204  
396  205  
396  206  
397  207  
397  208  
397  209  
396  210  
397  211  
397  212  
397  213  
397  214  
397  215  
397  216  
397  217  
397  218  
397  219  
397  220  
397  221  
397  222  
397  223  
396  224  
396  225  
396  226  
396  227  
396  228  
396  229  
396  230  
396  231  
396  232  
396  233  
396  234  
396  235  
396  236  
396  237  
396  238  
396  239  
396  240  
396  241  
396  242  
396  243  
406  199  
406  200  
406  201  
406  202  
406  203  
406  204  
406  205  
406  206  
406  207  
406  208  
407  209  
407  210  
407  211  
407  212  
407  213  
407  214  
407  215  
407  216  
407  217  
407  218  
407  219  
407  220  
407  221  
407  222  
407  223  
408  224  
408  225  
408  226  
408  227  
408  228  
408  229  
408  230  
408  231  
408  232  
408  233  
408  234  
409  235  
409  236  
409  237  
409  238  
117  203  
117  204  
117  205  
117  206  
118  207  
118  208  
118  209  
118  210  
118  211  
118  212  
118  213  
118  214  
118  215  
118  216  
118  217  
118  218  
118  219  
118  220  
118  221  
118  222  
118  223  
118  224  
118  225  
256  222  
257  222  
258  222  
259  222  
260  222  
261  222  
262  222  
263  222  
264  222  
265  222  
266  222  
267  222  
268  222  
269  222  
270  222  
271  222  
272  222  
273  222  
274  222  
275  222  
276  222  
277  222  
278  222  
279  222  
280  222  
416  223  
416  224  
416  225  
416  226  
416  227  
416  228  
417  229  
417  230  
417  231  
417  232  
417  233  
417  234  
417  235  
417  236  
417  237  
417  238  
417  239  
417  240  
417  241  
417  242  
417  243  
417  244  
416  245  
416  246  
416  247  
416  248  
416  249  
416  250  
416  251  
416  252  
416  253  
416  254  
416  255  
416  256  
416  257  
416  258  
416  259  
416  260  
416  261  
416  262  
416  263  
416  264  
417  265  
417  266  
417  267  
417  268  
417  269  
417  270  
417  271  
417  272  
417  273  
417  274  
417  275  
417  276  
417  277  
417  278  
417  279  
416  280  
416  281  
416  282  
416  283  
416  284  
416  285  
416  286  
416  287  
416  288  
103  232  
103  233  
103  234  
103  235  
103  236  
103  237  
103  238  
103  239  
103  240  
103  241  
103  242  
103  243  
103  244  
103  245  
103  246  
103  247  
103  248  
103  249  
103  250  
103  251  
103  252  
103  253  
103  254  
103  255  
103  256  
103  257  
103  258  
103  259  
103  260  
103  261  
103  262  
103  263  
103  264  
103  265  
103  266  
103  267  
103  268  
409  241  
409  242  
409  243  
409  244  
408  245  
408  246  
408  247  
408  248  
408  249  
408  250  
408  251  
408  252  
408  253  
408  254  
408  255  
408  256  
408  257  
408  258  
408  259  
408  260  
408  261  
369  244  
369  245  
369  246  
369  247  
369  248  
369  249  
369  250  
369  251  
369  252  
369  253  
369  254  
369  255  
369  256  
369  257  
370  258  
370  259  
370  260  
370  261  
370  262  
370  263  
370  264  
257  257  
258  257  
259  257  
260  257  
261  257  
262  257  
263  257  
264  257  
265  257  
266  257  
267  257  
268  257  
269  257  
270  257  
271  257  
272  257  
273  257  
274  257  
275  257  
276  257  
277  257  
278  257  
279  257  
314  257  
315  258  
315  259  
315  260  
315  261  
315  262  
315  263  
316  264  
316  265  
316  266  
316  267  
316  268  
316  269  
316  270  
316  271  
316  272  
316  273  
316  274  
316  275  
316  276  
316  277  
316  278  
316  279  
316  280  
316  281  
316  282  
316  283  
316  284  
316  285  
316  286  
316  287  
316  288  
316  289  
316  290  
316  291  
316  292  
119  268  
119  269  
119  270  
119  271  
119  272  
119  273  
119  274  
119  275  
119  276  
119  277  
119  278  
119  279  
118  280  
118  281  
118  282  
118  283  
118  284  
118  285  
118  286  
118  287  
118  288  
118  289  
123  268  
123  269  
123  270  
123  271  
123  272  
123  273  
123  274  
123  275  
123  276  
123  277  
123  278  
122  279  
122  280  
122  281  
122  282  
122  283  
122  284  
121  285  
121  286  
121  287  
121  288  
274  274  
275  274  
276  274  
277  274  
278  274  
279  274  
280  274  
281  274  
282  274  
283  274  
284  274  
285  274  
286  274  
287  274  
288  274  
289  274  
290  274  
291  274  
292  274  
293  274  
294  274  
295  274  
296  274  
297  274  
252  282  
252  283  
252  284  
252  285  
252  286  
252  287  
252  288  
252  289  
252  290  
252  291  
252  292  
252  293  
252  294  
252  295  
252  296  
252  297  
252  298  
252  299  
252  300  
252  301  
252  302  
252  303  
252  304  
252  305  
247  287  
247  288  
247  289  
247  290  
247  291  
247  292  
247  293  
247  294  
247  295  
247  296  
247  297  
247  298  
247  299  
247  300  
247  301  
247  302  
247  303  
247  304  
247  305  
247  306  
247  307  
96  295  
96  296  
96  297  
96  298  
96  299  
96  300  
96  301  
96  302  
96  303  
97  304  
97  305  
97  306  
96  307  
96  308  
97  309  
97  310  
97  311  
97  312  
97  313  
97  314  
97  315  
97  316  
96  317  
96  318  
97  319  
98  320  
316  297  
316  298  
316  299  
316  300  
316  301  
316  302  
316  303  
316  304  
316  305  
316  306  
316  307  
316  308  
316  309  
316  310  
316  311  
316  312  
316  313  
316  314  
316  315  
316  316  
316  317  
316  318  
316  319  
316  320  
316  321  
316  322  
316  323  
316  324  
316  325  
316  326  
316  327  
316  328  
316  329  
316  330  
316  331  
316  332  
104  299  
104  300  
104  301  
104  302  
104  303  
104  304  
104  305  
104  306  
104  307  
104  308  
104  309  
104  310  
104  311  
104  312  
104  313  
104  314  
104  315  
104  316  
104  317  
104  318  
104  319  
104  320  
104  321  
104  322  
104  323  
104  324  
104  325  
104  326  
104  327  
104  328  
104  329  
104  330  
104  331  
104  332  
104  333  
104  334  
104  335  
104  336  
104  337  
104  338  
104  339  
104  340  
104  341  
104  342  
104  343  
104  344  
104  345  
104  346  
104  347  
104  348  
104  349  
104  350  
104  351  
104  352  
104  353  
104  354  
104  355  
255  315  
256  315  
257  315  
258  315  
259  315  
260  315  
261  315  
262  315  
263  315  
264  315  
265  315  
266  315  
267  315  
268  315  
269  315  
270  315  
271  315  
272  315  
273  315  
274  315  
275  315  
276  315  
277  315  
278  315  
279  315  
280  315  
281  315  
282  315  
283  315  
284  315  
285  315  
286  315  
287  315  
288  315  
289  315  
290  315  
291  315  
292  315  
293  315  
294  315  
295  315  
296  315  
100  316  
100  317  
100  318  
100  319  
100  320  
100  321  
100  322  
100  323  
100  324  
100  325  
100  326  
100  327  
100  328  
100  329  
100  330  
100  331  
100  332  
100  333  
100  334  
100  335  
100  336  
100  337  
100  338  
100  339  
100  340  
100  341  
100  342  
100  343  
100  344  
372  324  
372  325  
372  326  
372  327  
372  328  
372  329  
372  330  
372  331  
372  332  
372  333  
372  334  
372  335  
372  336  
373  337  
373  338  
373  339  
373  340  
373  341  
373  342  
373  343  
373  344  
373  345  
373  346  
373  347  
373  348  
373  349  
373  350  
373  351  
373  352  
373  353  
258  337  
259  337  
260  337  
261  337  
262  337  
263  337  
264  337  
265  337  
266  337  
267  337  
268  337  
269  337  
270  337  
271  337  
272  338  
273  338  
274  338  
275  338  
276  338  
277  338  
424  340  
424  341  
424  342  
424  343  
424  344  
424  345  
424  346  
424  347  
424  348  
424  349  
424  350  
424  351  
424  352  
424  353  
425  354  
425  355  
425  356  
425  357  
425  358  
425  359  
425  360  
425  361  
425  362  
425  363  
425  364  
425  365  
425  366  
425  367  
425  368  
425  369  
424  370  
424  371  
424  372  
424  373  
424  374  
424  375  
424  376  
424  377  
424  378  
424  379  
424  380  
424  381  
424  382  
424  383  
424  384  
424  385  
424  386  
425  387  
425  388  
425  389  
425  390  
425  391  
425  392  
426  393  
426  394  
426  395  
426  396  
426  397  
318  346  
318  347  
319  348  
319  349  
320  350  
320  351  
320  352  
321  353  
321  354  
321  355  
322  356  
322  357  
323  358  
323  359  
324  360  
324  361  
325  362  
325  363  
325  364  
326  365  
326  366  
327  367  
327  368  
328  369  
328  370  
329  371  
329  372  
329  373  
330  374  
101  359  
101  360  
101  361  
101  362  
101  363  
101  364  
101  365  
101  366  
101  367  
101  368  
101  369  
101  370  
101  371  
101  372  
101  373  
101  374  
101  375  
101  376  
101  377  
101  378  
101  379  
101  380  
101  381  
105  364  
105  365  
105  366  
105  367  
105  368  
105  369  
105  370  
105  371  
105  372  
105  373  
105  374  
105  375  
105  376  
105  377  
105  378  
105  379  
105  380  
105  381  
105  382  
105  383  
105  384  
105  385  
105  386  
105  387  
105  388  
105  389  
105  390  
105  391  
104  392  
104  393  
104  394  
104  395  
80  367  
81  368  
81  369  
82  370  
82  371  
83  372  
84  373  
85  374  
86  375  
87  376  
88  377  
88  378  
89  379  
90  380  
91  381  
92  382  
93  383  
94  384  
95  385  
96  386  
97  387  
98  387  
99  388  
100  388  
101  389  
102  390  
419  418  
419  419  
419  420  
418  421  
418  422  
418  423  
418  424  
418  425  
418  426  
418  427  
418  428  
418  429  
418  430  
418  431  
418  432  
418  433  
418  434  
418  435  
418  436  
418  437  
417  438  
417  439  
422  425  
422  426  
422  427  
422  428  
422  429  
422  430  
422  431  
422  432  
422  433  
422  434  
422  435  
422  436  
422  437  
422  438  
422  439  
422  440  
422  441  
422  442  
421  443  
421  444  
421  445  
421  446  
421  447  
421  448  
421  449  
421  450  
421  451  
105  426  
105  427  
105  428  
105  429  
105  430  
105  431  
105  432  
105  433  
105  434  
105  435  
105  436  
105  437  
105  438  
105  439  
105  440  
105  441  
105  442  
105  443  
105  444  
105  445  
413  472  
413  473  
413  474  
412  475  
412  476  
412  477  
412  478  
412  479  
412  480  
412  481  
412  482  
412  483  
412  484  
412  485  
412  486  
411  487  
411  488  
411  489  
411  490  
411  491  
411  492  
411  493  
251  478  
252  478  
253  478  
254  478  
255  478  
256  478  
257  478  
258  478  
259  478  
260  478  
261  478  
262  478  
263  478  
264  478  
265  478  
266  478  
267  478  
268  478  
269  478  
270  478  
271  478  
272  478  
273  478  
310  483  
311  483  
312  483  
313  483  
314  483  
315  483  
316  483  
317  483  
318  483  
319  483  
320  483  
321  483  
322  483  
323  483  
324  483  
325  483  
326  483  
327  483  
328  483  
329  483  
330  483  
331  483  
332  483  
333  483  
334  483  
335  483  
336  483  
337  483  
338  483  
339  483  
340  483  
341  483  
342  483  
344  483  
345  483  
346  483  
343  484  
310  486  
312  486  
313  486  
314  486  
315  486  
316  486  
317  486  
318  486  
319  486  
320  486  
321  486  
322  486  
323  486  
324  486  
325  486  
326  486  
327  486  
328  486  
329  486  
330  486  
331  486  
311  487  
332  487  
333  487  
334  487  
335  487  
336  487  
337  487  
338  487  
339  487  
342  487  
343  487  
340  488  
341  488  
446  506  
446  507  
446  508  
445  509  
445  510  
445  511  
445  512  
445  513  
445  514  
445  515  
444  516  
444  517  
444  518  
444  519  
444  520  
444  521  
444  522  
444  523  
444  524  
444  525  
444  526  
444  527  
78  516  
79  517  
80  517  
81  518  
82  519  
83  519  
84  520  
85  520  
86  521  
87  522  
88  522  
89  523  
90  524  
91  524  
92  525  
93  525  
94  526  
95  527  
96  527  
97  528  
98  528  
99  529  
100  530  
237  520  
238  520  
239  520  
240  520  
241  520  
242  520  
243  520  
244  520  
245  520  
246  520  
247  520  
248  520  
249  521  
250  521  
251  521  
252  521  
253  521  
254  521  
255  521  
256  522  
257  522  
259  522  
260  522  
258  523  
372  573  
372  574  
372  575  
373  576  
373  577  
373  578  
373  579  
373  580  
373  581  
373  582  
373  583  
373  584  
373  585  
373  586  
374  587  
374  588  
374  589  
374  590  
374  591  
374  592  
374  593  
374  594  
374  595  
374  596  
374  597  
374  598  
374  599  
373  600  
373  601  
373  602  
373  603  
373  604  
392  576  
392  577  
392  578  
392  579  
392  580  
392  581  
392  582  
392  583  
392  584  
392  585  
393  586  
393  587  
393  588  
393  589  
393  590  
393  591  
393  592  
393  593  
394  594  
394  595  
394  596  
394  597  
368  577  
368  578  
368  579  
368  580  
368  581  
368  582  
368  583  
368  584  
368  585  
368  586  
368  587  
368  588  
368  589  
368  590  
369  591  
369  592  
369  593  
369  594  
369  595  
369  596  
369  597  
369  598  
369  599  
369  600  
369  601  
395  577  
395  578  
396  579  
396  580  
396  581  
396  582  
396  583  
396  584  
397  585  
397  586  
397  587  
397  588  
397  589  
398  590  
398  591  
398  592  
398  593  
398  594  
399  595  
399  596  
