0  0  
1  1  
2  2  
3  4  
4  5  
5  6  
6  8  
7  7  
8  9  
9  11  
10  10  
11  12  
12  13  
13  14  
14  15  
15  16  
18  17  
19  18  
20  21  
22  19  
23  20  
24  22  
25  23   
30  26  
31  24  
32  28  
33  29  
34  30  
35  31  
36  32  
37  33  
38  34  
39  35  
40  36  
41  37  
42  38  
43  39  
44  41  
45  43  
46  45  
47  42  
48  44  
49  46  
50  47  
51  48  
52  49  
53  50  
54  51  
55  52  
56  53  
57  55  
58  56  
59  59  
60  61  
61  60  
62  64  
64  63  
65  65  
66  67  
67  66  
69  69  
70  70  
72  71  
73  72  
75  76  
77  77  
78  75  
79  78  
80  79  
82  82  
83  83  
84  84  
86  85  
87  87  
88  86  
89  88  
90  89  
91  90  
94  92  
95  93  
96  94  
97  95  
98  96  
99  97  
100  98  
101  99  
102  101  
103  100  
104  102  
105  103  
106  105  
107  106  
108  108  
109  107  
110  109  
111  110  
112  113  
113  111  
114  112  
115  114  
116  116  
118  117  
119  118  
120  119  
121  120  
122  121  
123  122  
124  123  
125  126  
126  124  
127  127  
128  125  
129  128  
130  129  
131  130  
132  131  
134  135  
136  137  
137  138  
138  139  
139  140  
141  141  
142  142  
143  143  
144  153  
145  144  
146  145  
147  146  
149  147  
150  149  
151  152  
152  150  
153  154  
155  157  
156  160  
157  158    
159  159  
160  155  
161  161  
162  162  
163  163  
164  164  
166  165  
167  166  
168  167  
169  168  
170  169  
171  170  
172  171  
173  172  
174  174  
176  175  
177  176    
179  177  
181  179  
183  180  
184  181  
