0  0  
1  2  
3  3  
4  1  
5  4  
6  5  
8  6  
9  7  
11  8  
13  13  
15  11  
16  16  
17  17  
18  19  
19  15  
21  18  
22  20  
23  12  
25  22  
28  25  
31  35  
32  39  
34  43  
35  44  
36  45  
38  46  
39  47  
40  48  
41  50  
43  49  
45  51  
46  53  
48  56  
49  54  
50  52  
51  59  
52  57  
53  60  
54  62  
55  63  
58  66  
60  67  
61  65  
62  70  
63  69  
64  68  
66  71  
67  72  
70  73  
71  75  
72  76  
74  79  
76  78  
79  81  
80  82  
81  83  
82  84  
83  85  
85  86  
86  87  
87  88  
89  93  
90  91  
92  96  
93  94  
94  98  
95  99  
96  97  
97  102  
98  100  
100  103  
102  106  
103  107  
104  117  
106  116  
107  111  
108  115  
109  109  
110  110  
112  113  
113  114  
114  112  
115  118  
116  120  
119  124  
120  125  
121  127  
122  133  
123  130  
124  136  
125  132  
126  134  
127  135  
130  123  
131  138  
132  139  
133  142  
134  143  
135  140  
136  145  
138  146  
