163  32  
163  33  
163  34  
163  35  
163  36  
163  37  
162  38  
162  39  
162  40  
162  41  
162  42  
162  43  
162  44  
162  45  
162  46  
162  47  
162  48  
162  49  
162  50  
162  51  
162  52  
281  60  
281  61  
281  62  
281  63  
281  64  
281  65  
281  66  
281  67  
281  68  
281  69  
281  70  
281  71  
281  72  
281  73  
281  74  
281  75  
281  76  
281  77  
281  78  
282  79  
282  80  
282  81  
282  82  
282  83  
282  84  
282  85  
282  86  
282  87  
282  88  
282  89  
282  90  
282  91  
282  92  
282  93  
283  94  
283  95  
283  96  
283  97  
283  98  
283  99  
283  100  
283  101  
283  102  
283  103  
283  104  
283  105  
283  106  
284  107  
284  108  
284  109  
284  110  
284  111  
284  112  
284  113  
284  114  
284  115  
284  116  
284  117  
284  118  
284  119  
284  120  
284  121  
284  122  
285  123  
285  124  
285  125  
285  126  
285  127  
285  128  
285  129  
285  130  
285  131  
285  132  
285  133  
285  134  
285  135  
285  136  
285  137  
285  138  
286  139  
286  140  
286  141  
286  142  
286  143  
286  144  
286  145  
286  146  
286  147  
286  148  
286  149  
286  150  
286  151  
286  152  
286  153  
287  154  
287  155  
287  156  
287  157  
287  158  
287  159  
287  160  
287  161  
287  162  
287  163  
287  164  
287  165  
287  166  
287  167  
287  168  
287  169  
287  170  
288  171  
288  172  
288  173  
288  174  
288  175  
288  176  
288  177  
288  178  
288  179  
288  180  
288  181  
288  182  
288  183  
288  184  
288  185  
288  186  
288  187  
288  188  
289  189  
289  190  
289  191  
289  192  
288  193  
418  84  
418  85  
419  86  
419  87  
420  88  
420  89  
421  90  
421  91  
422  92  
422  93  
423  94  
423  95  
423  96  
424  97  
424  98  
425  99  
425  100  
426  101  
426  102  
427  103  
427  104  
428  105  
428  106  
429  107  
429  108  
430  109  
430  110  
431  111  
431  112  
431  113  
432  114  
432  115  
433  116  
433  117  
434  118  
434  119  
435  120  
435  121  
436  122  
436  123  
302  85  
303  86  
304  87  
305  88  
306  89  
307  90  
308  91  
309  92  
310  93  
311  94  
312  94  
313  95  
314  96  
315  96  
316  97  
317  98  
318  98  
319  99  
320  100  
321  100  
322  101  
323  101  
324  102  
325  102  
326  103  
327  103  
328  104  
329  104  
330  105  
331  105  
332  106  
333  106  
334  107  
335  107  
336  108  
337  108  
338  108  
339  109  
187  86  
188  86  
189  86  
190  86  
191  87  
192  87  
193  87  
194  87  
195  87  
196  87  
197  87  
198  87  
199  87  
200  88  
201  88  
202  88  
203  88  
204  88  
205  88  
206  89  
207  89  
208  90  
171  87  
170  88  
169  89  
168  90  
167  91  
166  92  
164  93  
165  93  
163  94  
162  95  
161  96  
160  97  
159  98  
158  99  
156  100  
157  100  
155  101  
154  102  
153  103  
152  104  
151  105  
149  106  
150  106  
148  107  
147  108  
146  109  
145  110  
144  111  
143  112  
142  113  
381  90  
381  91  
381  92  
381  93  
381  94  
381  95  
382  96  
382  97  
382  98  
382  99  
382  100  
382  101  
382  102  
382  103  
382  104  
382  105  
382  106  
382  107  
381  108  
381  109  
381  110  
381  111  
381  112  
381  113  
381  114  
381  115  
381  116  
381  117  
381  118  
381  119  
381  120  
381  121  
380  122  
380  123  
380  124  
219  91  
219  92  
219  93  
219  94  
218  95  
218  96  
218  97  
218  98  
218  99  
218  100  
218  101  
218  102  
218  103  
218  104  
217  105  
217  106  
217  107  
217  108  
217  109  
217  110  
217  111  
217  112  
217  113  
217  114  
217  115  
217  116  
217  117  
217  118  
217  119  
217  120  
217  121  
217  122  
217  123  
216  124  
216  125  
216  126  
216  127  
216  128  
216  129  
216  130  
216  131  
216  132  
216  133  
216  134  
216  135  
216  136  
216  137  
216  138  
215  139  
215  140  
215  141  
215  142  
215  143  
215  144  
215  145  
215  146  
215  147  
215  148  
215  149  
215  150  
215  151  
155  93  
153  94  
154  94  
152  95  
151  96  
149  97  
150  97  
148  98  
146  99  
147  99  
145  100  
144  101  
143  102  
142  103  
141  104  
140  105  
138  106  
139  106  
137  107  
136  108  
135  109  
134  110  
133  111  
132  112  
131  113  
130  114  
129  115  
128  116  
128  117  
127  118  
48  96  
49  96  
50  96  
51  96  
52  96  
42  97  
43  97  
44  97  
45  97  
46  97  
47  97  
38  98  
39  98  
40  98  
41  98  
32  99  
33  99  
34  99  
35  99  
36  99  
37  99  
213  98  
213  99  
213  100  
213  101  
213  102  
213  103  
213  104  
213  105  
213  106  
212  107  
212  108  
212  109  
212  110  
212  111  
212  112  
212  113  
212  114  
212  115  
212  116  
212  117  
212  118  
212  119  
212  120  
212  121  
211  122  
211  123  
211  124  
211  125  
211  126  
211  127  
211  128  
211  129  
211  130  
211  131  
211  132  
211  133  
211  134  
211  135  
211  136  
210  137  
210  138  
210  139  
210  140  
210  141  
210  142  
210  143  
210  144  
210  145  
210  146  
210  147  
210  148  
210  149  
209  150  
209  151  
209  152  
209  153  
209  154  
209  155  
160  109  
161  109  
162  109  
163  109  
164  109  
165  109  
166  109  
167  109  
168  109  
169  109  
170  109  
171  109  
172  109  
173  109  
174  109  
175  109  
176  109  
177  109  
178  109  
179  109  
180  109  
181  109  
182  109  
183  109  
184  109  
185  109  
186  109  
187  109  
188  109  
208  109  
208  110  
208  111  
207  112  
207  113  
207  114  
207  115  
207  116  
207  117  
207  118  
207  119  
206  120  
206  121  
206  122  
206  123  
206  124  
206  125  
206  126  
206  127  
206  128  
206  129  
206  130  
206  131  
206  132  
205  133  
205  134  
205  135  
205  136  
205  137  
205  138  
205  139  
205  140  
205  141  
205  142  
205  143  
205  144  
205  145  
204  146  
204  147  
204  148  
204  149  
204  150  
204  151  
204  152  
204  153  
204  154  
204  155  
204  156  
204  157  
204  158  
204  159  
89  126  
90  126  
91  126  
85  127  
86  127  
87  127  
88  127  
79  128  
80  128  
81  128  
82  128  
83  128  
84  128  
71  129  
72  129  
73  129  
74  129  
75  129  
76  129  
77  129  
78  129  
122  128  
122  129  
122  130  
121  131  
121  132  
121  133  
120  134  
120  135  
120  136  
120  137  
120  138  
119  139  
119  140  
119  141  
119  142  
118  143  
118  144  
118  145  
118  146  
117  147  
117  148  
117  149  
117  150  
117  151  
116  152  
116  153  
116  154  
116  155  
116  156  
115  157  
115  158  
115  159  
115  160  
115  161  
114  162  
114  163  
114  164  
114  165  
114  166  
114  167  
113  168  
113  169  
113  170  
113  171  
113  172  
112  173  
112  174  
112  175  
112  176  
112  177  
112  178  
111  179  
111  180  
111  181  
111  182  
110  183  
110  184  
110  185  
110  186  
109  187  
109  188  
109  189  
109  190  
109  191  
108  192  
108  193  
108  194  
108  195  
108  196  
107  197  
107  198  
107  199  
107  200  
107  201  
106  202  
106  203  
106  204  
106  205  
106  206  
105  207  
105  208  
105  209  
105  210  
105  211  
104  212  
104  213  
104  214  
104  215  
104  216  
103  217  
103  218  
103  219  
103  220  
103  221  
102  222  
102  223  
102  224  
102  225  
102  226  
101  227  
101  228  
101  229  
101  230  
101  231  
100  232  
100  233  
100  234  
100  235  
100  236  
99  237  
99  238  
99  239  
99  240  
99  241  
99  242  
98  243  
98  244  
98  245  
98  246  
98  247  
97  248  
97  249  
97  250  
97  251  
97  252  
96  253  
96  254  
96  255  
96  256  
96  257  
95  258  
95  259  
95  260  
95  261  
95  262  
95  263  
94  264  
94  265  
94  266  
94  267  
94  268  
93  269  
93  270  
93  271  
93  272  
93  273  
93  274  
92  275  
92  276  
92  277  
92  278  
92  279  
91  280  
91  281  
91  282  
91  283  
91  284  
91  285  
90  286  
90  287  
90  288  
90  289  
90  290  
89  291  
89  292  
89  293  
89  294  
89  295  
89  296  
88  297  
88  298  
88  299  
88  300  
88  301  
87  302  
87  303  
87  304  
87  305  
87  306  
87  307  
86  308  
86  309  
86  310  
86  311  
86  312  
85  313  
85  314  
85  315  
85  316  
85  317  
84  318  
84  319  
84  320  
84  321  
84  322  
84  323  
83  324  
83  325  
83  326  
83  327  
83  328  
82  329  
82  330  
82  331  
82  332  
82  333  
82  334  
144  128  
144  129  
143  130  
143  131  
143  132  
142  133  
142  134  
142  135  
141  136  
141  137  
141  138  
141  139  
141  140  
140  141  
140  142  
140  143  
139  144  
139  145  
139  146  
139  147  
138  148  
138  149  
138  150  
138  151  
138  152  
138  153  
137  154  
137  155  
137  156  
137  157  
137  158  
136  159  
136  160  
136  161  
136  162  
136  163  
135  164  
135  165  
135  166  
135  167  
135  168  
59  129  
57  130  
58  130  
54  131  
55  131  
56  131  
52  132  
53  132  
50  133  
51  133  
47  134  
48  134  
49  134  
45  135  
46  135  
44  136  
41  137  
42  137  
43  137  
39  138  
40  138  
38  139  
36  140  
37  140  
33  141  
34  141  
35  141  
32  142  
118  129  
118  130  
118  131  
117  132  
117  133  
117  134  
117  135  
116  136  
116  137  
116  138  
116  139  
115  140  
115  141  
115  142  
115  143  
115  144  
114  145  
114  146  
114  147  
114  148  
113  149  
113  150  
113  151  
113  152  
113  153  
112  154  
112  155  
112  156  
112  157  
112  158  
111  159  
111  160  
111  161  
111  162  
110  163  
110  164  
110  165  
110  166  
110  167  
109  168  
109  169  
109  170  
109  171  
109  172  
108  173  
108  174  
108  175  
108  176  
108  177  
107  178  
107  179  
107  180  
107  181  
107  182  
106  183  
106  184  
106  185  
106  186  
105  187  
105  188  
105  189  
105  190  
105  191  
104  192  
104  193  
104  194  
104  195  
104  196  
103  197  
103  198  
103  199  
103  200  
103  201  
102  202  
102  203  
102  204  
102  205  
102  206  
101  207  
101  208  
101  209  
101  210  
101  211  
100  212  
100  213  
100  214  
100  215  
100  216  
99  217  
99  218  
99  219  
99  220  
99  221  
98  222  
98  223  
98  224  
98  225  
98  226  
97  227  
97  228  
97  229  
97  230  
97  231  
96  232  
96  233  
96  234  
96  235  
96  236  
96  237  
95  238  
95  239  
95  240  
95  241  
95  242  
94  243  
94  244  
94  245  
94  246  
94  247  
93  248  
93  249  
93  250  
93  251  
93  252  
92  253  
92  254  
92  255  
92  256  
92  257  
91  258  
91  259  
91  260  
91  261  
91  262  
91  263  
90  264  
90  265  
90  266  
90  267  
90  268  
89  269  
89  270  
89  271  
89  272  
89  273  
88  274  
88  275  
88  276  
88  277  
88  278  
87  279  
87  280  
87  281  
87  282  
87  283  
87  284  
86  285  
86  286  
86  287  
86  288  
86  289  
85  290  
85  291  
85  292  
85  293  
85  294  
85  295  
84  296  
84  297  
84  298  
84  299  
84  300  
83  301  
83  302  
83  303  
83  304  
83  305  
82  306  
82  307  
82  308  
82  309  
82  310  
82  311  
81  312  
81  313  
81  314  
81  315  
81  316  
80  317  
80  318  
80  319  
80  320  
80  321  
79  322  
79  323  
79  324  
79  325  
79  326  
78  327  
78  328  
78  329  
78  330  
78  331  
78  332  
77  333  
77  334  
77  335  
77  336  
77  337  
76  338  
76  339  
76  340  
76  341  
75  342  
75  343  
75  344  
75  345  
75  346  
74  347  
74  348  
74  349  
74  350  
74  351  
73  352  
73  353  
73  354  
73  355  
73  356  
73  357  
72  358  
72  359  
72  360  
72  361  
72  362  
72  363  
71  364  
71  365  
71  366  
71  367  
71  368  
70  369  
70  370  
70  371  
70  372  
70  373  
70  374  
69  375  
69  376  
69  377  
69  378  
69  379  
68  380  
68  381  
68  382  
68  383  
68  384  
67  385  
67  386  
67  387  
67  388  
67  389  
66  390  
66  391  
66  392  
66  393  
66  394  
66  395  
65  396  
65  397  
65  398  
65  399  
65  400  
64  401  
64  402  
64  403  
64  404  
64  405  
64  406  
63  407  
63  408  
63  409  
63  410  
63  411  
62  412  
62  413  
62  414  
62  415  
62  416  
61  417  
61  418  
61  419  
61  420  
61  421  
61  422  
60  423  
60  424  
60  425  
60  426  
60  427  
59  428  
59  429  
59  430  
59  431  
59  432  
59  433  
58  434  
58  435  
58  436  
58  437  
58  438  
57  439  
57  440  
57  441  
57  442  
57  443  
57  444  
56  445  
56  446  
56  447  
56  448  
56  449  
55  450  
55  451  
55  452  
55  453  
55  454  
54  455  
54  456  
54  457  
54  458  
54  459  
53  460  
53  461  
53  462  
53  463  
53  464  
53  465  
52  466  
52  467  
52  468  
52  469  
52  470  
51  471  
51  472  
51  473  
51  474  
51  475  
50  476  
50  477  
50  478  
50  479  
50  480  
50  481  
49  482  
49  483  
49  484  
49  485  
49  486  
48  487  
48  488  
48  489  
48  490  
48  491  
48  492  
47  493  
47  494  
47  495  
47  496  
47  497  
46  498  
46  499  
46  500  
46  501  
46  502  
45  503  
45  504  
45  505  
45  506  
124  131  
124  132  
124  133  
123  134  
123  135  
123  136  
123  137  
122  138  
122  139  
122  140  
122  141  
121  142  
121  143  
121  144  
121  145  
121  146  
120  147  
120  148  
120  149  
120  150  
120  151  
119  152  
119  153  
119  154  
119  155  
119  156  
119  157  
118  158  
118  159  
118  160  
118  161  
118  162  
118  163  
118  164  
59  133  
60  133  
61  133  
57  134  
58  134  
55  135  
56  135  
52  136  
53  136  
54  136  
50  137  
51  137  
48  138  
49  138  
46  139  
47  139  
44  140  
45  140  
42  141  
43  141  
41  142  
133  142  
133  143  
133  144  
133  145  
132  146  
132  147  
132  148  
132  149  
131  150  
131  151  
131  152  
131  153  
131  154  
130  155  
130  156  
130  157  
130  158  
129  159  
129  160  
129  161  
129  162  
129  163  
129  164  
128  165  
128  166  
128  167  
128  168  
128  169  
346  154  
346  155  
346  156  
346  157  
346  158  
346  159  
347  160  
347  161  
347  162  
347  163  
347  164  
347  165  
347  166  
348  167  
348  168  
348  169  
348  170  
348  171  
348  172  
348  173  
349  174  
349  175  
349  176  
349  177  
349  178  
349  179  
349  180  
349  181  
349  182  
349  183  
350  184  
350  185  
350  186  
350  187  
350  188  
350  189  
350  190  
350  191  
351  192  
351  193  
351  194  
351  195  
351  196  
351  197  
351  198  
351  199  
352  200  
352  201  
352  202  
352  203  
352  204  
352  205  
352  206  
353  207  
353  208  
353  209  
353  210  
353  211  
353  212  
353  213  
353  214  
354  215  
354  216  
354  217  
354  218  
354  219  
354  220  
355  221  
355  222  
355  223  
355  224  
355  225  
355  226  
355  227  
356  228  
356  229  
356  230  
356  231  
356  232  
356  233  
356  234  
356  235  
357  236  
357  237  
357  238  
357  239  
357  240  
357  241  
358  242  
358  243  
358  244  
358  245  
358  246  
358  247  
358  248  
359  249  
359  250  
359  251  
359  252  
359  253  
359  254  
359  255  
359  256  
359  257  
360  258  
360  259  
360  260  
360  261  
360  262  
360  263  
360  264  
361  265  
361  266  
361  267  
361  268  
361  269  
361  270  
361  271  
362  272  
362  273  
362  274  
362  275  
362  276  
362  277  
362  278  
363  279  
363  280  
363  281  
363  282  
363  283  
363  284  
363  285  
364  286  
364  287  
364  288  
364  289  
364  290  
364  291  
364  292  
364  293  
365  294  
365  295  
365  296  
365  297  
365  298  
365  299  
365  300  
366  301  
366  302  
366  303  
366  304  
366  305  
366  306  
366  307  
367  308  
367  309  
367  310  
367  311  
367  312  
367  313  
367  314  
368  315  
368  316  
368  317  
368  318  
368  319  
368  320  
368  321  
369  322  
369  323  
369  324  
369  325  
369  326  
369  327  
369  328  
370  329  
370  330  
370  331  
370  332  
370  333  
370  334  
370  335  
370  336  
371  337  
371  338  
371  339  
371  340  
371  341  
371  342  
371  343  
371  344  
372  345  
372  346  
372  347  
372  348  
372  349  
372  350  
373  351  
373  352  
373  353  
373  354  
373  355  
373  356  
373  357  
373  358  
373  359  
373  360  
373  361  
373  362  
373  363  
372  364  
91  156  
92  156  
93  156  
94  156  
89  157  
90  157  
95  157  
83  158  
84  158  
85  158  
86  158  
87  158  
88  158  
95  158  
79  159  
80  159  
81  159  
82  159  
94  159  
75  160  
76  160  
77  160  
78  160  
94  160  
70  161  
71  161  
72  161  
73  161  
74  161  
93  161  
67  162  
68  162  
69  162  
64  163  
65  163  
66  163  
60  164  
61  164  
62  164  
63  164  
55  165  
56  165  
57  165  
58  165  
59  165  
76  164  
77  164  
78  164  
79  164  
72  165  
73  165  
74  165  
75  165  
70  166  
71  166  
66  167  
67  167  
68  167  
69  167  
63  168  
64  168  
65  168  
60  169  
61  169  
62  169  
56  170  
57  170  
58  170  
59  170  
54  171  
55  171  
51  172  
52  172  
53  172  
190  167  
191  167  
192  167  
193  167  
194  167  
195  167  
196  167  
177  168  
178  168  
179  168  
180  168  
181  168  
182  168  
183  168  
184  168  
185  168  
186  168  
187  168  
188  168  
189  168  
163  169  
164  169  
165  169  
166  169  
167  169  
168  169  
169  169  
170  169  
171  169  
172  169  
173  169  
174  169  
175  169  
176  169  
153  170  
154  170  
155  170  
156  170  
157  170  
158  170  
159  170  
160  170  
161  170  
162  170  
144  171  
145  171  
146  171  
147  171  
148  171  
149  171  
150  171  
151  171  
152  171  
130  172  
131  172  
132  172  
133  172  
134  172  
135  172  
136  172  
137  172  
138  172  
139  172  
140  172  
141  172  
142  172  
143  172  
129  173  
338  176  
338  177  
338  178  
338  179  
338  180  
338  181  
338  182  
338  183  
339  184  
339  185  
339  186  
339  187  
339  188  
339  189  
339  190  
339  191  
340  192  
340  193  
340  194  
340  195  
340  196  
340  197  
340  198  
340  199  
341  200  
341  201  
341  202  
341  203  
341  204  
173  188  
174  188  
175  188  
176  188  
177  188  
178  188  
179  188  
180  188  
181  188  
182  188  
183  188  
184  188  
185  188  
186  188  
187  188  
188  188  
189  189  
190  189  
191  189  
192  189  
193  189  
194  189  
136  192  
137  192  
138  192  
139  192  
140  192  
141  192  
142  192  
143  192  
144  192  
145  192  
146  192  
147  192  
148  192  
149  192  
150  192  
151  192  
152  192  
153  192  
154  192  
155  192  
156  192  
157  192  
158  192  
159  192  
160  192  
161  192  
162  192  
163  192  
164  192  
165  192  
166  192  
167  192  
168  192  
169  192  
170  192  
171  192  
172  192  
173  192  
174  192  
175  192  
176  192  
177  193  
178  193  
179  193  
180  193  
181  193  
182  193  
183  193  
184  193  
185  193  
186  193  
187  193  
188  193  
189  193  
190  193  
191  193  
289  195  
289  196  
289  197  
289  198  
289  199  
289  200  
289  201  
289  202  
289  203  
289  204  
289  205  
289  206  
289  207  
289  208  
289  209  
289  210  
289  211  
289  212  
289  213  
289  214  
289  215  
290  216  
290  217  
290  218  
290  219  
290  220  
290  221  
290  222  
290  223  
290  224  
290  225  
290  226  
290  227  
290  228  
290  229  
290  230  
290  231  
290  232  
290  233  
290  234  
290  235  
290  236  
290  237  
290  238  
291  239  
291  240  
291  241  
291  242  
291  243  
291  244  
291  245  
291  246  
291  247  
291  248  
291  249  
291  250  
291  251  
291  252  
291  253  
291  254  
291  255  
291  256  
291  257  
291  258  
291  259  
291  260  
291  261  
291  262  
292  263  
292  264  
292  265  
292  266  
292  267  
292  268  
292  269  
292  270  
292  271  
292  272  
292  273  
292  274  
292  275  
292  276  
292  277  
292  278  
292  279  
292  280  
292  281  
292  282  
293  283  
293  284  
293  285  
293  286  
293  287  
293  288  
293  289  
293  290  
293  291  
293  292  
293  293  
293  294  
293  295  
293  296  
293  297  
293  298  
293  299  
293  300  
293  301  
294  302  
294  303  
294  304  
294  305  
294  306  
294  307  
294  308  
294  309  
294  310  
294  311  
294  312  
294  313  
294  314  
294  315  
294  316  
294  317  
294  318  
294  319  
294  320  
295  321  
295  322  
295  323  
295  324  
295  325  
295  326  
295  327  
295  328  
295  329  
295  330  
295  331  
295  332  
295  333  
295  334  
295  335  
295  336  
295  337  
295  338  
296  339  
296  340  
296  341  
296  342  
296  343  
138  198  
139  198  
140  198  
141  198  
142  198  
143  198  
144  198  
145  198  
146  198  
147  198  
148  198  
149  198  
150  198  
151  198  
152  198  
153  198  
154  198  
155  198  
156  198  
157  198  
158  198  
159  198  
160  198  
161  198  
162  198  
163  198  
164  198  
165  198  
166  198  
167  198  
168  198  
169  198  
170  198  
111  204  
111  205  
110  206  
110  207  
110  208  
110  209  
109  210  
109  211  
109  212  
109  213  
109  214  
108  215  
108  216  
108  217  
108  218  
108  219  
108  220  
107  221  
107  222  
107  223  
107  224  
107  225  
106  226  
106  227  
106  228  
106  229  
106  230  
106  231  
105  232  
105  233  
105  234  
105  235  
105  236  
105  237  
104  238  
104  239  
104  240  
104  241  
104  242  
104  243  
103  244  
103  245  
103  246  
103  247  
103  248  
102  249  
102  250  
102  251  
102  252  
102  253  
102  254  
101  255  
101  256  
101  257  
101  258  
101  259  
100  260  
100  261  
100  262  
100  263  
100  264  
100  265  
99  266  
99  267  
99  268  
99  269  
99  270  
99  271  
98  272  
98  273  
98  274  
98  275  
98  276  
98  277  
97  278  
97  279  
97  280  
97  281  
97  282  
97  283  
96  284  
96  285  
96  286  
96  287  
96  288  
95  289  
95  290  
95  291  
95  292  
95  293  
95  294  
94  295  
94  296  
94  297  
94  298  
94  299  
94  300  
94  301  
93  302  
93  303  
93  304  
93  305  
93  306  
93  307  
93  308  
92  309  
80  207  
80  208  
80  209  
80  210  
79  211  
79  212  
79  213  
78  214  
78  215  
78  216  
77  217  
77  218  
77  219  
77  220  
76  221  
76  222  
76  223  
75  224  
75  225  
75  226  
75  227  
75  228  
74  229  
74  230  
74  231  
73  232  
73  233  
73  234  
73  235  
73  236  
72  237  
72  238  
72  239  
72  240  
71  241  
71  242  
71  243  
70  244  
70  245  
70  246  
70  247  
70  248  
70  249  
69  250  
69  251  
69  252  
69  253  
68  254  
68  255  
68  256  
68  257  
67  258  
67  259  
67  260  
67  261  
66  262  
66  263  
66  264  
66  265  
65  266  
65  267  
65  268  
65  269  
64  270  
64  271  
64  272  
64  273  
64  274  
63  275  
63  276  
63  277  
63  278  
62  279  
62  280  
62  281  
62  282  
61  283  
61  284  
61  285  
61  286  
61  287  
60  288  
60  289  
60  290  
60  291  
59  292  
59  293  
59  294  
59  295  
58  296  
58  297  
58  298  
58  299  
58  300  
57  301  
57  302  
57  303  
57  304  
56  305  
56  306  
56  307  
56  308  
55  309  
55  310  
55  311  
55  312  
54  313  
54  314  
54  315  
54  316  
54  317  
53  318  
53  319  
53  320  
53  321  
52  322  
52  323  
52  324  
51  325  
51  326  
51  327  
51  328  
51  329  
50  330  
50  331  
50  332  
50  333  
50  334  
49  335  
49  336  
49  337  
49  338  
48  339  
48  340  
48  341  
48  342  
48  343  
47  344  
47  345  
47  346  
47  347  
46  348  
46  349  
46  350  
46  351  
45  352  
45  353  
45  354  
45  355  
45  356  
45  357  
44  358  
44  359  
44  360  
43  361  
43  362  
43  363  
43  364  
43  365  
42  366  
42  367  
42  368  
42  369  
41  370  
41  371  
41  372  
41  373  
41  374  
40  375  
40  376  
40  377  
40  378  
40  379  
39  380  
39  381  
39  382  
39  383  
38  384  
38  385  
38  386  
38  387  
38  388  
37  389  
37  390  
37  391  
37  392  
36  393  
36  394  
36  395  
36  396  
36  397  
35  398  
35  399  
35  400  
35  401  
34  402  
34  403  
34  404  
34  405  
34  406  
33  407  
33  408  
33  409  
32  410  
32  411  
32  412  
32  413  
32  414  
210  209  
210  210  
210  211  
210  212  
210  213  
210  214  
210  215  
210  216  
210  217  
210  218  
210  219  
210  220  
210  221  
210  222  
210  223  
210  224  
210  225  
209  226  
209  227  
209  228  
209  229  
209  230  
209  231  
209  232  
209  233  
209  234  
209  235  
209  236  
209  237  
209  238  
209  239  
209  240  
209  241  
209  242  
209  243  
208  244  
208  245  
208  246  
208  247  
208  248  
208  249  
208  250  
208  251  
208  252  
208  253  
208  254  
208  255  
208  256  
208  257  
208  258  
208  259  
208  260  
208  261  
207  262  
207  263  
207  264  
207  265  
207  266  
207  267  
207  268  
207  269  
207  270  
207  271  
207  272  
207  273  
207  274  
207  275  
206  276  
206  277  
206  278  
206  279  
206  280  
206  281  
206  282  
206  283  
206  284  
206  285  
206  286  
206  287  
206  288  
206  289  
205  290  
205  291  
205  292  
205  293  
205  294  
205  295  
205  296  
205  297  
205  298  
205  299  
205  300  
205  301  
205  302  
204  303  
204  304  
204  305  
204  306  
204  307  
204  308  
199  210  
199  211  
198  212  
198  213  
198  214  
198  215  
198  216  
198  217  
198  218  
198  219  
198  220  
198  221  
198  222  
198  223  
198  224  
198  225  
198  226  
198  227  
198  228  
197  229  
197  230  
197  231  
197  232  
197  233  
197  234  
197  235  
197  236  
197  237  
197  238  
197  239  
197  240  
197  241  
197  242  
196  243  
196  244  
196  245  
196  246  
196  247  
196  248  
196  249  
196  250  
196  251  
196  252  
196  253  
196  254  
195  255  
195  256  
195  257  
195  258  
195  259  
195  260  
195  261  
195  262  
195  263  
195  264  
195  265  
195  266  
195  267  
195  268  
194  269  
194  270  
194  271  
194  272  
194  273  
194  274  
194  275  
194  276  
194  277  
194  278  
194  279  
194  280  
194  281  
194  282  
194  283  
193  284  
193  285  
193  286  
193  287  
193  288  
193  289  
193  290  
193  291  
193  292  
193  293  
193  294  
193  295  
193  296  
193  297  
193  298  
192  299  
192  300  
205  210  
205  211  
205  212  
205  213  
205  214  
204  215  
204  216  
204  217  
204  218  
204  219  
204  220  
204  221  
204  222  
204  223  
204  224  
204  225  
204  226  
204  227  
204  228  
203  229  
203  230  
203  231  
203  232  
203  233  
203  234  
203  235  
203  236  
203  237  
203  238  
203  239  
203  240  
203  241  
203  242  
203  243  
203  244  
203  245  
202  246  
202  247  
202  248  
202  249  
202  250  
202  251  
202  252  
202  253  
202  254  
202  255  
202  256  
202  257  
202  258  
202  259  
202  260  
201  261  
201  262  
201  263  
201  264  
201  265  
201  266  
201  267  
201  268  
201  269  
201  270  
201  271  
201  272  
201  273  
201  274  
201  275  
200  276  
200  277  
200  278  
200  279  
200  280  
200  281  
200  282  
200  283  
200  284  
200  285  
200  286  
200  287  
200  288  
199  289  
199  290  
199  291  
199  292  
199  293  
199  294  
199  295  
199  296  
199  297  
199  298  
199  299  
199  300  
199  301  
199  302  
198  303  
198  304  
198  305  
198  306  
198  307  
198  308  
124  212  
124  213  
124  214  
124  215  
124  216  
124  217  
124  218  
124  219  
124  220  
123  221  
123  222  
123  223  
123  224  
123  225  
123  226  
123  227  
123  228  
123  229  
122  230  
122  231  
122  232  
122  233  
122  234  
122  235  
121  236  
121  237  
121  238  
121  239  
121  240  
121  241  
120  242  
120  243  
120  244  
120  245  
120  246  
120  247  
120  275  
120  276  
120  277  
120  278  
120  279  
120  280  
120  281  
120  282  
120  283  
120  284  
119  285  
119  286  
119  287  
119  288  
119  289  
119  290  
119  291  
118  292  
118  293  
118  294  
118  295  
118  296  
118  297  
115  277  
115  278  
115  279  
115  280  
115  281  
114  282  
114  283  
114  284  
113  285  
113  286  
113  287  
113  288  
112  289  
112  290  
112  291  
112  292  
112  293  
111  294  
111  295  
111  296  
111  297  
111  298  
110  299  
110  300  
110  301  
130  323  
131  323  
132  323  
133  323  
134  323  
135  323  
136  323  
137  323  
138  323  
139  323  
140  323  
141  323  
142  323  
143  323  
144  323  
145  323  
146  323  
147  323  
148  323  
149  323  
150  323  
151  323  
152  323  
153  323  
154  323  
155  323  
156  323  
157  323  
158  323  
159  323  
160  323  
161  323  
162  323  
163  323  
164  323  
165  323  
166  323  
167  323  
168  323  
169  323  
170  323  
171  323  
172  323  
173  323  
174  323  
175  323  
176  323  
177  323  
178  323  
179  323  
180  323  
112  324  
113  324  
114  324  
115  324  
116  324  
117  324  
118  324  
119  324  
120  324  
121  324  
122  324  
123  324  
124  324  
125  324  
126  324  
127  324  
128  324  
129  324  
94  337  
95  337  
96  337  
97  337  
98  337  
99  337  
100  337  
101  337  
102  337  
103  337  
104  337  
105  337  
106  337  
107  337  
108  337  
109  337  
110  337  
111  337  
112  337  
113  337  
114  337  
115  337  
116  337  
117  337  
118  337  
119  337  
120  337  
121  337  
122  337  
123  337  
124  337  
125  337  
126  337  
127  337  
128  337  
129  337  
130  337  
131  337  
132  337  
133  337  
134  337  
135  337  
136  337  
137  337  
138  337  
139  337  
140  337  
141  337  
142  337  
143  337  
144  337  
145  337  
146  337  
147  337  
148  337  
149  337  
150  337  
151  337  
152  337  
153  337  
154  337  
155  337  
156  337  
157  337  
158  337  
159  337  
160  337  
161  337  
162  337  
163  337  
164  337  
165  337  
166  337  
167  337  
168  337  
169  337  
170  337  
171  337  
172  337  
173  337  
174  337  
175  337  
176  337  
177  337  
178  337  
179  337  
180  337  
181  337  
182  337  
86  338  
87  338  
88  338  
89  338  
90  338  
91  338  
92  338  
93  338  
183  338  
184  338  
185  338  
186  338  
187  338  
188  338  
189  338  
190  338  
191  338  
192  338  
193  338  
194  338  
195  338  
196  338  
197  338  
198  338  
199  338  
200  338  
201  338  
202  338  
203  338  
204  338  
205  338  
206  339  
207  339  
208  339  
209  339  
210  339  
211  339  
212  339  
213  339  
214  339  
215  339  
216  339  
217  339  
218  339  
219  339  
220  339  
221  339  
222  339  
223  340  
224  340  
225  340  
226  340  
227  340  
228  340  
229  340  
230  340  
231  340  
232  340  
233  340  
234  340  
235  341  
236  341  
237  341  
238  341  
239  341  
240  341  
241  341  
242  341  
243  341  
244  341  
115  340  
116  340  
117  340  
118  340  
119  340  
120  340  
121  340  
122  340  
123  340  
124  340  
125  340  
126  340  
127  340  
128  340  
129  340  
130  340  
131  340  
132  340  
133  340  
134  340  
135  340  
136  340  
137  340  
138  340  
139  340  
140  340  
141  340  
142  340  
143  340  
144  340  
145  340  
146  340  
147  340  
148  340  
149  340  
150  340  
151  340  
152  340  
153  340  
154  340  
155  340  
156  340  
157  340  
158  340  
159  340  
160  340  
84  341  
85  341  
86  341  
87  341  
88  341  
89  341  
90  341  
91  341  
92  341  
93  341  
94  341  
95  341  
96  341  
97  341  
98  341  
99  341  
100  341  
101  341  
102  341  
103  341  
104  341  
105  341  
106  341  
107  341  
108  341  
109  341  
110  341  
111  341  
112  341  
113  341  
114  341  
161  341  
162  341  
163  341  
164  341  
165  341  
166  341  
167  341  
168  341  
169  341  
170  341  
171  341  
172  341  
173  341  
174  341  
175  341  
176  341  
177  341  
178  341  
179  341  
180  341  
181  341  
182  341  
183  341  
184  341  
185  341  
186  341  
187  341  
188  341  
189  341  
190  341  
191  341  
192  341  
193  341  
194  341  
195  342  
196  342  
197  342  
198  342  
199  342  
200  342  
201  342  
202  342  
203  342  
204  342  
205  342  
206  342  
207  342  
208  342  
209  342  
210  342  
211  342  
212  342  
213  342  
214  343  
215  343  
216  343  
217  343  
218  343  
219  343  
220  343  
221  343  
222  343  
223  343  
224  343  
225  343  
226  343  
227  343  
228  344  
229  344  
230  344  
231  344  
232  344  
233  344  
234  344  
235  344  
236  344  
237  344  
238  344  
239  345  
240  345  
241  345  
242  345  
243  345  
244  345  
246  342  
247  342  
248  342  
249  342  
250  342  
251  343  
252  343  
253  343  
254  343  
255  343  
256  343  
257  344  
258  344  
259  344  
260  344  
261  344  
262  344  
263  344  
264  344  
265  344  
266  344  
267  344  
268  344  
269  344  
270  344  
271  344  
272  344  
273  344  
274  344  
275  345  
276  345  
277  345  
278  345  
279  345  
280  345  
281  345  
282  345  
283  345  
284  345  
285  346  
286  346  
287  346  
288  346  
289  346  
290  346  
291  346  
292  347  
80  343  
79  344  
79  345  
79  346  
79  347  
79  348  
78  349  
78  350  
78  351  
78  352  
78  353  
78  354  
77  355  
77  356  
77  357  
77  358  
77  359  
76  360  
76  361  
76  362  
76  363  
76  364  
76  365  
75  366  
75  367  
75  368  
75  369  
75  370  
74  371  
74  372  
74  373  
74  374  
74  375  
74  376  
73  377  
73  378  
73  379  
73  380  
73  381  
72  382  
72  383  
72  384  
72  385  
72  386  
71  387  
71  388  
71  389  
71  390  
71  391  
71  392  
70  393  
70  394  
70  395  
70  396  
70  397  
69  398  
69  399  
69  400  
69  401  
69  402  
69  403  
68  404  
68  405  
68  406  
68  407  
68  408  
67  409  
67  410  
67  411  
67  412  
67  413  
67  414  
66  415  
66  416  
66  417  
66  418  
66  419  
65  420  
65  421  
65  422  
65  423  
65  424  
65  425  
64  426  
64  427  
64  428  
64  429  
64  430  
63  431  
63  432  
63  433  
63  434  
63  435  
63  436  
62  437  
62  438  
62  439  
62  440  
62  441  
61  442  
61  443  
61  444  
61  445  
61  446  
60  447  
60  448  
60  449  
60  450  
60  451  
60  452  
59  453  
59  454  
59  455  
59  456  
59  457  
58  458  
58  459  
58  460  
58  461  
58  462  
57  463  
57  464  
57  465  
57  466  
57  467  
57  468  
56  469  
56  470  
56  471  
56  472  
56  473  
55  474  
55  475  
55  476  
55  477  
55  478  
55  479  
54  480  
54  481  
54  482  
54  483  
54  484  
53  485  
53  486  
53  487  
53  488  
53  489  
53  490  
52  491  
52  492  
52  493  
52  494  
52  495  
51  496  
51  497  
51  498  
51  499  
51  500  
51  501  
50  502  
50  503  
50  504  
50  505  
50  506  
49  507  
49  508  
117  348  
118  348  
119  348  
120  348  
121  348  
122  348  
123  348  
124  348  
125  348  
126  348  
127  348  
128  348  
129  348  
130  348  
131  348  
132  348  
133  348  
134  348  
135  348  
136  348  
137  348  
138  348  
139  348  
140  348  
141  348  
142  348  
143  348  
144  348  
145  348  
146  348  
147  348  
148  348  
149  348  
150  348  
151  348  
152  348  
107  349  
108  349  
109  349  
110  349  
111  349  
112  349  
113  349  
114  349  
115  349  
116  349  
153  349  
154  349  
155  349  
156  349  
157  349  
158  349  
159  349  
160  349  
161  349  
162  349  
163  349  
164  349  
165  349  
166  349  
167  349  
168  349  
169  349  
170  350  
171  350  
172  350  
173  350  
174  350  
175  350  
271  348  
272  348  
273  348  
274  348  
275  348  
276  348  
277  348  
278  349  
279  349  
280  349  
281  349  
282  349  
283  349  
284  349  
285  349  
286  349  
287  350  
288  350  
289  350  
290  350  
291  350  
292  350  
298  348  
299  348  
300  348  
301  348  
302  348  
303  348  
304  348  
305  348  
306  348  
307  348  
308  348  
309  348  
310  348  
311  348  
312  348  
313  348  
314  348  
315  349  
316  349  
317  349  
318  349  
319  349  
320  349  
321  349  
322  349  
323  349  
324  350  
325  350  
326  350  
327  350  
328  350  
329  350  
330  350  
331  350  
332  350  
333  351  
334  351  
335  351  
336  351  
337  351  
338  351  
339  351  
340  351  
341  351  
355  351  
356  351  
357  351  
342  352  
343  352  
344  352  
345  352  
346  352  
347  352  
348  352  
349  352  
350  352  
351  352  
352  352  
353  352  
354  352  
262  350  
261  351  
261  352  
261  353  
261  354  
261  355  
261  356  
261  357  
261  358  
261  359  
261  360  
261  361  
261  362  
261  363  
261  364  
261  365  
262  366  
262  367  
262  368  
262  369  
262  370  
262  371  
262  372  
262  373  
262  374  
262  375  
262  376  
262  377  
262  378  
262  379  
262  380  
262  381  
262  382  
262  383  
262  384  
262  385  
262  386  
262  387  
262  388  
262  389  
262  390  
262  391  
262  392  
262  393  
262  394  
262  395  
262  396  
262  397  
262  398  
262  399  
262  400  
262  401  
262  402  
262  403  
263  404  
263  405  
263  406  
263  407  
263  408  
263  409  
263  410  
263  411  
263  412  
263  413  
263  414  
263  415  
263  416  
263  417  
263  418  
263  419  
263  420  
263  421  
263  422  
263  423  
263  424  
263  425  
263  426  
263  427  
263  428  
263  429  
263  430  
263  431  
263  432  
263  433  
263  434  
263  435  
263  436  
263  437  
263  438  
263  439  
263  440  
263  441  
263  442  
263  443  
263  444  
264  445  
264  446  
264  447  
264  448  
264  449  
264  450  
264  451  
264  452  
264  453  
264  454  
264  455  
264  456  
264  457  
264  458  
264  459  
264  460  
264  461  
264  462  
264  463  
264  464  
264  465  
264  466  
264  467  
264  468  
264  469  
264  470  
264  471  
264  472  
264  473  
264  474  
264  475  
264  476  
264  477  
264  478  
264  479  
264  480  
264  481  
264  482  
264  483  
264  484  
264  485  
264  486  
264  487  
264  488  
264  489  
264  490  
264  491  
264  492  
264  493  
264  494  
264  495  
264  496  
264  497  
264  498  
264  499  
264  500  
264  501  
264  502  
264  503  
264  504  
264  505  
264  506  
264  507  
264  508  
264  509  
264  510  
264  511  
264  512  
264  513  
264  514  
264  515  
264  516  
264  517  
264  518  
264  519  
264  520  
264  521  
265  522  
265  523  
265  524  
265  525  
265  526  
265  527  
265  528  
298  351  
299  351  
300  351  
301  351  
302  351  
303  351  
304  351  
305  351  
306  351  
307  351  
308  352  
309  352  
310  352  
311  352  
312  352  
313  352  
314  352  
315  352  
316  352  
317  352  
318  353  
319  353  
320  353  
321  353  
322  353  
323  353  
324  353  
325  353  
326  353  
327  354  
328  354  
329  354  
330  354  
331  354  
332  354  
333  354  
334  354  
335  354  
336  355  
337  355  
338  355  
339  355  
340  355  
341  355  
342  356  
343  356  
344  356  
345  356  
346  356  
347  356  
348  356  
349  356  
350  356  
351  356  
250  353  
250  354  
250  355  
250  356  
250  357  
250  358  
250  359  
250  360  
250  361  
250  362  
250  363  
250  364  
250  365  
250  366  
250  367  
250  368  
250  369  
251  370  
251  371  
251  372  
251  373  
250  374  
250  375  
251  376  
251  377  
251  378  
251  379  
251  380  
251  381  
251  382  
251  383  
251  384  
251  385  
251  386  
251  387  
251  388  
251  389  
251  390  
251  391  
251  392  
251  393  
251  394  
251  395  
251  396  
251  397  
251  398  
251  399  
251  400  
251  401  
251  402  
251  403  
251  404  
251  405  
251  406  
251  407  
251  408  
251  409  
251  410  
251  411  
251  412  
251  413  
251  414  
251  415  
251  416  
251  417  
251  418  
251  419  
251  420  
251  421  
251  422  
251  423  
251  424  
251  425  
251  426  
251  427  
251  428  
251  429  
251  430  
251  431  
251  432  
251  433  
251  434  
251  435  
251  436  
251  437  
251  438  
251  439  
251  440  
251  441  
251  442  
251  443  
251  444  
251  445  
251  446  
251  447  
251  448  
251  449  
251  450  
251  451  
251  452  
251  453  
251  454  
251  455  
251  456  
251  457  
251  458  
251  459  
251  460  
251  461  
251  462  
251  463  
251  464  
251  465  
251  466  
251  467  
251  468  
251  469  
251  470  
251  471  
251  472  
252  473  
252  474  
252  475  
252  476  
252  477  
252  478  
252  479  
252  480  
252  481  
252  482  
252  483  
252  484  
252  485  
252  486  
252  487  
252  488  
252  489  
252  490  
252  491  
252  492  
252  493  
252  494  
252  495  
252  496  
252  497  
252  498  
252  499  
252  500  
252  501  
252  502  
252  503  
252  504  
252  505  
252  506  
252  507  
252  508  
252  509  
252  510  
252  511  
252  512  
252  513  
252  514  
252  515  
252  516  
252  517  
252  518  
252  519  
252  520  
252  521  
252  522  
257  355  
257  356  
257  357  
257  358  
257  359  
257  360  
257  361  
257  362  
257  363  
257  364  
257  365  
257  366  
257  367  
257  368  
258  369  
258  370  
258  371  
258  372  
258  373  
258  374  
258  375  
258  376  
258  377  
258  378  
258  379  
258  380  
258  381  
258  382  
258  383  
258  384  
258  385  
258  386  
258  387  
258  388  
258  389  
258  390  
258  391  
258  392  
258  393  
258  394  
258  395  
258  396  
258  397  
258  398  
258  399  
258  400  
258  401  
258  402  
258  403  
258  404  
258  405  
258  406  
258  407  
258  408  
258  409  
258  410  
258  411  
258  412  
258  413  
258  414  
259  415  
259  416  
259  417  
259  418  
259  419  
259  420  
259  421  
259  422  
259  423  
259  424  
259  425  
259  426  
259  427  
259  428  
259  429  
259  430  
259  431  
259  432  
259  433  
259  434  
259  435  
259  436  
259  437  
259  438  
259  439  
259  440  
259  441  
259  442  
259  443  
259  444  
259  445  
259  446  
259  447  
259  448  
259  449  
259  450  
259  451  
259  452  
259  453  
259  454  
259  455  
259  456  
259  457  
259  458  
259  459  
259  460  
259  461  
259  462  
259  463  
259  464  
259  465  
259  466  
259  467  
259  468  
259  469  
259  470  
260  471  
260  472  
260  473  
259  474  
260  475  
260  476  
260  477  
260  478  
260  479  
260  480  
260  481  
260  482  
260  483  
260  484  
260  485  
260  486  
296  355  
296  356  
296  357  
296  358  
296  359  
296  360  
296  361  
296  362  
296  363  
296  364  
296  365  
296  366  
296  367  
297  368  
297  369  
297  370  
297  371  
297  372  
297  373  
297  374  
297  375  
297  376  
297  377  
297  378  
297  379  
297  380  
297  381  
297  382  
297  383  
297  384  
298  385  
298  386  
298  387  
298  388  
298  389  
298  390  
298  391  
298  392  
298  393  
298  394  
298  395  
298  396  
298  397  
298  398  
298  399  
298  400  
298  401  
299  402  
299  403  
299  404  
299  405  
299  406  
299  407  
299  408  
299  409  
299  410  
299  411  
299  412  
299  413  
299  414  
299  415  
299  416  
299  417  
299  418  
299  419  
300  420  
300  421  
300  422  
300  423  
300  424  
300  425  
300  426  
300  427  
300  428  
300  429  
300  430  
300  431  
300  432  
300  433  
300  434  
300  435  
300  436  
301  437  
301  438  
301  439  
301  440  
301  441  
301  442  
301  443  
301  444  
301  445  
301  446  
301  447  
301  448  
301  449  
301  450  
301  451  
301  452  
302  453  
302  454  
302  455  
302  456  
302  457  
302  458  
302  459  
302  460  
302  461  
302  462  
302  463  
302  464  
302  465  
302  466  
302  467  
303  468  
303  469  
303  470  
303  471  
303  472  
303  473  
303  474  
303  475  
303  476  
303  477  
303  478  
303  479  
303  480  
303  481  
303  482  
303  483  
303  484  
304  485  
304  486  
304  487  
304  488  
304  489  
304  490  
304  491  
304  492  
304  493  
304  494  
304  495  
304  496  
304  497  
304  498  
304  499  
304  500  
304  501  
304  502  
304  503  
304  504  
304  505  
304  506  
305  507  
305  508  
305  509  
305  510  
305  511  
305  512  
305  513  
305  514  
305  515  
305  516  
305  517  
305  518  
305  519  
305  520  
305  521  
305  522  
305  523  
305  524  
306  525  
306  526  
306  527  
306  528  
306  529  
306  530  
306  531  
306  532  
306  533  
306  534  
306  535  
306  536  
306  537  
306  538  
306  539  
306  540  
266  359  
266  360  
266  361  
266  362  
266  363  
266  364  
266  365  
266  366  
266  367  
266  368  
266  369  
266  370  
266  371  
266  372  
266  373  
266  374  
266  375  
266  376  
266  377  
266  378  
266  379  
266  380  
266  381  
266  382  
266  383  
266  384  
266  385  
266  386  
266  387  
266  388  
266  389  
266  390  
266  391  
266  392  
266  393  
266  394  
266  395  
266  396  
266  397  
266  398  
266  399  
266  400  
266  401  
266  402  
267  403  
267  404  
267  405  
267  406  
267  407  
267  408  
267  409  
267  410  
267  411  
267  412  
267  413  
267  414  
267  415  
267  416  
267  417  
267  418  
267  419  
267  420  
267  421  
267  422  
267  423  
267  424  
267  425  
267  426  
267  427  
267  428  
267  429  
267  430  
267  431  
267  432  
267  433  
267  434  
267  435  
267  436  
267  437  
267  438  
267  439  
267  440  
267  441  
267  442  
267  443  
267  444  
267  445  
267  446  
267  447  
267  448  
267  449  
267  450  
267  451  
267  452  
267  453  
267  454  
267  455  
267  456  
267  457  
267  458  
267  459  
267  460  
267  461  
267  462  
267  463  
267  464  
267  465  
267  466  
267  467  
267  468  
267  469  
268  470  
268  471  
268  472  
268  473  
268  474  
268  475  
268  476  
268  477  
268  478  
268  479  
268  480  
268  481  
268  482  
268  483  
268  484  
268  485  
268  486  
268  487  
268  488  
268  489  
268  490  
268  491  
268  492  
268  493  
268  494  
268  495  
268  496  
268  497  
268  498  
268  499  
268  500  
268  501  
268  502  
268  503  
269  504  
269  505  
269  506  
269  507  
269  508  
269  509  
269  510  
269  511  
269  512  
269  513  
269  514  
269  515  
269  516  
269  517  
269  518  
269  519  
269  520  
269  521  
269  522  
269  523  
269  524  
269  525  
269  526  
269  527  
269  528  
269  529  
269  530  
269  531  
269  532  
199  366  
199  367  
199  368  
199  369  
199  370  
199  371  
199  372  
199  373  
199  374  
199  375  
199  376  
199  377  
199  378  
199  379  
199  380  
199  381  
199  382  
199  383  
199  384  
199  385  
199  386  
198  387  
198  388  
198  389  
198  390  
198  391  
198  392  
198  393  
198  394  
198  395  
198  396  
198  397  
198  398  
198  399  
198  400  
198  401  
198  402  
198  403  
197  404  
197  405  
197  406  
197  407  
197  408  
197  409  
197  410  
197  411  
197  412  
197  413  
197  414  
197  415  
197  416  
197  417  
196  418  
196  419  
196  420  
196  421  
196  422  
196  423  
196  424  
196  425  
196  426  
196  427  
196  428  
196  429  
196  430  
196  431  
196  432  
196  433  
195  434  
195  435  
195  436  
195  437  
195  438  
195  439  
195  440  
195  441  
195  442  
195  443  
195  444  
195  445  
195  446  
195  447  
195  448  
194  449  
194  450  
194  451  
194  452  
194  453  
194  454  
194  455  
194  456  
194  457  
194  458  
194  459  
194  460  
194  461  
193  462  
193  463  
193  464  
193  465  
193  466  
193  467  
193  468  
193  469  
193  470  
193  471  
193  472  
193  473  
192  474  
192  475  
192  476  
192  477  
192  478  
192  479  
192  480  
192  481  
192  482  
193  367  
193  368  
193  369  
193  370  
193  371  
193  372  
193  373  
193  374  
193  375  
193  376  
193  377  
193  378  
193  379  
193  380  
193  381  
193  382  
193  383  
193  384  
193  385  
193  386  
193  387  
193  388  
192  389  
192  390  
192  391  
192  392  
192  393  
192  394  
192  395  
192  396  
192  397  
192  398  
192  399  
192  400  
192  401  
192  402  
191  403  
191  404  
191  405  
191  406  
191  407  
191  408  
191  409  
191  410  
191  411  
191  412  
191  413  
191  414  
191  415  
191  416  
190  417  
190  418  
190  419  
190  420  
190  421  
190  422  
190  423  
190  424  
190  425  
190  426  
190  427  
190  428  
190  429  
190  430  
189  431  
189  432  
189  433  
189  434  
189  435  
189  436  
189  437  
189  438  
189  439  
189  440  
189  441  
189  442  
188  443  
188  444  
188  445  
188  446  
188  447  
188  448  
188  449  
188  450  
188  451  
188  452  
188  453  
188  454  
188  455  
187  456  
187  457  
187  458  
187  459  
187  460  
187  461  
187  462  
187  463  
187  464  
187  465  
187  466  
186  467  
186  468  
186  469  
186  470  
186  471  
186  472  
186  473  
186  474  
186  475  
186  476  
186  477  
185  478  
185  479  
185  480  
185  481  
185  482  
185  483  
85  368  
85  369  
85  370  
84  371  
84  372  
84  373  
84  374  
83  375  
83  376  
83  377  
83  378  
83  379  
83  380  
82  381  
82  382  
82  383  
82  384  
82  385  
81  386  
81  387  
81  388  
81  389  
81  390  
81  391  
80  392  
80  393  
80  394  
80  395  
80  396  
79  397  
79  398  
79  399  
79  400  
79  401  
79  402  
78  403  
78  404  
78  405  
78  406  
78  407  
78  408  
77  409  
77  410  
77  411  
77  412  
77  413  
77  414  
76  415  
76  416  
76  417  
76  418  
76  419  
76  420  
75  421  
75  422  
75  423  
75  424  
75  425  
75  426  
74  427  
74  428  
74  429  
74  430  
74  431  
74  432  
73  433  
73  434  
73  435  
73  436  
73  437  
91  370  
91  371  
90  372  
90  373  
90  374  
90  375  
90  376  
89  377  
89  378  
89  379  
89  380  
89  381  
88  382  
88  383  
88  384  
88  385  
88  386  
88  387  
87  388  
87  389  
87  390  
87  391  
87  392  
87  393  
86  394  
86  395  
86  396  
86  397  
86  398  
86  399  
85  400  
85  401  
85  402  
85  403  
85  404  
85  405  
84  406  
84  407  
84  408  
84  409  
84  410  
83  411  
83  412  
83  413  
83  414  
83  415  
83  416  
82  417  
82  418  
82  419  
82  420  
82  421  
82  422  
82  423  
81  424  
81  425  
81  426  
81  427  
81  428  
81  429  
80  430  
81  431  
188  373  
188  374  
188  375  
188  376  
188  377  
187  378  
187  379  
187  380  
187  381  
187  382  
187  383  
187  384  
187  385  
187  386  
187  387  
187  388  
187  389  
186  390  
186  391  
186  392  
186  393  
186  394  
186  395  
186  396  
186  397  
186  398  
186  399  
186  400  
186  401  
186  402  
186  403  
185  404  
185  405  
185  406  
185  407  
185  408  
185  409  
185  410  
185  411  
185  412  
185  413  
185  414  
185  415  
184  416  
184  417  
184  418  
184  419  
184  420  
184  421  
184  422  
184  423  
184  424  
184  425  
184  426  
184  427  
183  428  
183  429  
183  430  
183  431  
183  432  
183  433  
183  434  
183  435  
183  436  
183  437  
183  438  
183  439  
183  440  
182  441  
182  442  
182  443  
182  444  
182  445  
182  446  
182  447  
182  448  
182  449  
182  450  
182  451  
181  452  
181  453  
181  454  
181  455  
181  456  
181  457  
181  458  
181  459  
181  460  
181  461  
181  462  
181  463  
180  464  
180  465  
180  466  
180  467  
180  468  
180  469  
180  470  
180  471  
180  472  
180  473  
180  474  
180  475  
179  476  
179  477  
179  478  
179  479  
179  480  
179  481  
310  394  
310  395  
310  396  
309  397  
309  398  
309  399  
309  400  
309  401  
309  402  
308  403  
308  404  
308  405  
308  406  
308  407  
308  408  
308  409  
308  410  
308  411  
308  412  
308  413  
308  414  
308  415  
308  416  
308  417  
308  418  
308  419  
308  420  
308  421  
308  422  
308  423  
308  424  
308  425  
308  426  
319  406  
319  407  
319  408  
319  409  
319  410  
319  411  
319  412  
319  413  
319  414  
319  415  
319  416  
319  417  
319  418  
319  419  
319  420  
319  421  
319  422  
319  423  
319  424  
320  425  
320  426  
320  427  
320  428  
320  429  
320  430  
321  431  
321  432  
321  433  
321  434  
322  435  
322  436  
322  437  
323  438  
323  439  
323  440  
324  441  
324  442  
324  443  
325  444  
325  445  
326  446  
326  447  
327  448  
327  449  
328  450  
328  451  
329  452  
329  453  
330  454  
331  455  
331  456  
332  457  
333  458  
333  459  
334  460  
335  461  
335  462  
336  463  
337  464  
338  465  
338  466  
339  467  
340  468  
341  469  
342  470  
342  471  
343  472  
344  473  
345  474  
346  475  
347  476  
348  477  
349  478  
350  479  
351  479  
352  480  
353  481  
354  482  
355  483  
356  484  
357  485  
358  485  
359  486  
72  439  
72  440  
72  441  
72  442  
72  443  
72  444  
71  445  
71  446  
71  447  
71  448  
71  449  
71  450  
70  451  
70  452  
70  453  
70  454  
70  455  
70  456  
69  457  
69  458  
69  459  
69  460  
69  461  
69  462  
68  463  
68  464  
68  465  
68  466  
68  467  
68  468  
68  469  
67  470  
67  471  
67  472  
67  473  
67  474  
67  475  
67  476  
67  477  
67  478  
67  479  
67  480  
67  481  
67  482  
67  483  
67  484  
67  485  
312  441  
312  442  
313  443  
313  444  
313  445  
314  446  
314  447  
314  448  
315  449  
315  450  
316  451  
316  452  
317  453  
317  454  
318  455  
318  456  
319  457  
319  458  
320  459  
320  460  
321  461  
321  462  
322  463  
323  464  
323  465  
324  466  
77  453  
77  454  
77  455  
77  456  
76  457  
76  458  
76  459  
76  460  
76  461  
76  462  
75  463  
75  464  
75  465  
75  466  
75  467  
75  468  
75  469  
75  470  
75  471  
75  472  
75  473  
74  474  
74  475  
74  476  
74  477  
74  478  
74  479  
74  480  
74  481  
74  482  
74  483  
74  484  
327  471  
328  472  
329  473  
329  474  
330  475  
331  476  
332  477  
333  478  
334  479  
335  480  
335  481  
336  482  
337  483  
338  484  
339  485  
340  486  
341  487  
342  487  
343  488  
344  489  
345  490  
346  491  
347  491  
348  492  
349  493  
350  493  
351  494  
352  495  
353  495  
354  496  
355  497  
356  497  
357  498  
358  499  
359  499  
360  500  
361  501  
260  490  
260  491  
260  492  
260  493  
260  494  
260  495  
260  496  
260  497  
260  498  
260  499  
260  500  
260  501  
260  502  
260  503  
260  504  
260  505  
260  506  
260  507  
260  508  
260  509  
260  510  
260  511  
260  512  
260  513  
260  514  
260  515  
260  516  
260  517  
260  518  
260  519  
260  520  
260  521  
260  522  
260  523  
260  524  
260  525  
260  526  
260  527  
260  528  
86  506  
87  506  
88  506  
89  507  
90  507  
91  507  
92  507  
93  507  
94  508  
95  508  
96  508  
97  508  
98  508  
99  509  
100  509  
101  509  
102  509  
103  509  
104  509  
105  510  
106  510  
107  510  
108  510  
109  510  
110  510  
111  510  
112  511  
113  511  
114  511  
115  511  
116  511  
117  511  
118  511  
119  511  
120  512  
121  512  
122  512  
123  512  
124  512  
125  512  
126  512  
127  512  
128  512  
129  513  
130  513  
131  513  
132  513  
133  513  
134  513  
135  513  
136  513  
137  513  
138  513  
139  513  
140  514  
141  514  
142  514  
143  514  
144  514  
145  514  
146  514  
147  514  
148  514  
149  514  
150  514  
151  514  
152  514  
153  514  
154  514  
155  514  
32  514  
33  515  
34  515  
35  515  
36  515  
37  516  
38  516  
39  516  
40  516  
41  517  
42  517  
43  517  
44  517  
45  517  
46  518  
47  518  
48  518  
49  518  
50  519  
51  519  
52  519  
53  519  
54  520  
55  520  
56  520  
57  520  
58  521  
59  521  
60  521  
61  521  
62  521  
63  522  
64  522  
65  522  
66  522  
67  523  
68  523  
69  523  
70  523  
71  523  
72  524  
73  524  
74  524  
75  524  
76  525  
77  525  
78  525  
79  525  
80  525  
81  526  
82  526  
83  526  
84  526  
85  526  
86  527  
87  527  
88  527  
89  527  
90  527  
91  528  
92  528  
93  528  
94  528  
95  528  
96  529  
97  529  
98  529  
99  529  
100  529  
101  530  
102  530  
103  530  
104  530  
105  530  
106  531  
107  531  
108  531  
109  531  
110  531  
111  531  
112  532  
113  532  
114  532  
115  532  
116  532  
117  533  
118  533  
119  533  
120  533  
121  533  
122  533  
123  534  
124  534  
125  534  
126  534  
127  534  
128  534  
129  535  
130  535  
131  535  
132  535  
133  535  
134  535  
135  536  
136  536  
137  536  
138  536  
139  536  
140  536  
141  537  
142  537  
143  537  
144  537  
145  537  
146  537  
147  538  
148  538  
149  538  
150  538  
151  538  
152  538  
153  539  
154  539  
155  539  
156  539  
157  539  
158  539  
159  540  
160  540  
161  540  
162  540  
163  540  
164  540  
165  540  
166  541  
167  541  
168  541  
169  541  
170  541  
171  541  
172  541  
173  541  
174  542  
175  542  
176  542  
177  542  
178  542  
179  542  
180  542  
181  543  
182  543  
183  543  
184  543  
185  543  
186  543  
187  543  
188  543  
189  544  
190  544  
191  544  
192  544  
193  544  
194  544  
195  544  
196  544  
197  544  
198  544  
199  545  
200  545  
201  545  
202  545  
203  545  
204  545  
55  516  
56  516  
57  516  
58  517  
59  517  
60  517  
61  517  
62  518  
63  518  
64  518  
65  518  
66  518  
67  519  
68  519  
69  519  
70  519  
71  520  
72  520  
73  520  
74  520  
75  521  
76  521  
77  521  
78  521  
79  521  
80  522  
81  522  
82  522  
83  522  
84  522  
85  523  
86  523  
87  523  
88  523  
89  523  
90  524  
91  524  
92  524  
93  524  
94  524  
95  525  
96  525  
97  525  
98  525  
99  525  
100  526  
101  526  
102  526  
103  526  
104  526  
105  527  
106  527  
107  527  
108  527  
109  527  
110  527  
111  528  
112  528  
113  528  
114  528  
115  528  
116  529  
117  529  
118  529  
119  529  
120  529  
121  529  
122  530  
123  530  
124  530  
125  530  
126  530  
127  531  
128  531  
129  531  
130  531  
131  531  
132  531  
133  532  
134  532  
135  532  
136  532  
137  532  
138  532  
139  533  
140  533  
141  533  
142  533  
143  533  
144  533  
145  533  
146  534  
147  534  
148  534  
149  534  
150  534  
151  534  
152  535  
153  535  
154  535  
155  535  
156  535  
157  535  
158  536  
159  536  
160  536  
161  536  
162  536  
163  536  
164  536  
165  537  
166  537  
167  537  
168  537  
169  537  
170  537  
171  537  
172  538  
173  538  
174  538  
175  538  
176  538  
177  538  
178  538  
179  539  
180  539  
181  539  
182  539  
183  539  
184  539  
185  539  
186  540  
187  540  
188  540  
189  540  
190  540  
191  540  
192  540  
193  540  
194  540  
195  541  
196  541  
197  541  
198  541  
199  541  
200  541  
201  541  
202  541  
203  541  
204  542  
205  542  
206  542  
207  542  
389  519  
388  520  
388  521  
388  522  
388  523  
388  524  
388  525  
388  526  
388  527  
388  528  
388  529  
388  530  
388  531  
387  532  
387  533  
387  534  
387  535  
387  536  
387  537  
387  538  
387  539  
387  540  
387  541  
221  539  
222  539  
223  539  
224  539  
225  539  
226  539  
227  539  
228  539  
229  539  
230  539  
231  539  
232  539  
233  539  
234  539  
235  539  
236  539  
237  539  
238  539  
239  539  
240  539  
241  539  
242  539  
243  539  
244  539  
245  539  
278  540  
279  540  
280  540  
281  540  
282  540  
283  541  
284  541  
285  541  
286  541  
287  541  
288  541  
289  541  
290  541  
291  541  
292  541  
293  541  
294  541  
295  542  
296  542  
297  542  
298  542  
299  542  
300  542  
301  542  
302  542  
303  542  
57  542  
58  542  
59  542  
60  542  
61  542  
62  542  
63  543  
64  543  
65  543  
66  543  
67  543  
68  544  
69  544  
70  544  
71  544  
72  545  
73  545  
74  545  
75  545  
76  546  
77  546  
78  546  
79  546  
80  546  
81  547  
82  547  
83  547  
84  547  
85  548  
86  548  
87  548  
88  548  
89  549  
90  549  
91  549  
92  549  
93  549  
94  550  
95  550  
96  550  
97  550  
98  550  
99  551  
100  551  
101  551  
102  551  
103  551  
104  552  
105  552  
106  552  
107  552  
108  552  
109  553  
110  553  
111  553  
112  553  
113  554  
114  554  
115  554  
116  554  
117  554  
118  555  
119  555  
120  555  
121  555  
122  555  
123  556  
124  556  
125  556  
126  556  
127  556  
128  557  
129  557  
130  557  
131  557  
132  557  
133  557  
134  558  
135  558  
136  558  
137  558  
138  558  
139  559  
140  559  
141  559  
142  559  
143  559  
144  559  
145  560  
146  560  
147  560  
148  560  
149  560  
150  560  
151  560  
152  561  
153  561  
154  561  
155  561  
156  561  
157  561  
158  562  
159  562  
160  562  
161  562  
162  562  
163  562  
164  563  
165  563  
166  563  
310  542  
311  542  
312  542  
313  542  
314  542  
315  542  
316  542  
317  542  
318  542  
319  542  
320  542  
321  542  
322  542  
323  542  
324  542  
325  542  
326  542  
327  542  
328  542  
329  542  
330  542  
331  542  
332  542  
333  543  
334  543  
335  543  
336  543  
337  543  
338  543  
339  543  
340  543  
341  543  
342  543  
343  543  
344  543  
345  543  
346  543  
347  544  
348  544  
349  544  
350  544  
351  544  
352  544  
353  544  
354  544  
355  544  
356  544  
357  544  
358  544  
359  544  
360  544  
361  544  
362  545  
363  545  
364  545  
365  545  
366  545  
367  545  
368  545  
369  545  
370  545  
371  545  
372  545  
373  545  
374  545  
375  545  
376  545  
377  545  
378  545  
120  545  
121  545  
122  545  
123  545  
124  545  
125  546  
126  546  
127  546  
128  546  
129  547  
130  547  
131  547  
132  547  
133  547  
134  548  
135  548  
136  548  
137  548  
138  548  
139  549  
140  549  
141  549  
142  549  
143  549  
144  549  
145  550  
146  550  
147  550  
148  550  
149  550  
150  551  
151  551  
152  551  
153  551  
154  551  
155  552  
156  552  
157  552  
158  552  
159  552  
160  552  
161  553  
162  553  
163  553  
164  553  
165  553  
166  553  
167  554  
168  554  
169  554  
170  554  
171  554  
172  554  
173  555  
174  555  
175  555  
176  555  
177  555  
178  555  
179  555  
180  555  
181  556  
182  556  
183  556  
184  556  
185  556  
186  556  
187  556  
188  557  
189  557  
190  557  
191  557  
192  557  
193  557  
194  558  
195  558  
196  558  
197  558  
198  558  
199  558  
200  559  
201  559  
202  559  
203  559  
204  559  
205  559  
206  559  
207  559  
309  546  
310  546  
311  546  
312  546  
313  546  
314  546  
315  546  
316  546  
317  546  
318  546  
319  546  
320  546  
321  546  
322  546  
323  546  
324  546  
325  546  
326  546  
327  546  
328  546  
329  546  
330  546  
331  546  
332  546  
333  546  
334  546  
335  546  
336  547  
337  547  
338  547  
339  547  
340  547  
341  547  
342  547  
343  547  
344  547  
345  547  
346  547  
347  547  
348  547  
349  547  
350  547  
351  548  
352  548  
353  548  
354  548  
355  548  
356  548  
357  548  
358  548  
359  548  
360  548  
361  548  
362  548  
363  548  
364  548  
365  548  
366  548  
367  549  
368  549  
369  549  
370  549  
371  549  
372  549  
373  549  
374  549  
375  549  
376  549  
377  549  
378  549  
379  549  
380  549  
381  549  
382  549  
383  549  
39  549  
40  549  
41  550  
42  550  
43  550  
44  551  
45  551  
46  552  
47  552  
48  553  
49  553  
50  554  
51  554  
52  555  
53  555  
54  556  
55  556  
56  556  
57  557  
58  558  
357  558  
357  559  
357  560  
357  561  
357  562  
357  563  
357  564  
357  565  
357  566  
357  567  
357  568  
357  569  
357  570  
357  571  
357  572  
357  573  
357  574  
357  575  
357  576  
357  577  
357  578  
357  579  
357  580  
357  581  
357  582  
356  583  
356  584  
356  585  
356  586  
74  559  
75  560  
76  560  
77  560  
78  561  
79  561  
80  561  
81  562  
82  562  
83  562  
84  562  
85  563  
86  563  
87  564  
88  564  
89  564  
90  564  
91  565  
92  565  
93  565  
94  565  
95  566  
96  566  
97  566  
98  566  
99  567  
100  567  
101  567  
102  567  
103  568  
104  568  
105  568  
106  568  
107  569  
108  569  
109  569  
110  569  
111  570  
112  570  
113  570  
114  570  
115  571  
116  571  
117  571  
118  571  
119  572  
120  572  
121  572  
122  572  
123  572  
124  573  
125  573  
126  573  
127  573  
128  573  
129  574  
130  574  
131  574  
132  574  
133  574  
134  575  
135  575  
136  575  
170  560  
171  560  
172  560  
173  560  
174  560  
175  561  
176  561  
177  561  
178  561  
179  561  
180  561  
181  561  
182  562  
183  562  
184  562  
185  562  
186  562  
187  562  
188  562  
189  562  
190  562  
191  562  
192  563  
193  563  
194  563  
195  563  
196  563  
197  563  
198  563  
199  563  
200  564  
201  564  
202  564  
203  564  
204  564  
205  564  
206  565  
207  565  
208  565  
111  565  
112  565  
113  565  
114  565  
115  565  
116  566  
117  566  
118  566  
119  566  
120  567  
121  567  
122  567  
123  567  
124  567  
125  567  
126  568  
127  568  
128  568  
129  569  
130  569  
131  569  
132  569  
150  578  
151  578  
152  578  
153  578  
154  578  
155  579  
156  579  
157  579  
158  579  
159  580  
160  580  
161  580  
162  581  
163  581  
164  581  
165  582  
166  582  
167  582  
168  582  
169  582  
171  583  
172  583  
173  583  
174  583  
175  583  
176  583  
177  584  
178  584  
179  584  
180  584  
181  584  
182  584  
183  584  
184  585  
185  585  
186  585  
187  585  
188  585  
189  585  
190  585  
191  585  
192  585  
193  586  
296  604  
297  604  
298  604  
299  604  
300  604  
301  604  
302  604  
303  604  
304  604  
305  605  
306  605  
307  605  
308  605  
309  605  
310  605  
311  605  
312  605  
313  605  
314  605  
315  605  
316  605  
317  605  
318  605  
