78  
32  40  23  111  37  53  36  24  45  47  76  184  21  20  46  68  52  20  37  43  24  80  29  21  21  20  23  23  25  27  91  89  27  54  46  42  20  30  26  29  21  20  40  20  24  20  33  27  20  24  75  74  25  21  27  147  25  94  81  59  104  78  48  151  42  49  31  94  41  81  62  20  21  25  21  30  30  22  
311  32  
312  32  
313  32  
314  32  
293  33  
294  33  
295  33  
296  33  
297  33  
298  33  
299  33  
300  33  
301  33  
302  33  
303  33  
304  33  
305  33  
306  33  
307  33  
308  33  
309  33  
310  33  
284  34  
285  34  
286  34  
287  34  
288  34  
289  34  
290  34  
291  34  
292  34  
283  35  
370  33  
371  33  
372  33  
373  33  
374  33  
375  33  
376  33  
377  33  
378  33  
379  33  
349  34  
350  34  
351  34  
352  34  
353  34  
354  34  
355  34  
356  34  
357  34  
358  34  
359  34  
360  34  
361  34  
362  34  
363  34  
364  34  
365  34  
366  34  
367  34  
368  34  
369  34  
340  35  
341  35  
342  35  
343  35  
344  35  
345  35  
346  35  
347  35  
348  35  
329  35  
330  35  
331  35  
332  35  
333  35  
334  35  
335  35  
336  35  
314  36  
315  36  
316  36  
317  36  
318  36  
319  36  
320  36  
321  36  
322  36  
323  36  
324  36  
325  36  
326  36  
327  36  
328  36  
415  42  
416  42  
417  42  
418  42  
419  42  
393  43  
394  43  
395  43  
396  43  
397  43  
398  43  
399  43  
400  43  
401  43  
402  43  
403  43  
404  43  
405  43  
406  43  
407  43  
408  43  
409  43  
410  43  
411  43  
412  43  
413  43  
414  43  
376  44  
377  44  
378  44  
379  44  
380  44  
381  44  
382  44  
383  44  
384  44  
385  44  
386  44  
387  44  
388  44  
389  44  
390  44  
391  44  
392  44  
358  45  
359  45  
360  45  
361  45  
362  45  
363  45  
364  45  
365  45  
366  45  
367  45  
368  45  
369  45  
370  45  
371  45  
372  45  
373  45  
374  45  
375  45  
339  46  
340  46  
341  46  
342  46  
343  46  
344  46  
345  46  
346  46  
347  46  
348  46  
349  46  
350  46  
351  46  
352  46  
353  46  
354  46  
355  46  
356  46  
357  46  
320  47  
321  47  
322  47  
323  47  
324  47  
325  47  
326  47  
327  47  
328  47  
329  47  
330  47  
331  47  
332  47  
333  47  
334  47  
335  47  
336  47  
337  47  
338  47  
309  48  
310  48  
311  48  
312  48  
313  48  
314  48  
315  48  
316  48  
317  48  
318  48  
319  48  
250  44  
250  45  
250  46  
250  47  
250  48  
250  49  
250  50  
250  51  
250  52  
250  53  
250  54  
250  55  
250  56  
250  57  
250  58  
250  59  
250  60  
250  61  
250  62  
250  63  
250  64  
250  65  
250  66  
250  67  
250  68  
250  69  
250  70  
250  71  
250  72  
250  73  
250  74  
250  75  
250  76  
250  77  
249  78  
249  79  
249  80  
254  46  
254  47  
254  48  
254  49  
254  50  
254  51  
254  52  
254  53  
254  54  
254  55  
254  56  
254  57  
254  58  
254  59  
254  60  
254  61  
254  62  
254  63  
254  64  
254  65  
254  66  
254  67  
253  68  
253  69  
253  70  
253  71  
253  72  
253  73  
253  74  
253  75  
253  76  
253  77  
253  78  
253  79  
253  80  
253  81  
253  82  
253  83  
253  84  
253  85  
253  86  
253  87  
253  88  
253  89  
253  90  
253  91  
253  92  
253  93  
253  94  
253  95  
253  96  
253  97  
253  98  
287  48  
288  48  
289  48  
290  48  
291  48  
292  48  
293  48  
294  48  
295  48  
296  48  
297  48  
298  48  
299  48  
300  48  
301  48  
302  48  
303  48  
273  49  
274  49  
275  49  
276  49  
277  49  
278  49  
279  49  
280  49  
281  49  
282  49  
283  49  
284  49  
285  49  
286  49  
272  50  
272  51  
272  52  
272  53  
272  54  
257  51  
257  52  
257  53  
257  54  
257  55  
257  56  
257  57  
257  58  
257  59  
257  60  
257  61  
257  62  
257  63  
257  64  
257  65  
257  66  
257  67  
257  68  
257  69  
257  70  
257  71  
257  72  
257  73  
257  74  
261  51  
261  52  
261  53  
261  54  
261  55  
261  56  
261  57  
261  58  
261  59  
261  60  
261  61  
261  62  
261  63  
260  64  
260  65  
260  66  
260  67  
260  68  
260  69  
260  70  
260  71  
260  72  
260  73  
260  74  
260  75  
260  76  
260  77  
260  78  
260  79  
260  80  
260  81  
260  82  
260  83  
260  84  
260  85  
260  86  
260  87  
260  88  
260  89  
260  90  
260  91  
260  92  
260  93  
260  94  
260  95  
112  53  
113  53  
114  53  
115  53  
116  53  
117  53  
118  54  
119  54  
120  54  
121  54  
122  54  
123  54  
124  54  
125  54  
126  54  
127  54  
128  55  
129  55  
130  55  
131  55  
132  55  
133  55  
134  55  
135  55  
154  55  
155  55  
156  55  
157  55  
158  55  
136  56  
137  56  
138  56  
139  56  
140  56  
141  56  
142  56  
143  56  
144  56  
145  56  
146  56  
147  56  
148  56  
149  56  
150  56  
151  56  
152  56  
153  56  
432  55  
432  56  
431  57  
431  58  
431  59  
431  60  
431  61  
431  62  
430  63  
430  64  
430  65  
429  66  
429  67  
429  68  
429  69  
428  70  
428  71  
428  72  
428  73  
428  74  
427  75  
427  76  
427  77  
427  78  
427  79  
426  80  
426  81  
426  82  
426  83  
425  84  
425  85  
425  86  
425  87  
424  88  
424  89  
424  90  
424  91  
424  92  
423  93  
423  94  
423  95  
423  96  
422  97  
422  98  
422  99  
422  100  
421  101  
421  102  
421  103  
421  104  
420  105  
420  106  
420  107  
420  108  
420  109  
419  110  
419  111  
419  112  
419  113  
419  114  
418  115  
418  116  
418  117  
418  118  
417  119  
417  120  
417  121  
417  122  
416  123  
416  124  
416  125  
416  126  
415  127  
415  128  
415  129  
415  130  
265  56  
265  57  
265  58  
265  59  
265  60  
265  61  
265  62  
265  63  
265  64  
265  65  
265  66  
265  67  
265  68  
265  69  
265  70  
265  71  
265  72  
265  73  
265  74  
264  75  
264  76  
264  77  
264  78  
264  79  
264  80  
264  81  
264  82  
264  83  
264  84  
264  85  
264  86  
264  87  
264  88  
264  89  
264  90  
264  91  
264  92  
264  93  
264  94  
264  95  
264  96  
264  97  
264  98  
264  99  
264  100  
264  101  
264  102  
264  103  
264  104  
264  105  
264  106  
264  107  
264  108  
264  109  
264  110  
264  111  
264  112  
264  113  
264  114  
264  115  
264  116  
264  117  
264  118  
264  119  
264  120  
264  121  
264  122  
263  123  
263  124  
263  125  
263  126  
263  127  
263  128  
263  129  
263  130  
263  131  
263  132  
263  133  
263  134  
263  135  
263  136  
263  137  
263  138  
263  139  
263  140  
263  141  
263  142  
263  143  
263  144  
263  145  
263  146  
263  147  
263  148  
263  149  
263  150  
263  151  
263  152  
263  153  
263  154  
263  155  
263  156  
263  157  
263  158  
262  159  
262  160  
262  161  
262  162  
262  163  
262  164  
262  165  
262  166  
262  167  
262  168  
262  169  
262  170  
262  171  
262  172  
262  173  
262  174  
262  175  
262  176  
262  177  
262  178  
262  179  
262  180  
262  181  
262  182  
262  183  
262  184  
262  185  
262  186  
261  187  
261  188  
261  189  
261  190  
261  191  
261  192  
261  193  
261  194  
261  195  
261  196  
261  197  
261  198  
261  199  
261  200  
261  201  
260  202  
260  203  
260  204  
260  205  
260  206  
260  207  
260  208  
260  209  
260  210  
260  211  
260  212  
260  213  
260  214  
260  215  
260  216  
260  217  
260  218  
260  219  
260  220  
260  221  
260  222  
260  223  
260  224  
260  225  
260  226  
260  227  
260  228  
260  229  
260  230  
260  231  
260  232  
260  233  
260  234  
260  235  
260  236  
260  237  
260  238  
260  239  
113  57  
112  58  
114  58  
115  58  
116  58  
117  58  
118  58  
119  58  
120  58  
121  58  
122  58  
123  58  
124  58  
125  58  
126  58  
127  58  
128  58  
129  58  
130  58  
131  58  
132  58  
125  61  
126  61  
127  61  
128  61  
129  61  
130  61  
131  61  
132  61  
133  61  
134  61  
135  61  
118  62  
119  62  
120  62  
121  62  
122  62  
123  62  
124  62  
117  63  
117  64  
307  64  
306  65  
306  66  
306  67  
306  68  
306  69  
306  70  
306  71  
306  72  
306  73  
306  74  
306  75  
306  76  
306  77  
306  78  
305  79  
305  80  
305  81  
305  82  
305  83  
305  84  
305  85  
305  86  
305  87  
305  88  
305  89  
305  90  
305  91  
305  92  
305  93  
305  94  
305  95  
305  96  
305  97  
305  98  
304  99  
304  100  
304  101  
304  102  
304  103  
304  104  
304  105  
304  106  
304  107  
304  108  
304  109  
314  68  
314  69  
314  70  
313  71  
313  72  
313  73  
313  74  
313  75  
313  76  
313  77  
313  78  
313  79  
313  80  
313  81  
313  82  
312  83  
312  84  
312  85  
312  86  
312  87  
312  88  
312  89  
312  90  
312  91  
312  92  
312  93  
312  94  
312  95  
312  96  
312  97  
311  98  
311  99  
311  100  
311  101  
311  102  
311  103  
311  104  
311  105  
311  106  
311  107  
311  108  
311  109  
310  110  
310  111  
310  112  
310  113  
310  114  
310  115  
310  116  
310  117  
310  118  
310  119  
310  120  
310  121  
310  122  
310  123  
310  124  
310  125  
309  126  
309  127  
309  128  
309  129  
309  130  
309  131  
309  132  
309  133  
309  134  
309  135  
395  68  
396  68  
397  68  
379  69  
380  69  
381  69  
382  69  
383  69  
384  69  
385  69  
386  69  
387  69  
388  69  
389  69  
390  69  
391  69  
392  69  
393  69  
394  69  
363  70  
364  70  
365  70  
366  70  
367  70  
368  70  
369  70  
370  70  
371  70  
372  70  
373  70  
374  70  
375  70  
376  70  
377  70  
378  70  
348  71  
349  71  
350  71  
351  71  
352  71  
353  71  
354  71  
355  71  
356  71  
357  71  
358  71  
359  71  
360  71  
361  71  
362  71  
346  72  
347  72  
284  73  
283  74  
283  75  
283  76  
284  77  
284  78  
284  79  
284  80  
284  81  
284  82  
284  83  
285  84  
285  85  
285  86  
285  87  
285  88  
285  89  
286  90  
286  91  
285  92  
271  74  
271  75  
271  76  
271  77  
271  78  
271  79  
271  80  
271  81  
271  82  
271  83  
271  84  
271  85  
271  86  
271  87  
271  88  
271  89  
271  90  
271  91  
271  92  
271  93  
271  94  
271  95  
271  96  
271  97  
271  98  
271  99  
271  100  
271  101  
271  102  
270  103  
270  104  
270  105  
270  106  
270  107  
270  108  
270  109  
270  110  
403  75  
403  76  
403  77  
402  78  
402  79  
402  80  
402  81  
402  82  
402  83  
401  84  
401  85  
401  86  
401  87  
401  88  
400  89  
400  90  
400  91  
400  92  
400  93  
399  94  
399  95  
399  96  
399  97  
398  98  
398  99  
398  100  
398  101  
398  102  
398  103  
397  104  
397  105  
397  106  
397  107  
397  108  
396  109  
396  110  
396  111  
396  112  
396  113  
396  114  
395  115  
395  116  
395  117  
295  76  
295  77  
294  78  
294  79  
294  80  
294  81  
294  82  
294  83  
294  84  
294  85  
294  86  
294  87  
294  88  
294  89  
294  90  
294  91  
294  92  
294  93  
294  94  
294  95  
294  96  
294  97  
294  98  
294  99  
257  80  
257  81  
257  82  
257  83  
257  84  
257  85  
257  86  
257  87  
257  88  
257  89  
257  90  
257  91  
257  92  
257  93  
257  94  
257  95  
257  96  
257  97  
257  98  
257  99  
257  100  
257  101  
257  102  
257  103  
257  104  
257  105  
257  106  
257  107  
257  108  
256  109  
256  110  
256  111  
256  112  
256  113  
256  114  
256  115  
256  116  
256  117  
256  118  
256  119  
256  120  
256  121  
256  122  
256  123  
256  124  
256  125  
256  126  
256  127  
256  128  
256  129  
256  130  
256  131  
256  132  
256  133  
256  134  
256  135  
256  136  
256  137  
256  138  
256  139  
256  140  
256  141  
256  142  
256  143  
256  144  
256  145  
256  146  
256  147  
256  148  
256  149  
256  150  
256  151  
256  152  
256  153  
256  154  
256  155  
256  156  
256  157  
256  158  
255  159  
384  80  
369  81  
370  81  
371  81  
372  81  
373  81  
374  81  
375  81  
376  81  
377  81  
378  81  
379  81  
380  81  
381  81  
382  81  
383  81  
356  82  
357  82  
358  82  
359  82  
360  82  
361  82  
362  82  
363  82  
364  82  
365  82  
366  82  
367  82  
368  82  
348  90  
348  91  
348  92  
348  93  
348  94  
348  95  
347  96  
347  97  
347  98  
347  99  
347  100  
347  101  
346  102  
346  103  
346  104  
346  105  
346  106  
346  107  
346  108  
346  109  
346  110  
104  99  
105  99  
106  99  
107  99  
108  99  
109  99  
110  99  
111  99  
112  99  
113  99  
114  99  
115  100  
116  100  
117  100  
118  100  
119  100  
120  100  
121  100  
122  100  
123  100  
124  100  
336  101  
336  102  
336  103  
336  104  
336  105  
336  106  
336  107  
336  108  
336  109  
335  110  
335  111  
335  112  
335  113  
335  114  
335  115  
335  116  
335  117  
334  118  
334  119  
334  120  
92  102  
93  102  
94  102  
95  102  
96  102  
97  102  
98  102  
99  102  
100  102  
101  102  
102  102  
103  102  
104  102  
105  102  
106  103  
107  103  
108  103  
109  103  
110  103  
111  103  
112  103  
113  103  
114  103  
365  115  
366  115  
367  115  
368  115  
369  115  
370  115  
371  115  
372  115  
373  115  
374  115  
352  116  
353  116  
354  116  
355  116  
356  116  
357  116  
358  116  
359  116  
360  116  
361  116  
362  116  
363  116  
364  116  
163  117  
163  118  
163  119  
163  120  
163  121  
163  122  
163  123  
164  124  
164  125  
164  126  
164  127  
164  128  
164  129  
164  130  
164  131  
164  132  
164  133  
164  134  
164  135  
165  136  
165  137  
165  138  
165  139  
165  140  
165  141  
249  134  
249  135  
249  136  
249  137  
249  138  
249  139  
249  140  
249  141  
249  142  
249  143  
249  144  
249  145  
249  146  
249  147  
249  148  
249  149  
249  150  
249  151  
249  152  
249  153  
249  154  
249  155  
249  156  
249  157  
249  158  
249  159  
249  160  
406  137  
392  138  
393  138  
394  138  
395  138  
396  138  
397  138  
398  138  
399  138  
400  138  
401  138  
402  138  
403  138  
404  138  
405  138  
378  139  
379  139  
380  139  
381  139  
382  139  
383  139  
384  139  
385  139  
386  139  
387  139  
388  139  
389  139  
390  139  
391  139  
363  140  
364  140  
365  140  
366  140  
367  140  
368  140  
369  140  
370  140  
371  140  
372  140  
373  140  
374  140  
375  140  
376  140  
377  140  
349  141  
350  141  
351  141  
352  141  
353  141  
354  141  
355  141  
356  141  
357  141  
358  141  
359  141  
360  141  
361  141  
362  141  
333  142  
334  142  
335  142  
336  142  
337  142  
338  142  
339  142  
340  142  
341  142  
342  142  
343  142  
344  142  
345  142  
346  142  
347  142  
348  142  
319  143  
320  143  
321  143  
322  143  
323  143  
324  143  
325  143  
326  143  
327  143  
328  143  
329  143  
330  143  
331  143  
332  143  
316  144  
317  144  
318  144  
393  159  
394  159  
395  159  
396  159  
397  159  
398  159  
399  159  
400  159  
401  159  
381  160  
382  160  
383  160  
384  160  
385  160  
386  160  
387  160  
388  160  
389  160  
390  160  
391  160  
392  160  
365  161  
366  161  
367  161  
368  161  
369  161  
370  161  
371  161  
372  161  
373  161  
374  161  
375  161  
376  161  
377  161  
378  161  
379  161  
380  161  
351  162  
352  162  
353  162  
354  162  
355  162  
356  162  
357  162  
358  162  
359  162  
360  162  
361  162  
362  162  
363  162  
364  162  
337  163  
338  163  
339  163  
340  163  
341  163  
342  163  
343  163  
344  163  
345  163  
346  163  
347  163  
348  163  
349  163  
350  163  
323  164  
324  164  
325  164  
326  164  
327  164  
328  164  
329  164  
330  164  
331  164  
332  164  
333  164  
334  164  
335  164  
336  164  
313  165  
314  165  
315  165  
316  165  
317  165  
318  165  
319  165  
320  165  
321  165  
322  165  
386  166  
387  166  
388  166  
389  166  
390  166  
391  166  
392  166  
393  166  
394  166  
395  166  
371  167  
372  167  
373  167  
374  167  
375  167  
376  167  
377  167  
378  167  
379  167  
380  167  
381  167  
382  167  
383  167  
384  167  
385  167  
369  168  
370  168  
407  166  
407  167  
407  168  
406  169  
406  170  
406  171  
406  172  
406  173  
405  174  
405  175  
405  176  
405  177  
405  178  
405  179  
404  180  
404  181  
404  182  
404  183  
403  184  
403  185  
403  186  
402  187  
402  188  
402  189  
401  190  
401  191  
401  192  
401  193  
400  194  
400  195  
400  196  
400  197  
399  198  
399  199  
399  200  
399  201  
398  202  
398  203  
398  204  
398  205  
397  206  
397  207  
397  208  
397  209  
396  210  
396  211  
396  212  
396  213  
395  214  
395  215  
395  216  
395  217  
394  218  
394  219  
305  173  
305  174  
305  175  
305  176  
305  177  
304  178  
304  179  
304  180  
304  181  
304  182  
304  183  
304  184  
304  185  
304  186  
304  187  
303  188  
303  189  
303  190  
303  191  
303  192  
303  193  
303  194  
303  195  
303  196  
303  197  
302  198  
302  199  
302  200  
302  201  
302  202  
302  203  
302  204  
302  205  
302  206  
302  207  
302  208  
302  209  
301  210  
301  211  
301  212  
301  213  
301  214  
301  215  
301  216  
301  217  
301  218  
399  173  
399  174  
399  175  
398  176  
398  177  
398  178  
398  179  
398  180  
397  181  
397  182  
397  183  
397  184  
396  185  
396  186  
396  187  
396  188  
395  189  
395  190  
395  191  
395  192  
395  193  
394  194  
394  195  
394  196  
394  197  
393  198  
393  199  
393  200  
393  201  
393  202  
392  203  
392  204  
392  205  
392  206  
391  207  
391  208  
391  209  
391  210  
391  211  
390  212  
390  213  
390  214  
267  180  
267  181  
267  182  
267  183  
267  184  
267  185  
267  186  
267  187  
267  188  
267  189  
266  190  
266  191  
266  192  
267  193  
267  194  
267  195  
266  196  
266  197  
266  198  
266  199  
382  181  
382  182  
382  183  
382  184  
382  185  
381  186  
381  187  
381  188  
381  189  
380  190  
380  191  
380  192  
380  193  
380  194  
379  195  
379  196  
379  197  
379  198  
379  199  
378  200  
378  201  
378  202  
378  203  
378  204  
377  205  
377  206  
377  207  
377  208  
376  209  
376  210  
359  184  
360  184  
361  184  
362  184  
363  184  
364  184  
365  184  
366  184  
347  185  
348  185  
349  185  
350  185  
351  185  
352  185  
353  185  
354  185  
355  185  
356  185  
357  185  
358  185  
341  186  
342  186  
343  186  
344  186  
345  186  
346  186  
326  185  
326  186  
326  187  
326  188  
326  189  
326  190  
326  191  
325  192  
325  193  
325  194  
325  195  
325  196  
325  197  
325  198  
324  199  
324  200  
324  201  
324  202  
324  203  
324  204  
324  205  
324  206  
323  207  
323  208  
323  209  
323  210  
323  211  
323  212  
323  213  
251  193  
251  194  
251  195  
251  196  
251  197  
251  198  
251  199  
251  200  
251  201  
251  202  
251  203  
251  204  
251  205  
251  206  
251  207  
251  208  
251  209  
251  210  
251  211  
251  212  
251  213  
341  211  
342  211  
343  211  
344  211  
345  211  
346  211  
347  211  
348  211  
349  211  
350  211  
351  211  
352  211  
353  211  
354  211  
355  211  
356  211  
357  211  
358  211  
359  211  
340  212  
367  217  
368  217  
353  218  
354  218  
355  218  
356  218  
357  218  
358  218  
359  218  
360  218  
361  218  
362  218  
363  218  
364  218  
365  218  
366  218  
342  219  
343  219  
344  219  
345  219  
346  219  
347  219  
348  219  
349  219  
350  219  
351  219  
352  219  
329  220  
330  220  
331  220  
332  220  
333  220  
334  220  
335  220  
336  220  
337  220  
338  220  
339  220  
340  220  
341  220  
383  227  
384  227  
385  227  
386  227  
371  228  
372  228  
373  228  
374  228  
375  228  
376  228  
377  228  
378  228  
379  228  
380  228  
381  228  
382  228  
367  229  
368  229  
369  229  
370  229  
402  256  
402  257  
402  258  
402  259  
403  260  
403  261  
403  262  
403  263  
403  264  
403  265  
403  266  
403  267  
403  268  
403  269  
403  270  
403  271  
403  272  
403  273  
403  274  
403  275  
403  276  
403  277  
404  278  
404  279  
368  315  
369  316  
370  317  
370  318  
371  319  
372  320  
373  321  
373  322  
374  323  
375  324  
375  325  
376  326  
377  327  
378  328  
378  329  
379  330  
380  331  
380  332  
381  333  
382  334  
357  317  
358  318  
358  319  
359  320  
360  321  
360  322  
361  323  
362  324  
363  325  
363  326  
364  327  
365  328  
365  329  
366  330  
367  331  
367  332  
368  333  
369  334  
369  335  
370  336  
371  337  
371  338  
372  339  
373  340  
373  341  
374  342  
375  343  
375  344  
376  345  
377  346  
377  347  
378  348  
379  349  
437  317  
437  318  
437  319  
436  320  
436  321  
436  322  
435  323  
435  324  
435  325  
434  326  
434  327  
434  328  
434  329  
433  330  
433  331  
433  332  
432  333  
432  334  
432  335  
431  336  
431  337  
431  338  
431  339  
431  340  
431  341  
430  342  
430  343  
212  326  
213  326  
214  326  
215  326  
216  326  
217  326  
205  327  
206  327  
207  327  
208  327  
209  327  
210  327  
211  327  
198  328  
199  328  
200  328  
201  328  
202  328  
203  328  
204  328  
188  338  
189  338  
185  339  
186  339  
187  339  
181  340  
182  340  
183  340  
184  340  
177  341  
178  341  
179  341  
180  341  
174  342  
175  342  
176  342  
171  343  
172  343  
173  343  
166  344  
167  344  
168  344  
169  344  
170  344  
272  345  
273  345  
274  345  
275  345  
261  346  
262  346  
263  346  
264  346  
265  346  
266  346  
267  346  
268  346  
269  346  
270  346  
271  346  
252  347  
253  347  
254  347  
255  347  
256  347  
257  347  
258  347  
259  347  
260  347  
241  348  
242  348  
243  348  
244  348  
245  348  
246  348  
247  348  
248  348  
249  348  
250  348  
251  348  
233  349  
234  349  
235  349  
236  349  
237  349  
238  349  
239  349  
240  349  
224  350  
225  350  
226  350  
227  350  
228  350  
229  350  
230  350  
231  350  
232  350  
215  351  
216  351  
217  351  
218  351  
219  351  
220  351  
221  351  
222  351  
223  351  
205  352  
206  352  
207  352  
208  352  
209  352  
210  352  
211  352  
212  352  
213  352  
214  352  
201  353  
202  353  
203  353  
204  353  
272  349  
273  349  
274  349  
275  349  
276  349  
277  349  
278  349  
279  349  
280  349  
263  350  
264  350  
265  350  
266  350  
267  350  
268  350  
269  350  
270  350  
271  350  
254  351  
255  351  
256  351  
257  351  
258  351  
259  351  
260  351  
261  351  
262  351  
243  352  
244  352  
245  352  
246  352  
247  352  
248  352  
249  352  
250  352  
251  352  
252  352  
253  352  
235  353  
236  353  
237  353  
238  353  
239  353  
240  353  
241  353  
242  353  
226  354  
227  354  
228  354  
229  354  
230  354  
231  354  
232  354  
233  354  
234  354  
219  355  
220  355  
221  355  
222  355  
223  355  
224  355  
225  355  
212  356  
213  356  
214  356  
215  356  
216  356  
217  356  
218  356  
207  357  
208  357  
209  357  
210  357  
211  357  
176  355  
177  355  
178  355  
179  355  
180  355  
181  355  
169  356  
170  356  
171  356  
172  356  
173  356  
174  356  
175  356  
157  357  
158  357  
159  357  
160  357  
161  357  
162  357  
163  357  
164  357  
165  357  
166  357  
167  357  
168  357  
381  358  
381  359  
381  360  
381  361  
381  362  
380  363  
380  364  
380  365  
380  366  
380  367  
379  368  
379  369  
379  370  
379  371  
379  372  
379  373  
378  374  
378  375  
378  376  
378  377  
378  378  
173  360  
174  360  
175  360  
176  360  
177  360  
178  360  
179  360  
180  360  
165  361  
166  361  
167  361  
168  361  
169  361  
170  361  
171  361  
172  361  
155  362  
156  362  
157  362  
158  362  
159  362  
160  362  
161  362  
162  362  
163  362  
164  362  
154  363  
277  364  
278  364  
279  364  
280  364  
281  364  
282  364  
283  364  
284  364  
270  365  
271  365  
272  365  
273  365  
274  365  
275  365  
276  365  
262  366  
263  366  
264  366  
265  366  
266  366  
267  366  
268  366  
269  366  
254  367  
255  367  
256  367  
257  367  
258  367  
259  367  
260  367  
261  367  
246  368  
247  368  
248  368  
249  368  
250  368  
251  368  
252  368  
253  368  
237  369  
238  369  
239  369  
240  369  
241  369  
242  369  
243  369  
244  369  
245  369  
229  370  
230  370  
231  370  
232  370  
233  370  
234  370  
235  370  
236  370  
220  371  
221  371  
222  371  
223  371  
224  371  
225  371  
226  371  
227  371  
228  371  
212  372  
213  372  
214  372  
215  372  
216  372  
217  372  
218  372  
219  372  
204  373  
205  373  
206  373  
207  373  
208  373  
209  373  
210  373  
211  373  
196  374  
197  374  
198  374  
199  374  
200  374  
201  374  
202  374  
203  374  
189  375  
190  375  
191  375  
192  375  
193  375  
194  375  
195  375  
181  376  
182  376  
183  376  
184  376  
185  376  
186  376  
187  376  
188  376  
173  377  
174  377  
175  377  
176  377  
177  377  
178  377  
179  377  
180  377  
165  378  
166  378  
167  378  
168  378  
169  378  
170  378  
171  378  
172  378  
157  379  
158  379  
159  379  
160  379  
161  379  
162  379  
163  379  
164  379  
149  380  
150  380  
151  380  
152  380  
153  380  
154  380  
155  380  
156  380  
143  381  
144  381  
145  381  
146  381  
147  381  
148  381  
138  382  
139  382  
140  382  
141  382  
142  382  
316  380  
317  380  
318  380  
319  380  
320  380  
310  381  
311  381  
312  381  
313  381  
314  381  
315  381  
301  382  
302  382  
303  382  
304  382  
305  382  
306  382  
307  382  
308  382  
309  382  
296  383  
297  383  
298  383  
299  383  
300  383  
279  381  
279  382  
279  383  
278  384  
278  385  
278  386  
278  387  
278  388  
278  389  
278  390  
278  391  
278  392  
278  393  
278  394  
278  395  
278  396  
278  397  
278  398  
278  399  
278  400  
278  401  
278  402  
278  403  
278  404  
278  405  
278  406  
278  407  
278  408  
278  409  
278  410  
278  411  
278  412  
278  413  
278  414  
278  415  
277  416  
277  417  
277  418  
277  419  
277  420  
277  421  
277  422  
277  423  
277  424  
277  425  
277  426  
277  427  
277  428  
277  429  
277  430  
277  431  
277  432  
277  433  
277  434  
277  435  
277  436  
277  437  
277  438  
277  439  
277  440  
277  441  
277  442  
277  443  
277  444  
277  445  
277  446  
277  447  
277  448  
276  449  
276  450  
276  451  
276  452  
276  453  
276  454  
276  455  
276  456  
276  457  
276  458  
276  459  
276  460  
276  461  
276  462  
275  463  
275  464  
275  465  
275  466  
275  467  
275  468  
275  469  
275  470  
275  471  
275  472  
275  473  
275  474  
284  382  
284  383  
284  384  
284  385  
284  386  
283  387  
283  388  
283  389  
283  390  
283  391  
283  392  
283  393  
283  394  
283  395  
283  396  
283  397  
283  398  
283  399  
283  400  
283  401  
283  402  
283  403  
283  404  
283  405  
283  406  
283  407  
283  408  
283  409  
283  410  
283  411  
282  412  
282  413  
282  414  
282  415  
282  416  
282  417  
282  418  
282  419  
282  420  
282  421  
282  422  
282  423  
282  424  
282  425  
282  426  
282  427  
282  428  
282  429  
282  430  
282  431  
282  432  
282  433  
282  434  
282  435  
282  436  
282  437  
281  438  
281  439  
281  440  
281  441  
281  442  
281  443  
281  444  
281  445  
281  446  
281  447  
281  448  
281  449  
281  450  
281  451  
281  452  
281  453  
281  454  
281  455  
280  456  
280  457  
280  458  
280  459  
280  460  
280  461  
280  462  
130  383  
131  383  
132  383  
133  383  
134  383  
135  383  
136  383  
122  384  
123  384  
124  384  
125  384  
126  384  
127  384  
128  384  
129  384  
114  385  
115  385  
116  385  
117  385  
118  385  
119  385  
120  385  
121  385  
106  386  
107  386  
108  386  
109  386  
110  386  
111  386  
112  386  
113  386  
97  387  
98  387  
99  387  
100  387  
101  387  
102  387  
103  387  
104  387  
105  387  
91  388  
92  388  
93  388  
94  388  
95  388  
96  388  
80  389  
81  389  
82  389  
83  389  
84  389  
85  389  
86  389  
87  389  
88  389  
89  389  
90  389  
78  390  
79  390  
263  383  
253  384  
254  384  
255  384  
256  384  
257  384  
258  384  
259  384  
260  384  
261  384  
262  384  
246  385  
247  385  
248  385  
249  385  
250  385  
251  385  
252  385  
236  386  
237  386  
238  386  
239  386  
240  386  
241  386  
242  386  
243  386  
244  386  
245  386  
227  387  
228  387  
229  387  
230  387  
231  387  
232  387  
233  387  
234  387  
235  387  
219  388  
220  388  
221  388  
222  388  
223  388  
224  388  
225  388  
226  388  
210  389  
211  389  
212  389  
213  389  
214  389  
215  389  
216  389  
217  389  
218  389  
203  390  
204  390  
205  390  
206  390  
207  390  
208  390  
209  390  
197  391  
198  391  
199  391  
200  391  
201  391  
202  391  
190  392  
191  392  
192  392  
193  392  
194  392  
195  392  
196  392  
181  393  
182  393  
183  393  
184  393  
185  393  
186  393  
187  393  
188  393  
189  393  
172  394  
173  394  
174  394  
175  394  
176  394  
177  394  
178  394  
179  394  
180  394  
160  395  
161  395  
162  395  
163  395  
164  395  
165  395  
166  395  
167  395  
168  395  
169  395  
170  395  
171  395  
417  386  
417  387  
417  388  
416  389  
416  390  
416  391  
415  392  
415  393  
415  394  
415  395  
414  396  
414  397  
414  398  
414  399  
413  400  
413  401  
413  402  
412  403  
412  404  
412  405  
412  406  
411  407  
411  408  
411  409  
411  410  
410  411  
410  412  
410  413  
410  414  
409  415  
409  416  
409  417  
408  418  
408  419  
408  420  
408  421  
408  422  
407  423  
407  424  
407  425  
406  426  
406  427  
406  428  
406  429  
405  430  
405  431  
405  432  
404  433  
404  434  
404  435  
403  436  
403  437  
403  438  
403  439  
402  440  
402  441  
402  442  
402  443  
402  444  
401  445  
401  446  
400  447  
400  448  
400  449  
400  450  
399  451  
399  452  
399  453  
398  454  
398  455  
398  456  
397  457  
397  458  
397  459  
396  460  
396  461  
396  462  
396  463  
271  390  
271  391  
271  392  
271  393  
271  394  
271  395  
271  396  
271  397  
271  398  
271  399  
271  400  
271  401  
271  402  
271  403  
271  404  
271  405  
271  406  
271  407  
271  408  
271  409  
271  410  
271  411  
271  412  
271  413  
271  414  
271  415  
271  416  
271  417  
271  418  
270  419  
270  420  
270  421  
270  422  
270  423  
270  424  
270  425  
270  426  
270  427  
270  428  
270  429  
270  430  
270  431  
270  432  
270  433  
270  434  
270  435  
270  436  
270  437  
289  391  
289  392  
289  393  
289  394  
289  395  
289  396  
289  397  
289  398  
289  399  
289  400  
289  401  
288  402  
288  403  
288  404  
288  405  
288  406  
288  407  
288  408  
288  409  
288  410  
288  411  
288  412  
288  413  
288  414  
288  415  
288  416  
288  417  
288  418  
288  419  
288  420  
288  421  
288  422  
288  423  
288  424  
287  425  
287  426  
287  427  
287  428  
287  429  
287  430  
287  431  
287  432  
287  433  
287  434  
287  435  
287  436  
287  437  
287  438  
287  439  
287  440  
287  441  
286  442  
286  443  
286  444  
286  445  
286  446  
286  447  
286  448  
286  449  
286  450  
286  451  
286  452  
286  453  
286  454  
286  455  
286  456  
286  457  
286  458  
286  459  
286  460  
286  461  
286  462  
286  463  
286  464  
286  465  
285  466  
285  467  
285  468  
285  469  
285  470  
285  471  
285  472  
285  473  
285  474  
285  475  
285  476  
285  477  
285  478  
285  479  
285  480  
285  481  
285  482  
285  483  
284  484  
284  485  
284  486  
284  487  
284  488  
284  489  
284  490  
284  491  
284  492  
284  493  
284  494  
284  495  
284  496  
284  497  
284  498  
284  499  
284  500  
284  501  
284  502  
284  503  
284  504  
284  505  
284  506  
284  507  
284  508  
284  509  
284  510  
284  511  
284  512  
284  513  
283  514  
283  515  
283  516  
283  517  
283  518  
283  519  
283  520  
283  521  
283  522  
283  523  
283  524  
283  525  
283  526  
283  527  
283  528  
282  529  
282  530  
282  531  
282  532  
282  533  
282  534  
282  535  
282  536  
282  537  
281  538  
281  539  
281  540  
281  541  
147  397  
148  397  
149  397  
150  397  
151  397  
152  397  
139  398  
140  398  
141  398  
142  398  
143  398  
144  398  
145  398  
146  398  
132  399  
133  399  
134  399  
135  399  
136  399  
137  399  
138  399  
123  400  
124  400  
125  400  
126  400  
127  400  
128  400  
129  400  
130  400  
131  400  
115  401  
116  401  
117  401  
118  401  
119  401  
120  401  
121  401  
122  401  
111  402  
112  402  
113  402  
114  402  
89  400  
89  401  
89  402  
90  403  
90  404  
90  405  
90  406  
91  407  
91  408  
91  409  
91  410  
91  411  
92  412  
92  413  
92  414  
92  415  
93  416  
93  417  
93  418  
93  419  
94  420  
94  421  
94  422  
94  423  
94  424  
95  425  
95  426  
95  427  
95  428  
96  429  
96  430  
96  431  
96  432  
97  433  
97  434  
97  435  
97  436  
98  437  
98  438  
98  439  
98  440  
99  441  
99  442  
99  443  
99  444  
100  445  
100  446  
100  447  
100  448  
105  410  
105  411  
105  412  
105  413  
106  414  
106  415  
106  416  
106  417  
106  418  
107  419  
107  420  
107  421  
107  422  
107  423  
108  424  
108  425  
108  426  
109  427  
109  428  
109  429  
109  430  
109  431  
110  432  
110  433  
110  434  
110  435  
110  436  
111  437  
111  438  
111  439  
111  440  
270  440  
270  441  
270  442  
270  443  
270  444  
270  445  
270  446  
270  447  
270  448  
270  449  
270  450  
270  451  
270  452  
270  453  
270  454  
270  455  
270  456  
270  457  
270  458  
270  459  
270  460  
270  461  
270  462  
270  463  
270  464  
270  465  
270  466  
270  467  
270  468  
270  469  
270  470  
270  471  
270  472  
270  473  
270  474  
270  475  
270  476  
270  477  
270  478  
269  479  
269  480  
269  481  
269  482  
269  483  
269  484  
269  485  
269  486  
269  487  
269  488  
269  489  
269  490  
269  491  
269  492  
269  493  
269  494  
269  495  
269  496  
269  497  
269  498  
269  499  
269  500  
269  501  
269  502  
269  503  
269  504  
269  505  
269  506  
268  507  
268  508  
268  509  
268  510  
268  511  
268  512  
268  513  
268  514  
268  515  
268  516  
268  517  
268  518  
268  519  
268  520  
268  521  
268  522  
268  523  
268  524  
268  525  
267  526  
267  527  
267  528  
267  529  
267  530  
267  531  
267  532  
267  533  
376  454  
376  455  
376  456  
376  457  
376  458  
375  459  
375  460  
375  461  
375  462  
375  463  
374  464  
374  465  
374  466  
374  467  
374  468  
373  469  
373  470  
373  471  
373  472  
373  473  
372  474  
372  475  
372  476  
372  477  
372  478  
372  479  
371  480  
371  481  
371  482  
371  483  
371  484  
371  485  
370  486  
370  487  
370  488  
370  489  
369  490  
369  491  
369  492  
369  493  
369  494  
118  473  
118  474  
118  475  
119  476  
119  477  
119  478  
119  479  
119  480  
120  481  
120  482  
120  483  
120  484  
120  485  
120  486  
121  487  
121  488  
121  489  
121  490  
121  491  
122  492  
122  493  
122  494  
122  495  
122  496  
123  497  
123  498  
123  499  
123  500  
123  501  
124  502  
124  503  
124  504  
124  505  
125  506  
125  507  
125  508  
125  509  
125  510  
126  511  
126  512  
126  513  
126  514  
126  515  
126  516  
127  517  
127  518  
127  519  
127  520  
128  521  
128  522  
128  523  
128  524  
129  525  
129  526  
129  527  
129  528  
130  529  
130  530  
130  531  
130  532  
130  533  
131  534  
131  535  
131  536  
131  537  
132  538  
132  539  
132  540  
132  541  
132  542  
133  543  
133  544  
133  545  
133  546  
133  547  
134  548  
134  549  
134  550  
134  551  
135  552  
135  553  
391  481  
391  482  
391  483  
391  484  
390  485  
390  486  
390  487  
389  488  
389  489  
389  490  
389  491  
389  492  
388  493  
388  494  
388  495  
388  496  
388  497  
387  498  
387  499  
387  500  
387  501  
386  502  
386  503  
386  504  
385  505  
385  506  
385  507  
385  508  
385  509  
385  510  
384  511  
384  512  
384  513  
384  514  
383  515  
383  516  
383  517  
382  518  
382  519  
382  520  
382  521  
381  522  
381  523  
381  524  
381  525  
380  526  
380  527  
380  528  
380  529  
379  530  
379  531  
379  532  
379  533  
378  534  
378  535  
378  536  
378  537  
378  538  
377  539  
377  540  
377  541  
377  542  
367  502  
367  503  
367  504  
366  505  
366  506  
366  507  
365  508  
365  509  
365  510  
365  511  
365  512  
365  513  
364  514  
364  515  
364  516  
364  517  
363  518  
363  519  
363  520  
363  521  
338  535  
338  536  
339  537  
339  538  
340  539  
340  540  
341  541  
341  542  
342  543  
342  544  
342  545  
343  546  
343  547  
343  548  
344  549  
344  550  
345  551  
345  552  
345  553  
346  554  
346  555  
252  542  
253  542  
254  542  
255  542  
256  542  
257  542  
245  543  
246  543  
247  543  
248  543  
249  543  
250  543  
251  543  
239  544  
240  544  
241  544  
242  544  
243  544  
244  544  
233  545  
234  545  
235  545  
236  545  
237  545  
238  545  
215  548  
216  548  
217  548  
218  548  
219  548  
220  548  
221  548  
222  548  
208  549  
209  549  
210  549  
211  549  
212  549  
213  549  
214  549  
202  550  
203  550  
204  550  
205  550  
206  550  
207  550  
264  550  
265  550  
266  550  
267  550  
268  550  
269  550  
257  551  
258  551  
259  551  
260  551  
261  551  
262  551  
263  551  
249  552  
250  552  
251  552  
252  552  
253  552  
254  552  
255  552  
256  552  
243  553  
244  553  
245  553  
246  553  
247  553  
248  553  
240  554  
241  554  
242  554  
242  563  
242  564  
243  565  
243  566  
243  567  
243  568  
244  569  
244  570  
244  571  
244  572  
245  573  
245  574  
245  575  
245  576  
246  577  
246  578  
246  579  
246  580  
246  581  
247  582  
247  583  
247  584  
248  585  
248  586  
248  587  
248  588  
248  589  
249  590  
249  591  
249  592  
153  577  
153  578  
153  579  
153  580  
153  581  
153  582  
153  583  
153  584  
153  585  
152  586  
153  587  
153  588  
153  589  
153  590  
153  591  
152  592  
152  593  
152  594  
153  595  
153  596  
154  597  
155  597  
