127  
232  170  30  34  22  24  38  22  41  38  40  33  280  44  279  31  35  32  39  34  38  38  29  26  33  36  225  29  25  43  23  39  36  26  41  126  29  30  30  46  33  26  31  23  26  21  23  23  25  222  38  45  23  21  35  44  39  45  35  38  46  43  88  21  47  105  277  27  29  230  26  36  81  28  251  40  56  33  37  37  224  23  21  35  31  25  26  28  28  77  85  29  25  26  71  39  31  210  26  26  25  148  144  27  20  151  58  58  106  27  77  40  20  62  103  41  137  40  37  52  90  25  35  35  48  23  24  
140  32  
141  32  
142  32  
143  32  
144  32  
145  32  
146  32  
147  32  
148  32  
149  32  
150  32  
151  32  
152  32  
153  32  
154  33  
155  33  
156  33  
157  33  
158  33  
159  33  
160  33  
161  33  
162  33  
163  33  
164  33  
165  33  
166  33  
167  33  
168  33  
169  33  
170  34  
171  34  
172  34  
173  34  
174  34  
175  34  
176  34  
177  34  
178  34  
179  34  
180  34  
181  34  
182  34  
183  34  
184  34  
185  35  
186  35  
187  35  
188  35  
189  35  
190  35  
191  35  
192  35  
193  35  
194  35  
195  35  
196  35  
197  35  
198  35  
199  35  
200  35  
201  36  
202  36  
203  36  
204  36  
205  36  
206  36  
207  36  
208  36  
209  36  
210  36  
211  36  
212  36  
213  36  
214  37  
215  37  
216  37  
217  37  
218  37  
219  37  
220  37  
221  37  
222  37  
223  37  
224  37  
225  37  
226  37  
227  37  
228  37  
229  38  
230  38  
231  38  
232  38  
233  38  
234  38  
235  38  
236  38  
237  38  
238  38  
239  38  
240  38  
241  38  
242  38  
243  38  
244  38  
245  39  
246  39  
247  39  
248  39  
249  39  
250  39  
251  39  
252  39  
253  39  
254  39  
255  39  
256  39  
257  39  
258  40  
259  40  
260  40  
261  40  
262  40  
263  40  
264  40  
265  40  
266  40  
267  40  
268  40  
269  40  
270  40  
271  40  
272  40  
273  41  
274  41  
275  41  
276  41  
277  41  
278  41  
279  41  
280  41  
281  41  
282  41  
283  41  
284  41  
285  41  
286  41  
287  41  
288  41  
289  41  
290  42  
291  42  
292  42  
293  42  
294  42  
295  42  
296  42  
297  42  
298  42  
299  42  
300  42  
301  42  
302  42  
303  42  
304  43  
305  43  
306  43  
307  43  
308  43  
309  43  
310  43  
311  43  
312  43  
313  43  
314  43  
315  43  
316  43  
317  43  
318  44  
319  44  
320  44  
321  44  
322  44  
323  44  
324  44  
325  44  
326  44  
327  44  
328  44  
329  44  
330  45  
331  45  
332  45  
333  45  
334  45  
335  45  
336  45  
337  45  
338  45  
339  45  
340  45  
341  45  
342  45  
343  45  
344  46  
345  46  
346  46  
347  46  
348  46  
349  46  
350  46  
351  46  
352  46  
353  46  
354  46  
355  46  
356  46  
357  46  
358  46  
359  47  
360  47  
361  47  
362  47  
363  47  
364  47  
365  47  
366  47  
367  47  
368  47  
369  47  
370  47  
371  47  
204  32  
205  32  
206  32  
207  32  
208  32  
209  32  
210  32  
211  32  
212  32  
213  32  
214  32  
215  32  
216  33  
217  33  
218  33  
219  33  
220  33  
221  33  
222  33  
223  33  
224  33  
225  33  
226  33  
227  33  
228  33  
229  33  
230  33  
231  33  
232  34  
233  34  
234  34  
235  34  
236  34  
237  34  
238  34  
239  34  
240  34  
241  34  
242  34  
243  34  
244  34  
245  34  
246  34  
247  35  
248  35  
249  35  
250  35  
251  35  
252  35  
253  35  
254  35  
255  35  
256  35  
257  35  
258  35  
259  36  
260  36  
261  36  
262  36  
263  36  
264  36  
265  36  
266  36  
267  36  
268  36  
269  36  
270  36  
271  36  
272  37  
273  37  
274  37  
275  37  
276  37  
277  37  
278  37  
279  37  
280  37  
281  37  
282  37  
283  37  
284  37  
285  37  
286  37  
287  37  
288  37  
289  37  
290  37  
291  38  
292  38  
293  38  
294  38  
295  38  
296  38  
297  38  
298  38  
299  38  
300  38  
301  38  
302  38  
303  38  
304  38  
305  39  
306  39  
307  39  
308  39  
309  39  
310  39  
311  39  
312  39  
313  39  
314  39  
315  39  
316  39  
317  39  
318  39  
319  40  
320  40  
321  40  
322  40  
323  40  
324  40  
325  40  
326  40  
327  40  
328  40  
329  40  
330  40  
331  41  
332  41  
333  41  
334  41  
335  41  
336  41  
337  41  
338  41  
339  41  
340  41  
341  41  
342  41  
343  41  
344  41  
345  42  
346  42  
347  42  
348  42  
349  42  
350  42  
351  42  
352  42  
353  42  
354  42  
355  42  
356  42  
357  42  
358  42  
359  42  
360  42  
361  43  
362  43  
363  43  
364  43  
365  43  
366  43  
367  43  
368  43  
369  43  
370  43  
371  43  
372  43  
373  44  
385  44  
386  45  
387  45  
388  45  
389  45  
390  45  
391  45  
392  45  
393  45  
394  45  
395  45  
396  45  
397  45  
398  46  
399  46  
400  46  
401  46  
402  46  
403  46  
404  46  
405  46  
406  46  
407  46  
408  46  
409  46  
410  46  
411  46  
412  47  
413  47  
414  47  
78  47  
78  48  
78  49  
78  50  
78  51  
78  52  
79  53  
79  54  
79  55  
79  56  
79  57  
79  58  
79  59  
79  60  
80  61  
80  62  
80  63  
80  64  
80  65  
80  66  
80  67  
80  68  
80  69  
81  70  
81  71  
81  72  
81  73  
81  74  
81  75  
82  76  
82  77  
82  78  
82  79  
82  80  
427  48  
428  48  
429  48  
430  48  
431  48  
432  48  
433  48  
434  48  
435  48  
436  49  
437  49  
438  49  
439  49  
440  49  
441  49  
442  49  
443  49  
444  49  
445  49  
446  49  
447  49  
448  49  
389  49  
390  49  
391  49  
392  49  
393  49  
394  49  
395  49  
396  49  
397  49  
398  49  
399  49  
400  49  
401  49  
402  50  
403  50  
404  50  
405  50  
406  50  
407  50  
408  50  
409  50  
410  50  
411  50  
412  50  
376  51  
376  52  
375  53  
375  54  
375  55  
375  56  
375  57  
375  58  
374  59  
374  60  
374  61  
374  62  
374  63  
373  64  
373  65  
373  66  
373  67  
373  68  
373  69  
372  70  
372  71  
372  72  
372  73  
372  74  
371  75  
371  76  
371  77  
371  78  
371  79  
370  80  
370  81  
370  82  
370  83  
370  84  
369  85  
369  86  
369  87  
369  88  
82  52  
82  53  
82  54  
82  55  
83  56  
83  57  
83  58  
83  59  
83  60  
83  61  
83  62  
83  63  
83  64  
84  65  
84  66  
84  67  
84  68  
84  69  
84  70  
84  71  
84  72  
85  73  
379  52  
379  53  
379  54  
379  55  
379  56  
379  57  
378  58  
378  59  
378  60  
378  61  
378  62  
378  63  
377  64  
377  65  
377  66  
377  67  
377  68  
376  69  
376  70  
376  71  
376  72  
376  73  
375  74  
375  75  
375  76  
375  77  
375  78  
374  79  
374  80  
374  81  
374  82  
374  83  
373  84  
373  85  
373  86  
373  87  
373  88  
372  89  
372  90  
372  91  
372  92  
382  55  
382  56  
382  57  
382  58  
382  59  
381  60  
381  61  
381  62  
381  63  
381  64  
381  65  
380  66  
380  67  
380  68  
380  69  
380  70  
379  71  
379  72  
379  73  
379  74  
379  75  
378  76  
378  77  
378  78  
378  79  
378  80  
377  81  
377  82  
377  83  
377  84  
377  85  
376  86  
376  87  
376  88  
376  89  
376  90  
375  91  
375  92  
414  55  
414  56  
414  57  
414  58  
413  59  
413  60  
413  61  
413  62  
413  63  
412  64  
412  65  
412  66  
412  67  
411  68  
411  69  
411  70  
411  71  
411  72  
410  73  
410  74  
410  75  
410  76  
410  77  
409  78  
409  79  
409  80  
409  81  
409  82  
408  83  
408  84  
408  85  
408  86  
407  87  
407  88  
407  89  
407  90  
406  91  
406  92  
406  93  
406  94  
420  58  
420  59  
420  60  
420  61  
419  62  
419  63  
419  64  
419  65  
419  66  
418  67  
418  68  
418  69  
418  70  
418  71  
417  72  
417  73  
417  74  
417  75  
416  76  
416  77  
416  78  
416  79  
415  80  
415  81  
415  82  
414  83  
414  84  
414  85  
414  86  
413  87  
413  88  
413  89  
413  90  
85  79  
86  79  
87  79  
88  79  
89  79  
90  79  
91  79  
92  79  
93  79  
94  79  
95  79  
96  79  
97  79  
98  79  
99  79  
100  80  
101  80  
102  80  
103  80  
104  80  
105  80  
106  80  
107  80  
108  80  
109  80  
110  80  
111  80  
112  80  
113  80  
114  80  
115  81  
116  81  
117  81  
118  81  
119  81  
120  81  
121  81  
122  81  
123  81  
124  81  
125  81  
126  81  
127  81  
128  81  
129  81  
130  81  
131  81  
132  82  
133  82  
134  82  
135  82  
136  82  
137  82  
138  82  
139  82  
140  82  
141  82  
142  82  
143  82  
144  82  
145  82  
146  82  
147  82  
148  82  
149  82  
150  83  
151  83  
152  83  
153  83  
154  83  
155  83  
156  83  
157  83  
158  83  
159  83  
160  83  
161  83  
162  83  
163  83  
164  83  
165  83  
166  83  
167  83  
168  84  
169  84  
170  84  
171  84  
172  84  
173  84  
174  84  
175  84  
176  84  
177  84  
178  84  
179  84  
180  84  
181  84  
182  84  
183  84  
184  84  
185  85  
186  85  
187  85  
188  85  
189  85  
190  85  
191  85  
192  85  
193  85  
194  85  
195  85  
196  85  
197  85  
198  85  
199  85  
200  85  
201  85  
202  85  
203  86  
204  86  
205  86  
206  86  
207  86  
208  86  
209  86  
210  86  
211  86  
212  86  
213  86  
214  86  
215  86  
216  86  
217  86  
218  86  
219  86  
220  86  
221  87  
222  87  
223  87  
224  87  
225  87  
226  87  
227  87  
228  87  
229  87  
230  87  
231  87  
232  87  
233  87  
234  87  
235  87  
236  87  
237  87  
238  87  
239  87  
240  88  
241  88  
242  88  
243  88  
244  88  
245  88  
246  88  
247  88  
248  88  
249  88  
250  88  
251  88  
252  88  
253  88  
254  88  
255  88  
256  88  
257  88  
258  89  
259  89  
260  89  
261  89  
262  89  
263  89  
264  89  
265  89  
266  89  
267  89  
268  89  
269  89  
270  89  
271  89  
272  89  
273  89  
274  89  
275  89  
276  89  
277  89  
278  90  
279  90  
280  90  
281  90  
282  90  
283  90  
284  90  
285  90  
286  90  
287  90  
288  90  
289  90  
290  90  
291  90  
292  90  
293  90  
294  91  
295  91  
296  91  
297  91  
298  91  
299  91  
300  91  
301  91  
302  91  
303  91  
304  91  
305  91  
306  91  
307  91  
308  91  
309  91  
310  91  
311  91  
312  91  
313  91  
314  91  
315  92  
316  92  
317  92  
318  92  
319  92  
320  92  
321  92  
322  92  
323  92  
324  92  
325  92  
326  92  
327  92  
328  92  
329  92  
330  92  
331  92  
332  92  
333  93  
334  93  
335  93  
336  93  
337  93  
338  93  
339  93  
340  93  
341  93  
342  93  
343  93  
344  93  
345  93  
346  93  
347  93  
348  93  
349  93  
350  94  
351  94  
352  94  
353  94  
354  94  
355  94  
356  94  
357  94  
358  94  
359  94  
360  94  
361  94  
362  94  
363  94  
364  94  
83  82  
83  83  
83  84  
83  85  
83  86  
83  87  
83  88  
83  89  
83  90  
83  91  
83  92  
84  93  
84  94  
84  95  
84  96  
84  97  
84  98  
84  99  
84  100  
84  101  
84  102  
84  103  
84  104  
85  105  
85  106  
85  107  
85  108  
85  109  
85  110  
85  111  
85  112  
86  113  
86  114  
86  115  
86  116  
86  117  
86  118  
86  119  
86  120  
87  121  
87  122  
87  123  
87  124  
87  125  
86  82  
87  83  
88  83  
89  83  
90  83  
91  83  
92  83  
93  83  
94  83  
95  83  
96  83  
97  83  
98  83  
99  83  
100  83  
101  84  
102  84  
103  84  
104  84  
105  84  
106  84  
107  84  
108  84  
109  84  
110  84  
111  84  
112  84  
113  84  
114  84  
115  84  
116  84  
117  85  
118  85  
119  85  
120  85  
121  85  
122  85  
123  85  
124  85  
125  85  
126  85  
127  85  
128  85  
129  85  
130  85  
131  85  
132  85  
133  85  
134  86  
135  86  
136  86  
137  86  
138  86  
139  86  
140  86  
141  86  
142  86  
143  86  
144  86  
145  86  
146  86  
147  86  
148  86  
149  87  
150  87  
151  87  
152  87  
153  87  
154  87  
155  87  
156  87  
157  87  
158  87  
159  87  
160  87  
161  87  
162  87  
163  87  
164  87  
165  87  
166  87  
167  87  
168  88  
169  88  
170  88  
171  88  
172  88  
173  88  
174  88  
175  88  
176  88  
177  88  
178  88  
179  88  
180  88  
181  88  
182  88  
183  88  
184  89  
185  89  
186  89  
187  89  
188  89  
189  89  
190  89  
191  89  
192  89  
193  89  
194  89  
195  89  
196  89  
197  89  
198  89  
199  89  
200  89  
201  90  
202  90  
203  90  
204  90  
205  90  
206  90  
207  90  
208  90  
209  90  
210  90  
211  90  
212  90  
213  90  
214  90  
215  90  
216  90  
217  90  
218  90  
219  91  
220  91  
221  91  
222  91  
223  91  
224  91  
225  91  
226  91  
227  91  
228  91  
229  91  
230  91  
231  91  
232  91  
233  91  
234  91  
235  91  
236  91  
237  91  
238  92  
239  92  
240  92  
241  92  
242  92  
243  92  
244  92  
245  92  
246  92  
247  92  
248  92  
249  92  
250  92  
251  92  
252  92  
253  92  
254  92  
255  92  
256  93  
257  93  
258  93  
259  93  
260  93  
261  93  
262  93  
263  93  
264  93  
265  93  
266  93  
267  93  
268  93  
269  93  
270  93  
271  93  
272  93  
273  94  
274  94  
275  94  
276  94  
277  94  
278  94  
279  94  
280  94  
281  94  
282  94  
283  94  
284  94  
285  94  
286  94  
287  94  
288  94  
289  94  
290  94  
291  95  
292  95  
293  95  
294  95  
295  95  
296  95  
297  95  
298  95  
299  95  
300  95  
301  95  
302  95  
303  95  
304  95  
305  95  
306  95  
307  95  
308  95  
309  95  
310  96  
311  96  
312  96  
313  96  
314  96  
315  96  
316  96  
317  96  
318  96  
319  96  
320  96  
321  96  
322  96  
323  96  
324  96  
325  96  
326  96  
327  97  
328  97  
329  97  
330  97  
331  97  
332  97  
333  97  
334  97  
335  97  
336  97  
337  97  
338  97  
339  97  
340  97  
341  97  
342  97  
343  97  
344  98  
345  98  
346  98  
347  98  
348  98  
349  98  
350  98  
351  98  
352  98  
353  98  
354  98  
355  98  
356  98  
357  98  
358  98  
359  98  
360  98  
361  98  
362  98  
363  98  
364  99  
375  95  
376  95  
377  95  
378  95  
379  95  
380  95  
381  95  
382  95  
383  95  
384  95  
385  95  
386  95  
387  95  
388  96  
389  96  
390  96  
391  96  
392  96  
393  96  
394  96  
395  96  
396  96  
397  96  
398  96  
399  96  
400  96  
401  96  
402  96  
403  96  
404  96  
405  96  
414  97  
415  97  
416  97  
417  97  
418  97  
419  97  
420  97  
421  97  
422  97  
423  97  
424  97  
425  97  
426  97  
427  98  
428  98  
429  98  
430  98  
431  98  
432  98  
433  98  
434  98  
435  98  
436  98  
437  98  
438  98  
439  98  
440  98  
441  98  
442  98  
443  99  
444  99  
445  99  
446  99  
447  99  
448  99  
374  99  
375  99  
376  99  
377  99  
378  99  
379  99  
380  99  
381  99  
382  99  
383  99  
384  99  
385  99  
386  100  
387  100  
388  100  
389  100  
390  100  
391  100  
392  100  
393  100  
394  100  
395  100  
396  100  
397  100  
398  100  
399  100  
400  100  
401  100  
402  100  
403  100  
404  101  
405  101  
374  101  
374  102  
374  103  
374  104  
374  105  
374  106  
374  107  
374  108  
373  109  
373  110  
373  111  
373  112  
373  113  
373  114  
372  115  
372  116  
372  117  
372  118  
372  119  
371  120  
371  121  
371  122  
371  123  
371  124  
371  125  
370  126  
370  127  
370  128  
370  129  
370  130  
369  131  
369  132  
369  133  
369  134  
368  135  
368  136  
368  137  
368  138  
368  139  
415  101  
416  101  
417  102  
418  102  
419  102  
420  102  
421  102  
422  102  
423  102  
424  102  
425  102  
426  102  
427  102  
428  102  
429  102  
430  102  
431  102  
432  102  
433  102  
434  102  
435  102  
436  103  
437  103  
438  103  
439  103  
440  103  
441  103  
442  103  
443  103  
444  103  
445  103  
446  103  
447  103  
448  103  
371  102  
371  103  
371  104  
371  105  
371  106  
370  107  
370  108  
370  109  
370  110  
370  111  
370  112  
369  113  
369  114  
369  115  
369  116  
369  117  
369  118  
368  119  
368  120  
368  121  
368  122  
368  123  
367  124  
367  125  
367  126  
367  127  
367  128  
367  129  
366  130  
366  131  
366  132  
366  133  
366  134  
365  135  
365  136  
365  137  
365  138  
365  139  
405  104  
405  105  
405  106  
405  107  
404  108  
404  109  
404  110  
404  111  
403  112  
403  113  
403  114  
403  115  
403  116  
402  117  
402  118  
402  119  
402  120  
401  121  
401  122  
401  123  
401  124  
401  125  
400  126  
400  127  
400  128  
400  129  
399  130  
399  131  
399  132  
399  133  
398  134  
398  135  
398  136  
398  137  
397  138  
397  139  
397  140  
397  141  
410  108  
410  109  
410  110  
410  111  
410  112  
409  113  
409  114  
409  115  
409  116  
409  117  
408  118  
408  119  
408  120  
408  121  
408  122  
407  123  
407  124  
407  125  
407  126  
406  127  
406  128  
406  129  
406  130  
405  131  
405  132  
405  133  
405  134  
404  135  
404  136  
366  110  
366  111  
366  112  
366  113  
366  114  
365  115  
365  116  
365  117  
365  118  
365  119  
365  120  
364  121  
364  122  
364  123  
364  124  
364  125  
363  126  
363  127  
363  128  
363  129  
363  130  
363  131  
362  132  
362  133  
362  134  
362  135  
126  116  
130  116  
131  116  
132  116  
133  116  
134  116  
135  116  
136  116  
137  116  
138  116  
139  116  
140  116  
141  116  
142  116  
143  116  
127  117  
128  117  
129  117  
144  117  
145  117  
146  117  
147  117  
148  117  
149  117  
150  117  
151  117  
152  117  
153  117  
154  117  
155  117  
156  117  
157  118  
158  118  
95  131  
96  131  
97  131  
98  131  
99  131  
100  131  
101  131  
102  131  
103  131  
104  131  
105  131  
106  131  
107  131  
108  131  
109  131  
110  131  
111  131  
112  131  
113  132  
114  132  
115  132  
116  132  
117  132  
118  132  
119  132  
120  132  
121  132  
122  132  
123  132  
124  132  
125  132  
126  132  
127  132  
128  132  
129  132  
130  132  
133  132  
134  132  
135  132  
136  132  
137  132  
138  132  
139  132  
140  132  
141  132  
142  132  
143  132  
144  132  
145  132  
146  132  
147  132  
148  132  
149  132  
150  132  
151  132  
152  132  
153  132  
154  132  
155  132  
156  132  
157  133  
158  133  
159  133  
160  133  
161  133  
162  133  
163  133  
164  133  
165  133  
166  133  
167  133  
168  133  
169  133  
170  133  
171  133  
172  133  
173  133  
174  133  
175  133  
176  133  
177  133  
178  133  
179  133  
180  134  
181  134  
182  134  
183  134  
184  134  
185  134  
186  134  
187  134  
188  134  
189  134  
190  134  
191  134  
192  134  
193  134  
194  134  
195  134  
196  134  
197  134  
198  134  
199  134  
200  134  
201  134  
202  134  
203  135  
204  135  
205  135  
206  135  
207  135  
208  135  
209  135  
210  135  
211  135  
212  135  
213  135  
214  135  
215  135  
216  135  
217  135  
218  135  
219  135  
220  135  
221  135  
222  135  
223  135  
224  135  
225  136  
226  136  
227  136  
228  136  
229  136  
230  136  
231  136  
232  136  
233  136  
234  136  
235  136  
236  136  
237  136  
238  136  
239  136  
240  136  
241  136  
242  136  
243  136  
244  136  
245  136  
246  136  
247  136  
248  136  
249  137  
250  137  
251  137  
252  137  
253  137  
254  137  
255  137  
256  137  
257  137  
258  137  
259  137  
260  137  
261  137  
262  137  
263  137  
264  137  
265  137  
266  137  
267  137  
268  137  
269  137  
270  137  
271  138  
272  138  
273  138  
274  138  
275  138  
276  138  
277  138  
278  138  
279  138  
280  138  
281  138  
282  138  
283  138  
284  138  
285  138  
286  138  
287  138  
288  138  
289  138  
290  138  
291  138  
292  138  
293  138  
294  138  
295  139  
296  139  
297  139  
298  139  
299  139  
300  139  
301  139  
302  139  
303  139  
304  139  
305  139  
306  139  
307  139  
308  139  
309  139  
310  139  
311  139  
312  139  
313  139  
314  140  
315  140  
316  140  
317  140  
318  140  
319  140  
320  140  
321  140  
322  140  
323  140  
324  140  
325  140  
326  140  
327  140  
328  140  
329  140  
330  140  
331  140  
332  140  
333  140  
334  140  
335  140  
336  140  
337  140  
338  141  
339  141  
340  141  
341  141  
342  141  
343  141  
344  141  
345  141  
346  141  
347  141  
348  141  
349  141  
350  141  
351  141  
352  141  
353  141  
354  141  
355  141  
356  141  
357  141  
368  142  
369  142  
370  142  
371  142  
372  142  
373  142  
374  142  
375  143  
376  143  
377  143  
378  143  
379  143  
380  143  
381  143  
382  143  
383  143  
384  143  
385  143  
386  143  
387  143  
388  143  
389  143  
390  143  
391  143  
392  143  
393  143  
394  143  
395  143  
396  143  
128  143  
128  144  
128  145  
128  146  
128  147  
128  148  
129  149  
129  150  
129  151  
129  152  
129  153  
129  154  
129  155  
129  156  
129  157  
129  158  
129  159  
129  160  
129  161  
129  162  
129  163  
129  164  
129  165  
130  166  
130  167  
406  143  
407  144  
408  144  
409  144  
410  144  
411  144  
412  144  
413  144  
414  144  
415  144  
416  144  
417  144  
418  144  
419  144  
420  144  
421  144  
422  144  
423  144  
424  144  
425  144  
426  144  
427  144  
428  144  
429  144  
430  144  
431  144  
432  145  
433  145  
434  145  
435  145  
436  145  
437  145  
438  145  
439  145  
440  145  
441  145  
442  145  
443  145  
444  145  
445  145  
446  145  
447  145  
448  145  
188  144  
189  144  
190  144  
191  144  
192  144  
193  144  
194  144  
195  144  
196  144  
197  144  
198  144  
199  144  
200  144  
201  144  
202  144  
203  144  
204  144  
205  144  
206  144  
207  144  
208  144  
209  145  
210  145  
306  144  
307  144  
308  144  
309  144  
310  144  
311  144  
312  144  
313  144  
314  144  
315  144  
316  144  
317  145  
318  145  
319  145  
320  145  
321  145  
322  145  
323  145  
324  145  
325  145  
326  145  
327  145  
328  145  
329  145  
330  145  
331  145  
332  145  
333  146  
334  146  
335  146  
336  146  
337  146  
338  146  
339  146  
340  146  
341  146  
342  146  
343  146  
344  146  
370  146  
371  146  
372  146  
373  147  
374  147  
375  147  
376  147  
377  147  
378  147  
379  147  
380  147  
381  147  
382  147  
383  147  
384  147  
385  147  
386  147  
387  147  
388  147  
389  147  
390  147  
391  147  
392  147  
393  147  
394  147  
395  147  
396  148  
397  148  
398  148  
399  148  
400  148  
401  148  
402  148  
403  148  
404  149  
404  150  
285  149  
286  149  
287  149  
288  149  
289  149  
290  149  
291  149  
292  150  
293  150  
294  150  
295  150  
296  150  
297  150  
298  150  
299  150  
300  150  
301  150  
302  150  
303  150  
304  150  
305  151  
306  151  
307  151  
308  151  
309  151  
310  151  
408  149  
409  149  
410  149  
411  149  
412  149  
413  149  
414  149  
415  149  
416  149  
417  149  
418  149  
419  149  
420  149  
421  149  
422  150  
423  150  
424  150  
425  150  
426  150  
427  150  
428  150  
429  150  
430  150  
431  150  
432  150  
433  150  
434  150  
435  150  
436  150  
437  150  
438  150  
439  150  
440  150  
441  150  
442  150  
443  150  
444  150  
445  150  
446  151  
447  151  
448  151  
230  160  
231  160  
232  160  
233  160  
234  160  
235  160  
236  160  
237  160  
238  160  
239  160  
240  160  
241  160  
242  160  
243  160  
244  160  
245  160  
246  160  
247  160  
248  160  
249  160  
250  161  
251  161  
252  161  
253  161  
254  161  
255  161  
256  161  
257  161  
258  161  
259  161  
260  161  
261  161  
262  161  
263  161  
264  161  
265  161  
266  161  
267  161  
268  162  
269  162  
270  162  
271  162  
272  162  
273  162  
274  162  
275  162  
276  162  
277  162  
278  162  
279  162  
280  162  
281  162  
282  162  
283  162  
284  163  
285  163  
286  163  
287  163  
288  163  
289  163  
290  163  
291  163  
292  163  
293  163  
294  163  
295  163  
296  163  
297  163  
298  163  
299  163  
300  163  
301  163  
302  163  
303  163  
304  163  
305  163  
306  163  
307  163  
308  164  
309  164  
310  164  
311  164  
312  164  
313  164  
314  164  
315  164  
316  164  
317  164  
318  164  
319  164  
320  164  
321  164  
322  164  
323  164  
324  165  
325  165  
326  165  
327  165  
328  165  
329  165  
330  165  
331  165  
332  165  
333  165  
334  165  
335  166  
336  166  
337  166  
338  166  
339  166  
340  166  
341  166  
342  166  
343  166  
344  166  
345  166  
346  166  
347  166  
348  166  
349  166  
350  166  
351  166  
352  166  
353  166  
354  166  
355  166  
328  160  
329  160  
330  160  
331  160  
332  160  
333  161  
334  161  
335  161  
336  161  
337  161  
338  161  
339  161  
340  161  
341  161  
342  161  
343  161  
344  161  
345  161  
346  161  
347  161  
348  161  
349  162  
350  162  
351  162  
352  162  
353  162  
354  162  
355  162  
356  162  
366  163  
367  163  
368  163  
369  163  
370  163  
371  163  
372  163  
373  163  
374  163  
375  163  
376  163  
377  163  
378  163  
379  163  
380  163  
381  163  
382  163  
383  164  
384  164  
385  164  
386  164  
387  164  
388  164  
389  164  
390  164  
391  164  
392  164  
393  164  
394  164  
395  164  
365  166  
366  167  
367  167  
368  167  
369  167  
370  167  
371  167  
372  167  
373  167  
374  167  
375  167  
376  167  
377  167  
378  167  
379  167  
380  167  
381  167  
382  167  
383  167  
384  167  
385  168  
386  168  
387  168  
388  168  
389  168  
390  168  
391  168  
392  168  
393  168  
394  168  
403  169  
404  169  
405  169  
406  169  
407  169  
408  169  
409  169  
410  169  
411  169  
412  169  
413  169  
414  170  
415  170  
416  170  
417  170  
418  170  
419  170  
420  170  
421  170  
422  170  
423  170  
424  170  
425  170  
426  170  
427  170  
428  170  
429  170  
430  170  
431  170  
432  170  
433  170  
434  170  
435  170  
436  171  
437  171  
438  171  
439  171  
440  171  
441  171  
442  171  
443  171  
444  171  
445  171  
446  171  
447  171  
448  171  
179  170  
180  170  
181  170  
182  170  
183  170  
184  170  
185  170  
186  170  
187  170  
188  170  
189  170  
190  170  
191  170  
192  170  
193  170  
194  170  
195  170  
196  170  
199  170  
197  171  
198  171  
200  171  
201  171  
202  171  
203  171  
204  171  
205  171  
206  172  
207  172  
208  172  
209  172  
210  172  
211  172  
328  178  
329  178  
330  178  
331  178  
332  178  
333  178  
334  178  
335  178  
336  178  
337  178  
338  179  
339  179  
340  179  
341  179  
342  179  
343  179  
344  179  
345  179  
346  179  
347  179  
348  179  
349  179  
350  179  
351  179  
352  179  
353  179  
365  180  
366  180  
367  180  
368  180  
369  181  
370  181  
371  181  
372  181  
373  181  
374  181  
375  181  
376  181  
377  181  
378  181  
379  181  
380  181  
381  181  
382  181  
383  181  
384  181  
385  181  
386  181  
387  181  
388  181  
389  181  
392  181  
393  181  
390  182  
391  182  
394  182  
395  182  
189  184  
190  184  
191  184  
192  184  
193  184  
194  184  
195  184  
196  184  
197  184  
198  184  
199  184  
200  184  
201  184  
202  184  
203  185  
204  185  
205  185  
206  185  
207  185  
208  185  
209  185  
210  185  
211  185  
326  192  
327  192  
328  192  
329  192  
330  192  
331  192  
332  193  
333  193  
334  193  
335  193  
336  193  
337  193  
338  193  
339  193  
340  193  
341  193  
342  193  
343  193  
344  193  
345  193  
346  194  
347  194  
348  194  
349  194  
350  194  
351  194  
358  216  
359  216  
360  216  
361  216  
362  216  
363  216  
364  216  
365  217  
366  217  
367  217  
368  217  
369  217  
370  217  
371  217  
372  217  
373  217  
374  217  
375  217  
376  217  
377  217  
378  217  
382  221  
382  222  
382  223  
382  224  
381  225  
381  226  
381  227  
380  228  
380  229  
380  230  
379  231  
379  232  
379  233  
379  234  
378  235  
378  236  
377  237  
377  238  
377  239  
377  240  
376  241  
376  242  
376  243  
32  224  
33  224  
34  224  
35  224  
36  224  
37  224  
38  224  
39  224  
40  224  
41  224  
42  225  
43  225  
44  225  
45  225  
46  225  
47  225  
48  225  
49  225  
50  225  
51  225  
52  225  
53  225  
54  225  
354  224  
354  225  
354  226  
354  227  
353  228  
353  229  
353  230  
352  231  
352  232  
352  233  
351  234  
351  235  
351  236  
351  237  
350  238  
350  239  
350  240  
350  241  
349  242  
349  243  
349  244  
349  245  
348  246  
348  247  
348  248  
69  279  
70  279  
71  279  
72  279  
73  279  
74  279  
75  279  
76  279  
77  279  
78  279  
79  279  
80  279  
81  279  
82  279  
83  279  
84  279  
85  279  
86  279  
87  279  
88  279  
89  279  
90  280  
91  280  
92  280  
93  280  
94  280  
95  280  
96  280  
97  280  
98  280  
99  280  
100  280  
101  280  
102  280  
103  280  
104  280  
105  280  
106  280  
107  280  
108  280  
109  280  
110  280  
111  280  
112  280  
113  280  
114  280  
115  280  
116  280  
117  280  
118  280  
119  280  
120  280  
121  280  
122  280  
123  280  
124  280  
125  280  
126  280  
127  280  
128  280  
129  280  
130  281  
131  281  
132  281  
133  281  
134  281  
135  281  
136  281  
137  281  
138  281  
139  281  
140  281  
141  281  
142  281  
143  281  
144  281  
145  281  
146  281  
147  281  
148  281  
149  281  
150  281  
151  281  
152  281  
153  281  
154  281  
155  281  
156  281  
157  281  
158  281  
159  281  
160  281  
161  281  
162  281  
163  281  
164  281  
165  281  
166  281  
167  281  
168  282  
169  282  
170  282  
171  282  
172  282  
173  282  
174  282  
175  282  
176  282  
177  282  
178  282  
179  282  
180  282  
181  282  
182  282  
183  282  
184  282  
185  282  
186  282  
187  282  
188  282  
189  282  
190  282  
191  282  
192  282  
193  282  
194  282  
195  282  
196  282  
197  282  
198  282  
199  282  
200  282  
201  282  
202  282  
203  282  
204  282  
205  283  
206  283  
207  283  
208  283  
209  283  
210  283  
211  283  
212  283  
213  283  
214  283  
215  283  
216  283  
217  283  
218  283  
219  283  
220  283  
221  283  
222  283  
223  283  
224  283  
225  283  
226  283  
227  283  
228  283  
229  283  
230  283  
231  283  
232  283  
233  283  
234  283  
235  283  
236  283  
237  283  
238  283  
239  283  
240  283  
241  283  
242  283  
243  284  
244  284  
245  284  
246  284  
247  284  
248  284  
249  284  
250  284  
251  284  
252  284  
253  284  
254  284  
255  284  
256  284  
257  284  
258  284  
259  284  
260  284  
261  284  
262  284  
263  284  
264  284  
265  284  
266  284  
267  284  
268  284  
269  284  
270  284  
271  284  
272  284  
273  284  
274  284  
275  284  
276  284  
277  284  
278  284  
279  284  
280  284  
281  284  
282  284  
283  284  
284  284  
285  284  
286  284  
287  284  
288  284  
289  284  
290  284  
296  284  
297  284  
298  284  
299  284  
300  284  
301  284  
302  284  
303  284  
304  284  
305  284  
306  284  
307  284  
308  285  
309  285  
310  285  
311  285  
312  285  
313  285  
314  285  
315  285  
316  285  
317  285  
318  285  
319  285  
320  285  
321  285  
322  285  
323  285  
324  285  
325  285  
326  285  
327  285  
328  285  
329  285  
330  285  
331  285  
332  285  
333  285  
371  286  
372  286  
373  286  
374  286  
375  286  
376  286  
377  286  
378  286  
379  286  
380  286  
381  286  
382  286  
383  286  
384  286  
385  286  
386  286  
387  286  
388  286  
389  286  
390  286  
391  286  
392  286  
393  286  
394  286  
395  286  
396  286  
397  286  
398  286  
399  286  
400  286  
401  286  
402  286  
403  286  
404  286  
405  286  
406  286  
407  286  
408  286  
409  286  
410  286  
411  286  
412  286  
413  286  
414  286  
415  286  
147  287  
148  287  
149  287  
150  287  
151  288  
152  288  
153  288  
154  288  
155  288  
156  288  
157  288  
158  288  
159  288  
160  288  
161  288  
162  288  
163  288  
164  288  
165  288  
166  288  
167  288  
168  288  
169  288  
179  289  
180  289  
181  289  
182  289  
183  289  
184  289  
185  289  
186  289  
187  289  
188  289  
189  289  
190  289  
191  289  
192  289  
193  289  
194  289  
195  289  
196  289  
197  289  
198  290  
199  290  
159  300  
160  301  
161  301  
162  301  
163  301  
164  301  
165  301  
166  301  
167  301  
168  301  
169  301  
170  301  
171  301  
172  301  
173  301  
174  301  
175  301  
176  301  
177  301  
178  301  
179  301  
180  301  
181  301  
182  301  
183  301  
184  301  
185  301  
186  301  
187  301  
188  301  
189  301  
190  301  
191  301  
192  301  
193  301  
238  303  
239  303  
240  303  
241  303  
242  303  
243  303  
244  303  
245  303  
246  303  
247  303  
248  303  
249  303  
250  303  
251  303  
252  303  
253  303  
254  303  
255  303  
256  303  
257  303  
258  303  
259  303  
260  303  
261  303  
262  303  
263  303  
264  303  
265  303  
266  303  
267  303  
268  303  
269  303  
270  303  
271  303  
272  303  
273  303  
274  303  
275  303  
276  303  
277  303  
278  303  
279  303  
280  303  
281  303  
288  303  
289  303  
290  303  
291  303  
292  303  
293  303  
294  303  
295  303  
296  304  
297  304  
298  304  
299  304  
300  304  
301  304  
302  304  
303  304  
304  304  
305  304  
306  304  
307  304  
308  304  
309  304  
310  304  
311  304  
312  304  
313  304  
314  304  
315  304  
316  304  
317  304  
318  304  
319  304  
320  304  
321  304  
322  304  
323  304  
324  304  
325  304  
326  304  
125  305  
126  305  
127  305  
128  305  
129  305  
130  305  
131  305  
132  305  
133  305  
134  305  
135  305  
136  305  
137  305  
138  305  
139  305  
140  305  
141  305  
142  305  
143  305  
144  305  
145  305  
146  305  
147  305  
148  305  
149  305  
150  305  
151  305  
152  305  
153  305  
154  305  
155  305  
156  305  
157  305  
158  305  
159  305  
160  305  
161  305  
162  305  
163  305  
164  305  
165  305  
166  305  
167  305  
168  305  
169  305  
181  306  
182  306  
183  306  
184  306  
185  306  
186  306  
187  306  
188  306  
189  306  
190  306  
191  306  
192  306  
193  306  
194  306  
195  306  
196  306  
197  306  
198  306  
199  306  
200  306  
201  306  
202  306  
203  306  
204  306  
205  306  
206  306  
207  306  
208  306  
209  306  
210  306  
211  306  
212  306  
213  306  
214  306  
215  306  
244  306  
245  306  
246  306  
247  306  
248  306  
249  306  
250  306  
251  306  
252  306  
253  306  
254  306  
255  306  
256  306  
257  306  
258  306  
259  306  
260  306  
261  306  
262  306  
263  306  
264  306  
265  306  
266  306  
267  306  
268  306  
269  306  
270  306  
271  306  
272  306  
273  307  
274  307  
275  307  
276  307  
277  307  
278  307  
279  307  
280  307  
281  307  
287  307  
288  307  
289  307  
290  307  
291  307  
292  307  
293  307  
294  307  
295  307  
296  307  
297  307  
298  307  
299  307  
300  307  
301  307  
302  307  
303  307  
304  307  
305  307  
306  307  
307  307  
308  307  
309  307  
310  307  
311  307  
312  307  
313  307  
314  307  
315  307  
316  307  
317  307  
318  307  
319  307  
320  307  
321  307  
322  307  
323  307  
324  307  
325  307  
326  307  
327  307  
328  307  
329  307  
330  307  
331  307  
332  307  
421  307  
421  308  
420  309  
420  310  
420  311  
420  312  
420  313  
420  314  
419  315  
419  316  
419  317  
419  318  
418  319  
418  320  
418  321  
418  322  
418  323  
417  324  
417  325  
417  326  
416  327  
416  328  
416  329  
416  330  
415  331  
415  332  
415  333  
414  334  
414  335  
414  336  
413  337  
413  338  
413  339  
413  340  
413  341  
412  342  
412  343  
412  344  
411  345  
411  346  
411  347  
410  348  
410  349  
235  327  
236  327  
237  327  
238  327  
239  327  
240  327  
241  327  
242  327  
243  327  
244  327  
245  327  
246  327  
247  327  
248  327  
249  327  
250  327  
251  327  
252  327  
253  327  
254  327  
255  327  
256  327  
257  327  
258  327  
259  327  
260  327  
261  327  
262  327  
263  327  
264  327  
265  327  
266  327  
267  327  
268  327  
269  327  
270  327  
271  328  
272  328  
273  328  
274  328  
275  328  
276  328  
277  328  
278  328  
279  328  
280  328  
281  328  
282  328  
283  328  
284  328  
285  328  
286  328  
287  328  
288  328  
289  328  
290  328  
291  328  
292  328  
293  328  
294  328  
295  328  
296  328  
297  328  
298  328  
299  328  
300  328  
301  328  
302  328  
303  328  
304  328  
305  328  
306  328  
307  328  
308  328  
309  328  
310  328  
311  328  
312  328  
313  328  
314  328  
315  328  
316  328  
317  328  
318  328  
319  328  
320  328  
321  329  
322  329  
102  329  
103  329  
104  329  
105  329  
106  329  
107  329  
108  329  
109  329  
110  329  
111  329  
112  329  
113  329  
114  329  
115  329  
116  329  
117  329  
118  329  
119  329  
99  330  
100  330  
101  330  
180  331  
181  331  
182  331  
183  331  
184  331  
185  331  
186  331  
187  331  
188  331  
189  331  
190  331  
191  331  
192  331  
193  331  
194  331  
195  331  
196  331  
197  331  
198  331  
199  331  
200  331  
201  331  
202  331  
203  331  
204  331  
205  331  
206  331  
207  331  
208  331  
209  331  
210  331  
211  331  
212  331  
213  331  
214  331  
215  331  
216  331  
217  331  
218  331  
219  331  
220  331  
221  331  
222  331  
223  331  
224  331  
225  331  
226  331  
236  331  
237  331  
238  331  
239  331  
240  331  
241  331  
242  331  
243  331  
244  331  
245  331  
246  331  
247  331  
248  331  
249  331  
250  331  
251  331  
252  331  
253  331  
254  331  
255  331  
256  331  
257  331  
258  331  
259  331  
260  331  
261  331  
262  331  
263  331  
264  331  
265  331  
266  331  
267  331  
268  331  
269  331  
270  331  
271  331  
272  331  
273  331  
274  331  
275  331  
276  331  
277  331  
278  331  
279  331  
280  331  
281  331  
282  331  
283  331  
284  331  
285  331  
286  331  
287  331  
288  331  
289  332  
290  332  
291  332  
292  332  
293  332  
294  332  
295  332  
296  332  
297  332  
298  332  
299  332  
300  332  
301  332  
302  332  
303  332  
304  332  
305  332  
306  332  
307  332  
308  332  
309  332  
310  332  
311  332  
312  332  
313  332  
314  332  
315  332  
316  332  
317  332  
318  332  
319  332  
320  332  
321  332  
322  332  
323  332  
324  332  
325  332  
326  332  
327  332  
328  332  
329  332  
330  332  
331  332  
332  332  
333  332  
334  332  
335  332  
336  332  
337  332  
338  332  
339  332  
340  332  
445  332  
445  333  
444  334  
444  335  
444  336  
443  337  
443  338  
443  339  
442  340  
442  341  
442  342  
441  343  
441  344  
441  345  
440  346  
440  347  
440  348  
439  349  
439  350  
439  351  
438  352  
438  353  
438  354  
437  355  
437  356  
437  357  
436  358  
436  359  
435  360  
435  361  
435  362  
434  363  
434  364  
434  365  
433  366  
433  367  
433  368  
432  369  
432  370  
432  371  
431  372  
431  373  
431  374  
430  375  
430  376  
430  377  
429  378  
429  379  
429  380  
428  381  
428  382  
427  383  
427  384  
427  385  
427  386  
426  387  
426  388  
425  389  
425  390  
425  391  
424  392  
424  393  
423  394  
423  395  
423  396  
422  397  
422  398  
422  399  
421  400  
421  401  
421  402  
420  403  
420  404  
420  405  
419  406  
419  407  
419  408  
418  409  
418  410  
418  411  
417  412  
417  413  
417  414  
416  415  
416  416  
415  417  
415  418  
415  419  
414  420  
414  421  
414  422  
413  423  
413  424  
413  425  
412  426  
412  427  
412  428  
411  429  
411  430  
411  431  
410  432  
410  433  
410  434  
409  435  
409  436  
409  437  
408  438  
408  439  
408  440  
407  441  
407  442  
407  443  
406  444  
406  445  
406  446  
405  447  
405  448  
404  449  
404  450  
404  451  
403  452  
403  453  
403  454  
402  455  
402  456  
402  457  
401  458  
401  459  
401  460  
400  461  
400  462  
400  463  
399  464  
399  465  
399  466  
398  467  
398  468  
398  469  
397  470  
397  471  
396  472  
396  473  
396  474  
395  475  
395  476  
395  477  
394  478  
394  479  
394  480  
393  481  
393  482  
393  483  
392  484  
392  485  
392  486  
391  487  
391  488  
390  489  
390  490  
390  491  
389  492  
389  493  
389  494  
388  495  
388  496  
388  497  
387  498  
387  499  
387  500  
386  501  
386  502  
386  503  
385  504  
385  505  
385  506  
384  507  
384  508  
384  509  
383  510  
383  511  
383  512  
382  513  
382  514  
381  515  
381  516  
381  517  
380  518  
380  519  
380  520  
379  521  
379  522  
379  523  
378  524  
378  525  
378  526  
377  527  
377  528  
377  529  
376  530  
376  531  
376  532  
375  533  
375  534  
375  535  
374  536  
374  537  
374  538  
373  539  
373  540  
373  541  
372  542  
372  543  
372  544  
371  545  
371  546  
371  547  
370  548  
370  549  
370  550  
369  551  
369  552  
369  553  
368  554  
368  555  
367  556  
367  557  
367  558  
366  559  
366  560  
366  561  
365  562  
365  563  
365  564  
364  565  
364  566  
364  567  
363  568  
363  569  
363  570  
362  571  
362  572  
362  573  
361  574  
361  575  
360  576  
360  577  
360  578  
359  579  
359  580  
359  581  
358  582  
358  583  
358  584  
357  585  
357  586  
357  587  
356  588  
356  589  
356  590  
355  591  
355  592  
355  593  
354  594  
354  595  
354  596  
353  597  
353  598  
353  599  
352  600  
352  601  
351  602  
351  603  
351  604  
350  605  
350  606  
350  607  
349  608  
342  333  
343  333  
344  333  
345  333  
346  333  
347  333  
348  333  
349  333  
350  333  
351  333  
352  333  
353  333  
354  333  
355  333  
356  333  
357  333  
358  333  
359  333  
360  333  
361  333  
362  333  
363  333  
364  333  
365  333  
366  333  
367  333  
368  333  
96  343  
97  343  
98  343  
99  343  
100  343  
101  343  
102  343  
103  343  
104  343  
105  343  
106  343  
107  343  
108  343  
109  343  
110  343  
111  343  
112  343  
113  343  
114  343  
115  343  
116  343  
117  343  
118  343  
119  343  
91  344  
92  344  
93  344  
94  344  
95  344  
232  344  
233  344  
234  344  
235  344  
236  344  
237  344  
238  344  
239  344  
240  344  
241  344  
242  344  
243  344  
244  344  
245  344  
246  344  
247  344  
248  344  
249  344  
250  344  
251  344  
252  344  
253  344  
254  344  
255  344  
256  344  
257  344  
258  344  
259  344  
260  344  
261  344  
262  344  
263  344  
264  344  
265  344  
266  344  
267  344  
268  344  
269  344  
270  344  
271  344  
272  344  
273  344  
274  344  
275  344  
276  344  
277  344  
278  344  
279  344  
166  345  
167  345  
168  345  
169  345  
170  345  
171  345  
172  345  
173  345  
174  345  
175  345  
176  345  
177  345  
178  345  
179  345  
180  345  
181  345  
182  345  
183  345  
184  345  
185  345  
186  345  
187  345  
188  345  
189  345  
190  345  
191  345  
192  345  
193  345  
194  345  
195  345  
196  345  
197  345  
198  345  
199  345  
200  345  
201  345  
202  345  
203  345  
204  345  
205  345  
206  345  
207  345  
208  345  
209  345  
210  345  
211  345  
212  345  
213  345  
214  345  
215  345  
216  345  
217  345  
218  345  
219  345  
220  345  
221  345  
222  345  
223  345  
224  345  
225  345  
226  345  
227  345  
228  345  
229  345  
230  345  
231  345  
280  345  
281  345  
282  345  
283  345  
284  345  
285  345  
286  345  
287  345  
288  345  
289  345  
290  345  
291  345  
292  345  
293  345  
294  345  
295  345  
296  345  
297  345  
298  345  
299  345  
300  345  
301  345  
302  345  
303  345  
304  345  
305  345  
306  345  
307  345  
308  345  
309  345  
310  345  
311  345  
312  345  
313  345  
314  345  
315  345  
316  345  
317  345  
318  345  
319  345  
320  345  
321  345  
322  345  
323  345  
324  345  
325  345  
326  345  
327  345  
328  345  
329  345  
330  345  
331  345  
332  345  
333  345  
334  345  
335  345  
336  345  
337  345  
338  345  
339  345  
340  345  
341  345  
342  345  
343  345  
344  345  
345  345  
346  345  
347  345  
348  345  
349  345  
350  345  
351  345  
352  345  
353  345  
354  345  
355  345  
356  345  
357  345  
358  345  
359  345  
360  345  
361  345  
362  345  
363  345  
364  345  
365  345  
366  345  
367  345  
368  345  
369  345  
370  345  
371  345  
372  345  
373  345  
374  345  
375  345  
376  345  
377  345  
378  345  
394  345  
395  345  
379  346  
380  346  
381  346  
382  346  
383  346  
384  346  
385  346  
386  346  
387  346  
388  346  
389  346  
390  346  
391  346  
392  346  
393  346  
277  391  
278  391  
279  391  
280  391  
281  391  
282  391  
283  391  
284  391  
285  391  
286  391  
287  391  
288  391  
289  391  
290  391  
291  391  
292  391  
293  391  
294  391  
295  391  
296  391  
297  391  
298  391  
299  391  
300  391  
301  391  
302  391  
430  391  
431  392  
431  393  
432  394  
432  395  
433  396  
434  397  
434  398  
435  399  
435  400  
436  401  
436  402  
437  403  
437  404  
438  405  
438  406  
439  407  
439  408  
440  409  
440  410  
441  411  
441  412  
442  413  
442  414  
443  415  
443  416  
444  417  
444  418  
445  419  
445  420  
446  421  
446  422  
447  423  
447  424  
448  425  
448  426  
240  396  
241  396  
242  396  
243  396  
244  396  
245  396  
246  396  
247  396  
248  396  
249  396  
250  396  
251  396  
252  396  
253  396  
254  396  
255  396  
256  396  
257  396  
258  396  
259  396  
260  396  
261  396  
262  396  
263  396  
264  396  
265  396  
266  396  
267  396  
268  396  
269  396  
270  396  
271  396  
272  396  
273  396  
274  396  
275  396  
276  396  
277  396  
278  396  
279  396  
280  396  
281  396  
282  396  
283  396  
284  396  
285  396  
286  396  
287  396  
288  396  
289  396  
290  396  
291  396  
292  396  
293  396  
294  396  
295  396  
296  396  
297  396  
298  396  
299  396  
300  396  
301  396  
221  397  
222  397  
223  397  
224  397  
225  397  
226  397  
227  397  
228  397  
229  397  
230  397  
231  397  
232  397  
233  397  
234  397  
235  397  
236  397  
237  397  
238  397  
239  397  
193  397  
194  397  
195  397  
196  397  
197  397  
198  397  
199  397  
200  397  
201  397  
202  397  
203  397  
204  397  
205  397  
206  397  
207  397  
208  397  
209  397  
210  397  
211  397  
212  397  
213  397  
214  397  
215  397  
216  397  
217  397  
218  397  
191  398  
192  398  
234  401  
235  401  
236  401  
237  401  
238  401  
239  401  
240  401  
241  401  
242  401  
243  401  
244  401  
245  401  
246  401  
247  401  
248  401  
249  401  
250  401  
251  401  
252  401  
253  401  
254  401  
255  401  
256  401  
257  401  
258  401  
259  401  
260  401  
261  401  
262  401  
263  401  
264  401  
265  401  
266  401  
267  401  
268  401  
269  401  
270  401  
271  401  
272  401  
273  401  
274  401  
275  401  
276  401  
277  401  
278  401  
279  401  
280  401  
281  401  
282  401  
283  401  
284  401  
285  401  
286  401  
287  401  
288  401  
289  401  
290  401  
291  401  
292  401  
293  401  
294  401  
295  401  
296  401  
297  401  
298  401  
299  401  
300  401  
301  401  
302  401  
303  401  
304  401  
305  401  
306  401  
307  401  
308  401  
309  401  
310  401  
311  401  
312  401  
313  401  
314  401  
315  401  
316  401  
317  401  
318  401  
319  401  
320  401  
321  401  
322  401  
323  401  
324  401  
325  401  
326  401  
180  402  
181  402  
182  402  
183  402  
184  402  
185  402  
186  402  
187  402  
188  402  
189  402  
190  402  
191  402  
192  402  
193  402  
194  402  
195  402  
196  402  
197  402  
198  402  
199  402  
200  402  
201  402  
202  402  
203  402  
204  402  
205  402  
206  402  
207  402  
208  402  
209  402  
210  402  
211  402  
212  402  
213  402  
214  402  
215  402  
216  402  
217  402  
218  402  
219  402  
220  402  
221  402  
222  402  
223  402  
224  402  
225  402  
226  402  
227  402  
228  402  
229  402  
230  402  
231  402  
232  402  
233  402  
129  403  
130  403  
131  403  
132  403  
133  403  
134  403  
135  403  
136  403  
137  403  
138  403  
139  403  
140  403  
141  403  
142  403  
143  403  
144  403  
145  403  
146  403  
147  403  
148  403  
149  403  
150  403  
151  403  
152  403  
153  403  
154  403  
155  403  
156  403  
157  403  
158  403  
159  403  
160  403  
161  403  
162  403  
163  403  
164  403  
165  403  
166  403  
167  403  
168  403  
169  403  
170  403  
171  403  
172  403  
173  403  
174  403  
175  403  
176  403  
177  403  
178  403  
179  403  
76  404  
77  404  
78  404  
79  404  
80  404  
81  404  
82  404  
83  404  
84  404  
85  404  
86  404  
87  404  
88  404  
89  404  
90  404  
91  404  
92  404  
93  404  
94  404  
95  404  
96  404  
97  404  
98  404  
99  404  
100  404  
101  404  
102  404  
103  404  
104  404  
105  404  
106  404  
107  404  
108  404  
109  404  
110  404  
111  404  
112  404  
113  404  
114  404  
115  404  
116  404  
117  404  
118  404  
119  404  
120  404  
121  404  
122  404  
123  404  
124  404  
125  404  
126  404  
127  404  
128  404  
331  401  
332  401  
333  401  
334  401  
335  401  
336  401  
337  401  
338  401  
339  401  
340  401  
341  401  
342  401  
343  401  
344  401  
345  401  
346  401  
347  401  
348  401  
349  401  
350  401  
351  401  
352  401  
353  401  
354  401  
355  401  
356  401  
357  401  
358  401  
359  401  
360  401  
361  401  
362  401  
363  401  
364  401  
365  401  
366  401  
367  401  
368  401  
369  401  
370  401  
169  410  
170  410  
171  410  
172  410  
173  410  
174  410  
175  410  
176  410  
177  410  
178  410  
179  410  
180  410  
181  410  
182  410  
130  411  
131  411  
132  411  
133  411  
134  411  
135  411  
136  411  
137  411  
138  411  
139  411  
140  411  
141  411  
142  411  
143  411  
144  411  
145  411  
146  411  
147  411  
148  411  
149  411  
150  411  
151  411  
152  411  
153  411  
154  411  
155  411  
156  411  
157  411  
158  411  
159  411  
160  411  
161  411  
162  411  
163  411  
164  411  
165  411  
166  411  
167  411  
168  411  
127  412  
128  412  
129  412  
189  410  
190  410  
191  410  
192  410  
193  410  
194  410  
195  410  
196  410  
197  410  
198  410  
199  410  
200  410  
201  410  
202  410  
203  410  
204  410  
205  410  
206  410  
207  410  
208  410  
209  410  
210  410  
211  410  
212  410  
213  410  
214  410  
215  410  
216  410  
217  410  
218  410  
219  410  
220  410  
221  410  
368  413  
369  413  
370  413  
373  413  
374  413  
375  413  
376  413  
377  413  
378  413  
379  413  
380  413  
344  414  
345  414  
346  414  
347  414  
348  414  
349  414  
350  414  
351  414  
352  414  
353  414  
354  414  
355  414  
356  414  
357  414  
358  414  
359  414  
360  414  
361  414  
362  414  
363  414  
364  414  
365  414  
366  414  
367  414  
371  414  
372  414  
348  425  
349  425  
350  425  
351  425  
352  425  
353  425  
354  425  
355  425  
356  425  
357  425  
358  425  
359  425  
360  425  
361  425  
362  425  
363  425  
364  425  
365  425  
366  425  
367  425  
368  425  
369  425  
370  425  
371  425  
372  425  
373  425  
374  425  
375  425  
376  425  
377  425  
378  425  
379  425  
380  425  
381  425  
382  425  
383  426  
383  427  
249  426  
250  426  
251  426  
252  426  
253  426  
254  426  
255  426  
256  426  
257  426  
258  426  
259  426  
260  426  
261  426  
262  426  
263  426  
264  426  
265  426  
266  426  
267  426  
268  426  
269  426  
270  426  
271  426  
272  426  
273  426  
274  426  
275  426  
276  426  
277  426  
278  426  
279  426  
280  426  
281  426  
282  426  
283  426  
284  426  
285  426  
286  426  
287  426  
288  426  
289  426  
290  426  
291  426  
292  426  
293  426  
294  426  
295  426  
296  426  
297  426  
298  426  
299  426  
300  426  
301  426  
302  426  
303  426  
304  426  
305  426  
306  426  
197  427  
198  427  
199  427  
200  427  
201  427  
202  427  
203  427  
204  427  
205  427  
206  427  
207  427  
208  427  
209  427  
210  427  
211  427  
212  427  
213  427  
214  427  
215  427  
216  427  
217  427  
218  427  
219  427  
220  427  
221  427  
222  427  
223  427  
224  427  
225  427  
226  427  
227  427  
228  427  
229  427  
230  427  
231  427  
232  427  
233  427  
234  427  
235  427  
236  427  
237  427  
238  427  
239  427  
240  427  
241  427  
242  427  
243  427  
244  427  
245  427  
246  427  
247  427  
248  427  
157  428  
158  428  
159  428  
160  428  
161  428  
162  428  
163  428  
164  428  
165  428  
166  428  
167  428  
168  428  
169  428  
170  428  
171  428  
172  428  
173  428  
174  428  
175  428  
176  428  
177  428  
178  428  
179  428  
180  428  
181  428  
182  428  
183  428  
184  428  
185  428  
186  428  
187  428  
188  428  
189  428  
190  428  
191  428  
192  428  
193  428  
194  428  
195  428  
196  428  
107  429  
108  429  
109  429  
110  429  
111  429  
112  429  
113  429  
114  429  
115  429  
116  429  
117  429  
118  429  
119  429  
120  429  
121  429  
122  429  
123  429  
124  429  
125  429  
126  429  
127  429  
128  429  
129  429  
130  429  
131  429  
132  429  
133  429  
134  429  
135  429  
136  429  
137  429  
138  429  
139  429  
140  429  
141  429  
142  429  
143  429  
144  429  
145  429  
146  429  
147  429  
148  429  
149  429  
150  429  
151  429  
152  429  
153  429  
154  429  
155  429  
156  429  
83  430  
84  430  
85  430  
86  430  
87  430  
88  430  
89  430  
90  430  
91  430  
92  430  
93  430  
94  430  
95  430  
96  430  
97  430  
98  430  
99  430  
100  430  
101  430  
102  430  
103  430  
104  430  
105  430  
106  430  
326  428  
327  428  
328  428  
329  428  
330  428  
331  428  
332  428  
333  428  
334  428  
335  428  
336  428  
337  428  
316  429  
317  429  
318  429  
319  429  
320  429  
321  429  
322  429  
323  429  
324  429  
325  429  
338  429  
435  435  
435  436  
436  437  
436  438  
437  439  
437  440  
438  441  
438  442  
439  443  
439  444  
440  445  
440  446  
441  447  
441  448  
442  449  
442  450  
443  451  
443  452  
444  453  
444  454  
445  455  
150  437  
151  437  
152  437  
153  437  
154  437  
155  437  
156  437  
157  437  
158  437  
159  437  
160  437  
161  437  
162  437  
163  437  
164  437  
165  437  
166  437  
167  437  
168  437  
169  437  
170  437  
171  437  
172  437  
173  437  
174  437  
175  437  
176  437  
177  437  
178  437  
179  437  
180  437  
181  437  
182  437  
183  437  
184  437  
413  437  
413  438  
413  439  
414  440  
414  441  
415  442  
415  443  
416  444  
416  445  
417  446  
417  447  
418  448  
418  449  
418  450  
419  451  
419  452  
420  453  
420  454  
421  455  
421  456  
422  457  
422  458  
423  459  
423  460  
424  461  
424  462  
425  463  
425  464  
426  465  
426  466  
427  467  
352  438  
353  438  
354  438  
355  438  
356  438  
357  438  
358  438  
359  438  
360  438  
361  438  
362  438  
363  438  
364  438  
365  438  
366  438  
367  438  
368  438  
369  438  
370  438  
371  438  
372  438  
373  438  
374  438  
350  439  
351  439  
257  439  
232  440  
233  440  
234  440  
235  440  
236  440  
237  440  
238  440  
239  440  
240  440  
241  440  
242  440  
243  440  
244  440  
245  440  
246  440  
247  440  
248  440  
249  440  
250  440  
251  440  
252  440  
253  440  
254  440  
255  440  
256  440  
110  440  
111  440  
112  440  
113  440  
114  440  
115  440  
116  440  
117  440  
118  440  
119  440  
120  440  
121  440  
122  440  
123  440  
124  440  
125  440  
126  440  
127  440  
128  440  
129  440  
130  440  
131  440  
132  440  
133  440  
134  440  
135  440  
136  440  
137  440  
347  447  
348  447  
349  447  
350  447  
351  447  
352  447  
353  447  
354  447  
355  447  
356  447  
357  447  
358  447  
359  447  
360  447  
361  447  
362  447  
363  447  
364  447  
365  447  
366  447  
367  447  
368  447  
369  447  
370  447  
371  447  
372  447  
345  448  
346  448  
239  448  
240  448  
241  448  
242  448  
243  448  
244  448  
245  448  
246  448  
247  448  
248  448  
249  448  
250  448  
251  448  
252  448  
253  448  
254  448  
255  448  
256  448  
257  448  
258  448  
259  448  
260  448  
261  448  
262  448  
263  448  
264  448  
265  448  
266  448  
267  448  
268  448  
269  448  
270  448  
271  448  
272  448  
273  448  
274  448  
275  448  
276  448  
277  448  
278  448  
279  448  
280  448  
281  448  
282  448  
283  448  
284  448  
285  448  
286  448  
287  448  
288  448  
289  448  
290  448  
291  448  
292  448  
293  448  
294  448  
295  448  
296  448  
297  448  
298  448  
299  448  
300  448  
301  448  
302  448  
303  448  
227  449  
228  449  
229  449  
230  449  
231  449  
232  449  
233  449  
234  449  
235  449  
236  449  
237  449  
238  449  
163  449  
164  449  
165  449  
166  449  
167  449  
168  449  
169  449  
170  449  
171  449  
172  449  
173  449  
174  449  
175  449  
176  449  
177  449  
178  449  
179  449  
180  449  
181  449  
182  449  
183  449  
184  449  
185  449  
186  449  
187  449  
188  449  
189  449  
190  449  
191  449  
192  449  
193  449  
194  449  
195  449  
196  449  
197  449  
198  449  
199  449  
200  449  
201  449  
202  449  
203  449  
204  449  
205  449  
206  449  
207  449  
208  449  
209  449  
210  449  
211  449  
212  449  
213  449  
214  449  
215  449  
216  449  
217  449  
218  449  
219  449  
220  449  
221  449  
137  450  
138  450  
139  450  
140  450  
141  450  
142  450  
143  450  
144  450  
145  450  
146  450  
147  450  
148  450  
149  450  
150  450  
151  450  
152  450  
153  450  
154  450  
155  450  
156  450  
157  450  
158  450  
159  450  
160  450  
161  450  
162  450  
61  451  
61  452  
61  453  
62  454  
62  455  
62  456  
62  457  
63  458  
63  459  
63  460  
63  461  
64  462  
64  463  
64  464  
64  465  
65  466  
65  467  
65  468  
65  469  
66  470  
66  471  
66  472  
66  473  
66  474  
67  475  
67  476  
67  477  
68  478  
68  479  
89  451  
90  451  
91  451  
92  451  
93  451  
94  451  
95  451  
96  451  
97  451  
98  451  
99  451  
100  451  
101  451  
102  451  
103  451  
104  451  
105  451  
106  451  
107  451  
108  451  
109  451  
110  451  
111  451  
112  451  
113  451  
254  455  
255  455  
256  455  
257  455  
258  455  
259  455  
260  455  
261  455  
262  455  
263  455  
264  455  
265  455  
266  455  
267  455  
268  455  
269  455  
270  455  
271  455  
272  455  
273  455  
274  455  
275  455  
276  455  
277  455  
253  456  
253  457  
268  459  
269  459  
270  459  
271  459  
272  459  
273  459  
274  459  
275  459  
276  459  
277  459  
278  459  
279  459  
280  459  
281  459  
282  459  
283  459  
284  459  
285  459  
286  459  
287  459  
288  459  
289  459  
290  459  
291  459  
292  459  
293  459  
294  459  
295  459  
296  459  
297  459  
298  459  
299  459  
300  459  
232  460  
233  460  
234  460  
235  460  
237  460  
238  460  
239  460  
240  460  
241  460  
242  460  
243  460  
244  460  
245  460  
246  460  
247  460  
248  460  
249  460  
250  460  
251  460  
252  460  
253  460  
254  460  
255  460  
256  460  
257  460  
258  460  
259  460  
260  460  
261  460  
262  460  
263  460  
264  460  
265  460  
266  460  
267  460  
230  461  
231  461  
236  461  
415  462  
416  463  
416  464  
417  465  
417  466  
418  467  
418  468  
419  469  
419  470  
420  471  
420  472  
421  473  
421  474  
422  475  
422  476  
423  477  
423  478  
424  479  
424  480  
425  481  
425  482  
426  483  
426  484  
427  485  
427  486  
427  487  
428  488  
428  489  
429  490  
429  491  
430  492  
430  493  
431  494  
431  495  
432  496  
432  497  
432  498  
433  499  
433  500  
365  464  
366  464  
367  464  
368  464  
369  464  
339  465  
340  465  
341  465  
342  465  
343  465  
344  465  
345  465  
346  465  
347  465  
348  465  
349  465  
350  465  
351  465  
352  465  
353  465  
354  465  
355  465  
356  465  
357  465  
358  465  
359  465  
360  465  
361  465  
362  465  
363  465  
364  465  
296  466  
297  466  
298  466  
299  466  
258  467  
259  467  
260  467  
261  467  
262  467  
263  467  
264  467  
265  467  
266  467  
267  467  
268  467  
269  467  
270  467  
271  467  
272  467  
273  467  
274  467  
275  467  
276  467  
277  467  
278  467  
279  467  
280  467  
281  467  
282  467  
283  467  
284  467  
285  467  
286  467  
287  467  
288  467  
289  467  
290  467  
291  467  
292  467  
293  467  
294  467  
295  467  
217  468  
218  468  
219  468  
223  468  
224  468  
225  468  
226  468  
227  468  
228  468  
229  468  
230  468  
231  468  
232  468  
233  468  
234  468  
235  468  
236  468  
237  468  
238  468  
239  468  
240  468  
241  468  
242  468  
243  468  
244  468  
245  468  
246  468  
247  468  
248  468  
249  468  
250  468  
251  468  
252  468  
253  468  
254  468  
255  468  
256  468  
257  468  
187  469  
188  469  
189  469  
190  469  
191  469  
192  469  
193  469  
194  469  
195  469  
196  469  
197  469  
198  469  
199  469  
200  469  
201  469  
202  469  
203  469  
204  469  
205  469  
206  469  
207  469  
208  469  
209  469  
210  469  
211  469  
212  469  
213  469  
214  469  
215  469  
216  469  
220  469  
221  469  
222  469  
149  470  
150  470  
151  470  
152  470  
153  470  
154  470  
155  470  
156  470  
157  470  
158  470  
159  470  
160  470  
161  470  
162  470  
163  470  
164  470  
165  470  
166  470  
167  470  
168  470  
169  470  
170  470  
171  470  
172  470  
173  470  
174  470  
175  470  
176  470  
177  470  
178  470  
179  470  
180  470  
181  470  
182  470  
183  470  
184  470  
185  470  
186  470  
106  471  
107  471  
108  471  
109  471  
110  471  
111  471  
112  471  
113  471  
114  471  
115  471  
116  471  
117  471  
118  471  
119  471  
120  471  
121  471  
122  471  
123  471  
124  471  
125  471  
126  471  
127  471  
128  471  
129  471  
130  471  
131  471  
132  471  
133  471  
134  471  
135  471  
136  471  
137  471  
138  471  
139  471  
140  471  
141  471  
142  471  
143  471  
144  471  
145  471  
146  471  
147  471  
148  471  
90  472  
91  472  
92  472  
93  472  
94  472  
95  472  
96  472  
97  472  
98  472  
99  472  
100  472  
101  472  
102  472  
103  472  
104  472  
105  472  
105  475  
105  476  
105  477  
105  478  
105  479  
105  480  
105  481  
105  482  
105  483  
105  484  
105  485  
105  486  
105  487  
105  488  
105  489  
105  490  
105  491  
105  492  
105  493  
105  494  
105  495  
106  496  
106  497  
106  498  
106  499  
106  500  
109  475  
109  476  
108  477  
108  478  
108  479  
108  480  
108  481  
108  482  
108  483  
108  484  
108  485  
108  486  
108  487  
108  488  
108  489  
109  490  
109  491  
109  492  
109  493  
109  494  
109  495  
109  496  
109  497  
109  498  
109  499  
109  500  
350  482  
351  482  
352  482  
353  482  
354  482  
355  482  
356  482  
357  482  
358  482  
359  482  
360  482  
361  482  
362  482  
363  482  
364  482  
341  483  
342  483  
343  483  
344  483  
345  483  
346  483  
347  483  
348  483  
349  483  
340  484  
246  497  
247  497  
248  497  
249  497  
250  497  
251  497  
252  497  
253  497  
254  497  
255  497  
214  498  
215  498  
216  498  
217  498  
218  498  
219  498  
220  498  
221  498  
222  498  
223  498  
224  498  
225  498  
226  498  
227  498  
228  498  
229  498  
230  498  
231  498  
232  498  
233  498  
234  498  
235  498  
236  498  
237  498  
238  498  
239  498  
240  498  
241  498  
242  498  
243  498  
244  498  
245  498  
183  499  
184  499  
185  499  
186  499  
187  499  
188  499  
189  499  
190  499  
191  499  
192  499  
193  499  
194  499  
195  499  
196  499  
197  499  
198  499  
199  499  
200  499  
201  499  
202  499  
203  499  
204  499  
205  499  
206  499  
207  499  
208  499  
209  499  
210  499  
211  499  
212  499  
213  499  
155  500  
156  500  
157  500  
158  500  
159  500  
160  500  
161  500  
162  500  
163  500  
164  500  
165  500  
166  500  
167  500  
168  500  
169  500  
170  500  
171  500  
172  500  
173  500  
174  500  
175  500  
176  500  
177  500  
178  500  
179  500  
180  500  
181  500  
182  500  
141  501  
142  501  
143  501  
144  501  
145  501  
146  501  
147  501  
148  501  
149  501  
150  501  
151  501  
152  501  
153  501  
154  501  
108  502  
109  502  
110  502  
111  502  
112  502  
135  502  
136  502  
137  502  
138  502  
139  502  
140  502  
113  503  
114  503  
115  503  
116  503  
117  503  
118  503  
119  503  
120  503  
121  503  
122  503  
123  503  
124  503  
125  503  
126  503  
127  503  
128  503  
129  503  
130  503  
131  503  
132  503  
133  503  
134  503  
294  499  
295  499  
296  499  
297  499  
298  499  
299  499  
300  499  
265  500  
266  500  
267  500  
268  500  
269  500  
270  500  
271  500  
272  500  
273  500  
274  500  
275  500  
276  500  
277  500  
278  500  
279  500  
280  500  
281  500  
282  500  
283  500  
284  500  
285  500  
286  500  
287  500  
288  500  
289  500  
290  500  
291  500  
292  500  
293  500  
244  501  
245  501  
246  501  
247  501  
248  501  
249  501  
250  501  
251  501  
252  501  
253  501  
254  501  
255  501  
256  501  
257  501  
258  501  
259  501  
260  501  
261  501  
262  501  
263  501  
264  501  
221  502  
222  502  
223  502  
224  502  
225  502  
226  502  
227  502  
228  502  
229  502  
230  502  
231  502  
232  502  
233  502  
234  502  
235  502  
236  502  
237  502  
238  502  
239  502  
240  502  
241  502  
242  502  
243  502  
201  503  
202  503  
203  503  
204  503  
205  503  
206  503  
207  503  
208  503  
209  503  
210  503  
211  503  
212  503  
213  503  
214  503  
215  503  
216  503  
217  503  
218  503  
219  503  
220  503  
180  504  
181  504  
182  504  
183  504  
184  504  
185  504  
186  504  
187  504  
188  504  
189  504  
190  504  
191  504  
192  504  
193  504  
194  504  
195  504  
196  504  
197  504  
198  504  
199  504  
200  504  
157  505  
158  505  
159  505  
160  505  
161  505  
162  505  
163  505  
164  505  
165  505  
166  505  
167  505  
168  505  
169  505  
170  505  
171  505  
172  505  
173  505  
174  505  
175  505  
176  505  
177  505  
178  505  
179  505  
102  502  
103  502  
104  502  
105  502  
106  502  
80  503  
81  503  
82  503  
83  503  
84  503  
85  503  
86  503  
87  503  
88  503  
89  503  
90  503  
91  503  
92  503  
93  503  
94  503  
95  503  
96  503  
97  503  
98  503  
99  503  
100  503  
101  503  
306  503  
307  503  
308  503  
309  503  
310  503  
311  503  
312  503  
313  503  
314  503  
315  503  
316  503  
317  503  
318  503  
319  503  
320  503  
321  503  
322  503  
323  503  
324  503  
325  503  
271  504  
272  504  
273  504  
274  504  
275  504  
276  504  
277  504  
278  504  
279  504  
280  504  
281  504  
282  504  
283  504  
284  504  
285  504  
286  504  
287  504  
288  504  
289  504  
290  504  
291  504  
292  504  
293  504  
294  504  
295  504  
296  504  
297  504  
298  504  
250  505  
251  505  
252  505  
253  505  
254  505  
255  505  
256  505  
257  505  
258  505  
259  505  
260  505  
261  505  
262  505  
263  505  
264  505  
265  505  
266  505  
267  505  
268  505  
269  505  
270  505  
223  506  
224  506  
225  506  
226  506  
227  506  
228  506  
229  506  
230  506  
231  506  
232  506  
233  506  
234  506  
235  506  
236  506  
237  506  
238  506  
239  506  
240  506  
241  506  
242  506  
243  506  
244  506  
245  506  
246  506  
247  506  
248  506  
249  506  
200  507  
201  507  
202  507  
203  507  
204  507  
205  507  
206  507  
207  507  
208  507  
209  507  
210  507  
211  507  
212  507  
213  507  
214  507  
215  507  
216  507  
217  507  
218  507  
219  507  
220  507  
221  507  
222  507  
171  508  
172  508  
173  508  
174  508  
175  508  
176  508  
177  508  
178  508  
179  508  
180  508  
181  508  
182  508  
183  508  
184  508  
185  508  
186  508  
187  508  
188  508  
189  508  
190  508  
191  508  
192  508  
193  508  
194  508  
195  508  
196  508  
197  508  
198  508  
199  508  
148  509  
149  509  
150  509  
151  509  
152  509  
153  509  
154  509  
155  509  
156  509  
157  509  
158  509  
159  509  
160  509  
161  509  
162  509  
163  509  
164  509  
165  509  
166  509  
167  509  
168  509  
169  509  
170  509  
114  506  
114  507  
114  508  
114  509  
114  510  
114  511  
114  512  
114  513  
115  514  
115  515  
115  516  
115  517  
115  518  
115  519  
116  520  
116  521  
116  522  
116  523  
116  524  
116  525  
117  526  
117  527  
117  528  
117  529  
117  530  
118  531  
118  532  
118  533  
118  534  
118  535  
118  536  
119  537  
119  538  
119  539  
119  540  
119  541  
120  542  
120  543  
120  544  
120  545  
120  546  
120  547  
121  548  
121  549  
121  550  
121  551  
121  552  
122  553  
122  554  
122  555  
122  556  
122  557  
122  558  
123  559  
123  560  
123  561  
123  562  
123  563  
136  506  
136  507  
136  508  
136  509  
136  510  
136  511  
136  512  
136  513  
136  514  
136  515  
136  516  
136  517  
136  518  
135  519  
135  520  
135  521  
135  522  
135  523  
135  524  
135  525  
135  526  
135  527  
135  528  
135  529  
135  530  
135  531  
135  532  
135  533  
135  534  
135  535  
134  536  
134  537  
134  538  
134  539  
134  540  
134  541  
134  542  
134  543  
134  544  
134  545  
134  546  
134  547  
134  548  
134  549  
134  550  
133  551  
133  552  
133  553  
133  554  
133  555  
133  556  
133  557  
133  558  
133  559  
133  560  
133  561  
133  562  
133  563  
297  507  
298  507  
299  507  
300  507  
268  508  
269  508  
270  508  
271  508  
272  508  
273  508  
274  508  
275  508  
276  508  
277  508  
278  508  
279  508  
280  508  
281  508  
282  508  
283  508  
284  508  
285  508  
286  508  
287  508  
288  508  
289  508  
290  508  
291  508  
292  508  
293  508  
294  508  
295  508  
296  508  
250  509  
251  509  
252  509  
253  509  
254  509  
255  509  
256  509  
257  509  
258  509  
259  509  
260  509  
261  509  
262  509  
263  509  
264  509  
265  509  
266  509  
267  509  
230  510  
231  510  
232  510  
233  510  
234  510  
235  510  
236  510  
237  510  
238  510  
239  510  
240  510  
241  510  
242  510  
243  510  
244  510  
245  510  
246  510  
247  510  
248  510  
249  510  
201  511  
202  511  
203  511  
204  511  
205  511  
206  511  
207  511  
208  511  
209  511  
210  511  
211  511  
212  511  
213  511  
214  511  
215  511  
216  511  
217  511  
218  511  
219  511  
220  511  
221  511  
222  511  
223  511  
224  511  
225  511  
226  511  
227  511  
228  511  
229  511  
195  512  
196  512  
197  512  
198  512  
199  512  
200  512  
87  510  
87  511  
87  512  
87  513  
88  514  
88  515  
88  516  
88  517  
89  518  
89  519  
89  520  
89  521  
89  522  
90  523  
90  524  
90  525  
90  526  
91  527  
91  528  
91  529  
91  530  
91  531  
92  532  
92  533  
92  534  
92  535  
92  536  
76  512  
76  513  
77  514  
77  515  
77  516  
77  517  
78  518  
78  519  
78  520  
78  521  
79  522  
79  523  
79  524  
79  525  
80  526  
80  527  
80  528  
80  529  
81  530  
81  531  
81  532  
82  533  
82  534  
82  535  
82  536  
83  537  
83  538  
83  539  
83  540  
84  541  
84  542  
84  543  
84  544  
85  545  
85  546  
85  547  
86  548  
86  549  
86  550  
86  551  
87  552  
87  553  
87  554  
87  555  
88  556  
88  557  
88  558  
88  559  
89  560  
89  561  
89  562  
90  563  
90  564  
90  565  
90  566  
91  567  
91  568  
91  569  
91  570  
92  571  
92  572  
92  573  
92  574  
93  575  
93  576  
93  577  
93  578  
93  579  
94  580  
94  581  
94  582  
94  583  
95  584  
95  585  
95  586  
95  587  
96  588  
186  512  
152  513  
153  513  
154  513  
155  513  
156  513  
157  513  
158  513  
159  513  
160  513  
161  513  
162  513  
163  513  
164  513  
165  513  
166  513  
167  513  
168  513  
169  513  
170  513  
171  513  
172  513  
173  513  
174  513  
175  513  
176  513  
177  513  
178  513  
179  513  
180  513  
181  513  
182  513  
183  513  
184  513  
185  513  
147  514  
148  514  
149  514  
150  514  
151  514  
183  516  
188  516  
189  516  
190  516  
171  517  
172  517  
173  517  
174  517  
175  517  
176  517  
177  517  
178  517  
179  517  
180  517  
181  517  
182  517  
184  517  
185  517  
186  517  
187  517  
190  519  
192  519  
193  519  
194  519  
195  519  
196  519  
197  519  
198  519  
199  519  
200  519  
201  519  
202  519  
203  519  
204  519  
205  519  
206  519  
207  519  
208  519  
169  520  
170  520  
171  520  
172  520  
173  520  
174  520  
175  520  
176  520  
177  520  
178  520  
179  520  
180  520  
181  520  
182  520  
183  520  
184  520  
185  520  
186  520  
187  520  
188  520  
189  520  
191  520  
148  521  
149  521  
150  521  
151  521  
152  521  
153  521  
154  521  
155  521  
156  521  
157  521  
158  521  
159  521  
160  521  
161  521  
162  521  
163  521  
164  521  
165  521  
166  521  
167  521  
168  521  
147  522  
250  519  
251  519  
252  519  
228  520  
229  520  
230  520  
231  520  
232  520  
233  520  
234  520  
235  520  
236  520  
237  520  
238  520  
239  520  
240  520  
241  520  
242  520  
243  520  
244  520  
245  520  
246  520  
247  520  
248  520  
249  520  
210  521  
211  521  
212  521  
213  521  
214  521  
215  521  
216  521  
217  521  
218  521  
219  521  
220  521  
221  521  
222  521  
223  521  
224  521  
225  521  
226  521  
227  521  
196  522  
197  522  
198  522  
199  522  
200  522  
201  522  
202  522  
203  522  
204  522  
205  522  
206  522  
207  522  
208  522  
209  522  
175  523  
176  523  
177  523  
178  523  
179  523  
180  523  
181  523  
182  523  
183  523  
184  523  
185  523  
186  523  
187  523  
188  523  
189  523  
190  523  
191  523  
192  523  
193  523  
194  523  
195  523  
156  524  
157  524  
158  524  
159  524  
160  524  
161  524  
162  524  
163  524  
164  524  
165  524  
166  524  
167  524  
168  524  
169  524  
170  524  
171  524  
172  524  
173  524  
174  524  
150  525  
151  525  
152  525  
153  525  
154  525  
155  525  
223  524  
224  524  
225  524  
226  524  
227  524  
228  524  
229  524  
230  524  
231  524  
232  524  
233  524  
234  524  
235  524  
236  524  
237  524  
204  525  
205  525  
206  525  
207  525  
208  525  
209  525  
210  525  
211  525  
212  525  
213  525  
214  525  
215  525  
216  525  
217  525  
218  525  
219  525  
220  525  
221  525  
222  525  
197  526  
198  526  
199  526  
200  526  
201  526  
202  526  
203  526  
324  526  
325  526  
326  526  
327  526  
328  526  
329  526  
330  526  
331  526  
332  526  
333  526  
334  526  
314  527  
315  527  
316  527  
317  527  
318  527  
319  527  
320  527  
321  527  
322  527  
323  527  
289  528  
290  528  
291  528  
292  528  
293  528  
294  528  
295  528  
296  528  
297  528  
298  528  
299  528  
300  528  
301  528  
302  528  
303  528  
304  528  
305  528  
306  528  
307  528  
308  528  
309  528  
310  528  
311  528  
312  528  
313  528  
270  529  
271  529  
272  529  
273  529  
274  529  
275  529  
276  529  
277  529  
278  529  
279  529  
280  529  
281  529  
282  529  
283  529  
284  529  
285  529  
286  529  
287  529  
288  529  
255  530  
256  530  
257  530  
258  530  
259  530  
260  530  
261  530  
262  530  
263  530  
264  530  
265  530  
266  530  
267  530  
268  530  
269  530  
239  531  
240  531  
241  531  
242  531  
243  531  
244  531  
245  531  
246  531  
247  531  
248  531  
249  531  
250  531  
251  531  
252  531  
253  531  
254  531  
230  532  
231  532  
232  532  
233  532  
234  532  
235  532  
236  532  
237  532  
238  532  
220  533  
221  533  
222  533  
223  533  
224  533  
225  533  
226  533  
227  533  
228  533  
229  533  
210  534  
211  534  
212  534  
213  534  
214  534  
215  534  
216  534  
217  534  
218  534  
219  534  
198  535  
199  535  
200  535  
201  535  
202  535  
203  535  
204  535  
205  535  
206  535  
207  535  
208  535  
209  535  
167  527  
168  527  
169  527  
170  527  
171  527  
172  527  
173  527  
174  527  
175  527  
176  527  
177  527  
178  527  
179  527  
180  527  
181  527  
182  527  
183  527  
184  527  
185  527  
186  527  
187  527  
188  527  
189  527  
190  527  
151  528  
152  528  
153  528  
154  528  
155  528  
156  528  
157  528  
158  528  
159  528  
160  528  
161  528  
162  528  
163  528  
164  528  
165  528  
166  528  
178  530  
179  530  
180  530  
181  530  
182  530  
183  530  
184  530  
185  530  
186  530  
187  530  
188  530  
189  530  
161  531  
162  531  
163  531  
164  531  
165  531  
166  531  
167  531  
168  531  
169  531  
170  531  
171  531  
172  531  
173  531  
174  531  
175  531  
176  531  
177  531  
153  532  
154  532  
155  532  
156  532  
157  532  
158  532  
159  532  
160  532  
327  532  
328  532  
329  532  
330  532  
331  532  
332  532  
333  532  
334  532  
335  532  
336  532  
337  532  
338  532  
339  532  
340  532  
341  532  
342  532  
343  532  
313  533  
314  533  
315  533  
316  533  
317  533  
318  533  
319  533  
320  533  
321  533  
322  533  
323  533  
324  533  
325  533  
326  533  
297  534  
298  534  
299  534  
300  534  
301  534  
302  534  
303  534  
304  534  
305  534  
306  534  
307  534  
308  534  
309  534  
310  534  
311  534  
312  534  
292  535  
293  535  
294  535  
295  535  
296  535  
256  538  
257  538  
258  538  
259  538  
260  538  
261  538  
262  538  
240  539  
241  539  
244  539  
245  539  
246  539  
247  539  
248  539  
249  539  
250  539  
251  539  
252  539  
253  539  
254  539  
255  539  
227  540  
228  540  
229  540  
230  540  
231  540  
232  540  
233  540  
234  540  
235  540  
236  540  
237  540  
238  540  
239  540  
242  540  
243  540  
214  541  
215  541  
216  541  
217  541  
218  541  
219  541  
220  541  
221  541  
222  541  
223  541  
224  541  
225  541  
226  541  
203  542  
204  542  
205  542  
206  542  
207  542  
208  542  
209  542  
210  542  
211  542  
212  542  
213  542  
189  543  
190  543  
191  543  
192  543  
193  543  
194  543  
195  543  
196  543  
197  543  
198  543  
199  543  
200  543  
201  543  
202  543  
173  544  
174  544  
175  544  
176  544  
177  544  
178  544  
179  544  
180  544  
181  544  
182  544  
183  544  
184  544  
185  544  
186  544  
187  544  
188  544  
242  543  
242  544  
242  545  
241  546  
241  547  
241  548  
241  549  
241  550  
241  551  
241  552  
241  553  
240  554  
240  555  
240  556  
240  557  
240  558  
240  559  
240  560  
240  561  
240  562  
240  563  
240  564  
240  565  
240  566  
240  567  
268  545  
268  546  
268  547  
267  548  
267  549  
267  550  
267  551  
267  552  
267  553  
267  554  
267  555  
267  556  
266  557  
266  558  
266  559  
266  560  
266  561  
266  562  
266  563  
265  564  
265  565  
265  566  
265  567  
265  568  
265  569  
265  570  
264  571  
264  572  
264  573  
264  574  
264  575  
264  576  
263  577  
263  578  
263  579  
231  559  
232  559  
233  559  
234  559  
235  559  
236  559  
237  559  
221  560  
222  560  
223  560  
224  560  
225  560  
226  560  
227  560  
228  560  
229  560  
230  560  
212  561  
213  561  
214  561  
215  561  
216  561  
217  561  
218  561  
219  561  
220  561  
206  562  
207  562  
208  562  
209  562  
210  562  
211  562  
203  563  
204  563  
205  563  
188  564  
189  564  
190  564  
191  564  
192  564  
193  564  
194  564  
195  564  
196  564  
197  564  
198  564  
199  564  
182  565  
183  565  
184  565  
185  565  
186  565  
187  565  
171  566  
172  566  
173  566  
174  566  
175  566  
176  566  
177  566  
178  566  
179  566  
180  566  
181  566  
162  567  
163  567  
164  567  
165  567  
166  567  
167  567  
168  567  
169  567  
170  567  
152  568  
153  568  
154  568  
155  568  
156  568  
157  568  
158  568  
159  568  
160  568  
161  568  
362  586  
362  587  
362  588  
363  589  
363  590  
363  591  
364  592  
364  593  
364  594  
365  595  
365  596  
366  597  
366  598  
366  599  
367  600  
367  601  
367  602  
368  603  
368  604  
368  605  
369  606  
369  607  
369  608  
175  603  
176  603  
177  603  
178  603  
179  603  
180  603  
167  604  
168  604  
169  604  
170  604  
171  604  
172  604  
173  604  
174  604  
158  605  
159  605  
160  605  
161  605  
162  605  
163  605  
164  605  
165  605  
166  605  
157  606  
