50  
204  125  191  99  164  76  28  23  39  27  49  54  49  41  165  86  201  208  96  83  131  114  123  20  23  31  68  68  74  54  50  29  101  113  20  56  55  72  40  128  25  77  37  32  44  51  49  21  27  99  
228  67  
229  67  
230  67  
231  67  
232  67  
233  67  
234  67  
235  67  
213  68  
214  68  
215  68  
216  68  
217  68  
218  68  
219  68  
220  68  
221  68  
222  68  
223  68  
224  68  
225  68  
226  68  
227  68  
200  69  
201  69  
202  69  
203  69  
204  69  
205  69  
206  69  
207  69  
208  69  
209  69  
210  69  
211  69  
212  69  
186  70  
187  70  
188  70  
189  70  
190  70  
191  70  
192  70  
193  70  
194  70  
195  70  
196  70  
197  70  
198  70  
199  70  
175  71  
176  71  
177  71  
178  71  
179  71  
180  71  
181  71  
182  71  
183  71  
184  71  
185  71  
163  72  
164  72  
165  72  
166  72  
167  72  
168  72  
169  72  
170  72  
171  72  
172  72  
173  72  
174  72  
150  73  
151  73  
152  73  
153  73  
154  73  
155  73  
156  73  
157  73  
158  73  
159  73  
160  73  
161  73  
162  73  
132  74  
133  74  
134  74  
135  74  
136  74  
137  74  
138  74  
139  74  
140  74  
141  74  
142  74  
143  74  
144  74  
145  74  
146  74  
147  74  
148  74  
149  74  
118  75  
119  75  
120  75  
121  75  
122  75  
123  75  
124  75  
125  75  
126  75  
127  75  
128  75  
129  75  
130  75  
131  75  
104  76  
105  76  
106  76  
107  76  
108  76  
109  76  
110  76  
111  76  
112  76  
113  76  
114  76  
115  76  
116  76  
117  76  
89  77  
90  77  
91  77  
92  77  
93  77  
94  77  
95  77  
96  77  
97  77  
98  77  
99  77  
100  77  
101  77  
102  77  
103  77  
75  78  
76  78  
77  78  
78  78  
79  78  
80  78  
81  78  
82  78  
83  78  
84  78  
85  78  
86  78  
87  78  
88  78  
62  79  
63  79  
64  79  
65  79  
66  79  
67  79  
68  79  
69  79  
70  79  
71  79  
72  79  
73  79  
74  79  
49  80  
50  80  
51  80  
52  80  
53  80  
54  80  
55  80  
56  80  
57  80  
58  80  
59  80  
60  80  
61  80  
37  81  
38  81  
39  81  
40  81  
41  81  
42  81  
43  81  
44  81  
45  81  
46  81  
47  81  
48  81  
32  82  
33  82  
34  82  
35  82  
36  82  
242  74  
242  75  
242  76  
242  77  
242  78  
242  79  
242  80  
242  81  
242  82  
242  83  
243  84  
243  85  
243  86  
243  87  
243  88  
243  89  
243  90  
243  91  
243  92  
243  93  
243  94  
243  95  
243  96  
243  97  
243  98  
243  99  
243  100  
243  101  
243  102  
243  103  
243  104  
243  105  
243  106  
243  107  
244  108  
244  109  
244  110  
244  111  
244  112  
244  113  
244  114  
244  115  
244  116  
244  117  
244  118  
244  119  
244  120  
244  121  
244  122  
244  123  
244  124  
244  125  
244  126  
244  127  
244  128  
244  129  
244  130  
244  131  
244  132  
244  133  
244  134  
244  135  
244  136  
244  137  
244  138  
244  139  
244  140  
245  141  
245  142  
245  143  
245  144  
245  145  
245  146  
245  147  
245  148  
245  149  
245  150  
245  151  
245  152  
245  153  
245  154  
245  155  
245  156  
245  157  
245  158  
245  159  
246  160  
246  161  
246  162  
246  163  
246  164  
246  165  
246  166  
246  167  
246  168  
246  169  
246  170  
246  171  
246  172  
246  173  
246  174  
246  175  
246  176  
246  177  
246  178  
246  179  
247  180  
247  181  
247  182  
247  183  
247  184  
247  185  
247  186  
247  187  
247  188  
247  189  
247  190  
247  191  
247  192  
247  193  
247  194  
247  195  
247  196  
247  197  
247  198  
208  84  
209  84  
210  84  
211  84  
212  84  
213  84  
214  84  
215  84  
216  84  
217  84  
218  84  
219  84  
220  84  
221  84  
222  84  
194  85  
195  85  
196  85  
197  85  
198  85  
199  85  
200  85  
201  85  
202  85  
203  85  
204  85  
205  85  
206  85  
207  85  
180  86  
181  86  
182  86  
183  86  
184  86  
185  86  
186  86  
187  86  
188  86  
189  86  
190  86  
191  86  
192  86  
193  86  
166  87  
167  87  
168  87  
169  87  
170  87  
171  87  
172  87  
173  87  
174  87  
175  87  
176  87  
177  87  
178  87  
179  87  
151  88  
152  88  
153  88  
154  88  
155  88  
156  88  
157  88  
158  88  
159  88  
160  88  
161  88  
162  88  
163  88  
164  88  
165  88  
136  89  
137  89  
138  89  
139  89  
140  89  
141  89  
142  89  
143  89  
144  89  
145  89  
146  89  
147  89  
148  89  
149  89  
150  89  
123  90  
124  90  
125  90  
126  90  
127  90  
128  90  
129  90  
130  90  
131  90  
132  90  
133  90  
134  90  
135  90  
111  91  
112  91  
113  91  
114  91  
115  91  
116  91  
117  91  
118  91  
119  91  
120  91  
121  91  
122  91  
97  92  
98  92  
99  92  
100  92  
101  92  
102  92  
103  92  
104  92  
105  92  
106  92  
107  92  
108  92  
109  92  
110  92  
81  93  
82  93  
83  93  
84  93  
85  93  
86  93  
87  93  
88  93  
89  93  
90  93  
91  93  
92  93  
93  93  
94  93  
95  93  
96  93  
66  94  
67  94  
68  94  
69  94  
70  94  
71  94  
72  94  
73  94  
74  94  
75  94  
76  94  
77  94  
78  94  
79  94  
80  94  
50  95  
51  95  
52  95  
53  95  
54  95  
55  95  
56  95  
57  95  
58  95  
59  95  
60  95  
61  95  
62  95  
63  95  
64  95  
65  95  
37  96  
38  96  
39  96  
40  96  
41  96  
42  96  
43  96  
44  96  
45  96  
46  96  
47  96  
48  96  
49  96  
32  97  
33  97  
34  97  
35  97  
36  97  
230  91  
230  92  
230  93  
230  94  
230  95  
230  96  
230  97  
230  98  
230  99  
230  100  
230  101  
230  102  
230  103  
230  104  
230  105  
231  106  
231  107  
231  108  
231  109  
231  110  
231  111  
231  112  
231  113  
231  114  
231  115  
231  116  
231  117  
231  118  
231  119  
231  120  
231  121  
231  122  
231  123  
231  124  
231  125  
231  126  
231  127  
231  128  
231  129  
231  130  
231  131  
231  132  
231  133  
231  134  
231  135  
232  136  
232  137  
232  138  
232  139  
232  140  
232  141  
232  142  
232  143  
232  144  
232  145  
232  146  
232  147  
232  148  
232  149  
232  150  
232  151  
232  152  
232  153  
232  154  
232  155  
232  156  
232  157  
232  158  
232  159  
233  160  
233  161  
233  162  
233  163  
233  164  
233  165  
233  166  
233  167  
233  168  
233  169  
233  170  
233  171  
233  172  
233  173  
233  174  
233  175  
233  176  
233  177  
233  178  
233  179  
233  180  
233  181  
233  182  
233  183  
233  184  
233  185  
234  186  
234  187  
234  188  
234  189  
184  96  
185  96  
186  96  
187  96  
188  96  
189  96  
190  96  
191  96  
192  96  
193  96  
194  96  
195  96  
173  97  
174  97  
175  97  
176  97  
177  97  
178  97  
179  97  
180  97  
181  97  
182  97  
183  97  
156  98  
157  98  
158  98  
159  98  
160  98  
161  98  
162  98  
163  98  
164  98  
165  98  
166  98  
167  98  
168  98  
169  98  
170  98  
171  98  
172  98  
140  99  
141  99  
142  99  
143  99  
144  99  
145  99  
146  99  
147  99  
148  99  
149  99  
150  99  
151  99  
152  99  
153  99  
154  99  
155  99  
126  100  
127  100  
128  100  
129  100  
130  100  
131  100  
132  100  
133  100  
134  100  
135  100  
136  100  
137  100  
138  100  
139  100  
116  101  
117  101  
118  101  
119  101  
120  101  
121  101  
122  101  
123  101  
124  101  
125  101  
100  102  
101  102  
102  102  
103  102  
104  102  
105  102  
106  102  
107  102  
108  102  
109  102  
110  102  
111  102  
112  102  
113  102  
114  102  
115  102  
88  103  
89  103  
90  103  
91  103  
92  103  
93  103  
94  103  
95  103  
96  103  
97  103  
98  103  
99  103  
72  104  
73  104  
74  104  
75  104  
76  104  
77  104  
78  104  
79  104  
80  104  
81  104  
82  104  
83  104  
84  104  
85  104  
86  104  
87  104  
56  105  
57  105  
58  105  
59  105  
60  105  
61  105  
62  105  
63  105  
64  105  
65  105  
66  105  
67  105  
68  105  
69  105  
70  105  
71  105  
37  106  
38  106  
39  106  
40  106  
41  106  
42  106  
43  106  
44  106  
45  106  
46  106  
47  106  
48  106  
49  106  
50  106  
51  106  
52  106  
53  106  
54  106  
55  106  
32  107  
33  107  
34  107  
35  107  
36  107  
201  102  
201  103  
202  104  
202  105  
202  106  
202  107  
202  108  
202  109  
202  110  
202  111  
202  112  
202  113  
202  114  
202  115  
202  116  
202  117  
202  118  
202  119  
202  120  
202  121  
202  122  
202  123  
202  124  
202  125  
202  126  
202  127  
202  128  
203  129  
203  130  
203  131  
203  132  
203  133  
203  134  
203  135  
203  136  
203  137  
203  138  
203  139  
203  140  
203  141  
203  142  
203  143  
203  144  
203  145  
203  146  
203  147  
203  148  
203  149  
203  150  
203  151  
203  152  
203  153  
203  154  
203  155  
203  156  
203  157  
203  158  
203  159  
203  160  
203  161  
204  162  
204  163  
204  164  
204  165  
204  166  
204  167  
204  168  
204  169  
204  170  
204  171  
204  172  
204  173  
204  174  
204  175  
204  176  
204  177  
397  139  
396  140  
396  141  
396  142  
396  143  
396  144  
397  145  
397  146  
397  147  
397  148  
397  149  
397  150  
397  151  
397  152  
397  153  
397  154  
398  155  
398  156  
398  157  
398  158  
398  159  
398  160  
398  161  
398  162  
398  163  
398  164  
398  165  
398  166  
341  142  
342  142  
343  142  
344  142  
345  142  
346  142  
347  142  
348  142  
349  142  
350  142  
351  142  
352  142  
353  142  
354  142  
355  142  
356  142  
357  142  
358  142  
359  142  
360  142  
361  142  
339  143  
340  143  
296  145  
297  145  
298  145  
299  145  
300  145  
301  145  
302  145  
303  145  
304  145  
305  145  
306  145  
307  145  
308  145  
309  145  
274  146  
275  146  
276  146  
277  146  
278  146  
279  146  
280  146  
281  146  
282  146  
283  146  
284  146  
285  146  
286  146  
287  146  
288  146  
289  146  
290  146  
291  146  
292  146  
293  146  
294  146  
295  146  
271  147  
272  147  
273  147  
358  150  
359  150  
360  150  
361  150  
362  150  
363  150  
364  150  
365  150  
366  150  
367  150  
368  150  
369  150  
370  150  
371  150  
345  151  
346  151  
347  151  
348  151  
349  151  
350  151  
351  151  
352  151  
353  151  
354  151  
355  151  
356  151  
357  151  
382  157  
382  158  
382  159  
383  160  
383  161  
383  162  
383  163  
383  164  
383  165  
383  166  
383  167  
383  168  
383  169  
383  170  
383  171  
383  172  
383  173  
383  174  
383  175  
383  176  
383  177  
383  178  
383  179  
383  180  
383  181  
384  182  
384  183  
384  184  
384  185  
384  186  
384  187  
384  188  
384  189  
384  190  
384  191  
384  192  
384  193  
384  194  
384  195  
384  196  
384  197  
384  198  
384  199  
384  200  
384  201  
384  202  
384  203  
384  204  
384  205  
284  160  
284  161  
284  162  
284  163  
284  164  
284  165  
284  166  
284  167  
284  168  
284  169  
284  170  
284  171  
284  172  
284  173  
284  174  
284  175  
284  176  
284  177  
284  178  
284  179  
284  180  
285  181  
285  182  
285  183  
285  184  
285  185  
285  186  
285  187  
285  188  
285  189  
285  190  
285  191  
285  192  
285  193  
285  194  
285  195  
285  196  
285  197  
285  198  
285  199  
285  200  
285  201  
285  202  
285  203  
285  204  
285  205  
285  206  
285  207  
285  208  
285  209  
285  210  
285  211  
285  212  
285  213  
272  164  
272  165  
272  166  
272  167  
272  168  
272  169  
272  170  
272  171  
272  172  
272  173  
272  174  
273  175  
273  176  
273  177  
273  178  
273  179  
273  180  
273  181  
273  182  
273  183  
273  184  
273  185  
273  186  
273  187  
273  188  
273  189  
273  190  
273  191  
273  192  
273  193  
273  194  
273  195  
273  196  
273  197  
273  198  
273  199  
273  200  
273  201  
273  202  
273  203  
273  204  
273  205  
273  206  
273  207  
274  208  
274  209  
274  210  
274  211  
274  212  
372  168  
372  169  
372  170  
372  171  
372  172  
372  173  
372  174  
372  175  
372  176  
372  177  
372  178  
372  179  
372  180  
372  181  
372  182  
372  183  
372  184  
372  185  
372  186  
372  187  
372  188  
372  189  
372  190  
372  191  
372  192  
372  193  
372  194  
372  195  
372  196  
372  197  
373  198  
373  199  
373  200  
373  201  
373  202  
373  203  
373  204  
373  205  
373  206  
373  207  
373  208  
180  185  
181  185  
182  185  
183  185  
184  185  
185  185  
186  185  
187  185  
188  185  
189  185  
190  185  
191  185  
192  185  
193  185  
194  185  
195  185  
196  185  
169  186  
170  186  
171  186  
172  186  
173  186  
174  186  
175  186  
176  186  
177  186  
178  186  
179  186  
152  187  
153  187  
154  187  
155  187  
156  187  
157  187  
158  187  
159  187  
160  187  
161  187  
162  187  
163  187  
164  187  
165  187  
166  187  
167  187  
168  187  
139  188  
140  188  
141  188  
142  188  
143  188  
144  188  
145  188  
146  188  
147  188  
148  188  
149  188  
150  188  
151  188  
122  189  
123  189  
124  189  
125  189  
126  189  
127  189  
128  189  
129  189  
130  189  
131  189  
132  189  
133  189  
134  189  
135  189  
136  189  
137  189  
138  189  
106  190  
107  190  
108  190  
109  190  
110  190  
111  190  
112  190  
113  190  
114  190  
115  190  
116  190  
117  190  
118  190  
119  190  
120  190  
121  190  
87  191  
88  191  
89  191  
90  191  
91  191  
92  191  
93  191  
94  191  
95  191  
96  191  
97  191  
98  191  
99  191  
100  191  
101  191  
102  191  
103  191  
104  191  
105  191  
55  192  
56  192  
57  192  
58  192  
59  192  
60  192  
61  192  
62  192  
63  192  
64  192  
65  192  
66  192  
67  192  
68  192  
69  192  
70  192  
71  192  
72  192  
73  192  
74  192  
75  192  
76  192  
77  192  
78  192  
79  192  
80  192  
81  192  
82  192  
83  192  
84  192  
85  192  
86  192  
32  193  
33  193  
34  193  
35  193  
36  193  
37  193  
38  193  
39  193  
40  193  
41  193  
42  193  
43  193  
44  193  
45  193  
46  193  
47  193  
48  193  
49  193  
50  193  
51  193  
52  193  
53  193  
54  193  
232  191  
219  192  
220  192  
221  192  
222  192  
223  192  
224  192  
225  192  
226  192  
227  192  
228  192  
229  192  
230  192  
231  192  
202  193  
203  193  
204  193  
205  193  
206  193  
207  193  
208  193  
209  193  
210  193  
211  193  
212  193  
213  193  
214  193  
215  193  
216  193  
217  193  
218  193  
183  194  
184  194  
185  194  
186  194  
187  194  
188  194  
189  194  
190  194  
191  194  
192  194  
193  194  
194  194  
195  194  
196  194  
197  194  
198  194  
199  194  
200  194  
201  194  
163  195  
164  195  
165  195  
166  195  
167  195  
168  195  
169  195  
170  195  
171  195  
172  195  
173  195  
174  195  
175  195  
176  195  
177  195  
178  195  
179  195  
180  195  
181  195  
182  195  
147  196  
148  196  
149  196  
150  196  
151  196  
152  196  
153  196  
154  196  
155  196  
156  196  
157  196  
158  196  
159  196  
160  196  
161  196  
162  196  
226  196  
227  196  
228  196  
229  196  
230  196  
231  196  
232  196  
214  197  
215  197  
216  197  
217  197  
218  197  
219  197  
220  197  
221  197  
222  197  
223  197  
224  197  
225  197  
191  198  
192  198  
193  198  
194  198  
195  198  
196  198  
197  198  
198  198  
199  198  
200  198  
201  198  
202  198  
203  198  
204  198  
205  198  
206  198  
207  198  
208  198  
209  198  
210  198  
211  198  
212  198  
213  198  
164  199  
165  199  
166  199  
167  199  
168  199  
169  199  
170  199  
171  199  
172  199  
173  199  
174  199  
175  199  
176  199  
177  199  
178  199  
179  199  
180  199  
181  199  
182  199  
183  199  
184  199  
185  199  
186  199  
187  199  
188  199  
189  199  
190  199  
144  200  
145  200  
146  200  
147  200  
148  200  
149  200  
150  200  
151  200  
152  200  
153  200  
154  200  
155  200  
156  200  
157  200  
158  200  
159  200  
160  200  
161  200  
162  200  
163  200  
87  201  
88  201  
89  201  
90  201  
91  201  
92  201  
93  201  
94  201  
95  201  
96  201  
97  201  
98  201  
99  201  
100  201  
101  201  
102  201  
103  201  
104  201  
105  201  
106  201  
107  201  
108  201  
109  201  
110  201  
111  201  
112  201  
113  201  
114  201  
115  201  
116  201  
117  201  
118  201  
119  201  
120  201  
121  201  
122  201  
123  201  
124  201  
125  201  
126  201  
127  201  
128  201  
129  201  
130  201  
131  201  
132  201  
133  201  
134  201  
135  201  
136  201  
137  201  
138  201  
139  201  
140  201  
141  201  
142  201  
143  201  
58  202  
59  202  
60  202  
61  202  
62  202  
63  202  
64  202  
65  202  
66  202  
67  202  
68  202  
69  202  
70  202  
71  202  
72  202  
73  202  
74  202  
75  202  
76  202  
77  202  
78  202  
79  202  
80  202  
81  202  
82  202  
83  202  
84  202  
85  202  
86  202  
37  203  
38  203  
39  203  
40  203  
41  203  
42  203  
43  203  
44  203  
45  203  
46  203  
47  203  
48  203  
49  203  
50  203  
51  203  
52  203  
53  203  
54  203  
55  203  
56  203  
57  203  
32  204  
33  204  
34  204  
35  204  
36  204  
229  206  
230  206  
231  206  
232  206  
233  206  
234  206  
235  206  
236  206  
237  206  
238  206  
239  206  
214  207  
215  207  
216  207  
217  207  
218  207  
219  207  
220  207  
221  207  
222  207  
223  207  
224  207  
225  207  
226  207  
227  207  
228  207  
194  208  
195  208  
196  208  
197  208  
198  208  
199  208  
200  208  
201  208  
202  208  
203  208  
204  208  
205  208  
206  208  
207  208  
208  208  
209  208  
210  208  
211  208  
212  208  
213  208  
174  209  
175  209  
176  209  
177  209  
178  209  
179  209  
180  209  
181  209  
182  209  
183  209  
184  209  
185  209  
186  209  
187  209  
188  209  
189  209  
190  209  
191  209  
192  209  
193  209  
152  210  
153  210  
154  210  
155  210  
156  210  
157  210  
158  210  
159  210  
160  210  
161  210  
162  210  
163  210  
164  210  
165  210  
166  210  
167  210  
168  210  
169  210  
170  210  
171  210  
172  210  
173  210  
131  211  
132  211  
133  211  
134  211  
135  211  
136  211  
137  211  
138  211  
139  211  
140  211  
141  211  
142  211  
143  211  
144  211  
145  211  
146  211  
147  211  
148  211  
149  211  
150  211  
151  211  
118  212  
119  212  
120  212  
121  212  
122  212  
123  212  
124  212  
125  212  
126  212  
127  212  
128  212  
129  212  
130  212  
99  213  
100  213  
101  213  
102  213  
103  213  
104  213  
105  213  
106  213  
107  213  
108  213  
109  213  
110  213  
111  213  
112  213  
113  213  
114  213  
115  213  
116  213  
117  213  
79  214  
80  214  
81  214  
82  214  
83  214  
84  214  
85  214  
86  214  
87  214  
88  214  
89  214  
90  214  
91  214  
92  214  
93  214  
94  214  
95  214  
96  214  
97  214  
98  214  
59  215  
60  215  
61  215  
62  215  
63  215  
64  215  
65  215  
66  215  
67  215  
68  215  
69  215  
70  215  
71  215  
72  215  
73  215  
74  215  
75  215  
76  215  
77  215  
78  215  
38  216  
39  216  
40  216  
41  216  
42  216  
43  216  
44  216  
45  216  
46  216  
47  216  
48  216  
49  216  
50  216  
51  216  
52  216  
53  216  
54  216  
55  216  
56  216  
57  216  
58  216  
32  217  
33  217  
34  217  
35  217  
36  217  
37  217  
371  212  
372  212  
373  212  
374  212  
375  212  
376  212  
377  212  
356  213  
357  213  
358  213  
359  213  
360  213  
361  213  
362  213  
363  213  
364  213  
365  213  
366  213  
367  213  
368  213  
369  213  
370  213  
335  214  
336  214  
337  214  
338  214  
339  214  
340  214  
341  214  
342  214  
343  214  
344  214  
345  214  
346  214  
347  214  
348  214  
349  214  
350  214  
351  214  
352  214  
353  214  
354  214  
355  214  
320  215  
321  215  
322  215  
323  215  
324  215  
325  215  
326  215  
327  215  
328  215  
329  215  
330  215  
331  215  
332  215  
333  215  
334  215  
309  216  
310  216  
311  216  
312  216  
313  216  
314  216  
315  216  
316  216  
317  216  
318  216  
319  216  
285  217  
286  217  
287  217  
288  217  
289  217  
290  217  
291  217  
292  217  
293  217  
294  217  
295  217  
296  217  
297  217  
298  217  
299  217  
300  217  
301  217  
302  217  
303  217  
304  217  
305  217  
306  217  
307  217  
308  217  
282  218  
283  218  
284  218  
386  219  
387  219  
388  219  
372  220  
373  220  
374  220  
375  220  
376  220  
377  220  
378  220  
379  220  
380  220  
381  220  
382  220  
383  220  
384  220  
385  220  
357  221  
358  221  
359  221  
360  221  
361  221  
362  221  
363  221  
364  221  
365  221  
366  221  
367  221  
368  221  
369  221  
370  221  
371  221  
337  222  
338  222  
339  222  
340  222  
341  222  
342  222  
343  222  
344  222  
345  222  
346  222  
347  222  
348  222  
349  222  
350  222  
351  222  
352  222  
353  222  
354  222  
355  222  
356  222  
322  223  
323  223  
324  223  
325  223  
326  223  
327  223  
328  223  
329  223  
330  223  
331  223  
332  223  
333  223  
334  223  
335  223  
336  223  
306  224  
307  224  
308  224  
309  224  
310  224  
311  224  
312  224  
313  224  
314  224  
315  224  
316  224  
317  224  
318  224  
319  224  
320  224  
321  224  
390  227  
391  227  
392  227  
393  227  
394  227  
368  228  
369  228  
370  228  
371  228  
372  228  
373  228  
374  228  
375  228  
376  228  
377  228  
378  228  
379  228  
380  228  
381  228  
382  228  
383  228  
384  228  
385  228  
386  228  
387  228  
388  228  
389  228  
395  228  
353  229  
354  229  
355  229  
356  229  
357  229  
358  229  
359  229  
360  229  
361  229  
362  229  
363  229  
364  229  
365  229  
366  229  
367  229  
335  230  
336  230  
337  230  
338  230  
339  230  
340  230  
341  230  
342  230  
343  230  
344  230  
345  230  
346  230  
347  230  
348  230  
349  230  
350  230  
351  230  
352  230  
316  231  
317  231  
318  231  
319  231  
320  231  
321  231  
322  231  
323  231  
324  231  
325  231  
326  231  
327  231  
328  231  
329  231  
330  231  
331  231  
332  231  
333  231  
334  231  
301  232  
302  232  
303  232  
304  232  
305  232  
306  232  
307  232  
308  232  
309  232  
310  232  
311  232  
312  232  
313  232  
314  232  
315  232  
284  233  
285  233  
286  233  
287  233  
288  233  
289  233  
290  233  
291  233  
292  233  
293  233  
294  233  
295  233  
296  233  
297  233  
298  233  
299  233  
300  233  
265  234  
266  234  
267  234  
268  234  
269  234  
270  234  
271  234  
272  234  
273  234  
274  234  
275  234  
276  234  
277  234  
278  234  
279  234  
280  234  
281  234  
282  234  
283  234  
368  236  
369  236  
370  236  
371  236  
372  236  
373  236  
374  236  
375  236  
376  236  
377  236  
378  236  
379  236  
380  236  
381  236  
382  236  
383  236  
384  236  
347  237  
348  237  
349  237  
350  237  
351  237  
352  237  
353  237  
354  237  
355  237  
356  237  
357  237  
358  237  
359  237  
360  237  
361  237  
362  237  
363  237  
364  237  
365  237  
366  237  
367  237  
323  238  
324  238  
325  238  
326  238  
327  238  
328  238  
329  238  
330  238  
331  238  
332  238  
333  238  
334  238  
335  238  
336  238  
337  238  
338  238  
339  238  
340  238  
341  238  
342  238  
343  238  
344  238  
345  238  
346  238  
308  239  
309  239  
310  239  
311  239  
312  239  
313  239  
314  239  
315  239  
316  239  
317  239  
318  239  
319  239  
320  239  
321  239  
322  239  
288  240  
289  240  
290  240  
291  240  
292  240  
293  240  
294  240  
295  240  
296  240  
297  240  
298  240  
299  240  
300  240  
301  240  
302  240  
303  240  
304  240  
305  240  
306  240  
307  240  
271  241  
272  241  
273  241  
274  241  
275  241  
276  241  
277  241  
278  241  
279  241  
280  241  
281  241  
282  241  
283  241  
284  241  
285  241  
286  241  
287  241  
393  315  
394  315  
395  315  
396  315  
397  315  
398  315  
399  315  
373  316  
374  316  
375  316  
376  316  
377  316  
378  316  
379  316  
380  316  
381  316  
382  316  
383  316  
384  316  
385  316  
386  316  
387  316  
388  316  
389  316  
390  316  
391  316  
392  316  
329  317  
330  317  
331  317  
332  317  
333  317  
334  317  
335  317  
336  317  
337  317  
338  317  
339  317  
340  317  
341  317  
342  317  
343  317  
344  317  
345  317  
346  317  
347  317  
348  317  
349  317  
350  317  
351  317  
352  317  
353  317  
354  317  
355  317  
356  317  
357  317  
358  317  
359  317  
360  317  
361  317  
362  317  
363  317  
364  317  
365  317  
366  317  
367  317  
368  317  
369  317  
370  317  
371  317  
372  317  
277  318  
278  318  
279  318  
280  318  
281  318  
282  318  
283  318  
284  318  
285  318  
286  318  
287  318  
288  318  
289  318  
290  318  
291  318  
292  318  
293  318  
294  318  
295  318  
296  318  
297  318  
298  318  
299  318  
300  318  
301  318  
302  318  
303  318  
304  318  
305  318  
306  318  
307  318  
308  318  
309  318  
310  318  
311  318  
312  318  
313  318  
314  318  
315  318  
316  318  
317  318  
318  318  
319  318  
320  318  
321  318  
322  318  
323  318  
324  318  
325  318  
326  318  
327  318  
328  318  
212  324  
213  324  
214  324  
215  324  
216  324  
217  324  
218  324  
219  324  
220  324  
221  324  
222  324  
223  324  
224  324  
225  324  
226  324  
227  324  
228  324  
229  324  
230  324  
231  324  
405  325  
405  326  
405  327  
405  328  
405  329  
405  330  
405  331  
406  332  
406  333  
406  334  
406  335  
406  336  
406  337  
406  338  
406  339  
406  340  
406  341  
406  342  
406  343  
406  344  
406  345  
406  346  
406  347  
323  326  
324  326  
325  326  
326  326  
327  326  
328  326  
329  326  
330  326  
331  326  
332  326  
333  326  
334  326  
335  326  
336  326  
337  326  
338  326  
339  326  
340  326  
341  326  
342  326  
343  326  
344  326  
345  326  
322  327  
346  327  
322  328  
346  328  
322  329  
346  329  
322  330  
346  330  
238  330  
238  331  
238  332  
238  333  
238  334  
238  335  
238  336  
238  337  
238  338  
238  339  
238  340  
238  341  
238  342  
238  343  
238  344  
238  345  
238  346  
238  347  
238  348  
238  349  
238  350  
238  351  
238  352  
238  353  
239  354  
239  355  
239  356  
239  357  
239  358  
239  359  
239  360  
239  361  
239  362  
239  363  
239  364  
239  365  
239  366  
239  367  
239  368  
239  369  
239  370  
239  371  
239  372  
239  373  
239  374  
239  375  
239  376  
239  377  
239  378  
239  379  
239  380  
239  381  
239  382  
239  383  
239  384  
239  385  
240  386  
240  387  
240  388  
240  389  
240  390  
240  391  
240  392  
240  393  
240  394  
240  395  
240  396  
240  397  
206  331  
206  332  
206  333  
206  334  
206  335  
206  336  
206  337  
206  338  
206  339  
206  340  
206  341  
206  342  
206  343  
206  344  
206  345  
206  346  
206  347  
206  348  
206  349  
207  350  
207  351  
207  352  
207  353  
207  354  
207  355  
207  356  
207  357  
207  358  
207  359  
207  360  
207  361  
207  362  
207  363  
207  364  
207  365  
207  366  
207  367  
207  368  
207  369  
207  370  
207  371  
207  372  
207  373  
207  374  
207  375  
207  376  
207  377  
207  378  
207  379  
208  380  
208  381  
208  382  
208  383  
208  384  
208  385  
208  386  
208  387  
208  388  
208  389  
208  390  
208  391  
208  392  
208  393  
208  394  
208  395  
208  396  
208  397  
208  398  
353  332  
354  332  
355  332  
356  332  
304  333  
305  333  
306  333  
307  333  
308  333  
309  333  
310  333  
311  333  
312  333  
313  333  
314  333  
315  333  
316  333  
317  333  
318  333  
319  333  
320  333  
321  333  
322  333  
323  333  
324  333  
325  333  
326  333  
327  333  
328  333  
329  333  
330  333  
331  333  
332  333  
333  333  
334  333  
335  333  
336  333  
337  333  
338  333  
339  333  
340  333  
341  333  
342  333  
343  333  
344  333  
345  333  
346  333  
347  333  
348  333  
349  333  
350  333  
351  333  
352  333  
283  334  
284  334  
285  334  
286  334  
287  334  
288  334  
289  334  
290  334  
291  334  
292  334  
293  334  
294  334  
295  334  
296  334  
297  334  
298  334  
299  334  
300  334  
301  334  
302  334  
303  334  
279  338  
279  339  
279  340  
279  341  
279  342  
279  343  
279  344  
279  345  
279  346  
279  347  
279  348  
279  349  
279  350  
279  351  
279  352  
279  353  
279  354  
279  355  
279  356  
279  357  
279  358  
279  359  
280  360  
280  361  
280  362  
280  363  
280  364  
280  365  
280  366  
280  367  
280  368  
280  369  
280  370  
280  371  
280  372  
280  373  
280  374  
280  375  
280  376  
280  377  
280  378  
280  379  
280  380  
280  381  
280  382  
280  383  
280  384  
280  385  
280  386  
280  387  
280  388  
280  389  
280  390  
280  391  
391  338  
391  339  
391  340  
391  341  
391  342  
391  343  
391  344  
391  345  
391  346  
391  347  
391  348  
391  349  
391  350  
391  351  
391  352  
391  353  
391  354  
391  355  
391  356  
391  357  
391  358  
391  359  
391  360  
391  361  
391  362  
391  363  
391  364  
391  365  
391  366  
391  367  
391  368  
392  369  
392  370  
392  371  
392  372  
392  373  
392  374  
392  375  
392  376  
392  377  
392  378  
392  379  
392  380  
392  381  
392  382  
392  383  
392  384  
392  385  
392  386  
392  387  
265  375  
265  376  
265  377  
265  378  
265  379  
266  380  
266  381  
266  382  
266  383  
266  384  
266  385  
266  386  
266  387  
266  388  
266  389  
266  390  
266  391  
266  392  
266  393  
266  394  
266  395  
266  396  
266  397  
266  398  
266  399  
266  400  
266  401  
267  402  
267  403  
298  394  
299  394  
300  394  
301  394  
302  394  
303  394  
304  394  
305  394  
306  394  
307  394  
308  394  
309  394  
310  394  
311  394  
312  394  
313  394  
314  394  
315  394  
316  394  
317  394  
318  394  
319  394  
320  394  
321  394  
322  394  
323  394  
324  394  
325  394  
326  394  
327  394  
328  394  
329  394  
330  394  
331  394  
332  394  
333  394  
334  394  
335  394  
336  394  
337  394  
338  394  
339  394  
340  394  
341  394  
342  394  
343  394  
344  394  
345  394  
346  394  
347  394  
348  394  
349  394  
350  394  
351  394  
352  394  
353  394  
354  394  
355  394  
356  394  
357  394  
358  394  
359  394  
360  394  
361  394  
362  394  
363  394  
364  394  
365  394  
366  394  
367  394  
368  394  
369  394  
370  394  
371  394  
372  394  
373  394  
374  394  
375  394  
376  394  
377  394  
378  394  
379  394  
380  394  
381  394  
382  394  
383  394  
384  394  
385  394  
285  395  
286  395  
287  395  
288  395  
289  395  
290  395  
291  395  
292  395  
293  395  
294  395  
295  395  
296  395  
297  395  
383  409  
384  409  
274  410  
275  410  
276  410  
277  410  
278  410  
279  410  
280  410  
281  410  
282  410  
283  410  
284  410  
285  410  
286  410  
287  410  
288  410  
289  410  
290  410  
291  410  
292  410  
293  410  
294  410  
295  410  
296  410  
297  410  
298  410  
299  410  
300  410  
301  410  
302  410  
303  410  
304  410  
305  410  
306  410  
307  410  
308  410  
309  410  
310  410  
311  410  
312  410  
313  410  
314  410  
315  410  
316  410  
317  410  
318  410  
319  410  
320  410  
321  410  
322  410  
323  410  
324  410  
325  410  
326  410  
327  410  
328  410  
329  410  
330  410  
331  410  
332  410  
333  410  
334  410  
335  410  
336  410  
337  410  
338  410  
339  410  
340  410  
341  410  
342  410  
343  410  
344  410  
345  410  
346  410  
347  410  
348  410  
349  410  
350  410  
351  410  
352  410  
353  410  
354  410  
355  410  
356  410  
357  410  
358  410  
359  410  
360  410  
361  410  
362  410  
363  410  
364  410  
365  410  
366  410  
367  410  
368  410  
369  410  
370  410  
371  410  
372  410  
373  410  
374  410  
375  410  
376  410  
377  410  
378  410  
379  410  
380  410  
381  410  
382  410  
273  411  
273  412  
206  474  
207  474  
208  474  
209  474  
210  474  
211  474  
212  474  
213  474  
214  474  
215  474  
216  474  
217  474  
218  474  
219  474  
220  474  
221  474  
222  474  
223  474  
224  474  
225  474  
200  481  
200  482  
200  483  
200  484  
200  485  
200  486  
200  487  
200  488  
200  489  
200  490  
200  491  
200  492  
200  493  
200  494  
200  495  
200  496  
200  497  
200  498  
200  499  
200  500  
200  501  
201  502  
201  503  
201  504  
201  505  
201  506  
201  507  
201  508  
201  509  
201  510  
201  511  
201  512  
201  513  
201  514  
201  515  
201  516  
201  517  
201  518  
201  519  
201  520  
201  521  
201  522  
201  523  
201  524  
201  525  
201  526  
202  527  
202  528  
202  529  
202  530  
202  531  
202  532  
202  533  
202  534  
202  535  
202  536  
245  481  
245  482  
246  483  
246  484  
246  485  
246  486  
246  487  
246  488  
246  489  
246  490  
246  491  
246  492  
246  493  
246  494  
246  495  
246  496  
246  497  
246  498  
246  499  
246  500  
246  501  
246  502  
246  503  
246  504  
246  505  
246  506  
247  507  
247  508  
247  509  
247  510  
247  511  
247  512  
247  513  
247  514  
247  515  
247  516  
247  517  
247  518  
247  519  
247  520  
247  521  
247  522  
248  523  
248  524  
248  525  
248  526  
248  527  
248  528  
248  529  
248  530  
248  531  
248  532  
248  533  
248  534  
248  535  
345  481  
346  481  
347  481  
348  481  
349  481  
350  481  
351  481  
352  481  
353  481  
354  481  
355  481  
356  481  
357  481  
358  481  
359  481  
360  481  
361  481  
362  481  
363  481  
364  481  
326  482  
327  482  
328  482  
329  482  
330  482  
331  482  
332  482  
333  482  
334  482  
335  482  
336  482  
337  482  
338  482  
339  482  
340  482  
341  482  
342  482  
343  482  
344  482  
365  482  
366  482  
367  482  
368  482  
369  482  
370  482  
371  482  
372  482  
373  482  
374  482  
375  482  
376  482  
377  482  
378  482  
379  482  
380  482  
381  482  
382  482  
383  482  
384  482  
385  482  
386  482  
387  482  
388  482  
389  482  
390  482  
391  482  
392  482  
393  482  
394  482  
395  482  
396  482  
397  482  
284  482  
285  482  
286  482  
287  482  
288  482  
289  482  
290  482  
291  482  
292  482  
293  482  
294  482  
295  482  
296  482  
297  482  
298  482  
299  482  
300  482  
301  482  
302  482  
303  482  
304  482  
305  482  
306  482  
307  482  
308  482  
309  482  
310  482  
311  482  
312  482  
313  482  
314  482  
315  482  
316  482  
317  482  
318  482  
319  482  
320  482  
321  482  
322  482  
323  482  
279  495  
280  495  
281  495  
282  495  
283  495  
284  495  
285  495  
286  495  
287  495  
288  495  
289  495  
290  495  
291  495  
292  495  
293  495  
294  495  
295  495  
296  495  
297  495  
298  495  
299  495  
300  495  
301  495  
302  495  
303  495  
304  495  
305  495  
306  495  
307  495  
308  495  
309  495  
310  495  
311  495  
312  495  
313  495  
314  495  
315  495  
316  495  
317  495  
318  495  
319  495  
320  495  
321  495  
322  495  
323  495  
324  495  
325  495  
326  495  
327  495  
328  495  
329  495  
330  495  
331  495  
332  495  
333  495  
334  495  
335  495  
336  495  
337  495  
338  495  
339  495  
340  495  
341  495  
342  495  
343  495  
344  495  
345  495  
346  495  
347  495  
348  495  
349  495  
350  495  
351  495  
352  495  
353  495  
354  495  
355  495  
356  495  
357  495  
358  495  
359  495  
360  495  
361  495  
362  495  
363  495  
364  495  
365  495  
366  495  
367  495  
368  495  
369  495  
370  495  
371  495  
372  495  
373  495  
374  495  
375  495  
376  495  
377  495  
378  495  
379  495  
380  495  
381  495  
382  495  
383  495  
384  495  
385  495  
386  495  
387  495  
388  495  
389  495  
390  495  
391  495  
392  495  
393  495  
394  495  
395  495  
396  495  
397  495  
398  495  
399  495  
400  495  
401  495  
402  495  
403  495  
404  495  
405  495  
406  495  
280  499  
281  499  
282  499  
283  499  
284  499  
285  499  
286  499  
287  499  
288  499  
289  499  
290  499  
291  499  
292  499  
293  499  
294  499  
295  499  
296  499  
297  499  
298  499  
299  499  
300  500  
301  500  
302  500  
303  500  
304  500  
326  499  
327  499  
332  499  
333  499  
334  499  
335  499  
336  499  
337  499  
338  499  
339  499  
340  499  
341  499  
342  499  
343  499  
344  499  
345  499  
346  499  
347  499  
348  499  
349  499  
350  499  
351  499  
352  499  
353  499  
354  499  
355  499  
356  499  
357  499  
358  499  
359  499  
360  499  
361  499  
362  499  
363  499  
364  499  
365  499  
366  499  
367  499  
368  499  
369  499  
370  499  
371  499  
372  499  
373  499  
374  499  
375  499  
376  499  
377  499  
378  499  
379  499  
380  499  
381  499  
382  499  
383  499  
384  499  
385  499  
386  499  
387  499  
388  499  
389  499  
390  499  
391  499  
392  499  
393  499  
394  499  
395  499  
396  499  
397  499  
398  499  
399  499  
323  500  
324  500  
325  500  
328  500  
329  500  
330  500  
331  500  
331  509  
330  510  
323  511  
324  511  
325  511  
326  511  
327  511  
328  511  
329  511  
295  512  
296  512  
297  512  
298  512  
299  512  
300  512  
301  512  
302  512  
303  512  
304  512  
305  512  
306  512  
307  512  
308  512  
309  512  
310  512  
311  512  
312  512  
313  512  
314  512  
315  512  
316  512  
317  512  
318  512  
319  512  
320  512  
321  512  
322  512  
362  510  
363  510  
364  510  
365  510  
366  510  
367  510  
368  510  
369  510  
370  510  
371  510  
372  510  
373  510  
374  510  
375  510  
376  510  
377  510  
378  510  
379  511  
380  511  
381  511  
382  511  
383  511  
384  511  
385  511  
386  511  
387  512  
388  512  
389  512  
390  512  
391  512  
392  512  
393  512  
273  512  
273  513  
273  514  
273  515  
273  516  
273  517  
273  518  
273  519  
273  520  
273  521  
273  522  
273  523  
273  524  
273  525  
273  526  
274  527  
274  528  
274  529  
274  530  
274  531  
274  532  
274  533  
274  534  
274  535  
274  536  
274  537  
274  538  
274  539  
274  540  
275  541  
275  542  
275  543  
275  544  
275  545  
275  546  
275  547  
275  548  
275  549  
275  550  
275  551  
275  552  
275  553  
275  554  
275  555  
400  519  
400  520  
400  521  
400  522  
400  523  
401  524  
401  525  
401  526  
401  527  
401  528  
401  529  
401  530  
401  531  
401  532  
401  533  
401  534  
401  535  
401  536  
401  537  
401  538  
402  539  
402  540  
402  541  
402  542  
402  543  
402  544  
402  545  
402  546  
402  547  
402  548  
402  549  
402  550  
402  551  
402  552  
402  553  
402  554  
402  555  
402  556  
402  557  
402  558  
402  559  
402  560  
402  561  
403  562  
403  563  
403  564  
403  565  
403  566  
403  567  
403  568  
403  569  
288  521  
289  522  
289  523  
289  524  
289  525  
289  526  
289  527  
289  528  
289  529  
289  530  
289  531  
289  532  
289  533  
289  534  
289  535  
289  536  
289  537  
289  538  
289  539  
289  540  
289  541  
289  542  
289  543  
289  544  
289  545  
289  546  
289  547  
289  548  
290  549  
290  550  
290  551  
290  552  
290  553  
290  554  
290  555  
290  556  
290  557  
290  558  
290  559  
290  560  
290  561  
290  562  
290  563  
290  564  
290  565  
290  566  
291  567  
291  568  
291  569  
220  543  
221  543  
222  543  
223  543  
224  543  
225  543  
226  543  
227  543  
228  543  
229  543  
230  543  
231  543  
232  543  
233  543  
234  543  
235  543  
236  543  
237  543  
238  543  
239  543  
240  543  
388  546  
388  547  
388  548  
388  549  
388  550  
389  551  
389  552  
389  553  
389  554  
389  555  
389  556  
389  557  
389  558  
389  559  
389  560  
389  561  
389  562  
389  563  
389  564  
389  565  
389  566  
389  567  
390  568  
390  569  
389  570  
389  571  
389  572  
298  575  
299  575  
300  575  
301  575  
302  575  
303  575  
304  575  
305  575  
306  575  
307  575  
308  575  
309  575  
310  575  
311  575  
312  575  
313  575  
314  575  
315  575  
316  575  
317  575  
318  575  
319  575  
320  575  
321  575  
322  575  
323  575  
324  575  
325  575  
326  575  
327  575  
328  575  
329  575  
330  575  
331  575  
332  575  
333  575  
334  575  
335  575  
336  576  
337  576  
338  576  
339  576  
340  576  
341  576  
342  576  
343  576  
344  576  
345  576  
346  576  
347  576  
348  576  
349  576  
350  576  
351  576  
352  576  
353  576  
354  576  
355  576  
356  576  
357  576  
358  576  
359  576  
360  576  
361  576  
362  576  
363  576  
364  576  
365  576  
366  576  
367  576  
368  576  
369  576  
370  576  
371  576  
372  576  
373  576  
374  576  
375  576  
376  576  
377  576  
378  576  
379  576  
380  576  
381  576  
382  576  
383  576  
384  576  
385  576  
386  576  
387  576  
388  576  
389  576  
390  576  
391  576  
392  576  
393  576  
394  576  
395  576  
396  576  
