38  32  
38  33  
38  34  
39  35  
39  36  
39  37  
40  38  
40  39  
40  40  
41  41  
41  42  
41  43  
41  44  
42  45  
42  46  
42  47  
43  48  
43  49  
43  50  
44  51  
44  52  
44  53  
44  54  
45  55  
45  56  
45  57  
46  58  
46  59  
46  60  
46  61  
47  62  
47  63  
47  64  
48  65  
48  66  
48  67  
49  68  
49  69  
49  70  
49  71  
50  72  
50  73  
50  74  
51  75  
51  76  
51  77  
52  78  
52  79  
52  80  
52  81  
53  82  
53  83  
53  84  
54  85  
54  86  
54  87  
55  88  
55  89  
55  90  
55  91  
56  92  
56  93  
56  94  
57  95  
57  96  
57  97  
58  98  
58  99  
58  100  
59  101  
59  102  
59  103  
59  104  
60  105  
60  106  
60  107  
61  108  
61  109  
61  110  
62  111  
62  112  
62  113  
62  114  
63  115  
63  116  
63  117  
64  118  
64  119  
64  120  
65  121  
65  122  
65  123  
66  124  
66  125  
66  126  
66  127  
67  128  
67  129  
67  130  
68  131  
68  132  
68  133  
69  134  
69  135  
69  136  
70  137  
70  138  
70  139  
71  140  
71  141  
71  142  
71  143  
72  144  
72  145  
72  146  
73  147  
73  148  
73  149  
74  150  
74  151  
74  152  
75  153  
75  154  
75  155  
55  32  
55  33  
55  34  
56  35  
56  36  
56  37  
56  38  
57  39  
57  40  
57  41  
57  42  
58  43  
58  44  
58  45  
58  46  
59  47  
59  48  
59  49  
59  50  
60  51  
60  52  
60  53  
61  54  
61  55  
61  56  
61  57  
62  58  
62  59  
62  60  
63  61  
63  62  
63  63  
63  64  
64  65  
64  66  
64  67  
65  68  
65  69  
65  70  
65  71  
66  72  
66  73  
66  74  
66  75  
67  76  
67  77  
67  78  
67  79  
68  80  
68  81  
68  82  
68  83  
69  84  
69  85  
69  86  
70  87  
70  88  
70  89  
70  90  
71  91  
71  92  
71  93  
72  94  
72  95  
72  96  
72  97  
73  98  
73  99  
73  100  
73  101  
73  102  
74  103  
74  104  
74  105  
75  106  
75  107  
75  108  
76  109  
76  110  
76  111  
76  112  
77  113  
77  114  
77  115  
77  116  
78  117  
78  118  
78  119  
78  120  
79  121  
79  122  
79  123  
80  124  
80  125  
80  126  
80  127  
81  128  
81  129  
81  130  
82  131  
82  132  
82  133  
82  134  
83  135  
83  136  
83  137  
84  138  
84  139  
84  140  
84  141  
85  142  
85  143  
85  144  
86  145  
86  146  
86  147  
86  148  
87  149  
87  150  
87  151  
87  152  
88  153  
88  154  
88  155  
88  156  
89  157  
89  158  
89  159  
90  160  
90  161  
90  162  
91  163  
91  164  
91  165  
91  166  
92  167  
92  168  
92  169  
92  170  
93  171  
93  172  
93  173  
94  174  
94  175  
94  176  
94  177  
95  178  
95  179  
95  180  
96  181  
96  182  
96  183  
96  184  
97  185  
97  186  
97  187  
98  188  
98  189  
98  190  
98  191  
99  192  
99  193  
99  194  
99  195  
100  196  
100  197  
100  198  
101  199  
101  200  
101  201  
101  202  
102  203  
102  204  
102  205  
103  206  
103  207  
103  208  
103  209  
104  210  
104  211  
104  212  
104  213  
105  214  
105  215  
81  32  
81  33  
81  34  
81  35  
81  36  
82  37  
82  38  
82  39  
82  40  
83  41  
83  42  
83  43  
83  44  
84  45  
84  46  
84  47  
84  48  
84  49  
84  50  
85  51  
85  52  
85  53  
85  54  
86  55  
86  56  
86  57  
86  58  
87  59  
87  60  
87  61  
87  62  
88  63  
88  64  
88  65  
101  32  
101  33  
101  34  
101  35  
101  36  
102  37  
102  38  
102  39  
102  40  
102  41  
103  42  
103  43  
103  44  
103  45  
103  46  
104  47  
104  48  
104  49  
104  50  
104  51  
104  52  
105  53  
105  54  
105  55  
105  56  
105  57  
106  58  
106  59  
106  60  
106  61  
106  62  
107  63  
107  64  
107  65  
107  66  
218  32  
217  33  
217  34  
218  35  
218  36  
218  37  
218  38  
218  39  
218  40  
218  41  
218  42  
218  43  
218  44  
218  45  
218  46  
217  47  
217  48  
217  49  
217  50  
217  51  
217  52  
216  53  
313  32  
313  33  
313  34  
312  35  
312  36  
312  37  
312  38  
312  39  
311  40  
311  41  
311  42  
311  43  
311  44  
310  45  
310  46  
310  47  
310  48  
310  49  
310  50  
309  51  
309  52  
338  32  
338  33  
337  34  
337  35  
337  36  
337  37  
337  38  
336  39  
336  40  
336  41  
336  42  
336  43  
335  44  
335  45  
335  46  
335  47  
335  48  
334  49  
334  50  
334  51  
334  52  
333  53  
333  54  
333  55  
333  56  
333  57  
332  58  
332  59  
332  60  
332  61  
331  62  
331  63  
331  64  
331  65  
331  66  
330  67  
330  68  
330  69  
330  70  
330  71  
329  72  
329  73  
329  74  
329  75  
328  76  
328  77  
328  78  
328  79  
328  80  
327  81  
327  82  
327  83  
327  84  
326  85  
326  86  
326  87  
326  88  
326  89  
325  90  
325  91  
325  92  
325  93  
324  94  
324  95  
324  96  
324  97  
324  98  
323  99  
323  100  
323  101  
323  102  
323  103  
322  104  
322  105  
322  106  
322  107  
322  108  
321  109  
321  110  
321  111  
321  112  
320  113  
320  114  
320  115  
320  116  
320  117  
319  118  
319  119  
319  120  
319  121  
319  122  
318  123  
318  124  
318  125  
318  126  
317  127  
317  128  
317  129  
317  130  
317  131  
316  132  
316  133  
316  134  
316  135  
315  136  
315  137  
315  138  
315  139  
315  140  
314  141  
314  142  
314  143  
314  144  
313  145  
313  146  
313  147  
313  148  
313  149  
313  150  
312  151  
312  152  
312  153  
312  154  
311  155  
311  156  
311  157  
311  158  
311  159  
311  160  
310  161  
310  162  
310  163  
310  164  
309  165  
309  166  
309  167  
309  168  
308  169  
308  170  
308  171  
308  172  
308  173  
307  174  
307  175  
307  176  
307  177  
307  178  
306  179  
306  180  
306  181  
306  182  
305  183  
305  184  
305  185  
305  186  
304  187  
304  188  
304  189  
304  190  
304  191  
303  192  
303  193  
303  194  
303  195  
303  196  
302  197  
302  198  
302  199  
302  200  
301  201  
301  202  
301  203  
301  204  
301  205  
300  206  
300  207  
300  208  
300  209  
300  210  
214  34  
213  35  
213  36  
213  37  
213  38  
213  39  
213  40  
213  41  
213  42  
213  43  
213  44  
213  45  
213  46  
213  47  
213  48  
213  49  
213  50  
213  51  
214  52  
214  53  
214  54  
148  54  
132  55  
133  55  
134  55  
135  55  
136  55  
137  55  
138  55  
139  55  
140  55  
141  55  
142  55  
143  55  
144  55  
145  55  
146  55  
147  55  
149  55  
150  55  
151  55  
309  61  
309  62  
309  63  
308  64  
308  65  
308  66  
308  67  
308  68  
308  69  
307  70  
307  71  
307  72  
307  73  
307  74  
307  75  
306  76  
306  77  
306  78  
306  79  
306  80  
305  81  
305  82  
305  83  
305  84  
305  85  
305  86  
304  87  
304  88  
304  89  
304  90  
304  91  
303  92  
303  93  
303  94  
303  95  
303  96  
302  97  
302  98  
302  99  
302  100  
302  101  
301  102  
301  103  
301  104  
301  105  
300  106  
300  107  
300  108  
300  109  
300  110  
299  111  
299  112  
299  113  
299  114  
299  115  
298  116  
298  117  
298  118  
298  119  
298  120  
297  121  
297  122  
297  123  
297  124  
297  125  
297  126  
296  127  
296  128  
296  129  
296  130  
296  131  
304  63  
304  64  
303  65  
303  66  
302  67  
302  68  
301  69  
301  70  
300  71  
300  72  
300  73  
299  74  
299  75  
298  76  
298  77  
297  78  
297  79  
297  80  
296  81  
296  82  
295  83  
295  84  
294  85  
294  86  
294  87  
293  88  
293  89  
293  90  
292  91  
292  92  
292  93  
291  94  
291  95  
291  96  
290  97  
290  98  
290  99  
289  100  
289  101  
129  107  
129  108  
129  109  
129  110  
130  111  
130  112  
130  113  
130  114  
130  115  
130  116  
131  117  
131  118  
131  119  
131  120  
131  121  
132  122  
132  123  
132  124  
132  125  
132  126  
132  127  
133  128  
133  129  
133  130  
133  131  
133  132  
133  133  
133  134  
134  135  
134  136  
134  137  
134  138  
134  139  
134  140  
135  141  
135  142  
135  143  
135  144  
135  145  
135  146  
136  147  
136  148  
136  149  
136  150  
136  151  
136  152  
146  108  
147  109  
147  110  
147  111  
147  112  
147  113  
147  114  
147  115  
148  116  
148  117  
148  118  
148  119  
148  120  
148  121  
148  122  
148  123  
149  124  
149  125  
149  126  
149  127  
149  128  
149  129  
149  130  
150  131  
150  132  
150  133  
150  134  
150  135  
150  136  
150  137  
151  138  
151  139  
151  140  
151  141  
151  142  
151  143  
151  144  
152  145  
152  146  
152  147  
152  148  
152  149  
152  150  
152  151  
152  152  
153  153  
153  154  
153  155  
153  156  
153  157  
153  158  
153  159  
153  160  
154  161  
154  162  
154  163  
154  164  
154  165  
154  166  
154  167  
154  168  
155  169  
155  170  
155  171  
155  172  
155  173  
155  174  
155  175  
156  176  
156  177  
156  178  
156  179  
156  180  
156  181  
156  182  
156  183  
183  108  
184  108  
185  108  
186  108  
187  108  
188  108  
189  108  
190  108  
191  108  
192  108  
193  108  
194  108  
195  108  
196  108  
197  108  
198  108  
199  108  
200  108  
201  108  
202  108  
203  108  
209  115  
209  116  
209  117  
209  118  
209  119  
209  120  
209  121  
209  122  
209  123  
209  124  
209  125  
209  126  
209  127  
209  128  
209  129  
209  130  
209  131  
209  132  
209  133  
209  134  
209  135  
209  136  
209  137  
210  138  
210  139  
210  140  
210  141  
210  142  
210  143  
210  144  
210  145  
210  146  
210  147  
210  148  
210  149  
185  118  
185  119  
185  120  
185  121  
185  122  
185  123  
185  124  
185  125  
185  126  
185  127  
185  128  
185  129  
185  130  
185  131  
185  132  
186  133  
186  134  
186  135  
186  136  
186  137  
186  138  
186  139  
186  140  
187  141  
187  142  
187  143  
187  144  
187  145  
187  146  
187  147  
188  148  
188  149  
188  150  
188  151  
229  120  
229  121  
229  122  
229  123  
229  124  
229  125  
228  126  
228  127  
228  128  
228  129  
228  130  
228  131  
228  132  
228  133  
228  134  
228  135  
228  136  
228  137  
228  138  
228  139  
228  140  
228  141  
228  142  
228  143  
228  144  
228  145  
228  146  
228  147  
228  148  
228  149  
228  150  
228  151  
228  152  
228  153  
228  154  
228  155  
228  156  
227  157  
246  120  
246  121  
246  122  
246  123  
246  124  
246  125  
245  126  
245  127  
245  128  
245  129  
245  130  
245  131  
245  132  
245  133  
245  134  
245  135  
245  136  
245  137  
245  138  
245  139  
244  140  
244  141  
244  142  
244  143  
244  144  
244  145  
244  146  
244  147  
244  148  
244  149  
244  150  
244  151  
243  152  
243  153  
243  154  
32  123  
32  124  
33  125  
33  126  
34  127  
34  128  
34  129  
35  130  
35  131  
35  132  
36  133  
36  134  
37  135  
37  136  
37  137  
38  138  
38  139  
38  140  
39  141  
39  142  
39  143  
40  144  
40  145  
40  146  
41  147  
41  148  
41  149  
42  150  
42  151  
43  152  
43  153  
43  154  
44  155  
241  131  
241  132  
241  133  
241  134  
241  135  
241  136  
241  137  
241  138  
241  139  
241  140  
241  141  
240  142  
240  143  
240  144  
240  145  
240  146  
240  147  
240  148  
240  149  
240  150  
240  151  
295  133  
295  134  
295  135  
295  136  
295  137  
295  138  
294  139  
294  140  
294  141  
294  142  
294  143  
294  144  
294  145  
294  146  
293  147  
293  148  
293  149  
293  150  
293  151  
293  152  
231  135  
231  136  
231  137  
231  138  
231  139  
231  140  
231  141  
231  142  
231  143  
231  144  
231  145  
231  146  
231  147  
231  148  
231  149  
231  150  
231  151  
231  152  
231  153  
231  154  
231  155  
231  156  
231  157  
231  158  
231  159  
230  160  
32  140  
32  141  
32  142  
33  143  
33  144  
33  145  
34  146  
34  147  
35  148  
35  149  
35  150  
36  151  
36  152  
37  153  
37  154  
37  155  
38  156  
38  157  
39  158  
39  159  
39  160  
40  161  
40  162  
40  163  
41  164  
41  165  
42  166  
42  167  
42  168  
43  169  
43  170  
44  171  
44  172  
44  173  
45  174  
45  175  
46  176  
46  177  
46  178  
47  179  
47  180  
47  181  
48  182  
48  183  
49  184  
49  185  
49  186  
50  187  
50  188  
50  189  
51  190  
51  191  
52  192  
52  193  
53  194  
53  195  
53  196  
54  197  
54  198  
54  199  
55  200  
55  201  
56  202  
56  203  
56  204  
57  205  
57  206  
58  207  
58  208  
58  209  
59  210  
59  211  
59  212  
60  213  
60  214  
61  215  
61  216  
61  217  
62  218  
62  219  
62  220  
63  221  
63  222  
64  223  
64  224  
64  225  
65  226  
65  227  
66  228  
66  229  
137  154  
137  155  
137  156  
137  157  
137  158  
138  159  
138  160  
138  161  
138  162  
138  163  
138  164  
139  165  
139  166  
139  167  
139  168  
139  169  
140  170  
140  171  
140  172  
140  173  
140  174  
78  163  
78  164  
78  165  
79  166  
79  167  
79  168  
80  169  
80  170  
80  171  
81  172  
81  173  
81  174  
82  175  
82  176  
82  177  
82  178  
83  179  
83  180  
83  181  
84  182  
84  183  
84  184  
85  185  
85  186  
85  187  
85  188  
86  189  
86  190  
86  191  
87  192  
87  193  
87  194  
88  195  
88  196  
88  197  
89  198  
89  199  
89  200  
48  164  
49  165  
49  166  
50  167  
50  168  
50  169  
51  170  
51  171  
52  172  
52  173  
53  174  
53  175  
54  176  
54  177  
55  178  
55  179  
56  180  
56  181  
56  182  
57  183  
57  184  
58  185  
58  186  
58  187  
59  188  
59  189  
60  190  
60  191  
60  192  
61  193  
61  194  
62  195  
62  196  
63  197  
63  198  
63  199  
64  200  
64  201  
64  202  
65  203  
65  204  
66  205  
66  206  
67  207  
67  208  
289  167  
289  168  
289  169  
289  170  
289  171  
288  172  
288  173  
288  174  
288  175  
288  176  
287  177  
287  178  
287  179  
287  180  
287  181  
287  182  
286  183  
286  184  
286  185  
286  186  
286  187  
285  188  
32  185  
32  186  
32  187  
33  188  
33  189  
34  190  
34  191  
35  192  
35  193  
35  194  
36  195  
36  196  
37  197  
37  198  
38  199  
38  200  
39  201  
39  202  
39  203  
40  204  
40  205  
41  206  
41  207  
42  208  
42  209  
42  210  
43  211  
43  212  
44  213  
44  214  
44  215  
45  216  
45  217  
46  218  
46  219  
47  220  
47  221  
47  222  
48  223  
48  224  
49  225  
49  226  
49  227  
50  228  
50  229  
51  230  
51  231  
52  232  
52  233  
52  234  
53  235  
53  236  
54  237  
54  238  
55  239  
55  240  
56  241  
56  242  
56  243  
57  244  
57  245  
58  246  
58  247  
59  248  
59  249  
59  250  
60  251  
60  252  
61  253  
61  254  
62  255  
62  256  
62  257  
63  258  
63  259  
64  260  
64  261  
65  262  
65  263  
65  264  
66  265  
66  266  
67  267  
67  268  
67  269  
68  270  
68  271  
69  272  
69  273  
70  274  
70  275  
70  276  
71  277  
71  278  
72  279  
72  280  
73  281  
73  282  
73  283  
74  284  
74  285  
75  286  
75  287  
76  288  
76  289  
76  290  
77  291  
77  292  
78  293  
78  294  
79  295  
79  296  
79  297  
80  298  
80  299  
81  300  
81  301  
82  302  
82  303  
82  304  
83  305  
83  306  
84  307  
84  308  
85  309  
85  310  
85  311  
86  312  
86  313  
87  314  
87  315  
87  316  
88  317  
88  318  
89  319  
89  320  
90  321  
90  322  
91  323  
91  324  
91  325  
92  326  
92  327  
93  328  
93  329  
93  330  
94  331  
94  332  
95  333  
95  334  
96  335  
96  336  
97  337  
97  338  
97  339  
98  340  
98  341  
99  342  
99  343  
99  344  
100  345  
100  346  
101  347  
101  348  
101  349  
102  350  
102  351  
103  352  
103  353  
103  354  
104  355  
104  356  
105  357  
105  358  
106  359  
106  360  
448  212  
447  213  
447  214  
446  215  
445  216  
445  217  
444  218  
443  219  
443  220  
442  221  
442  222  
441  223  
441  224  
440  225  
439  226  
439  227  
438  228  
437  229  
437  230  
436  231  
436  232  
435  233  
434  234  
434  235  
433  236  
433  237  
432  238  
431  239  
431  240  
430  241  
430  242  
429  243  
428  244  
428  245  
427  246  
426  247  
426  248  
425  249  
425  250  
424  251  
423  252  
423  253  
422  254  
422  255  
421  256  
421  257  
420  258  
420  259  
419  260  
418  261  
418  262  
417  263  
416  264  
416  265  
415  266  
415  267  
414  268  
413  269  
413  270  
412  271  
412  272  
411  273  
411  274  
410  275  
409  276  
409  277  
408  278  
408  279  
407  280  
407  281  
406  282  
405  283  
405  284  
404  285  
404  286  
403  287  
402  288  
402  289  
401  290  
401  291  
400  292  
399  293  
399  294  
398  295  
397  296  
397  297  
396  298  
396  299  
395  300  
395  301  
394  302  
393  303  
393  304  
392  305  
392  306  
391  307  
390  308  
390  309  
389  310  
389  311  
388  312  
387  313  
387  314  
386  315  
385  316  
385  317  
384  318  
383  319  
383  320  
382  321  
381  322  
381  323  
380  324  
380  325  
379  326  
379  327  
378  328  
377  329  
377  330  
376  331  
376  332  
375  333  
374  334  
374  335  
373  336  
373  337  
372  338  
372  339  
371  340  
370  341  
370  342  
369  343  
369  344  
368  345  
367  346  
367  347  
366  348  
366  349  
365  350  
365  351  
364  352  
363  353  
363  354  
362  355  
186  221  
187  221  
188  221  
189  221  
190  221  
191  221  
192  221  
193  221  
194  221  
195  221  
196  221  
197  221  
198  221  
199  221  
200  221  
201  221  
202  221  
203  221  
204  221  
205  221  
206  221  
207  221  
208  221  
209  221  
147  222  
148  222  
149  222  
150  222  
151  222  
152  222  
153  222  
154  222  
155  222  
156  222  
157  222  
158  222  
159  222  
160  222  
161  222  
162  222  
163  222  
164  222  
165  222  
166  222  
167  222  
168  222  
169  222  
170  222  
171  222  
172  222  
173  222  
174  222  
175  222  
176  222  
177  222  
178  222  
179  222  
180  222  
181  222  
182  222  
183  222  
184  222  
185  222  
115  223  
116  223  
117  223  
118  223  
119  223  
120  223  
121  223  
122  223  
123  223  
124  223  
125  223  
126  223  
127  223  
128  223  
129  223  
130  223  
131  223  
132  223  
133  223  
134  223  
135  223  
136  223  
137  223  
138  223  
139  223  
140  223  
141  223  
142  223  
143  223  
144  223  
145  223  
146  223  
448  221  
447  222  
447  223  
446  224  
446  225  
445  226  
445  227  
444  228  
443  229  
443  230  
442  231  
441  232  
441  233  
440  234  
440  235  
439  236  
438  237  
438  238  
437  239  
437  240  
436  241  
435  242  
435  243  
434  244  
433  245  
433  246  
432  247  
432  248  
431  249  
430  250  
430  251  
429  252  
429  253  
428  254  
427  255  
427  256  
426  257  
426  258  
425  259  
424  260  
424  261  
423  262  
423  263  
422  264  
422  265  
421  266  
420  267  
420  268  
419  269  
419  270  
418  271  
417  272  
417  273  
416  274  
415  275  
415  276  
414  277  
414  278  
413  279  
413  280  
412  281  
411  282  
411  283  
410  284  
410  285  
409  286  
408  287  
408  288  
407  289  
406  290  
406  291  
405  292  
405  293  
404  294  
403  295  
403  296  
402  297  
402  298  
401  299  
400  300  
400  301  
399  302  
399  303  
398  304  
397  305  
397  306  
396  307  
395  308  
395  309  
394  310  
394  311  
393  312  
392  313  
392  314  
391  315  
391  316  
390  317  
389  318  
389  319  
388  320  
387  321  
387  322  
386  323  
385  324  
385  325  
384  326  
384  327  
383  328  
382  329  
382  330  
381  331  
381  332  
380  333  
379  334  
379  335  
378  336  
378  337  
377  338  
377  339  
376  340  
375  341  
375  342  
374  343  
374  344  
373  345  
373  346  
372  347  
371  348  
371  349  
370  350  
370  351  
369  352  
369  353  
368  354  
249  227  
250  227  
251  227  
270  227  
271  227  
272  227  
273  227  
252  228  
253  228  
254  228  
255  228  
256  228  
257  228  
258  228  
259  228  
260  228  
261  228  
262  228  
263  228  
264  228  
265  228  
266  228  
267  228  
268  228  
269  228  
197  228  
198  228  
199  228  
200  228  
201  228  
202  228  
203  228  
204  228  
205  228  
206  228  
207  228  
208  228  
157  229  
158  229  
159  229  
160  229  
161  229  
162  229  
163  229  
164  229  
165  229  
166  229  
167  229  
168  229  
169  229  
170  229  
171  229  
172  229  
173  229  
174  229  
175  229  
176  229  
177  229  
178  229  
179  229  
180  229  
181  229  
182  229  
183  229  
184  229  
185  229  
186  229  
187  229  
188  229  
189  229  
190  229  
191  229  
192  229  
193  229  
194  229  
195  229  
196  229  
81  230  
82  230  
83  230  
84  230  
85  230  
86  230  
87  230  
88  230  
89  230  
90  230  
91  230  
92  230  
93  230  
94  230  
95  230  
96  230  
97  230  
98  230  
99  230  
100  230  
101  230  
102  230  
103  230  
104  230  
105  230  
106  230  
107  230  
108  230  
109  230  
110  230  
111  230  
112  230  
113  230  
114  230  
115  230  
116  230  
117  230  
118  230  
119  230  
120  230  
121  230  
122  230  
123  230  
124  230  
125  230  
126  230  
127  230  
128  230  
129  230  
130  230  
131  230  
132  230  
250  240  
251  240  
252  240  
253  240  
254  240  
255  240  
256  240  
257  240  
258  240  
259  240  
260  240  
261  240  
120  241  
121  241  
122  241  
123  241  
124  241  
125  241  
126  241  
127  241  
128  241  
129  241  
130  241  
131  241  
132  241  
133  241  
134  241  
135  241  
136  241  
137  241  
138  241  
139  241  
140  241  
141  241  
142  241  
143  241  
144  241  
145  241  
146  241  
147  241  
148  241  
149  241  
150  241  
151  241  
152  241  
153  241  
154  241  
155  241  
156  241  
157  241  
158  241  
159  241  
160  241  
161  241  
162  241  
163  241  
164  241  
165  241  
166  241  
167  241  
168  241  
169  241  
170  241  
171  241  
172  241  
173  241  
174  241  
175  241  
176  241  
177  241  
178  241  
179  241  
180  241  
181  241  
182  241  
183  241  
184  241  
185  241  
186  241  
187  241  
188  241  
189  241  
190  241  
191  241  
192  241  
193  241  
194  241  
195  241  
196  241  
197  241  
198  241  
199  241  
200  241  
201  241  
202  241  
203  241  
204  241  
205  241  
206  241  
207  241  
208  241  
209  241  
210  241  
211  241  
212  241  
213  241  
214  241  
215  241  
216  241  
217  241  
218  241  
219  241  
220  241  
221  241  
222  241  
223  241  
224  241  
225  241  
226  241  
227  241  
228  241  
229  241  
230  241  
231  241  
232  241  
233  241  
234  241  
235  241  
236  241  
237  241  
238  241  
239  241  
240  241  
241  241  
242  241  
243  241  
244  241  
245  241  
246  241  
247  241  
248  241  
249  241  
116  242  
117  242  
118  242  
119  242  
293  241  
293  242  
293  243  
292  244  
292  245  
292  246  
292  247  
291  248  
291  249  
291  250  
291  251  
291  252  
290  253  
290  254  
290  255  
290  256  
290  257  
289  258  
289  259  
289  260  
289  261  
288  262  
288  263  
288  264  
288  265  
287  266  
287  267  
287  268  
287  269  
287  270  
286  271  
286  272  
286  273  
286  274  
285  275  
285  276  
285  277  
285  278  
284  279  
284  280  
284  281  
284  282  
284  283  
283  284  
283  285  
283  286  
283  287  
283  288  
282  289  
282  290  
282  291  
282  292  
282  293  
281  294  
281  295  
281  296  
281  297  
280  298  
280  299  
280  300  
280  301  
280  302  
279  303  
279  304  
279  305  
279  306  
279  307  
278  308  
278  309  
278  310  
278  311  
277  312  
277  313  
277  314  
277  315  
277  316  
276  317  
276  318  
276  319  
276  320  
275  321  
275  322  
275  323  
275  324  
275  325  
274  326  
274  327  
274  328  
274  329  
274  330  
273  331  
273  332  
273  333  
273  334  
64  243  
64  244  
65  245  
65  246  
66  247  
66  248  
66  249  
67  250  
67  251  
68  252  
68  253  
69  254  
69  255  
69  256  
70  257  
70  258  
71  259  
71  260  
71  261  
72  262  
72  263  
73  264  
73  265  
73  266  
74  267  
74  268  
74  269  
75  270  
75  271  
76  272  
76  273  
77  274  
77  275  
77  276  
78  277  
78  278  
79  279  
79  280  
80  281  
80  282  
80  283  
81  284  
81  285  
82  286  
82  287  
83  288  
83  289  
83  290  
84  291  
84  292  
85  293  
85  294  
85  295  
86  296  
86  297  
87  298  
87  299  
87  300  
87  301  
88  302  
88  303  
89  304  
89  305  
90  306  
90  307  
90  308  
91  309  
91  310  
92  311  
92  312  
92  313  
93  314  
93  315  
94  316  
94  317  
94  318  
95  319  
95  320  
96  321  
96  322  
97  323  
97  324  
97  325  
98  326  
98  327  
98  328  
99  329  
99  330  
99  331  
100  332  
100  333  
101  334  
101  335  
102  336  
102  337  
103  338  
103  339  
103  340  
104  341  
104  342  
105  343  
105  344  
105  345  
106  346  
106  347  
107  348  
107  349  
107  350  
108  351  
108  352  
108  353  
109  354  
109  355  
110  356  
110  357  
111  358  
111  359  
111  360  
112  361  
112  362  
114  245  
114  246  
114  247  
114  248  
115  249  
115  250  
115  251  
115  252  
116  253  
116  254  
116  255  
117  256  
117  257  
117  258  
117  259  
118  260  
118  261  
118  262  
118  263  
119  264  
119  265  
119  266  
120  267  
120  268  
120  269  
120  270  
121  271  
121  272  
121  273  
122  274  
122  275  
122  276  
122  277  
123  278  
123  279  
123  280  
123  281  
124  282  
124  283  
124  284  
125  285  
125  286  
125  287  
126  288  
126  289  
126  290  
126  291  
126  292  
127  293  
127  294  
127  295  
128  296  
128  297  
128  298  
123  250  
123  251  
123  252  
123  253  
123  254  
123  255  
124  256  
124  257  
124  258  
124  259  
125  260  
125  261  
125  262  
125  263  
126  264  
126  265  
126  266  
126  267  
127  268  
127  269  
127  270  
127  271  
128  272  
128  273  
128  274  
128  275  
129  276  
129  277  
129  278  
129  279  
130  280  
130  281  
130  282  
131  283  
131  284  
131  285  
132  286  
132  287  
132  288  
148  254  
149  254  
150  254  
151  254  
152  254  
153  254  
154  254  
155  254  
156  254  
157  254  
158  254  
159  254  
160  254  
161  254  
162  254  
163  254  
164  254  
165  254  
166  254  
167  254  
168  254  
169  254  
170  254  
171  254  
172  254  
173  254  
174  254  
212  256  
212  257  
212  258  
212  259  
212  260  
212  261  
212  262  
212  263  
212  264  
212  265  
212  266  
212  267  
212  268  
212  269  
212  270  
212  271  
212  272  
212  273  
212  274  
212  275  
212  276  
212  277  
212  278  
212  279  
212  280  
212  281  
212  282  
212  283  
212  284  
212  285  
212  286  
212  287  
212  288  
212  289  
136  257  
136  258  
137  259  
137  260  
137  261  
137  262  
138  263  
138  264  
138  265  
138  266  
139  267  
139  268  
139  269  
139  270  
140  271  
140  272  
140  273  
140  274  
140  275  
141  276  
141  277  
141  278  
141  279  
142  280  
142  281  
142  282  
142  283  
142  284  
143  285  
143  286  
143  287  
143  288  
143  289  
200  257  
200  258  
200  259  
200  260  
200  261  
200  262  
200  263  
200  264  
200  265  
200  266  
200  267  
200  268  
200  269  
200  270  
200  271  
201  272  
201  273  
201  274  
201  275  
201  276  
201  277  
201  278  
201  279  
201  280  
201  281  
201  282  
201  283  
201  284  
201  285  
201  286  
201  287  
217  260  
217  261  
217  262  
217  263  
217  264  
217  265  
217  266  
217  267  
217  268  
217  269  
217  270  
217  271  
217  272  
217  273  
217  274  
217  275  
217  276  
217  277  
217  278  
217  279  
217  280  
217  281  
217  282  
217  283  
254  260  
254  261  
254  262  
254  263  
254  264  
254  265  
253  266  
253  267  
253  268  
253  269  
253  270  
253  271  
252  272  
252  273  
252  274  
252  275  
252  276  
252  277  
252  278  
252  279  
252  280  
252  281  
143  261  
143  262  
143  263  
143  264  
143  265  
144  266  
144  267  
144  268  
144  269  
145  270  
145  271  
145  272  
145  273  
145  274  
146  275  
146  276  
146  277  
146  278  
147  279  
147  280  
147  281  
147  282  
271  262  
271  263  
271  264  
271  265  
271  266  
271  267  
271  268  
270  269  
270  270  
270  271  
270  272  
270  273  
270  274  
269  275  
269  276  
269  277  
269  278  
269  279  
269  280  
268  281  
268  282  
268  283  
268  284  
268  285  
268  286  
267  287  
267  288  
267  289  
267  290  
267  291  
266  292  
266  293  
266  294  
88  267  
88  268  
89  269  
89  270  
90  271  
90  272  
90  273  
91  274  
91  275  
91  276  
92  277  
92  278  
93  279  
93  280  
93  281  
94  282  
94  283  
94  284  
95  285  
95  286  
95  287  
96  288  
96  289  
440  274  
439  275  
438  276  
438  277  
437  278  
436  279  
436  280  
435  281  
434  282  
434  283  
433  284  
432  285  
431  286  
431  287  
430  288  
429  289  
429  290  
428  291  
427  292  
427  293  
426  294  
425  295  
425  296  
424  297  
423  298  
423  299  
422  300  
421  301  
265  298  
265  299  
265  300  
265  301  
265  302  
265  303  
265  304  
265  305  
264  306  
264  307  
264  308  
264  309  
264  310  
264  311  
263  312  
263  313  
263  314  
263  315  
263  316  
263  317  
262  318  
262  319  
262  320  
262  321  
262  322  
261  323  
261  324  
131  306  
131  307  
131  308  
132  309  
132  310  
132  311  
132  312  
133  313  
133  314  
133  315  
133  316  
134  317  
134  318  
134  319  
135  320  
135  321  
135  322  
135  323  
136  324  
136  325  
136  326  
137  327  
137  328  
137  329  
138  330  
138  331  
138  332  
138  333  
139  334  
139  335  
139  336  
139  337  
140  338  
140  339  
140  340  
140  341  
141  342  
141  343  
141  344  
141  345  
142  346  
142  347  
142  348  
142  349  
142  350  
104  311  
104  312  
105  313  
105  314  
106  315  
106  316  
106  317  
106  318  
107  319  
107  320  
108  321  
108  322  
108  323  
109  324  
109  325  
109  326  
110  327  
110  328  
110  329  
111  330  
111  331  
112  332  
112  333  
112  334  
113  335  
113  336  
113  337  
114  338  
114  339  
115  340  
115  341  
115  342  
116  343  
116  344  
116  345  
117  346  
117  347  
117  348  
118  349  
225  351  
226  351  
227  351  
228  352  
229  352  
230  352  
231  352  
232  352  
233  352  
234  352  
235  352  
236  352  
237  352  
238  352  
239  352  
240  352  
241  352  
242  352  
243  352  
244  352  
245  352  
246  352  
247  352  
197  353  
198  353  
199  353  
200  353  
201  353  
202  353  
203  353  
204  353  
205  353  
206  353  
207  353  
208  353  
209  353  
210  353  
211  353  
212  353  
146  354  
159  354  
160  354  
161  354  
162  354  
163  354  
164  354  
165  354  
166  354  
167  354  
168  354  
169  354  
170  354  
171  354  
172  354  
173  354  
174  354  
175  354  
176  354  
177  354  
178  354  
179  354  
180  354  
181  354  
182  354  
183  354  
184  354  
185  354  
186  354  
187  354  
188  354  
189  354  
190  354  
191  354  
192  354  
193  354  
194  354  
195  354  
196  354  
147  355  
148  355  
149  355  
150  355  
151  355  
152  355  
153  355  
154  355  
155  355  
156  355  
157  355  
158  355  
317  358  
318  358  
319  358  
320  358  
321  358  
322  358  
323  358  
324  358  
325  358  
326  358  
327  358  
328  358  
329  358  
330  358  
331  358  
332  358  
333  358  
334  358  
335  358  
336  358  
337  358  
338  358  
339  358  
340  358  
341  358  
342  358  
343  358  
344  358  
345  358  
346  358  
347  358  
348  358  
349  358  
350  358  
351  358  
352  358  
353  358  
354  358  
355  358  
356  358  
357  358  
358  358  
359  358  
360  358  
361  358  
362  358  
287  359  
288  359  
289  359  
290  359  
291  359  
292  359  
293  359  
294  359  
295  359  
296  359  
297  359  
298  359  
299  359  
300  359  
301  359  
302  359  
303  359  
304  359  
305  359  
306  359  
307  359  
308  359  
309  359  
310  359  
311  359  
312  359  
313  359  
314  359  
315  359  
316  359  
243  359  
244  359  
245  359  
246  359  
247  359  
248  359  
249  359  
250  359  
251  359  
252  359  
253  359  
254  359  
255  359  
256  359  
257  359  
258  359  
259  359  
260  359  
261  359  
262  359  
263  359  
264  359  
205  360  
206  360  
207  360  
208  360  
209  360  
210  360  
211  360  
212  360  
213  360  
214  360  
215  360  
216  360  
217  360  
218  360  
219  360  
220  360  
221  360  
222  360  
223  360  
224  360  
225  360  
226  360  
227  360  
228  360  
229  360  
230  360  
231  360  
232  360  
233  360  
234  360  
235  360  
236  360  
237  360  
238  360  
239  360  
240  360  
241  360  
242  360  
171  361  
172  361  
173  361  
174  361  
175  361  
176  361  
177  361  
178  361  
179  361  
180  361  
181  361  
182  361  
183  361  
184  361  
185  361  
186  361  
187  361  
188  361  
189  361  
190  361  
191  361  
192  361  
193  361  
194  361  
195  361  
196  361  
197  361  
198  361  
199  361  
200  361  
201  361  
202  361  
203  361  
204  361  
133  362  
134  362  
135  362  
136  362  
137  362  
138  362  
139  362  
140  362  
141  362  
142  362  
143  362  
144  362  
145  362  
146  362  
147  362  
148  362  
149  362  
150  362  
151  362  
152  362  
153  362  
154  362  
155  362  
156  362  
157  362  
158  362  
159  362  
160  362  
161  362  
162  362  
163  362  
164  362  
165  362  
166  362  
167  362  
168  362  
169  362  
170  362  
132  363  
102  363  
103  363  
104  363  
61  364  
62  364  
63  364  
64  364  
65  364  
66  364  
67  364  
68  364  
69  364  
70  364  
71  364  
72  364  
73  364  
74  364  
75  364  
76  364  
77  364  
78  364  
79  364  
80  364  
81  364  
82  364  
83  364  
84  364  
85  364  
86  364  
87  364  
88  364  
89  364  
90  364  
91  364  
92  364  
93  364  
94  364  
95  364  
96  364  
97  364  
98  364  
99  364  
100  364  
101  364  
32  365  
33  365  
34  365  
35  365  
36  365  
37  365  
38  365  
39  365  
40  365  
41  365  
42  365  
43  365  
44  365  
45  365  
46  365  
47  365  
48  365  
49  365  
50  365  
51  365  
52  365  
53  365  
54  365  
55  365  
56  365  
57  365  
58  365  
59  365  
60  365  
262  365  
263  365  
228  366  
229  366  
230  366  
231  366  
232  366  
233  366  
234  366  
235  366  
236  366  
237  366  
238  366  
239  366  
240  366  
241  366  
242  366  
243  366  
244  366  
245  366  
246  366  
247  366  
248  366  
249  366  
250  366  
251  366  
252  366  
253  366  
254  366  
255  366  
256  366  
257  366  
258  366  
259  366  
260  366  
261  366  
198  367  
199  367  
200  367  
201  367  
202  367  
203  367  
204  367  
205  367  
206  367  
207  367  
208  367  
209  367  
210  367  
211  367  
212  367  
213  367  
214  367  
215  367  
216  367  
217  367  
218  367  
219  367  
220  367  
221  367  
222  367  
223  367  
224  367  
225  367  
226  367  
227  367  
115  368  
116  368  
153  368  
154  368  
155  368  
156  368  
157  368  
158  368  
159  368  
160  368  
161  368  
162  368  
163  368  
164  368  
165  368  
166  368  
167  368  
168  368  
169  368  
170  368  
171  368  
172  368  
173  368  
174  368  
175  368  
176  368  
177  368  
178  368  
179  368  
180  368  
181  368  
182  368  
183  368  
184  368  
185  368  
186  368  
187  368  
188  368  
189  368  
190  368  
191  368  
192  368  
193  368  
194  368  
195  368  
196  368  
197  368  
117  369  
118  369  
119  369  
120  369  
121  369  
122  369  
123  369  
124  369  
125  369  
126  369  
127  369  
128  369  
129  369  
130  369  
131  369  
132  369  
133  369  
134  369  
135  369  
136  369  
137  369  
138  369  
139  369  
140  369  
141  369  
142  369  
143  369  
144  369  
145  369  
146  369  
147  369  
148  369  
149  369  
150  369  
151  369  
152  369  
364  365  
364  366  
364  367  
364  368  
364  369  
364  370  
364  371  
364  372  
364  373  
364  374  
364  375  
363  376  
363  377  
363  378  
363  379  
363  380  
363  381  
363  382  
363  383  
363  384  
363  385  
363  386  
363  387  
362  388  
362  389  
362  390  
362  391  
362  392  
362  393  
362  394  
362  395  
362  396  
362  397  
362  398  
362  399  
362  400  
361  401  
361  402  
361  403  
361  404  
361  405  
361  406  
283  393  
284  394  
285  394  
286  395  
287  395  
288  396  
289  396  
290  397  
291  397  
292  398  
293  399  
294  399  
295  400  
296  401  
297  401  
298  402  
299  403  
300  403  
301  404  
302  404  
303  405  
304  406  
305  406  
306  407  
307  407  
308  408  
309  409  
275  398  
275  399  
275  400  
275  401  
275  402  
275  403  
275  404  
274  405  
274  406  
274  407  
274  408  
274  409  
274  410  
274  411  
274  412  
273  413  
273  414  
273  415  
273  416  
273  417  
273  418  
273  419  
273  420  
273  421  
273  422  
273  423  
273  424  
272  425  
272  426  
272  427  
272  428  
272  429  
272  430  
272  431  
272  432  
272  433  
272  434  
272  435  
272  436  
272  437  
272  438  
272  439  
272  440  
272  441  
272  442  
272  443  
272  444  
271  445  
271  446  
271  447  
271  448  
271  449  
271  450  
271  451  
271  452  
271  453  
271  454  
271  455  
271  456  
271  457  
271  458  
271  459  
271  460  
271  461  
271  462  
271  463  
271  464  
271  465  
271  466  
271  467  
271  468  
271  469  
271  470  
271  471  
271  472  
271  473  
271  474  
271  475  
271  476  
271  477  
271  478  
271  479  
271  480  
271  481  
271  482  
271  483  
271  484  
271  485  
271  486  
271  487  
271  488  
271  489  
271  490  
271  491  
271  492  
271  493  
271  494  
310  414  
311  414  
312  414  
313  414  
314  414  
315  414  
316  414  
317  414  
318  414  
319  414  
320  414  
321  414  
322  414  
323  414  
324  414  
325  414  
326  414  
327  414  
328  414  
329  414  
330  414  
331  414  
332  414  
333  414  
334  414  
335  414  
336  414  
337  414  
338  414  
339  414  
340  414  
341  414  
342  414  
343  414  
344  414  
345  414  
346  414  
347  414  
348  414  
349  414  
350  414  
351  414  
352  414  
353  414  
313  423  
314  423  
315  423  
316  423  
317  423  
318  423  
319  423  
320  423  
321  423  
322  423  
323  423  
324  423  
325  423  
326  423  
327  423  
328  423  
329  423  
330  423  
331  423  
332  423  
333  423  
334  423  
335  423  
336  423  
337  423  
338  423  
339  424  
340  424  
341  424  
342  424  
343  424  
344  424  
345  424  
346  424  
347  424  
348  424  
349  424  
350  424  
351  424  
352  424  
353  424  
336  428  
337  428  
317  429  
318  429  
319  429  
320  429  
321  429  
322  429  
323  429  
324  429  
325  429  
326  429  
327  429  
328  429  
329  429  
330  429  
331  429  
332  429  
333  429  
334  429  
335  429  
327  455  
328  455  
329  455  
330  455  
331  455  
332  455  
333  455  
334  455  
335  455  
336  455  
337  455  
338  455  
339  455  
340  455  
341  455  
342  455  
343  455  
344  455  
345  455  
346  455  
347  455  
348  455  
349  455  
334  465  
335  465  
340  465  
341  465  
342  465  
343  465  
344  465  
345  465  
346  465  
347  465  
348  465  
349  465  
328  466  
329  466  
330  466  
331  466  
332  466  
333  466  
336  466  
337  466  
338  466  
339  466  
355  472  
355  473  
355  474  
355  475  
355  476  
355  477  
355  478  
355  479  
355  480  
355  481  
355  482  
355  483  
354  484  
354  485  
354  486  
354  487  
354  488  
354  489  
354  490  
354  491  
354  492  
354  493  
354  494  
354  495  
354  496  
354  497  
353  498  
353  499  
353  500  
353  501  
353  502  
353  503  
353  504  
353  505  
353  506  
353  507  
353  508  
353  509  
353  510  
353  511  
353  512  
352  513  
352  514  
352  515  
352  516  
352  517  
352  518  
352  519  
352  520  
352  521  
321  473  
321  474  
321  475  
321  476  
321  477  
321  478  
321  479  
321  480  
321  481  
321  482  
321  483  
321  484  
321  485  
321  486  
321  487  
321  488  
321  489  
321  490  
321  491  
321  492  
321  493  
320  494  
320  495  
320  496  
320  497  
320  498  
320  499  
320  500  
320  501  
320  502  
320  503  
320  504  
320  505  
320  506  
320  507  
320  508  
320  509  
320  510  
320  511  
320  512  
320  513  
320  514  
320  515  
319  516  
319  517  
319  518  
319  519  
319  520  
319  521  
319  522  
319  523  
278  478  
278  479  
278  480  
278  481  
278  482  
278  483  
278  484  
278  485  
278  486  
278  487  
278  488  
278  489  
278  490  
278  491  
278  492  
278  493  
278  494  
278  495  
278  496  
278  497  
278  498  
278  499  
278  500  
278  501  
278  502  
278  503  
278  504  
278  505  
278  506  
278  507  
278  508  
278  509  
278  510  
278  511  
278  512  
278  513  
278  514  
278  515  
278  516  
278  517  
279  518  
279  519  
279  520  
279  521  
279  522  
279  523  
280  524  
280  525  
280  526  
280  527  
280  528  
281  529  
281  530  
281  531  
282  532  
282  533  
282  534  
282  535  
282  536  
282  481  
282  482  
282  483  
282  484  
282  485  
283  486  
283  487  
283  488  
283  489  
283  490  
283  491  
283  492  
284  493  
284  494  
284  495  
284  496  
284  497  
284  498  
284  499  
284  500  
284  501  
284  502  
284  503  
284  504  
284  505  
284  506  
284  507  
284  508  
283  509  
283  510  
283  511  
283  512  
283  513  
283  514  
283  515  
283  516  
283  517  
283  518  
283  519  
283  520  
283  521  
283  522  
283  523  
284  524  
284  525  
284  526  
284  527  
284  528  
271  510  
271  511  
271  512  
272  513  
272  514  
271  515  
271  516  
271  517  
271  518  
271  519  
271  520  
271  521  
271  522  
271  523  
271  524  
271  525  
271  526  
271  527  
271  528  
271  529  
271  530  
271  531  
271  532  
271  533  
271  534  
271  535  
271  536  
271  537  
271  538  
271  539  
271  540  
272  541  
272  542  
272  543  
272  544  
272  545  
272  546  
272  547  
272  548  
272  549  
272  550  
272  551  
236  512  
237  512  
238  512  
239  512  
240  512  
241  512  
242  512  
243  512  
244  512  
245  512  
246  512  
247  512  
248  512  
249  512  
250  512  
212  513  
213  513  
214  513  
215  513  
216  513  
217  513  
218  513  
219  513  
220  513  
221  513  
222  513  
223  513  
224  513  
225  513  
226  513  
227  513  
228  513  
229  513  
230  513  
231  513  
232  513  
233  513  
234  513  
235  513  
205  514  
206  514  
207  514  
208  514  
209  514  
210  514  
211  514  
190  513  
191  513  
192  513  
193  513  
194  513  
195  513  
196  513  
197  513  
198  513  
199  513  
200  513  
201  513  
202  513  
203  513  
169  514  
170  514  
171  514  
172  514  
173  514  
174  514  
175  514  
176  514  
177  514  
178  514  
179  514  
180  514  
181  514  
182  514  
183  514  
184  514  
185  514  
186  514  
187  514  
188  514  
189  514  
233  519  
234  519  
235  519  
236  519  
237  519  
238  519  
239  519  
240  519  
241  519  
242  519  
222  520  
223  520  
224  520  
225  520  
226  520  
227  520  
228  520  
229  520  
230  520  
231  520  
232  520  
211  521  
212  521  
213  521  
214  521  
215  521  
216  521  
217  521  
218  521  
219  521  
220  521  
221  521  
257  520  
256  521  
256  522  
256  523  
256  524  
256  525  
256  526  
256  527  
256  528  
256  529  
256  530  
256  531  
256  532  
256  533  
256  534  
256  535  
256  536  
256  537  
256  538  
256  539  
256  540  
256  541  
256  542  
256  543  
256  544  
256  545  
256  546  
256  547  
256  548  
256  549  
256  550  
256  551  
256  552  
256  553  
256  554  
256  555  
256  556  
256  557  
256  558  
256  559  
256  560  
256  561  
256  562  
256  563  
256  564  
256  565  
256  566  
256  567  
274  520  
274  521  
275  522  
275  523  
275  524  
276  525  
276  526  
276  527  
276  528  
277  529  
277  530  
277  531  
278  532  
278  533  
278  534  
278  535  
278  536  
279  537  
279  538  
279  539  
279  540  
279  541  
163  521  
163  522  
163  523  
163  524  
163  525  
163  526  
163  527  
163  528  
163  529  
163  530  
163  531  
163  532  
163  533  
163  534  
163  535  
163  536  
163  537  
163  538  
163  539  
163  540  
163  541  
163  542  
164  543  
164  544  
164  545  
164  546  
164  547  
164  548  
164  549  
164  550  
164  551  
164  552  
164  553  
164  554  
164  555  
164  556  
164  557  
164  558  
164  559  
164  560  
164  561  
164  562  
164  563  
164  564  
164  565  
164  566  
164  567  
164  568  
165  569  
165  570  
165  571  
165  572  
335  539  
336  539  
337  539  
338  539  
339  539  
340  539  
341  539  
342  539  
343  539  
344  539  
325  540  
326  540  
327  540  
328  540  
329  540  
330  540  
331  540  
332  540  
333  540  
334  540  
317  548  
317  549  
317  550  
317  551  
317  552  
317  553  
317  554  
317  555  
316  556  
316  557  
316  558  
316  559  
316  560  
316  561  
316  562  
316  563  
316  564  
316  565  
316  566  
316  567  
316  568  
315  569  
315  570  
315  571  
315  572  
315  573  
315  574  
315  575  
315  576  
315  577  
315  578  
243  575  
244  575  
245  575  
246  575  
247  575  
248  575  
218  576  
219  576  
220  576  
221  576  
222  576  
223  576  
224  576  
225  576  
226  576  
227  576  
228  576  
229  576  
230  576  
231  576  
232  576  
233  576  
234  576  
235  576  
236  576  
237  576  
238  576  
239  576  
240  576  
241  576  
242  576  
277  576  
277  577  
277  578  
277  579  
278  580  
278  581  
278  582  
278  583  
278  584  
279  585  
279  586  
279  587  
279  588  
280  589  
280  590  
280  591  
280  592  
281  593  
281  594  
281  595  
281  596  
282  597  
282  598  
186  577  
187  577  
188  577  
189  577  
190  577  
191  577  
192  577  
193  577  
194  577  
195  577  
196  577  
197  577  
198  577  
199  577  
200  577  
201  577  
202  577  
203  577  
204  577  
205  577  
206  577  
172  578  
173  578  
174  578  
175  578  
176  578  
177  578  
178  578  
179  578  
180  578  
181  578  
182  578  
183  578  
184  578  
185  578  
370  595  
371  595  
372  595  
373  595  
374  595  
354  596  
355  596  
356  596  
357  596  
358  596  
359  596  
360  596  
361  596  
362  596  
363  596  
364  596  
365  596  
366  596  
367  596  
368  596  
369  596  
341  597  
342  597  
343  597  
344  597  
345  597  
346  597  
347  597  
348  597  
349  597  
350  597  
351  597  
352  597  
353  597  
327  598  
328  598  
329  598  
330  598  
331  598  
332  598  
333  598  
334  598  
335  598  
336  598  
337  598  
338  598  
339  598  
340  598  
265  607  
266  607  
267  607  
268  607  
269  607  
270  607  
271  607  
272  607  
273  607  
274  607  
275  607  
276  607  
277  607  
278  607  
279  607  
280  607  
245  608  
246  608  
247  608  
248  608  
249  608  
250  608  
251  608  
252  608  
253  608  
254  608  
255  608  
256  608  
257  608  
258  608  
259  608  
260  608  
261  608  
262  608  
263  608  
264  608  
281  608  
