35  32  
35  33  
35  34  
35  35  
35  36  
35  37  
35  38  
35  39  
35  40  
35  41  
35  42  
35  43  
35  44  
35  45  
35  46  
35  47  
35  48  
34  49  
34  50  
34  51  
34  52  
34  53  
34  54  
34  55  
34  56  
34  57  
34  58  
34  59  
34  60  
34  61  
34  62  
34  63  
34  64  
34  65  
33  66  
33  67  
33  68  
33  69  
33  70  
33  71  
33  72  
33  73  
33  74  
33  75  
33  76  
33  77  
33  78  
33  79  
33  80  
33  81  
33  82  
33  83  
33  84  
33  85  
33  86  
39  32  
39  33  
39  34  
39  35  
39  36  
39  37  
39  38  
39  39  
39  40  
39  41  
39  42  
39  43  
39  44  
39  45  
38  46  
38  47  
38  48  
38  49  
38  50  
38  51  
38  52  
38  53  
38  54  
38  55  
38  56  
38  57  
38  58  
38  59  
38  60  
38  61  
38  62  
37  63  
37  64  
37  65  
37  66  
37  67  
37  68  
37  69  
37  70  
37  71  
37  72  
37  73  
37  74  
37  75  
37  76  
37  77  
153  32  
153  33  
153  34  
153  35  
152  36  
152  37  
152  38  
152  39  
152  40  
152  41  
151  42  
151  43  
151  44  
151  45  
151  46  
150  47  
150  48  
150  49  
150  50  
150  51  
150  52  
149  53  
149  54  
149  55  
149  56  
149  57  
148  58  
148  59  
148  60  
148  61  
148  62  
147  63  
147  64  
147  65  
147  66  
147  67  
146  68  
146  69  
146  70  
146  71  
146  72  
146  73  
145  74  
145  75  
145  76  
145  77  
145  78  
144  79  
144  80  
159  32  
159  33  
159  34  
159  35  
159  36  
158  37  
158  38  
158  39  
158  40  
158  41  
157  42  
157  43  
157  44  
157  45  
157  46  
156  47  
156  48  
156  49  
156  50  
156  51  
155  52  
155  53  
155  54  
155  55  
155  56  
155  57  
154  58  
154  59  
154  60  
154  61  
154  62  
153  63  
153  64  
153  65  
153  66  
153  67  
152  68  
152  69  
152  70  
152  71  
152  72  
152  73  
151  74  
151  75  
151  76  
151  77  
151  78  
151  79  
187  32  
187  33  
187  34  
187  35  
186  36  
186  37  
186  38  
186  39  
185  40  
185  41  
185  42  
185  43  
185  44  
184  45  
184  46  
184  47  
184  48  
184  49  
183  50  
183  51  
183  52  
183  53  
182  54  
182  55  
182  56  
182  57  
182  58  
181  59  
181  60  
181  61  
181  62  
180  63  
180  64  
180  65  
180  66  
180  67  
179  68  
179  69  
179  70  
179  71  
178  72  
178  73  
178  74  
178  75  
178  76  
177  77  
177  78  
177  79  
177  80  
176  81  
176  82  
176  83  
176  84  
176  85  
175  86  
175  87  
175  88  
175  89  
175  90  
174  91  
174  92  
174  93  
174  94  
173  95  
173  96  
173  97  
173  98  
172  99  
172  100  
172  101  
172  102  
172  103  
171  104  
171  105  
195  32  
194  33  
194  34  
194  35  
194  36  
194  37  
194  38  
193  39  
193  40  
193  41  
193  42  
193  43  
192  44  
192  45  
192  46  
192  47  
192  48  
191  49  
191  50  
191  51  
191  52  
191  53  
190  54  
190  55  
190  56  
190  57  
190  58  
189  59  
189  60  
189  61  
189  62  
188  63  
188  64  
188  65  
188  66  
187  67  
187  68  
187  69  
187  70  
186  71  
186  72  
186  73  
186  74  
186  75  
185  76  
185  77  
185  78  
184  79  
184  80  
184  81  
183  82  
183  83  
183  84  
183  85  
182  86  
182  87  
182  88  
182  89  
181  90  
181  91  
181  92  
181  93  
180  94  
180  95  
180  96  
180  97  
180  98  
179  99  
179  100  
179  101  
179  102  
179  103  
179  104  
178  105  
178  106  
178  107  
178  108  
178  109  
177  110  
177  111  
177  112  
177  113  
176  114  
176  115  
176  116  
176  117  
176  118  
175  119  
175  120  
175  121  
175  122  
175  123  
175  124  
174  125  
174  126  
174  127  
174  128  
173  129  
173  130  
173  131  
173  132  
172  133  
172  134  
172  135  
172  136  
172  137  
171  138  
171  139  
171  140  
170  141  
170  142  
170  143  
170  144  
170  145  
169  146  
169  147  
169  148  
169  149  
168  150  
168  151  
168  152  
168  153  
167  154  
167  155  
167  156  
167  157  
166  158  
166  159  
166  160  
165  161  
165  162  
165  163  
165  164  
165  165  
164  166  
164  167  
164  168  
164  169  
164  170  
163  171  
163  172  
163  173  
163  174  
163  175  
162  176  
162  177  
162  178  
162  179  
161  180  
161  181  
161  182  
161  183  
161  184  
160  185  
160  186  
160  187  
160  188  
159  189  
159  190  
159  191  
159  192  
159  193  
159  194  
158  195  
158  196  
158  197  
158  198  
158  199  
157  200  
157  201  
157  202  
283  32  
283  33  
283  34  
282  35  
282  36  
281  37  
281  38  
281  39  
281  40  
280  41  
280  42  
280  43  
279  44  
279  45  
279  46  
278  47  
278  48  
278  49  
277  50  
277  51  
276  52  
276  53  
276  54  
275  55  
275  56  
275  57  
274  58  
274  59  
274  60  
273  61  
273  62  
273  63  
272  64  
272  65  
272  66  
271  67  
271  68  
271  69  
270  70  
270  71  
270  72  
269  73  
269  74  
269  75  
198  63  
198  64  
198  65  
198  66  
197  67  
197  68  
197  69  
196  70  
196  71  
196  72  
196  73  
196  74  
195  75  
195  76  
195  77  
195  78  
194  79  
194  80  
194  81  
194  82  
194  83  
193  84  
193  85  
193  86  
193  87  
192  88  
192  89  
192  90  
192  91  
191  92  
191  93  
191  94  
191  95  
190  96  
190  97  
190  98  
189  99  
189  100  
189  101  
44  84  
45  84  
46  84  
47  84  
48  84  
49  84  
50  84  
51  85  
52  85  
53  85  
54  85  
55  85  
56  85  
57  85  
58  85  
59  85  
60  85  
61  85  
62  85  
63  85  
64  85  
65  86  
66  86  
67  86  
68  86  
69  86  
70  86  
71  86  
72  86  
73  86  
74  86  
75  86  
76  86  
77  86  
78  87  
79  87  
80  87  
81  87  
82  87  
83  87  
84  87  
85  87  
86  87  
87  87  
88  87  
89  87  
90  87  
91  87  
92  87  
93  87  
94  87  
95  87  
96  87  
97  87  
98  88  
99  88  
100  88  
101  88  
102  88  
103  88  
104  88  
105  88  
106  88  
107  88  
108  88  
109  88  
110  88  
111  89  
112  89  
113  89  
114  89  
115  89  
116  89  
117  89  
118  89  
119  89  
120  89  
121  89  
122  89  
123  90  
124  90  
125  90  
126  90  
127  90  
128  90  
129  90  
130  90  
131  90  
132  90  
133  90  
39  88  
40  88  
41  88  
42  88  
43  88  
44  89  
45  89  
46  89  
47  89  
48  89  
49  90  
50  90  
51  90  
52  90  
53  90  
54  90  
55  91  
56  91  
57  91  
58  91  
59  91  
43  92  
44  92  
45  92  
46  93  
47  93  
48  93  
49  93  
50  93  
51  94  
52  94  
53  94  
54  94  
55  94  
56  95  
57  95  
58  95  
59  95  
60  95  
61  96  
62  96  
63  96  
64  96  
65  96  
66  96  
67  97  
68  97  
69  97  
70  97  
71  97  
72  98  
73  98  
74  98  
75  98  
76  98  
77  99  
78  99  
79  99  
80  99  
81  99  
82  100  
83  100  
84  100  
85  100  
86  100  
87  100  
88  101  
89  101  
90  101  
91  101  
92  101  
93  102  
94  102  
95  102  
96  102  
97  102  
98  103  
99  103  
100  103  
101  103  
102  103  
103  104  
104  104  
105  104  
106  104  
107  104  
108  105  
109  105  
110  105  
111  105  
112  105  
113  106  
114  106  
115  106  
116  106  
117  106  
118  106  
119  107  
120  107  
121  107  
122  107  
123  107  
124  107  
125  108  
126  108  
127  108  
128  108  
129  108  
130  108  
131  109  
132  109  
133  109  
134  109  
135  109  
262  95  
262  96  
262  97  
261  98  
261  99  
261  100  
260  101  
260  102  
260  103  
260  104  
259  105  
259  106  
259  107  
258  108  
258  109  
258  110  
257  111  
257  112  
257  113  
256  114  
256  115  
256  116  
255  117  
255  118  
255  119  
254  120  
254  121  
254  122  
253  123  
253  124  
253  125  
252  126  
252  127  
252  128  
251  129  
251  130  
251  131  
250  132  
250  133  
250  134  
250  135  
249  136  
249  137  
249  138  
248  139  
248  140  
248  141  
247  142  
247  143  
247  144  
246  145  
246  146  
246  147  
245  148  
245  149  
245  150  
244  151  
244  152  
244  153  
243  154  
243  155  
243  156  
242  157  
242  158  
242  159  
241  160  
241  161  
241  162  
240  163  
240  164  
240  165  
239  166  
239  167  
35  105  
35  106  
35  107  
35  108  
35  109  
35  110  
35  111  
35  112  
35  113  
35  114  
35  115  
35  116  
35  117  
35  118  
35  119  
35  120  
35  121  
35  122  
35  123  
35  124  
34  125  
34  126  
34  127  
34  128  
34  129  
34  130  
34  131  
34  132  
34  133  
34  134  
34  135  
34  136  
34  137  
34  138  
34  139  
34  140  
34  141  
34  142  
34  143  
34  144  
34  145  
34  146  
34  147  
34  148  
34  149  
34  150  
34  151  
34  152  
34  153  
34  154  
34  155  
34  156  
33  157  
33  158  
33  159  
33  160  
33  161  
33  162  
33  163  
33  164  
33  165  
145  111  
146  111  
147  112  
148  112  
149  112  
150  112  
151  113  
152  113  
153  113  
154  113  
155  113  
156  114  
157  114  
158  114  
159  114  
160  114  
161  114  
162  115  
163  115  
164  115  
165  115  
166  115  
121  112  
122  112  
123  113  
124  113  
125  113  
126  113  
127  114  
128  114  
129  114  
130  115  
131  115  
132  115  
133  115  
134  115  
135  116  
136  116  
137  116  
138  116  
139  116  
140  116  
141  117  
142  117  
143  117  
144  117  
145  118  
146  118  
161  152  
161  153  
160  154  
160  155  
160  156  
160  157  
159  158  
159  159  
159  160  
159  161  
158  162  
158  163  
158  164  
158  165  
157  166  
157  167  
157  168  
157  169  
157  170  
156  171  
156  172  
156  173  
126  153  
127  153  
128  153  
123  154  
124  154  
125  154  
119  155  
120  155  
121  155  
122  155  
114  156  
115  156  
116  156  
117  156  
118  156  
109  157  
110  157  
111  157  
112  157  
113  157  
104  158  
105  158  
106  158  
107  158  
108  158  
100  159  
101  159  
102  159  
103  159  
96  160  
97  160  
98  160  
99  160  
91  161  
92  161  
93  161  
94  161  
95  161  
86  162  
87  162  
88  162  
89  162  
90  162  
40  198  
41  198  
42  198  
43  198  
44  198  
45  198  
46  199  
47  199  
48  199  
49  199  
50  199  
51  199  
52  199  
53  199  
54  199  
55  199  
56  199  
57  199  
58  199  
59  199  
60  200  
61  200  
62  200  
63  200  
64  200  
65  200  
66  200  
67  200  
68  200  
69  200  
70  200  
71  200  
72  201  
73  201  
74  201  
75  201  
76  201  
77  201  
78  201  
79  201  
80  201  
81  201  
82  201  
83  201  
84  201  
85  202  
86  202  
87  202  
88  202  
89  202  
90  202  
91  202  
92  202  
93  202  
94  202  
95  202  
96  202  
97  202  
98  203  
99  203  
100  203  
101  203  
102  203  
103  203  
104  203  
105  203  
106  203  
107  203  
108  203  
109  203  
110  204  
111  204  
112  204  
113  204  
114  204  
115  204  
116  204  
117  204  
118  204  
119  204  
120  204  
121  204  
122  204  
123  204  
124  204  
125  204  
126  205  
127  205  
128  205  
129  205  
130  205  
131  205  
132  205  
133  205  
134  205  
135  205  
136  205  
137  205  
138  205  
139  205  
140  206  
141  206  
142  206  
143  206  
144  206  
145  206  
146  206  
147  206  
148  206  
149  206  
150  206  
151  206  
152  206  
153  206  
154  206  
155  206  
156  206  
157  207  
158  207  
159  207  
160  207  
161  207  
162  207  
163  207  
164  207  
165  207  
166  207  
167  208  
168  208  
169  208  
170  208  
171  208  
172  208  
173  208  
174  208  
175  209  
176  209  
177  209  
178  209  
179  209  
180  209  
181  209  
182  209  
183  209  
184  209  
185  209  
186  209  
187  209  
188  209  
189  210  
190  210  
191  210  
192  210  
193  210  
194  210  
195  210  
196  210  
197  210  
198  210  
199  210  
200  210  
201  210  
202  210  
203  210  
204  210  
205  211  
206  211  
207  211  
208  211  
209  211  
181  204  
182  204  
183  204  
184  204  
185  204  
186  204  
187  204  
188  205  
189  205  
190  205  
191  205  
192  205  
193  205  
194  205  
195  205  
196  205  
197  205  
198  205  
199  205  
200  206  
201  206  
202  206  
61  211  
62  211  
63  211  
64  211  
65  211  
66  211  
67  211  
68  211  
69  211  
70  212  
71  212  
72  212  
73  212  
74  212  
75  212  
76  212  
77  212  
78  212  
79  212  
80  212  
81  212  
82  212  
83  212  
84  213  
85  213  
86  213  
87  213  
88  213  
89  213  
90  213  
91  213  
92  213  
93  213  
94  213  
95  213  
96  213  
97  213  
98  213  
99  213  
100  214  
101  214  
102  214  
103  214  
104  214  
105  214  
106  214  
107  214  
108  214  
109  214  
110  215  
111  215  
112  215  
113  215  
114  215  
115  215  
116  215  
117  215  
118  215  
119  215  
120  215  
121  215  
122  215  
123  215  
124  216  
125  216  
126  216  
127  216  
128  216  
129  216  
130  216  
131  216  
132  216  
133  216  
134  216  
135  216  
136  216  
137  217  
138  217  
139  217  
140  217  
141  217  
142  217  
143  217  
144  217  
145  217  
146  217  
147  217  
148  217  
149  217  
150  217  
151  218  
152  218  
153  218  
154  218  
155  218  
156  218  
157  218  
158  218  
159  218  
160  218  
161  218  
162  218  
163  218  
164  218  
165  218  
166  219  
167  219  
168  219  
169  219  
170  219  
171  219  
172  219  
173  219  
174  219  
175  219  
176  219  
177  219  
178  219  
179  219  
180  219  
181  220  
182  220  
183  220  
184  220  
185  220  
186  220  
187  220  
188  220  
189  220  
190  220  
191  220  
192  220  
193  220  
194  220  
195  220  
196  221  
197  221  
198  221  
199  221  
200  221  
201  221  
202  221  
203  221  
204  221  
57  215  
58  215  
59  215  
60  215  
61  215  
62  215  
63  215  
64  216  
65  216  
66  216  
67  216  
68  216  
69  216  
70  216  
71  216  
72  216  
73  216  
74  216  
75  216  
76  217  
77  217  
78  217  
79  217  
80  217  
81  217  
82  217  
83  217  
84  217  
85  217  
86  217  
87  217  
88  217  
89  217  
90  218  
91  218  
92  218  
93  218  
94  218  
95  218  
96  218  
97  218  
98  218  
99  218  
100  218  
101  218  
102  219  
103  219  
104  219  
105  219  
106  219  
107  219  
108  219  
109  219  
110  219  
111  219  
112  219  
113  220  
114  220  
115  220  
116  220  
117  220  
118  220  
119  220  
120  220  
121  220  
122  220  
123  220  
124  220  
125  221  
126  221  
127  221  
128  221  
129  221  
130  221  
131  221  
132  221  
133  221  
134  221  
135  221  
136  221  
137  221  
138  222  
139  222  
140  222  
141  222  
142  222  
143  222  
144  222  
145  222  
146  222  
147  222  
148  222  
149  222  
150  222  
151  223  
152  223  
153  223  
154  223  
155  223  
156  223  
157  223  
158  223  
159  223  
160  223  
161  223  
162  223  
163  223  
164  223  
165  224  
166  224  
167  224  
168  224  
169  224  
170  224  
171  224  
172  224  
32  222  
33  222  
34  222  
35  222  
36  222  
37  222  
38  222  
39  222  
40  222  
41  222  
42  222  
43  223  
44  223  
45  223  
46  223  
47  223  
48  223  
49  223  
50  223  
51  223  
52  223  
53  223  
54  223  
188  226  
189  226  
190  226  
191  226  
192  226  
193  226  
194  226  
195  226  
196  226  
197  226  
198  226  
199  227  
200  227  
201  227  
202  227  
203  227  
204  227  
205  227  
206  227  
207  227  
208  227  
209  228  
210  228  
211  228  
212  228  
213  228  
214  228  
215  228  
216  228  
32  227  
33  227  
34  227  
35  227  
36  227  
37  227  
38  227  
39  227  
40  227  
41  227  
42  227  
43  227  
44  227  
45  227  
46  227  
47  227  
48  228  
49  228  
50  228  
51  228  
52  228  
53  228  
54  228  
55  228  
56  228  
57  228  
58  228  
59  228  
60  228  
61  228  
62  228  
63  228  
64  229  
65  229  
66  229  
67  229  
68  229  
69  229  
70  229  
71  229  
72  229  
32  235  
33  235  
34  236  
35  236  
36  236  
37  236  
38  236  
39  236  
40  236  
41  236  
42  236  
43  236  
44  236  
45  236  
46  236  
47  236  
48  236  
49  236  
50  236  
51  237  
52  237  
53  237  
54  237  
55  237  
56  237  
57  237  
58  237  
59  237  
60  237  
61  237  
62  237  
63  237  
64  237  
65  237  
66  237  
67  237  
68  237  
69  237  
161  237  
162  237  
163  237  
164  237  
165  237  
70  238  
71  238  
72  238  
73  238  
74  238  
75  238  
76  238  
77  238  
78  238  
79  238  
80  238  
81  238  
82  238  
83  238  
84  238  
85  238  
86  238  
87  238  
88  238  
89  238  
90  238  
91  238  
92  238  
93  238  
94  238  
95  238  
96  238  
97  238  
98  238  
99  238  
100  238  
101  238  
102  238  
103  238  
104  238  
105  238  
106  238  
107  238  
108  238  
109  238  
110  238  
111  238  
112  238  
113  238  
114  238  
152  238  
153  238  
154  238  
155  238  
156  238  
157  238  
158  238  
159  238  
160  238  
115  239  
116  239  
117  239  
118  239  
119  239  
120  239  
121  239  
122  239  
123  239  
124  239  
125  239  
126  239  
127  239  
128  239  
129  239  
130  239  
131  239  
132  239  
133  239  
134  239  
135  239  
136  239  
137  239  
138  239  
139  239  
140  239  
141  239  
142  239  
143  239  
144  239  
145  239  
146  239  
147  239  
148  239  
149  239  
150  239  
151  239  
176  238  
177  238  
178  238  
179  238  
180  238  
171  239  
172  239  
173  239  
174  239  
175  239  
167  240  
168  240  
169  240  
170  240  
164  241  
165  241  
166  241  
161  242  
162  242  
163  242  
32  242  
33  242  
34  242  
35  242  
36  242  
37  242  
38  242  
39  242  
40  242  
41  242  
42  242  
43  242  
44  242  
45  242  
46  242  
47  243  
48  243  
49  243  
50  243  
51  243  
52  243  
53  243  
54  243  
55  243  
56  243  
57  243  
58  243  
59  243  
60  243  
61  243  
62  243  
63  243  
64  243  
65  243  
66  243  
67  243  
68  243  
69  243  
70  244  
71  244  
72  244  
73  244  
74  244  
75  244  
76  244  
77  244  
78  244  
79  244  
80  244  
81  244  
82  244  
83  244  
89  244  
90  244  
91  244  
92  244  
93  244  
94  244  
95  244  
96  244  
97  244  
98  244  
99  244  
100  244  
101  244  
102  244  
103  244  
104  244  
105  244  
106  244  
107  244  
108  244  
109  245  
110  245  
111  245  
112  245  
113  245  
114  245  
115  245  
116  245  
117  245  
118  245  
119  245  
120  245  
121  245  
140  245  
141  245  
142  245  
143  245  
144  245  
145  245  
146  245  
147  245  
122  246  
123  246  
124  246  
125  246  
126  246  
127  246  
128  246  
129  246  
130  246  
131  246  
132  246  
133  246  
134  246  
135  246  
136  246  
137  246  
138  246  
139  246  
256  258  
257  259  
257  260  
258  261  
259  262  
259  263  
260  264  
260  265  
261  266  
262  267  
262  268  
263  269  
263  270  
264  271  
264  272  
265  273  
265  274  
266  275  
266  276  
267  277  
267  278  
268  279  
268  280  
269  281  
269  282  
270  283  
270  284  
271  285  
271  286  
272  287  
272  288  
273  289  
273  290  
274  291  
275  292  
275  293  
317  268  
317  269  
317  270  
317  271  
317  272  
317  273  
317  274  
317  275  
317  276  
318  277  
318  278  
318  279  
318  280  
318  281  
318  282  
319  283  
319  284  
319  285  
319  286  
319  287  
320  288  
320  289  
320  290  
320  291  
320  292  
320  293  
321  294  
321  295  
321  296  
321  297  
321  298  
321  299  
322  300  
322  301  
322  302  
322  303  
322  304  
322  305  
322  306  
323  307  
323  308  
323  309  
323  310  
323  311  
323  312  
324  313  
324  314  
324  315  
324  316  
324  317  
349  270  
350  270  
351  270  
352  270  
353  270  
354  270  
355  270  
356  270  
357  270  
358  270  
359  270  
360  270  
361  270  
362  270  
363  270  
364  270  
365  270  
366  270  
367  270  
368  270  
369  270  
370  271  
371  271  
372  271  
373  271  
374  271  
375  271  
376  271  
377  271  
378  271  
379  271  
397  282  
396  283  
396  284  
396  285  
397  286  
397  287  
397  288  
397  289  
397  290  
397  291  
398  292  
398  293  
398  294  
398  295  
398  296  
398  297  
399  298  
399  299  
399  300  
399  301  
399  302  
400  303  
400  304  
400  305  
400  306  
400  307  
400  308  
401  309  
401  310  
401  311  
401  312  
401  313  
401  314  
402  315  
402  316  
402  317  
402  318  
402  319  
402  320  
403  321  
403  322  
403  323  
403  324  
403  325  
325  295  
325  296  
325  297  
325  298  
325  299  
325  300  
326  301  
326  302  
326  303  
326  304  
326  305  
326  306  
327  307  
327  308  
327  309  
327  310  
327  311  
327  312  
328  313  
328  314  
328  315  
328  316  
328  317  
328  318  
329  319  
329  320  
329  321  
329  322  
329  323  
329  324  
146  304  
147  304  
148  304  
149  305  
150  305  
151  305  
152  306  
153  306  
154  306  
155  307  
156  307  
157  307  
158  308  
159  308  
160  308  
161  309  
162  309  
163  309  
164  310  
165  310  
166  310  
167  310  
168  311  
169  311  
170  311  
171  312  
172  312  
173  312  
174  313  
175  313  
176  313  
177  314  
178  314  
179  314  
180  315  
181  315  
182  315  
183  316  
184  316  
185  316  
186  317  
187  317  
188  317  
189  318  
190  318  
100  305  
101  305  
102  305  
103  305  
104  305  
105  305  
106  305  
93  306  
94  306  
95  306  
96  306  
97  306  
98  306  
99  306  
86  307  
87  307  
88  307  
89  307  
90  307  
91  307  
92  307  
78  308  
79  308  
80  308  
81  308  
82  308  
83  308  
84  308  
85  308  
236  318  
237  318  
238  318  
239  318  
240  318  
241  318  
242  318  
243  318  
244  318  
230  319  
231  319  
232  319  
233  319  
234  319  
235  319  
224  320  
225  320  
226  320  
227  320  
228  320  
229  320  
217  321  
218  321  
219  321  
220  321  
221  321  
222  321  
223  321  
211  322  
212  322  
213  322  
214  322  
215  322  
216  322  
130  322  
131  322  
132  322  
133  322  
134  322  
124  323  
125  323  
126  323  
127  323  
128  323  
129  323  
118  324  
119  324  
120  324  
121  324  
122  324  
123  324  
112  325  
113  325  
114  325  
115  325  
116  325  
117  325  
107  326  
108  326  
109  326  
110  326  
111  326  
101  327  
102  327  
103  327  
104  327  
105  327  
106  327  
95  328  
96  328  
97  328  
98  328  
99  328  
100  328  
141  323  
142  323  
143  323  
144  324  
145  324  
146  324  
147  325  
148  325  
149  325  
150  326  
151  326  
152  326  
153  327  
154  327  
155  327  
156  328  
157  328  
158  328  
159  329  
160  329  
161  329  
162  330  
163  330  
164  330  
165  331  
166  331  
167  331  
168  332  
169  332  
170  332  
171  333  
172  333  
173  333  
174  334  
175  334  
176  334  
177  335  
178  335  
179  335  
180  336  
181  336  
182  336  
183  337  
184  337  
185  337  
186  338  
187  338  
188  338  
189  339  
190  339  
326  325  
326  326  
326  327  
326  328  
326  329  
327  330  
327  331  
327  332  
327  333  
327  334  
327  335  
328  336  
328  337  
328  338  
328  339  
328  340  
328  341  
329  342  
329  343  
329  344  
329  345  
329  346  
329  347  
329  348  
330  349  
330  350  
330  351  
330  352  
330  353  
330  354  
331  355  
331  356  
331  357  
331  358  
331  359  
331  360  
332  361  
332  362  
332  363  
332  364  
332  365  
332  366  
332  367  
333  368  
333  369  
333  370  
333  371  
333  372  
333  373  
334  374  
334  375  
334  376  
334  377  
334  378  
334  379  
334  380  
335  381  
335  382  
335  383  
335  384  
335  385  
335  386  
335  387  
336  388  
336  389  
336  390  
336  391  
336  392  
336  393  
337  394  
337  395  
337  396  
337  397  
337  398  
337  399  
337  400  
338  401  
338  402  
338  403  
338  404  
338  405  
338  406  
338  407  
339  408  
339  409  
339  410  
339  411  
339  412  
339  413  
339  414  
340  415  
340  416  
340  417  
340  418  
340  419  
340  420  
341  421  
341  422  
341  423  
341  424  
341  425  
341  426  
341  427  
341  428  
342  429  
342  430  
342  431  
274  330  
274  331  
274  332  
274  333  
274  334  
274  335  
275  336  
275  337  
275  338  
275  339  
275  340  
275  341  
275  342  
275  343  
275  344  
275  345  
275  346  
275  347  
275  348  
276  349  
276  350  
276  351  
276  352  
276  353  
276  354  
276  355  
276  356  
277  357  
277  358  
277  359  
277  360  
406  338  
406  339  
406  340  
406  341  
406  342  
406  343  
407  344  
407  345  
407  346  
407  347  
407  348  
407  349  
408  350  
408  351  
408  352  
408  353  
408  354  
408  355  
409  356  
409  357  
409  358  
409  359  
409  360  
333  343  
333  344  
333  345  
333  346  
333  347  
333  348  
333  349  
334  350  
334  351  
334  352  
334  353  
334  354  
334  355  
335  356  
335  357  
335  358  
335  359  
335  360  
335  361  
336  362  
336  363  
336  364  
336  365  
336  366  
336  367  
337  368  
337  369  
337  370  
337  371  
337  372  
337  373  
337  374  
338  375  
338  376  
338  377  
338  378  
338  379  
338  380  
338  381  
339  382  
339  383  
339  384  
339  385  
339  386  
339  387  
340  388  
340  389  
340  390  
340  391  
340  392  
340  393  
341  394  
341  395  
341  396  
341  397  
341  398  
341  399  
341  400  
342  401  
342  402  
342  403  
342  404  
342  405  
342  406  
343  407  
343  408  
343  409  
343  410  
343  411  
343  412  
343  413  
344  414  
344  415  
344  416  
344  417  
344  418  
344  419  
344  420  
345  421  
345  422  
345  423  
345  424  
345  425  
345  426  
345  427  
346  428  
346  429  
346  430  
346  431  
250  359  
251  359  
252  359  
253  359  
254  359  
245  360  
246  360  
247  360  
248  360  
249  360  
240  361  
241  361  
242  361  
243  361  
244  361  
235  362  
236  362  
237  362  
238  362  
239  362  
230  363  
231  363  
232  363  
233  363  
234  363  
225  364  
226  364  
227  364  
228  364  
229  364  
219  365  
220  365  
221  365  
222  365  
223  365  
224  365  
212  366  
213  366  
214  366  
215  366  
216  366  
217  366  
218  366  
411  368  
411  369  
411  370  
411  371  
411  372  
412  373  
412  374  
412  375  
412  376  
412  377  
412  378  
413  379  
413  380  
413  381  
413  382  
414  383  
414  384  
414  385  
414  386  
414  387  
415  388  
415  389  
415  390  
415  391  
415  392  
416  393  
416  394  
416  395  
416  396  
416  397  
416  398  
417  399  
417  400  
417  401  
417  402  
417  403  
418  404  
194  370  
194  371  
194  372  
194  373  
195  374  
195  375  
195  376  
196  377  
196  378  
196  379  
196  380  
197  381  
197  382  
197  383  
197  384  
198  385  
198  386  
198  387  
199  388  
199  389  
199  390  
200  391  
200  392  
200  393  
201  394  
218  396  
218  397  
219  398  
219  399  
219  400  
220  401  
220  402  
220  403  
221  404  
221  405  
221  406  
222  407  
222  408  
223  409  
223  410  
223  411  
224  412  
224  413  
224  414  
225  415  
225  416  
225  417  
226  418  
226  419  
226  420  
226  421  
227  422  
227  423  
227  424  
228  425  
228  426  
228  427  
229  428  
229  429  
229  430  
230  431  
230  432  
230  433  
231  434  
231  435  
232  436  
232  437  
232  438  
233  439  
233  440  
233  441  
234  442  
234  443  
234  444  
235  445  
235  446  
235  447  
236  448  
236  449  
236  450  
237  451  
237  452  
237  453  
237  454  
238  455  
238  456  
238  457  
239  458  
239  459  
239  460  
248  399  
249  399  
250  399  
251  399  
252  399  
253  399  
254  399  
255  399  
256  399  
257  399  
258  399  
259  399  
260  399  
261  399  
262  399  
239  400  
240  400  
241  400  
242  400  
243  400  
244  400  
245  400  
246  400  
247  400  
237  401  
238  401  
236  402  
217  402  
217  403  
218  404  
218  405  
218  406  
219  407  
219  408  
219  409  
220  410  
220  411  
220  412  
221  413  
221  414  
221  415  
222  416  
222  417  
222  418  
222  419  
223  420  
223  421  
223  422  
224  423  
224  424  
224  425  
225  426  
225  427  
225  428  
226  429  
226  430  
226  431  
227  432  
227  433  
227  434  
228  435  
228  436  
228  437  
229  438  
229  439  
229  440  
230  441  
230  442  
230  443  
231  444  
231  445  
382  438  
383  438  
384  438  
385  438  
386  438  
376  439  
377  439  
378  439  
379  439  
380  439  
381  439  
364  440  
365  440  
366  440  
367  440  
368  440  
369  440  
370  440  
371  440  
372  440  
373  440  
374  440  
375  440  
358  441  
359  441  
360  441  
361  441  
362  441  
363  441  
353  442  
354  442  
355  442  
356  442  
357  442  
320  453  
321  454  
321  455  
322  456  
322  457  
323  458  
323  459  
323  460  
324  461  
324  462  
325  463  
325  464  
326  465  
326  466  
327  467  
327  468  
328  469  
328  470  
329  471  
329  472  
329  473  
330  474  
330  475  
331  476  
331  477  
332  478  
332  479  
333  480  
333  481  
334  482  
334  483  
335  484  
335  485  
336  486  
336  487  
336  488  
337  489  
337  490  
338  491  
338  492  
339  493  
339  494  
340  495  
340  496  
341  497  
341  498  
342  499  
342  500  
343  501  
343  502  
343  503  
344  504  
237  463  
237  464  
237  465  
238  466  
238  467  
238  468  
239  469  
239  470  
239  471  
240  472  
240  473  
241  474  
241  475  
241  476  
242  477  
242  478  
242  479  
243  480  
243  481  
243  482  
244  483  
244  484  
244  485  
245  486  
245  487  
246  488  
246  489  
246  490  
247  491  
247  492  
247  493  
248  494  
248  495  
248  496  
249  497  
249  498  
249  499  
250  500  
250  501  
250  502  
251  503  
251  504  
251  505  
252  506  
252  507  
252  508  
253  509  
253  510  
253  511  
254  512  
254  513  
304  478  
305  479  
305  480  
306  481  
306  482  
306  483  
307  484  
307  485  
308  486  
308  487  
308  488  
309  489  
309  490  
309  491  
310  492  
310  493  
311  494  
311  495  
311  496  
312  497  
312  498  
312  499  
242  492  
242  493  
243  494  
243  495  
244  496  
244  497  
244  498  
245  499  
245  500  
245  501  
246  502  
246  503  
246  504  
247  505  
247  506  
248  507  
248  508  
248  509  
249  510  
249  511  
250  512  
250  513  
251  493  
251  494  
252  495  
252  496  
252  497  
253  498  
253  499  
253  500  
254  501  
254  502  
254  503  
255  504  
255  505  
255  506  
256  507  
256  508  
256  509  
257  510  
257  511  
257  512  
258  513  
258  514  
258  515  
259  516  
259  517  
259  518  
260  519  
260  520  
260  521  
261  522  
261  523  
261  524  
262  525  
262  526  
262  527  
263  528  
263  529  
263  530  
264  531  
264  532  
264  533  
265  534  
265  535  
265  536  
266  537  
266  538  
348  512  
348  513  
349  514  
349  515  
350  516  
350  517  
351  518  
351  519  
351  520  
352  521  
352  522  
353  523  
354  524  
354  525  
354  526  
355  527  
355  528  
356  529  
356  530  
356  531  
357  532  
357  533  
358  534  
358  535  
358  536  
359  537  
359  538  
359  539  
360  540  
360  541  
360  542  
361  543  
361  544  
361  545  
233  515  
233  516  
233  517  
233  518  
234  519  
234  520  
234  521  
234  522  
235  523  
235  524  
235  525  
236  526  
236  527  
236  528  
236  529  
237  530  
237  531  
237  532  
238  533  
238  534  
238  535  
239  536  
239  537  
239  538  
239  539  
240  540  
240  541  
240  542  
241  543  
241  544  
241  545  
242  546  
242  547  
242  548  
242  549  
243  550  
243  551  
243  552  
243  553  
244  554  
244  555  
244  556  
245  557  
245  558  
245  559  
246  560  
246  561  
246  562  
237  517  
237  518  
237  519  
237  520  
238  521  
238  522  
238  523  
239  524  
239  525  
239  526  
240  527  
240  528  
240  529  
241  530  
241  531  
241  532  
242  533  
242  534  
242  535  
242  536  
243  537  
243  538  
243  539  
243  540  
244  541  
244  542  
244  543  
245  544  
245  545  
245  546  
245  547  
246  548  
246  549  
246  550  
247  551  
247  552  
247  553  
248  554  
248  555  
248  556  
248  557  
249  558  
249  559  
249  560  
250  561  
250  562  
250  563  
252  518  
252  519  
252  520  
253  521  
253  522  
253  523  
253  524  
253  525  
254  526  
254  527  
254  528  
255  529  
255  530  
255  531  
256  532  
256  533  
256  534  
256  535  
257  536  
257  537  
257  538  
258  539  
258  540  
258  541  
259  542  
259  543  
259  544  
260  545  
260  546  
260  547  
261  548  
261  549  
261  550  
262  551  
262  552  
263  553  
263  554  
261  534  
261  535  
262  536  
262  537  
262  538  
262  539  
263  540  
263  541  
263  542  
264  543  
264  544  
264  545  
265  546  
265  547  
265  548  
266  549  
266  550  
266  551  
267  552  
267  553  
267  554  
268  555  
268  556  
268  557  
269  558  
269  559  
269  560  
270  561  
270  562  
270  563  
271  564  
271  565  
271  566  
272  567  
272  568  
272  569  
273  570  
273  571  
273  572  
274  573  
274  574  
274  575  
274  576  
275  577  
275  578  
275  579  
276  580  
267  540  
267  541  
267  542  
268  543  
268  544  
268  545  
269  546  
269  547  
269  548  
270  549  
270  550  
270  551  
271  552  
271  553  
271  554  
272  555  
272  556  
272  557  
273  558  
273  559  
273  560  
274  561  
274  562  
274  563  
275  564  
275  565  
275  566  
276  567  
276  568  
276  569  
277  570  
277  571  
277  572  
278  573  
278  574  
278  575  
382  589  
382  590  
383  591  
383  592  
384  593  
384  594  
385  595  
385  596  
386  597  
386  598  
387  599  
387  600  
388  601  
388  602  
389  603  
389  604  
390  605  
390  606  
390  607  
391  608  
