61  32  
61  33  
60  34  
60  35  
60  36  
60  37  
59  38  
59  39  
59  40  
58  41  
58  42  
58  43  
58  44  
57  45  
57  46  
57  47  
57  48  
56  49  
56  50  
56  51  
56  52  
55  53  
55  54  
55  55  
55  56  
54  57  
54  58  
54  59  
53  60  
53  61  
53  62  
53  63  
52  64  
52  65  
52  66  
52  67  
51  68  
51  69  
51  70  
51  71  
50  72  
50  73  
50  74  
50  75  
49  76  
49  77  
49  78  
49  79  
48  80  
48  81  
48  82  
48  83  
47  84  
47  85  
47  86  
47  87  
46  88  
46  89  
46  90  
45  91  
45  92  
45  93  
45  94  
44  95  
44  96  
44  97  
44  98  
43  99  
43  100  
43  101  
43  102  
42  103  
42  104  
42  105  
42  106  
41  107  
41  108  
41  109  
41  110  
40  111  
40  112  
40  113  
40  114  
39  115  
39  116  
39  117  
39  118  
38  119  
38  120  
38  121  
38  122  
37  123  
37  124  
37  125  
36  126  
36  127  
36  128  
36  129  
35  130  
35  131  
35  132  
34  133  
34  134  
34  135  
34  136  
33  137  
33  138  
33  139  
33  140  
33  141  
32  142  
32  143  
32  144  
32  145  
67  32  
67  33  
66  34  
66  35  
66  36  
65  37  
65  38  
65  39  
65  40  
64  41  
64  42  
64  43  
64  44  
63  45  
63  46  
63  47  
63  48  
62  49  
62  50  
62  51  
62  52  
61  53  
61  54  
61  55  
60  56  
60  57  
60  58  
60  59  
59  60  
59  61  
59  62  
59  63  
58  64  
58  65  
58  66  
58  67  
57  68  
57  69  
57  70  
56  71  
56  72  
56  73  
56  74  
55  75  
55  76  
55  77  
55  78  
54  79  
54  80  
54  81  
54  82  
53  83  
53  84  
53  85  
52  86  
52  87  
52  88  
52  89  
51  90  
51  91  
51  92  
51  93  
50  94  
50  95  
50  96  
50  97  
49  98  
49  99  
49  100  
49  101  
48  102  
48  103  
48  104  
47  105  
47  106  
47  107  
47  108  
46  109  
46  110  
46  111  
46  112  
45  113  
45  114  
45  115  
45  116  
44  117  
44  118  
44  119  
44  120  
43  121  
43  122  
43  123  
43  124  
42  125  
42  126  
42  127  
41  128  
41  129  
41  130  
41  131  
197  32  
197  33  
197  34  
196  35  
196  36  
195  37  
195  38  
195  39  
194  40  
194  41  
193  42  
193  43  
192  44  
192  45  
191  46  
191  47  
191  48  
190  49  
190  50  
189  51  
189  52  
188  53  
188  54  
187  55  
187  56  
187  57  
186  58  
186  59  
185  60  
185  61  
184  62  
184  63  
183  64  
183  65  
183  66  
182  67  
182  68  
181  69  
181  70  
180  71  
180  72  
180  73  
179  74  
179  75  
178  76  
178  77  
177  78  
177  79  
177  80  
176  81  
176  82  
382  32  
382  33  
383  34  
384  35  
384  36  
385  37  
385  38  
386  39  
387  40  
387  41  
388  42  
388  43  
389  44  
390  45  
390  46  
391  47  
391  48  
392  49  
393  50  
393  51  
394  52  
395  53  
395  54  
396  55  
396  56  
397  57  
397  58  
398  59  
399  60  
399  61  
400  62  
401  63  
401  64  
402  65  
402  66  
403  67  
403  68  
404  69  
405  70  
405  71  
406  72  
406  73  
407  74  
408  75  
408  76  
409  77  
410  78  
410  79  
411  80  
411  81  
412  82  
413  83  
413  84  
414  85  
414  86  
415  87  
416  88  
416  89  
417  90  
417  91  
418  92  
419  93  
419  94  
420  95  
420  96  
421  97  
422  98  
422  99  
423  100  
423  101  
424  102  
425  103  
425  104  
426  105  
426  106  
427  107  
428  108  
428  109  
429  110  
429  111  
77  67  
78  67  
79  67  
80  67  
81  68  
82  68  
83  68  
84  68  
85  68  
86  68  
87  68  
88  68  
89  69  
90  69  
91  69  
92  69  
93  69  
94  69  
95  69  
96  70  
97  70  
98  70  
99  70  
100  70  
101  70  
102  70  
103  70  
104  70  
105  71  
106  71  
107  71  
108  71  
109  71  
110  71  
111  71  
112  71  
113  72  
114  72  
115  72  
116  72  
117  72  
118  72  
119  72  
120  73  
121  73  
122  73  
123  73  
124  73  
125  73  
126  73  
127  73  
128  74  
129  74  
130  74  
131  74  
132  74  
133  74  
134  74  
135  74  
136  75  
137  75  
138  75  
139  75  
140  75  
141  75  
142  75  
143  75  
144  75  
145  76  
146  76  
147  76  
148  76  
149  76  
150  76  
151  76  
152  76  
153  77  
154  77  
155  77  
156  77  
157  77  
158  77  
159  77  
160  77  
161  78  
162  78  
163  78  
164  78  
165  78  
166  78  
167  78  
168  78  
169  78  
170  78  
171  79  
172  80  
68  74  
68  75  
68  76  
67  77  
67  78  
67  79  
66  80  
66  81  
66  82  
65  83  
65  84  
65  85  
65  86  
64  87  
64  88  
64  89  
63  90  
63  91  
63  92  
62  93  
62  94  
62  95  
61  96  
61  97  
61  98  
60  99  
60  100  
60  101  
60  102  
59  103  
59  104  
59  105  
59  106  
58  107  
58  108  
58  109  
57  110  
57  111  
57  112  
56  113  
56  114  
56  115  
55  116  
55  117  
55  118  
55  119  
54  120  
54  121  
54  122  
168  100  
167  101  
167  102  
167  103  
166  104  
166  105  
165  106  
165  107  
164  108  
164  109  
164  110  
163  111  
163  112  
163  113  
162  114  
162  115  
162  116  
161  117  
161  118  
160  119  
160  120  
159  121  
159  122  
158  123  
158  124  
157  125  
157  126  
156  127  
156  128  
155  129  
155  130  
154  131  
154  132  
153  133  
153  134  
152  135  
152  136  
151  137  
151  138  
151  139  
150  140  
150  141  
149  142  
149  143  
149  144  
148  145  
148  146  
147  147  
147  148  
146  149  
146  150  
146  151  
145  152  
145  153  
144  154  
144  155  
143  156  
143  157  
142  158  
142  159  
142  160  
141  161  
141  162  
140  163  
140  164  
140  165  
139  166  
139  167  
138  168  
138  169  
137  170  
137  171  
137  172  
136  173  
136  174  
135  175  
135  176  
134  177  
134  178  
134  179  
133  180  
133  181  
132  182  
132  183  
132  184  
131  185  
131  186  
130  187  
130  188  
130  189  
129  190  
129  191  
128  192  
128  193  
127  194  
127  195  
126  196  
126  197  
125  198  
125  199  
124  200  
124  201  
124  202  
123  203  
123  204  
122  205  
122  206  
121  207  
121  208  
121  209  
120  210  
120  211  
120  212  
119  213  
119  214  
118  215  
118  216  
117  217  
117  218  
116  219  
428  123  
427  124  
427  125  
426  126  
425  127  
424  128  
423  129  
423  130  
422  131  
421  132  
420  133  
419  134  
419  135  
418  136  
417  137  
416  138  
415  139  
415  140  
414  141  
413  142  
412  143  
411  144  
411  145  
410  146  
409  147  
408  148  
407  149  
407  150  
406  151  
405  152  
404  153  
403  154  
403  155  
402  156  
401  157  
400  158  
399  159  
399  160  
398  161  
397  162  
396  163  
395  164  
394  165  
394  166  
393  167  
392  168  
391  169  
391  170  
390  171  
389  172  
388  173  
387  174  
387  175  
386  176  
385  177  
384  178  
383  179  
382  180  
382  181  
381  182  
380  183  
379  184  
378  185  
378  186  
377  187  
376  188  
375  189  
374  190  
374  191  
373  192  
372  193  
371  194  
370  195  
370  196  
369  197  
368  198  
367  199  
366  200  
366  201  
365  202  
364  203  
363  204  
362  205  
361  206  
361  207  
360  208  
359  209  
358  210  
357  211  
357  212  
356  213  
355  214  
354  215  
353  216  
353  217  
352  218  
351  219  
350  220  
349  221  
349  222  
348  223  
347  224  
346  225  
345  226  
345  227  
344  228  
343  229  
342  230  
341  231  
341  232  
340  233  
339  234  
338  235  
337  236  
337  237  
336  238  
335  239  
334  240  
333  241  
333  242  
332  243  
331  244  
330  245  
329  246  
328  247  
328  248  
327  249  
326  250  
325  251  
324  252  
324  253  
323  254  
322  255  
321  256  
320  257  
320  258  
319  259  
318  260  
317  261  
316  262  
316  263  
315  264  
314  265  
313  266  
312  267  
312  268  
311  269  
310  270  
309  271  
308  272  
308  273  
307  274  
306  275  
305  276  
304  277  
304  278  
303  279  
302  280  
301  281  
300  282  
300  283  
299  284  
298  285  
297  286  
296  287  
295  288  
295  289  
294  290  
293  291  
292  292  
291  293  
291  294  
290  295  
289  296  
288  297  
287  298  
287  299  
286  300  
285  301  
284  302  
283  303  
283  304  
282  305  
281  306  
280  307  
279  308  
278  309  
278  310  
277  311  
276  312  
275  313  
275  314  
274  315  
273  316  
272  317  
271  318  
270  319  
270  320  
269  321  
268  322  
267  323  
266  324  
266  325  
265  326  
264  327  
263  328  
262  329  
262  330  
261  331  
260  332  
259  333  
258  334  
257  335  
257  336  
256  337  
255  338  
254  339  
253  340  
253  341  
252  342  
251  343  
250  344  
249  345  
249  346  
248  347  
247  348  
246  349  
245  350  
245  351  
244  352  
243  353  
242  354  
241  355  
240  356  
240  357  
239  358  
238  359  
237  360  
236  361  
236  362  
235  363  
234  364  
233  365  
232  366  
231  367  
231  368  
230  369  
229  370  
228  371  
227  372  
227  373  
226  374  
225  375  
224  376  
223  377  
223  378  
222  379  
221  380  
220  381  
219  382  
218  383  
218  384  
217  385  
216  386  
215  387  
214  388  
214  389  
213  390  
212  391  
211  392  
210  393  
210  394  
209  395  
208  396  
207  397  
206  398  
205  399  
205  400  
204  401  
203  402  
202  403  
201  404  
200  405  
200  406  
199  407  
198  408  
197  409  
196  410  
196  411  
195  412  
194  413  
59  129  
60  129  
61  129  
62  129  
63  129  
64  129  
65  129  
66  129  
67  130  
68  130  
69  130  
70  130  
71  130  
72  130  
73  130  
74  130  
75  130  
76  130  
77  131  
78  131  
79  131  
80  131  
81  131  
82  131  
83  131  
84  131  
85  131  
86  131  
87  131  
88  131  
89  132  
90  132  
91  132  
92  132  
93  132  
94  132  
95  132  
96  132  
97  132  
98  132  
99  132  
100  132  
101  133  
102  133  
103  133  
104  133  
105  133  
106  133  
107  133  
108  133  
109  133  
110  133  
111  133  
112  134  
113  134  
114  134  
115  134  
116  134  
117  134  
118  134  
119  134  
120  134  
121  134  
122  134  
123  134  
124  134  
125  135  
126  135  
127  135  
128  135  
129  135  
130  135  
131  135  
132  135  
133  135  
134  135  
135  135  
136  136  
137  136  
138  136  
139  136  
140  136  
141  136  
142  136  
143  136  
144  136  
145  136  
146  136  
147  136  
148  136  
39  137  
39  138  
39  139  
38  140  
38  141  
38  142  
38  143  
37  144  
37  145  
37  146  
36  147  
36  148  
36  149  
36  150  
35  151  
35  152  
35  153  
35  154  
34  155  
34  156  
34  157  
34  158  
33  159  
33  160  
33  161  
33  162  
32  163  
32  164  
32  165  
32  166  
448  147  
447  148  
446  149  
445  150  
444  151  
443  152  
442  153  
442  154  
441  155  
440  156  
439  157  
438  158  
437  159  
437  160  
436  161  
435  162  
434  163  
433  164  
432  165  
431  166  
430  167  
429  168  
429  169  
428  170  
427  171  
426  172  
425  173  
424  174  
423  175  
423  176  
422  177  
421  178  
420  179  
419  180  
418  181  
418  182  
417  183  
416  184  
415  185  
414  186  
413  187  
412  188  
412  189  
411  190  
410  191  
409  192  
408  193  
407  194  
406  195  
406  196  
405  197  
404  198  
403  199  
402  200  
401  201  
400  202  
399  203  
399  204  
398  205  
397  206  
396  207  
395  208  
394  209  
394  210  
393  211  
392  212  
391  213  
390  214  
389  215  
388  216  
387  217  
387  218  
386  219  
385  220  
384  221  
383  222  
382  223  
382  224  
381  225  
380  226  
379  227  
378  228  
377  229  
376  230  
375  231  
374  232  
373  233  
372  234  
371  235  
370  236  
368  237  
369  237  
367  238  
366  239  
365  240  
364  241  
364  242  
448  160  
447  161  
446  162  
445  163  
444  164  
443  165  
442  166  
442  167  
441  168  
440  169  
439  170  
438  171  
437  172  
436  173  
435  174  
434  175  
434  176  
433  177  
432  178  
431  179  
430  180  
429  181  
429  182  
428  183  
427  184  
426  185  
425  186  
424  187  
423  188  
422  189  
421  190  
420  191  
420  192  
419  193  
418  194  
417  195  
416  196  
415  197  
414  198  
414  199  
413  200  
412  201  
411  202  
410  203  
409  204  
408  205  
407  206  
406  207  
406  208  
405  209  
404  210  
403  211  
402  212  
401  213  
400  214  
399  215  
398  216  
398  217  
397  218  
396  219  
395  220  
394  221  
393  222  
392  223  
391  224  
391  225  
390  226  
389  227  
388  228  
387  229  
386  230  
385  231  
384  232  
383  233  
383  234  
382  235  
381  236  
380  237  
379  238  
378  239  
377  240  
448  219  
447  220  
446  221  
445  222  
444  223  
443  224  
442  225  
441  226  
440  227  
439  228  
438  229  
437  230  
436  231  
435  232  
434  233  
433  234  
432  235  
431  236  
430  237  
429  238  
429  239  
42  223  
43  223  
44  223  
45  223  
46  223  
47  223  
48  223  
49  223  
50  223  
51  223  
52  223  
53  223  
54  223  
55  224  
56  224  
57  224  
58  224  
59  224  
60  224  
61  224  
62  224  
63  224  
64  224  
65  224  
66  224  
67  224  
68  224  
69  224  
70  224  
71  224  
72  224  
73  225  
74  225  
75  225  
76  225  
77  225  
78  225  
79  225  
80  225  
81  225  
82  225  
83  225  
84  225  
85  225  
86  225  
87  225  
88  225  
89  225  
90  226  
91  226  
92  226  
93  226  
94  226  
95  226  
96  226  
97  226  
98  226  
99  226  
100  226  
101  226  
102  226  
103  226  
104  226  
105  226  
106  226  
107  226  
37  229  
38  229  
39  229  
40  229  
41  229  
42  229  
43  229  
44  229  
45  229  
46  229  
47  230  
48  230  
49  230  
50  230  
51  230  
52  230  
53  230  
54  230  
55  230  
56  230  
57  230  
58  230  
59  230  
60  230  
61  230  
62  230  
63  230  
64  230  
65  230  
66  231  
67  231  
68  231  
69  231  
70  231  
71  231  
72  231  
73  231  
74  231  
75  231  
76  231  
77  231  
78  231  
79  231  
80  231  
81  231  
82  231  
83  231  
84  232  
85  232  
86  232  
87  232  
88  232  
89  232  
90  232  
91  232  
92  232  
93  232  
94  232  
95  232  
96  232  
97  232  
98  232  
99  233  
100  233  
101  233  
102  233  
103  233  
104  233  
105  233  
106  233  
107  233  
108  233  
109  233  
110  233  
111  233  
112  233  
113  233  
114  233  
115  233  
116  234  
117  234  
118  234  
119  234  
120  234  
121  234  
122  234  
123  234  
124  234  
125  234  
126  234  
127  234  
128  235  
129  235  
130  235  
131  235  
132  235  
133  235  
134  235  
135  235  
136  235  
137  235  
138  235  
139  235  
140  235  
141  235  
142  235  
143  235  
144  235  
145  235  
146  235  
147  235  
148  235  
149  235  
150  235  
151  235  
152  236  
103  229  
104  229  
105  229  
106  229  
107  229  
108  229  
109  229  
110  229  
111  229  
112  229  
113  229  
114  229  
115  229  
116  229  
117  229  
118  229  
119  230  
120  230  
121  230  
122  230  
123  230  
124  230  
125  230  
126  230  
127  230  
128  231  
129  231  
130  231  
131  231  
132  231  
133  231  
134  231  
34  231  
34  232  
34  233  
34  234  
34  235  
34  236  
34  237  
33  238  
33  239  
33  240  
33  241  
33  242  
33  243  
33  244  
33  245  
33  246  
32  247  
32  248  
32  249  
32  250  
32  251  
32  252  
32  253  
32  254  
167  241  
167  242  
167  243  
168  244  
168  245  
168  246  
168  247  
169  248  
169  249  
169  250  
169  251  
169  252  
169  253  
170  254  
170  255  
170  256  
170  257  
170  258  
170  259  
170  260  
170  261  
170  262  
170  263  
170  264  
170  265  
170  266  
170  267  
170  268  
170  269  
170  270  
170  271  
170  272  
170  273  
170  274  
170  275  
170  276  
170  277  
170  278  
170  279  
169  280  
169  281  
169  282  
169  283  
169  284  
169  285  
168  286  
168  287  
432  252  
392  253  
393  253  
394  253  
395  253  
396  253  
397  253  
398  253  
399  253  
400  253  
401  253  
402  253  
403  253  
404  253  
405  253  
406  253  
407  253  
408  253  
409  253  
410  253  
411  253  
412  253  
413  253  
414  253  
415  253  
416  253  
417  253  
418  253  
419  253  
420  253  
421  253  
422  253  
423  253  
424  253  
425  253  
426  253  
427  253  
428  253  
429  253  
430  253  
431  253  
349  254  
350  254  
351  254  
352  254  
353  254  
354  254  
355  254  
356  254  
357  254  
358  254  
359  254  
360  254  
361  254  
362  254  
363  254  
364  254  
365  254  
366  254  
367  254  
368  254  
369  254  
370  254  
371  254  
372  254  
373  254  
374  254  
375  254  
376  254  
377  254  
378  254  
379  254  
380  254  
381  254  
382  254  
383  254  
384  254  
385  254  
386  254  
387  254  
388  254  
389  254  
390  254  
391  254  
165  256  
165  257  
165  258  
165  259  
165  260  
165  261  
165  262  
165  263  
165  264  
165  265  
165  266  
165  267  
165  268  
165  269  
165  270  
165  271  
165  272  
165  273  
165  274  
165  275  
165  276  
165  277  
164  278  
164  279  
164  280  
164  281  
164  282  
164  283  
163  284  
163  285  
163  286  
163  287  
163  288  
162  289  
162  290  
162  291  
325  265  
324  266  
323  267  
322  268  
321  269  
320  270  
319  271  
318  272  
318  273  
317  274  
316  275  
315  276  
314  277  
313  278  
313  279  
312  280  
311  281  
310  282  
309  283  
309  284  
308  285  
307  286  
306  287  
305  288  
305  289  
304  290  
303  291  
302  292  
301  293  
300  294  
299  295  
299  296  
298  297  
297  298  
296  299  
295  300  
294  301  
294  302  
293  303  
292  304  
291  305  
290  306  
290  307  
289  308  
288  309  
287  310  
286  311  
285  312  
285  313  
284  314  
283  315  
282  316  
281  317  
281  318  
280  319  
279  320  
278  321  
277  322  
277  323  
276  324  
275  325  
274  326  
273  327  
272  328  
272  329  
271  330  
270  331  
269  332  
268  333  
267  334  
267  335  
266  336  
265  337  
264  338  
263  339  
262  340  
261  341  
261  342  
260  343  
259  344  
258  345  
257  346  
257  347  
256  348  
255  349  
254  350  
253  351  
252  352  
252  353  
251  354  
250  355  
249  356  
248  357  
247  358  
247  359  
246  360  
245  361  
244  362  
243  363  
242  364  
241  365  
241  366  
240  367  
239  368  
238  369  
237  370  
236  371  
235  372  
235  373  
234  374  
233  375  
232  376  
231  377  
231  378  
230  379  
229  380  
228  381  
227  382  
226  383  
225  384  
224  385  
224  386  
223  387  
222  388  
221  389  
220  390  
220  391  
219  392  
32  332  
33  332  
34  332  
35  332  
36  332  
37  333  
38  333  
39  333  
40  333  
41  333  
42  333  
43  333  
44  333  
45  333  
46  333  
47  333  
48  333  
49  333  
50  333  
51  333  
52  333  
53  333  
54  333  
55  333  
56  333  
57  333  
58  333  
59  333  
60  333  
61  333  
62  333  
63  333  
64  333  
65  333  
66  333  
67  333  
68  333  
69  333  
70  333  
71  333  
72  333  
73  333  
74  333  
75  333  
76  333  
77  333  
78  333  
79  333  
80  333  
81  333  
82  333  
83  333  
84  333  
85  333  
86  333  
87  333  
88  333  
89  333  
90  334  
91  334  
92  334  
93  334  
94  334  
95  334  
96  334  
97  334  
98  334  
99  334  
100  334  
101  334  
102  334  
103  334  
104  334  
105  334  
106  334  
107  334  
108  334  
109  334  
110  334  
111  334  
112  334  
113  334  
114  334  
115  334  
116  334  
117  334  
118  334  
32  338  
33  338  
34  338  
35  338  
36  338  
37  338  
38  338  
39  339  
40  339  
41  339  
42  339  
43  339  
44  339  
45  339  
46  339  
47  339  
48  339  
49  339  
50  339  
51  339  
52  339  
53  339  
54  339  
55  339  
56  339  
57  339  
58  339  
59  339  
60  339  
61  339  
62  339  
63  339  
64  339  
65  339  
66  339  
67  339  
68  339  
69  339  
70  339  
71  339  
72  339  
73  339  
74  339  
75  339  
76  339  
77  339  
78  339  
79  339  
80  339  
81  339  
82  339  
83  339  
84  339  
85  339  
93  362  
94  362  
95  362  
96  362  
97  362  
98  362  
99  362  
100  362  
101  362  
102  362  
103  362  
77  363  
78  363  
79  363  
80  363  
81  363  
82  363  
83  363  
84  363  
85  363  
86  363  
87  363  
88  363  
89  363  
90  363  
91  363  
92  363  
71  364  
72  364  
73  364  
74  364  
75  364  
76  364  
59  365  
60  365  
61  365  
62  365  
63  365  
64  365  
65  365  
66  365  
67  365  
68  365  
69  365  
70  365  
49  366  
50  366  
51  366  
52  366  
53  366  
54  366  
55  366  
56  366  
57  366  
58  366  
38  367  
39  367  
40  367  
41  367  
42  367  
43  367  
44  367  
45  367  
46  367  
47  367  
48  367  
32  368  
33  368  
34  368  
35  368  
36  368  
37  368  
369  381  
370  381  
371  381  
372  381  
373  381  
374  381  
375  381  
376  381  
377  381  
378  381  
379  381  
380  381  
381  381  
382  381  
383  381  
384  381  
385  381  
386  381  
387  381  
388  381  
282  398  
282  399  
282  400  
283  401  
283  402  
283  403  
284  404  
284  405  
285  406  
285  407  
285  408  
286  409  
286  410  
286  411  
287  412  
287  413  
288  414  
288  415  
288  416  
289  417  
289  418  
289  419  
290  420  
290  421  
291  422  
291  423  
291  424  
292  425  
292  426  
292  427  
293  428  
293  429  
294  430  
294  431  
294  432  
295  433  
295  434  
295  435  
296  436  
296  437  
297  438  
297  439  
297  440  
298  441  
298  442  
299  443  
299  444  
299  445  
161  401  
161  402  
161  403  
161  404  
162  405  
162  406  
162  407  
162  408  
162  409  
162  410  
162  411  
162  412  
162  413  
162  414  
162  415  
162  416  
162  417  
162  418  
162  419  
162  420  
162  421  
162  422  
162  423  
162  424  
162  425  
162  426  
162  427  
162  428  
162  429  
161  430  
161  431  
161  432  
161  433  
161  434  
161  435  
161  436  
161  437  
161  438  
161  439  
161  440  
160  441  
160  442  
160  443  
160  444  
98  406  
99  406  
100  406  
92  407  
93  407  
94  407  
95  407  
96  407  
97  407  
82  408  
83  408  
84  408  
85  408  
86  408  
87  408  
88  408  
89  408  
90  408  
91  408  
73  409  
74  409  
75  409  
76  409  
77  409  
78  409  
79  409  
80  409  
81  409  
427  406  
428  406  
429  406  
430  406  
431  406  
432  406  
433  406  
434  406  
435  406  
436  406  
437  406  
438  406  
439  406  
440  406  
441  406  
442  406  
443  406  
444  406  
445  406  
446  406  
447  406  
448  406  
95  410  
96  410  
97  410  
98  410  
99  410  
100  410  
101  410  
102  410  
103  410  
104  410  
105  410  
106  410  
107  410  
108  410  
109  410  
110  410  
111  410  
112  410  
88  411  
89  411  
90  411  
91  411  
92  411  
93  411  
94  411  
80  412  
81  412  
82  412  
83  412  
84  412  
85  412  
86  412  
87  412  
76  413  
77  413  
78  413  
79  413  
72  417  
72  418  
71  419  
72  420  
72  421  
72  422  
73  423  
73  424  
73  425  
73  426  
73  427  
73  428  
74  429  
74  430  
74  431  
74  432  
74  433  
74  434  
74  435  
74  436  
74  437  
74  438  
74  439  
74  440  
74  441  
73  442  
73  443  
73  444  
35  418  
35  419  
36  420  
37  421  
37  422  
37  423  
37  424  
37  425  
37  426  
37  427  
38  428  
38  429  
38  430  
38  431  
38  432  
38  433  
38  434  
38  435  
38  436  
39  437  
39  438  
39  439  
39  440  
39  441  
39  442  
39  443  
39  444  
39  445  
39  446  
39  447  
39  448  
39  449  
39  450  
39  451  
39  452  
39  453  
39  454  
39  455  
39  456  
39  457  
39  458  
39  459  
39  460  
39  461  
39  462  
40  463  
204  420  
204  421  
204  422  
205  423  
205  424  
205  425  
205  426  
206  427  
206  428  
207  429  
207  430  
207  431  
207  432  
208  433  
208  434  
209  435  
209  436  
209  437  
210  438  
210  439  
210  440  
211  441  
211  442  
211  443  
212  444  
212  445  
212  446  
213  447  
213  448  
213  449  
214  450  
214  451  
214  452  
215  453  
215  454  
215  455  
216  456  
216  457  
216  458  
217  459  
217  460  
217  461  
218  462  
218  463  
218  464  
219  465  
219  466  
219  467  
220  468  
220  469  
220  470  
221  471  
221  472  
200  422  
200  423  
200  424  
201  425  
201  426  
201  427  
202  428  
202  429  
202  430  
203  431  
203  432  
203  433  
204  434  
204  435  
204  436  
205  437  
205  438  
205  439  
206  440  
206  441  
206  442  
207  443  
207  444  
208  445  
208  446  
208  447  
208  448  
209  449  
209  450  
210  451  
210  452  
210  453  
211  454  
211  455  
211  456  
293  454  
287  455  
288  455  
289  455  
290  455  
291  455  
292  455  
283  456  
284  456  
285  456  
286  456  
278  457  
279  457  
280  457  
281  457  
282  457  
273  458  
274  458  
275  458  
276  458  
277  458  
268  459  
269  459  
270  459  
271  459  
272  459  
97  459  
98  459  
99  459  
100  459  
91  460  
92  460  
93  460  
94  460  
95  460  
96  460  
85  461  
86  461  
87  461  
88  461  
89  461  
90  461  
79  462  
80  462  
81  462  
82  462  
83  462  
84  462  
73  463  
74  463  
75  463  
76  463  
77  463  
78  463  
66  464  
67  464  
68  464  
69  464  
70  464  
71  464  
72  464  
60  465  
61  465  
62  465  
63  465  
64  465  
65  465  
54  466  
55  466  
56  466  
57  466  
58  466  
59  466  
47  467  
48  467  
49  467  
50  467  
51  467  
52  467  
53  467  
41  468  
42  468  
43  468  
44  468  
45  468  
46  468  
39  469  
40  469  
266  465  
266  466  
267  467  
267  468  
267  469  
268  470  
268  471  
268  472  
269  473  
269  474  
269  475  
270  476  
270  477  
271  478  
271  479  
271  480  
272  481  
272  482  
272  483  
273  484  
273  485  
273  486  
274  487  
274  488  
275  489  
275  490  
275  491  
276  492  
276  493  
276  494  
277  495  
277  496  
262  469  
262  470  
262  471  
263  472  
263  473  
263  474  
264  475  
264  476  
264  477  
265  478  
265  479  
265  480  
266  481  
266  482  
266  483  
267  484  
267  485  
267  486  
268  487  
268  488  
269  489  
269  490  
269  491  
270  492  
270  493  
270  494  
271  495  
271  496  
271  497  
272  498  
272  499  
272  500  
273  501  
273  502  
273  503  
274  504  
274  505  
275  506  
275  507  
275  508  
276  509  
276  510  
276  511  
277  512  
277  513  
277  514  
278  515  
278  516  
279  517  
279  518  
294  469  
294  470  
294  471  
293  472  
293  473  
293  474  
292  475  
292  476  
292  477  
292  478  
291  479  
291  480  
291  481  
290  482  
290  483  
290  484  
289  485  
289  486  
289  487  
288  488  
288  489  
288  490  
287  491  
287  492  
287  493  
286  494  
286  495  
286  496  
286  497  
286  498  
285  499  
285  500  
285  501  
285  502  
285  503  
232  484  
232  485  
232  486  
233  487  
233  488  
233  489  
234  490  
234  491  
234  492  
235  493  
235  494  
235  495  
236  496  
236  497  
236  498  
237  499  
237  500  
237  501  
238  502  
238  503  
238  504  
239  505  
239  506  
239  507  
240  508  
240  509  
240  510  
241  511  
241  512  
241  513  
242  514  
242  515  
242  516  
243  517  
243  518  
243  519  
244  520  
244  521  
244  522  
245  523  
245  524  
245  525  
246  526  
246  527  
228  487  
229  488  
229  489  
229  490  
230  491  
230  492  
230  493  
231  494  
231  495  
231  496  
232  497  
232  498  
232  499  
233  500  
233  501  
233  502  
234  503  
234  504  
234  505  
235  506  
235  507  
235  508  
236  509  
236  510  
236  511  
237  512  
237  513  
237  514  
238  515  
238  516  
238  517  
239  518  
239  519  
239  520  
240  521  
240  522  
240  523  
241  524  
241  525  
241  526  
242  527  
242  528  
242  529  
243  530  
243  531  
243  532  
244  533  
244  534  
244  535  
245  536  
245  537  
245  538  
246  539  
246  540  
246  541  
284  505  
284  506  
284  507  
284  508  
284  509  
284  510  
284  511  
284  512  
284  513  
284  514  
284  515  
283  516  
283  517  
283  518  
283  519  
283  520  
283  521  
282  522  
282  523  
282  524  
282  525  
282  526  
282  527  
282  528  
282  529  
282  530  
282  531  
282  532  
282  533  
282  534  
282  535  
282  536  
282  537  
282  538  
282  539  
282  540  
282  541  
282  542  
282  543  
282  544  
282  545  
282  546  
282  547  
282  548  
282  549  
281  550  
281  551  
281  552  
281  553  
281  554  
281  555  
281  556  
280  557  
280  558  
280  559  
280  560  
280  561  
280  562  
280  563  
280  564  
280  565  
280  566  
280  567  
279  568  
279  569  
279  570  
279  571  
279  572  
279  573  
279  574  
279  575  
278  576  
278  577  
278  578  
278  579  
278  580  
278  581  
278  582  
253  560  
253  561  
254  562  
254  563  
254  564  
255  565  
255  566  
255  567  
256  568  
256  569  
256  570  
257  571  
257  572  
257  573  
258  574  
258  575  
258  576  
259  577  
259  578  
259  579  
260  580  
260  581  
260  582  
261  583  
261  584  
261  585  
262  586  
262  587  
262  588  
263  589  
263  590  
263  591  
264  592  
264  593  
264  594  
265  595  
265  596  
265  597  
266  598  
266  599  
266  600  
267  601  
267  602  
267  603  
268  604  
268  605  
268  606  
268  607  
268  608  
397  570  
398  570  
399  570  
400  570  
401  570  
395  571  
396  571  
390  572  
391  572  
392  572  
393  572  
394  572  
387  573  
388  573  
389  573  
382  574  
383  574  
384  574  
385  574  
386  574  
377  575  
378  575  
379  575  
380  575  
381  575  
375  576  
376  576  
371  577  
372  577  
373  577  
374  577  
368  578  
369  578  
370  578  
364  579  
365  579  
366  579  
367  579  
360  580  
361  580  
362  580  
363  580  
357  581  
358  581  
359  581  
353  582  
354  582  
355  582  
356  582  
350  583  
351  583  
352  583  
347  584  
348  584  
349  584  
344  585  
345  585  
346  585  
340  586  
341  586  
342  586  
343  586  
337  587  
338  587  
339  587  
333  588  
334  588  
335  588  
336  588  
331  589  
332  589  
326  590  
327  590  
328  590  
329  590  
330  590  
323  591  
324  591  
325  591  
320  592  
321  592  
322  592  
277  584  
277  585  
277  586  
277  587  
277  588  
276  589  
276  590  
276  591  
276  592  
276  593  
275  594  
275  595  
275  596  
275  597  
274  598  
274  599  
274  600  
273  601  
273  602  
273  603  
273  604  
272  605  
272  606  
272  607  
272  608  
