131  32  
130  33  
124  34  
125  34  
126  34  
127  34  
128  34  
129  34  
119  35  
120  35  
121  35  
122  35  
123  35  
114  36  
115  36  
116  36  
117  36  
118  36  
112  37  
113  37  
325  32  
325  33  
325  34  
325  35  
325  36  
325  37  
325  38  
325  39  
325  40  
325  41  
325  42  
325  43  
325  44  
325  45  
324  46  
324  47  
324  48  
324  49  
324  50  
324  51  
324  52  
324  53  
324  54  
323  55  
323  56  
323  57  
323  58  
323  59  
323  60  
323  61  
323  62  
323  63  
323  64  
323  65  
323  66  
323  67  
322  68  
322  69  
322  70  
322  71  
322  72  
322  73  
322  74  
322  75  
322  76  
322  77  
321  78  
321  79  
321  80  
331  32  
331  33  
331  34  
331  35  
331  36  
331  37  
331  38  
331  39  
331  40  
330  41  
330  42  
330  43  
330  44  
330  45  
330  46  
330  47  
330  48  
330  49  
330  50  
330  51  
329  52  
329  53  
329  54  
329  55  
329  56  
329  57  
329  58  
329  59  
328  60  
328  61  
328  62  
328  63  
328  64  
328  65  
328  66  
328  67  
328  68  
328  69  
328  70  
322  36  
322  37  
322  38  
322  39  
322  40  
322  41  
321  42  
321  43  
321  44  
321  45  
321  46  
321  47  
321  48  
321  49  
321  50  
321  51  
320  52  
320  53  
320  54  
320  55  
320  56  
320  57  
320  58  
320  59  
320  60  
320  61  
320  62  
320  63  
320  64  
320  65  
319  66  
319  67  
319  68  
319  69  
319  70  
319  71  
319  72  
319  73  
319  74  
319  75  
448  38  
448  39  
448  40  
448  41  
447  42  
447  43  
447  44  
447  45  
446  46  
446  47  
446  48  
446  49  
445  50  
445  51  
445  52  
445  53  
444  54  
444  55  
444  56  
444  57  
443  58  
188  42  
189  42  
180  43  
181  43  
182  43  
183  43  
184  43  
185  43  
186  43  
187  43  
168  44  
173  44  
174  44  
175  44  
176  44  
177  44  
178  44  
179  44  
169  45  
170  45  
171  45  
172  45  
309  52  
309  53  
309  54  
309  55  
309  56  
309  57  
309  58  
309  59  
309  60  
309  61  
309  62  
309  63  
309  64  
308  65  
308  66  
308  67  
308  68  
308  69  
308  70  
308  71  
308  72  
308  73  
308  74  
308  75  
308  76  
308  77  
308  78  
308  79  
308  80  
308  81  
308  82  
308  83  
308  84  
308  85  
308  86  
307  87  
307  88  
307  89  
307  90  
307  91  
307  92  
307  93  
307  94  
307  95  
307  96  
307  97  
307  98  
307  99  
307  100  
307  101  
307  102  
307  103  
307  104  
307  105  
307  106  
307  107  
307  108  
306  109  
335  58  
335  59  
335  60  
335  61  
334  62  
334  63  
334  64  
334  65  
334  66  
334  67  
334  68  
333  69  
333  70  
333  71  
333  72  
333  73  
333  74  
333  75  
333  76  
332  77  
332  78  
332  79  
332  80  
332  81  
332  82  
332  83  
332  84  
331  85  
331  86  
331  87  
331  88  
331  89  
331  90  
331  91  
331  92  
331  93  
331  94  
330  95  
330  96  
330  97  
330  98  
330  99  
330  100  
330  101  
330  102  
330  103  
329  104  
329  105  
329  106  
329  107  
329  108  
329  109  
329  110  
329  111  
329  112  
328  113  
358  66  
359  67  
360  67  
361  68  
362  69  
363  69  
364  70  
365  71  
366  72  
367  72  
368  73  
369  74  
370  75  
371  76  
372  77  
373  77  
374  78  
375  79  
376  79  
377  80  
378  81  
379  82  
380  83  
381  84  
382  84  
383  85  
384  86  
385  87  
386  87  
387  88  
388  89  
389  90  
390  90  
391  91  
392  92  
393  93  
394  94  
395  94  
396  95  
397  96  
398  97  
399  98  
400  99  
401  100  
402  100  
354  69  
354  70  
353  71  
353  72  
353  73  
353  74  
353  75  
353  76  
352  77  
352  78  
352  79  
352  80  
352  81  
352  82  
351  83  
351  84  
351  85  
351  86  
351  87  
350  88  
350  89  
350  90  
350  91  
350  92  
350  93  
349  94  
349  95  
349  96  
349  97  
349  98  
348  99  
276  88  
276  89  
275  90  
275  91  
275  92  
275  93  
275  94  
275  95  
274  96  
274  97  
274  98  
274  99  
274  100  
273  101  
273  102  
273  103  
273  104  
273  105  
272  106  
272  107  
272  108  
272  109  
272  110  
272  111  
271  112  
271  113  
271  114  
271  115  
270  116  
270  117  
270  118  
270  119  
269  120  
269  121  
269  122  
268  123  
268  124  
296  97  
296  98  
296  99  
296  100  
296  101  
296  102  
296  103  
296  104  
296  105  
296  106  
296  107  
296  108  
295  109  
295  110  
295  111  
295  112  
295  113  
295  114  
295  115  
295  116  
295  117  
295  118  
295  119  
295  120  
295  121  
295  122  
295  123  
294  124  
442  105  
442  106  
442  107  
442  108  
441  109  
441  110  
441  111  
441  112  
441  113  
441  114  
440  115  
440  116  
440  117  
439  118  
439  119  
439  120  
439  121  
438  122  
438  123  
438  124  
437  125  
437  126  
437  127  
437  128  
436  129  
436  130  
406  110  
406  111  
406  112  
406  113  
406  114  
405  115  
405  116  
405  117  
405  118  
405  119  
404  120  
404  121  
404  122  
404  123  
404  124  
403  125  
403  126  
403  127  
402  128  
402  129  
402  130  
316  123  
316  124  
316  125  
316  126  
315  127  
315  128  
315  129  
315  130  
315  131  
315  132  
314  133  
314  134  
314  135  
314  136  
314  137  
314  138  
314  139  
314  140  
314  141  
314  142  
314  143  
314  144  
314  145  
314  146  
313  147  
313  148  
313  149  
313  150  
313  151  
313  152  
313  153  
313  154  
313  155  
320  127  
320  128  
320  129  
320  130  
320  131  
320  132  
320  133  
319  134  
319  135  
319  136  
319  137  
319  138  
319  139  
319  140  
318  141  
318  142  
318  143  
318  144  
318  145  
318  146  
318  147  
318  148  
317  149  
317  150  
317  151  
317  152  
317  153  
317  154  
317  155  
434  137  
434  138  
434  139  
434  140  
434  141  
433  142  
433  143  
433  144  
432  145  
432  146  
432  147  
432  148  
431  149  
431  150  
431  151  
431  152  
430  153  
430  154  
430  155  
430  156  
430  157  
429  158  
429  159  
429  160  
429  161  
429  162  
428  163  
428  164  
428  165  
427  166  
427  167  
427  168  
427  169  
426  170  
426  171  
426  172  
426  173  
425  174  
425  175  
425  176  
425  177  
425  178  
425  179  
424  180  
424  181  
424  182  
424  183  
424  184  
423  185  
423  186  
423  187  
423  188  
422  189  
422  190  
422  191  
421  192  
421  193  
421  194  
420  195  
420  196  
420  197  
420  198  
419  199  
419  200  
419  201  
419  202  
418  203  
418  204  
418  205  
418  206  
417  207  
417  208  
417  209  
417  210  
417  211  
372  144  
372  145  
372  146  
372  147  
372  148  
371  149  
371  150  
371  151  
371  152  
371  153  
371  154  
371  155  
371  156  
371  157  
371  158  
371  159  
371  160  
371  161  
371  162  
371  163  
371  164  
371  165  
398  151  
398  152  
398  153  
398  154  
398  155  
397  156  
397  157  
397  158  
396  159  
396  160  
396  161  
396  162  
395  163  
395  164  
395  165  
395  166  
395  167  
394  168  
394  169  
394  170  
394  171  
394  172  
393  173  
393  174  
393  175  
393  176  
393  177  
392  178  
392  179  
392  180  
392  181  
392  182  
391  183  
391  184  
391  185  
390  186  
390  187  
390  188  
390  189  
390  190  
390  191  
389  192  
389  193  
388  194  
388  195  
388  196  
388  197  
388  198  
388  199  
387  200  
387  201  
387  202  
387  203  
386  204  
386  205  
386  206  
386  207  
386  208  
385  209  
385  210  
385  211  
385  212  
384  213  
384  214  
384  215  
384  216  
384  217  
384  218  
383  219  
383  220  
383  221  
383  222  
383  223  
382  224  
382  225  
382  226  
382  227  
382  228  
382  229  
381  230  
381  231  
381  232  
381  233  
381  234  
380  235  
380  236  
380  237  
380  238  
380  239  
380  240  
379  241  
379  242  
379  243  
379  244  
378  245  
378  246  
378  247  
378  248  
378  249  
377  250  
377  251  
377  252  
377  253  
377  254  
376  255  
376  256  
376  257  
376  258  
376  259  
375  260  
375  261  
375  262  
375  263  
375  264  
74  167  
74  168  
74  169  
74  170  
74  171  
74  172  
73  173  
73  174  
73  175  
73  176  
73  177  
73  178  
72  179  
72  180  
72  181  
72  182  
72  183  
72  184  
71  185  
71  186  
71  187  
71  188  
70  189  
70  190  
70  191  
70  192  
70  193  
345  171  
345  172  
344  173  
344  174  
344  175  
344  176  
344  177  
344  178  
344  179  
343  180  
343  181  
343  182  
343  183  
343  184  
343  185  
343  186  
343  187  
342  188  
342  189  
342  190  
342  191  
342  192  
342  193  
341  194  
341  195  
341  196  
341  197  
341  198  
394  193  
393  194  
393  195  
392  196  
392  197  
392  198  
392  199  
392  200  
392  201  
391  202  
391  203  
391  204  
391  205  
390  206  
390  207  
390  208  
390  209  
389  210  
389  211  
389  212  
389  213  
388  214  
388  215  
388  216  
388  217  
388  218  
388  219  
387  220  
387  221  
387  222  
387  223  
387  224  
387  225  
386  226  
386  227  
386  228  
386  229  
69  195  
69  196  
69  197  
69  198  
69  199  
69  200  
69  201  
68  202  
68  203  
68  204  
68  205  
68  206  
68  207  
68  208  
68  209  
68  210  
68  211  
68  212  
68  213  
68  214  
68  215  
67  216  
67  217  
67  218  
67  219  
67  220  
67  221  
66  222  
66  223  
66  224  
66  225  
66  226  
66  227  
66  228  
66  229  
65  230  
65  231  
65  232  
65  233  
65  234  
65  235  
65  236  
65  237  
65  238  
65  239  
65  240  
65  241  
66  242  
66  243  
66  244  
66  245  
66  246  
66  247  
66  248  
66  249  
66  250  
66  251  
67  252  
67  253  
67  254  
67  255  
67  256  
67  257  
67  258  
67  259  
67  260  
67  261  
67  262  
67  263  
67  264  
67  265  
340  200  
340  201  
340  202  
340  203  
340  204  
340  205  
340  206  
340  207  
340  208  
339  209  
339  210  
339  211  
339  212  
339  213  
339  214  
339  215  
338  216  
338  217  
338  218  
338  219  
338  220  
338  221  
338  222  
338  223  
330  201  
330  202  
330  203  
330  204  
330  205  
330  206  
330  207  
330  208  
330  209  
330  210  
330  211  
330  212  
330  213  
330  214  
330  215  
330  216  
330  217  
330  218  
330  219  
330  220  
330  221  
330  222  
330  223  
330  224  
330  225  
330  226  
330  227  
330  228  
330  229  
330  230  
330  231  
330  232  
330  233  
330  234  
330  235  
366  201  
366  202  
366  203  
366  204  
366  205  
365  206  
365  207  
365  208  
365  209  
365  210  
365  211  
364  212  
364  213  
364  214  
364  215  
364  216  
363  217  
363  218  
363  219  
363  220  
363  221  
363  222  
362  223  
362  224  
362  225  
362  226  
362  227  
443  206  
443  207  
443  208  
442  209  
442  210  
442  211  
441  212  
441  213  
441  214  
440  215  
440  216  
440  217  
439  218  
439  219  
439  220  
438  221  
438  222  
438  223  
437  224  
437  225  
437  226  
437  227  
436  228  
436  229  
436  230  
436  231  
436  232  
436  233  
434  234  
434  235  
434  236  
434  237  
433  238  
433  239  
433  240  
433  241  
433  242  
433  243  
432  244  
432  245  
432  246  
432  247  
431  248  
431  249  
431  250  
430  251  
430  252  
430  253  
429  254  
429  255  
429  256  
428  257  
428  258  
428  259  
360  235  
360  236  
360  237  
360  238  
360  239  
359  240  
359  241  
359  242  
359  243  
358  244  
358  245  
358  246  
358  247  
358  248  
358  249  
357  250  
357  251  
357  252  
357  253  
357  254  
356  255  
356  256  
356  257  
356  258  
356  259  
356  260  
355  261  
355  262  
355  263  
355  264  
355  265  
355  266  
354  267  
354  268  
354  269  
354  270  
354  271  
354  272  
353  273  
353  274  
353  275  
353  276  
353  277  
353  278  
352  279  
352  280  
352  281  
352  282  
352  283  
352  284  
328  244  
328  245  
328  246  
328  247  
328  248  
328  249  
328  250  
328  251  
328  252  
328  253  
327  254  
327  255  
327  256  
327  257  
327  258  
327  259  
326  260  
326  261  
326  262  
326  263  
326  264  
326  265  
407  253  
407  254  
407  255  
407  256  
406  257  
406  258  
406  259  
406  260  
406  261  
405  262  
405  263  
404  264  
404  265  
404  266  
404  267  
404  268  
403  269  
403  270  
403  271  
403  272  
402  273  
402  274  
402  275  
401  276  
401  277  
401  278  
401  279  
401  280  
400  281  
400  282  
400  283  
400  284  
400  285  
400  286  
399  287  
399  288  
398  289  
398  290  
398  291  
398  292  
397  293  
397  294  
397  295  
397  296  
397  297  
396  298  
396  299  
396  300  
395  301  
395  302  
395  303  
394  304  
394  305  
394  306  
394  307  
331  262  
331  263  
331  264  
331  265  
331  266  
331  267  
330  268  
330  269  
330  270  
330  271  
330  272  
330  273  
330  274  
329  275  
329  276  
329  277  
329  278  
329  279  
329  280  
329  281  
328  282  
328  283  
328  284  
328  285  
328  286  
328  287  
327  288  
327  289  
327  290  
327  291  
424  270  
424  271  
424  272  
423  273  
423  274  
423  275  
422  276  
422  277  
422  278  
421  279  
421  280  
421  281  
420  282  
420  283  
419  284  
419  285  
418  286  
418  287  
418  288  
417  289  
417  290  
416  291  
416  292  
415  293  
415  294  
414  295  
414  296  
414  297  
413  298  
413  299  
413  300  
412  301  
412  302  
411  303  
411  304  
411  305  
410  306  
410  307  
409  308  
409  309  
408  310  
408  311  
408  312  
408  313  
407  314  
407  315  
406  316  
406  317  
406  318  
373  272  
373  273  
373  274  
373  275  
372  276  
372  277  
372  278  
372  279  
372  280  
371  281  
371  282  
371  283  
371  284  
371  285  
370  286  
370  287  
370  288  
370  289  
370  290  
369  291  
369  292  
369  293  
369  294  
369  295  
368  296  
368  297  
368  298  
368  299  
368  300  
367  301  
367  302  
367  303  
367  304  
367  305  
366  306  
366  307  
366  308  
366  309  
366  310  
365  311  
365  312  
365  313  
365  314  
364  315  
364  316  
364  317  
364  318  
363  319  
363  320  
363  321  
363  322  
363  323  
363  324  
362  325  
362  326  
362  327  
362  328  
362  329  
362  330  
361  331  
361  332  
361  333  
361  334  
361  335  
361  336  
360  337  
360  338  
360  339  
360  340  
359  341  
359  342  
359  343  
359  344  
358  345  
358  346  
358  347  
358  348  
358  349  
357  350  
357  351  
357  352  
357  353  
357  354  
356  355  
356  356  
356  357  
356  358  
356  359  
355  360  
355  361  
355  362  
355  363  
355  364  
354  365  
354  366  
354  367  
354  368  
354  369  
353  370  
353  371  
353  372  
353  373  
353  374  
352  375  
352  376  
352  377  
352  378  
352  379  
351  380  
351  381  
351  382  
351  383  
351  384  
350  385  
350  386  
350  387  
350  388  
350  389  
349  390  
349  391  
349  392  
349  393  
349  394  
349  395  
348  396  
348  397  
348  398  
348  399  
347  400  
347  401  
347  402  
347  403  
347  404  
346  405  
346  406  
346  407  
346  408  
346  409  
345  410  
345  411  
345  412  
345  413  
345  414  
344  415  
344  416  
344  417  
344  418  
344  419  
343  420  
343  421  
343  422  
343  423  
343  424  
342  425  
342  426  
342  427  
342  428  
341  429  
341  430  
341  431  
341  432  
341  433  
340  434  
340  435  
340  436  
340  437  
339  438  
339  439  
339  440  
339  441  
339  442  
338  443  
338  444  
338  445  
338  446  
338  447  
337  448  
337  449  
337  450  
337  451  
337  452  
337  453  
336  454  
336  455  
336  456  
336  457  
336  458  
335  459  
335  460  
335  461  
335  462  
335  463  
335  464  
334  465  
334  466  
334  467  
334  468  
334  469  
333  470  
333  471  
333  472  
333  473  
333  474  
332  475  
332  476  
332  477  
332  478  
332  479  
331  480  
331  481  
331  482  
331  483  
331  484  
330  485  
330  486  
330  487  
330  488  
330  489  
329  490  
329  491  
329  492  
329  493  
329  494  
329  495  
328  496  
328  497  
328  498  
328  499  
328  500  
327  501  
327  502  
327  503  
327  504  
326  505  
326  506  
326  507  
326  508  
326  509  
326  510  
325  511  
325  512  
325  513  
325  514  
325  515  
324  516  
324  517  
324  518  
324  519  
324  520  
322  285  
322  286  
322  287  
322  288  
322  289  
322  290  
321  291  
321  292  
321  293  
321  294  
321  295  
321  296  
321  297  
321  298  
320  299  
320  300  
320  301  
320  302  
320  303  
320  304  
320  305  
320  306  
320  307  
326  294  
326  295  
326  296  
326  297  
326  298  
326  299  
326  300  
325  301  
325  302  
325  303  
325  304  
325  305  
325  306  
325  307  
324  308  
324  309  
324  310  
324  311  
324  312  
324  313  
324  314  
324  315  
324  316  
323  317  
323  318  
323  319  
323  320  
323  321  
323  322  
323  323  
323  324  
322  325  
322  326  
322  327  
322  328  
322  329  
322  330  
321  331  
321  332  
321  333  
321  334  
321  335  
321  336  
321  337  
320  338  
320  339  
320  340  
320  341  
320  342  
320  343  
319  344  
319  345  
319  346  
319  347  
319  348  
319  349  
319  350  
319  351  
318  352  
318  353  
318  354  
318  355  
318  356  
318  357  
318  358  
317  359  
317  360  
317  361  
317  362  
317  363  
317  364  
317  365  
316  366  
316  367  
316  368  
316  369  
316  370  
316  371  
316  372  
315  373  
315  374  
315  375  
315  376  
315  377  
315  378  
314  379  
314  380  
314  381  
314  382  
314  383  
314  384  
314  385  
313  386  
313  387  
313  388  
313  389  
313  390  
313  391  
313  392  
313  393  
313  301  
313  302  
313  303  
313  304  
312  305  
312  306  
312  307  
312  308  
312  309  
311  310  
311  311  
311  312  
311  313  
311  314  
311  315  
310  316  
310  317  
310  318  
310  319  
310  320  
309  321  
309  322  
309  323  
309  324  
308  325  
308  326  
307  327  
307  328  
307  329  
307  330  
347  307  
347  308  
347  309  
347  310  
347  311  
346  312  
346  313  
346  314  
346  315  
346  316  
346  317  
345  318  
345  319  
345  320  
345  321  
345  322  
344  323  
344  324  
344  325  
344  326  
344  327  
344  328  
343  329  
343  330  
343  331  
343  332  
343  333  
343  334  
342  335  
342  336  
342  337  
342  338  
341  339  
341  340  
341  341  
341  342  
341  343  
341  344  
340  345  
340  346  
340  347  
340  348  
340  349  
340  350  
340  351  
339  352  
339  353  
339  354  
339  355  
339  356  
339  357  
338  358  
338  359  
338  360  
338  361  
338  362  
337  363  
337  364  
337  365  
337  366  
337  367  
337  368  
336  369  
336  370  
336  371  
336  372  
336  373  
336  374  
57  309  
58  309  
59  309  
60  309  
61  309  
62  309  
63  309  
64  309  
65  309  
66  309  
67  309  
68  309  
69  309  
70  309  
71  310  
72  310  
73  310  
74  310  
75  310  
76  310  
77  310  
78  310  
79  310  
80  310  
81  310  
83  310  
82  311  
392  315  
392  316  
392  317  
392  318  
391  319  
391  320  
391  321  
390  322  
390  323  
390  324  
390  325  
389  326  
389  327  
389  328  
389  329  
389  330  
388  331  
388  332  
388  333  
388  334  
387  335  
387  336  
387  337  
387  338  
387  339  
387  340  
386  341  
386  342  
386  343  
386  344  
386  345  
385  346  
385  347  
385  348  
385  349  
384  350  
384  351  
384  352  
383  353  
383  354  
383  355  
383  356  
382  357  
382  358  
382  359  
381  360  
381  361  
381  362  
381  363  
381  364  
380  365  
380  366  
380  367  
380  368  
380  369  
379  370  
379  371  
379  372  
379  373  
378  374  
378  375  
378  376  
377  377  
377  378  
377  379  
376  380  
376  381  
376  382  
376  383  
376  384  
375  385  
375  386  
375  387  
375  388  
375  389  
374  390  
374  391  
374  392  
374  393  
373  394  
373  395  
373  396  
373  397  
372  398  
372  399  
372  400  
372  401  
372  402  
371  403  
371  404  
371  405  
371  406  
371  407  
403  330  
403  331  
403  332  
402  333  
402  334  
402  335  
402  336  
401  337  
401  338  
401  339  
400  340  
400  341  
400  342  
400  343  
399  344  
399  345  
399  346  
399  347  
398  348  
398  349  
398  350  
397  351  
397  352  
397  353  
396  354  
396  355  
396  356  
395  357  
395  358  
395  359  
395  360  
394  361  
394  362  
394  363  
306  333  
306  334  
306  335  
306  336  
306  337  
306  338  
306  339  
306  340  
306  341  
306  342  
306  343  
305  344  
305  345  
305  346  
305  347  
305  348  
305  349  
305  350  
305  351  
305  352  
305  353  
305  354  
305  355  
305  356  
304  357  
314  339  
314  340  
314  341  
314  342  
314  343  
314  344  
314  345  
313  346  
313  347  
313  348  
313  349  
313  350  
313  351  
313  352  
313  353  
312  354  
312  355  
312  356  
312  357  
312  358  
312  359  
312  360  
364  339  
364  340  
364  341  
363  342  
363  343  
363  344  
363  345  
362  346  
362  347  
362  348  
362  349  
362  350  
361  351  
361  352  
361  353  
361  354  
361  355  
360  356  
360  357  
360  358  
360  359  
360  360  
359  361  
359  362  
359  363  
359  364  
359  365  
358  366  
358  367  
358  368  
358  369  
357  370  
357  371  
357  372  
357  373  
357  374  
356  375  
356  376  
356  377  
356  378  
392  368  
392  369  
391  370  
391  371  
391  372  
390  373  
390  374  
390  375  
389  376  
389  377  
389  378  
388  379  
388  380  
387  381  
387  382  
386  383  
386  384  
385  385  
385  386  
385  387  
384  388  
384  389  
383  390  
383  391  
383  392  
382  393  
382  394  
382  395  
381  396  
381  397  
380  398  
380  399  
380  400  
379  401  
310  369  
310  370  
310  371  
310  372  
310  373  
310  374  
310  375  
310  376  
309  377  
309  378  
309  379  
309  380  
309  381  
309  382  
309  383  
308  384  
308  385  
308  386  
308  387  
308  388  
308  389  
308  390  
308  391  
307  392  
307  393  
307  394  
307  395  
307  396  
307  397  
335  376  
335  377  
335  378  
335  379  
335  380  
334  381  
334  382  
334  383  
334  384  
334  385  
333  386  
333  387  
333  388  
333  389  
333  390  
333  391  
332  392  
332  393  
332  394  
332  395  
332  396  
332  397  
331  398  
331  399  
331  400  
331  401  
331  402  
331  403  
330  404  
330  405  
330  406  
330  407  
330  408  
330  409  
329  410  
329  411  
329  412  
329  413  
329  414  
329  415  
329  416  
328  417  
328  418  
328  419  
328  420  
328  421  
328  422  
327  423  
327  424  
327  425  
327  426  
327  427  
327  428  
326  429  
326  430  
326  431  
326  432  
326  433  
326  434  
326  435  
326  436  
326  437  
325  438  
325  439  
325  440  
325  441  
325  442  
325  443  
324  444  
324  445  
324  446  
324  447  
306  399  
306  400  
306  401  
306  402  
306  403  
305  404  
305  405  
305  406  
304  407  
304  408  
304  409  
304  410  
304  411  
304  412  
303  413  
303  414  
303  415  
303  416  
303  417  
303  418  
311  401  
311  402  
311  403  
311  404  
311  405  
311  406  
310  407  
310  408  
310  409  
310  410  
310  411  
310  412  
310  413  
309  414  
309  415  
309  416  
309  417  
309  418  
309  419  
308  420  
308  421  
308  422  
308  423  
308  424  
308  425  
371  416  
371  417  
370  418  
370  419  
370  420  
370  421  
369  422  
369  423  
369  424  
369  425  
368  426  
368  427  
368  428  
368  429  
368  430  
367  431  
367  432  
367  433  
366  434  
366  435  
366  436  
366  437  
366  438  
365  439  
365  440  
365  441  
365  442  
364  443  
364  444  
364  445  
364  446  
363  447  
363  448  
363  449  
363  450  
362  451  
362  452  
362  453  
362  454  
361  455  
361  456  
361  457  
361  458  
361  459  
360  460  
360  461  
360  462  
359  463  
359  464  
359  465  
359  466  
359  467  
358  468  
358  469  
358  470  
358  471  
357  472  
357  473  
357  474  
357  475  
356  476  
356  477  
356  478  
356  479  
355  480  
355  481  
355  482  
355  483  
354  484  
354  485  
354  486  
354  487  
353  488  
353  489  
353  490  
353  491  
352  492  
352  493  
352  494  
352  495  
351  496  
351  497  
351  498  
351  499  
351  500  
350  501  
350  502  
350  503  
350  504  
349  505  
349  506  
349  507  
349  508  
348  509  
348  510  
348  511  
348  512  
348  513  
348  514  
347  515  
347  516  
347  517  
346  518  
346  519  
346  520  
345  521  
345  522  
298  420  
297  421  
297  422  
297  423  
297  424  
298  425  
298  426  
298  427  
298  428  
298  429  
298  430  
299  431  
299  432  
299  433  
299  434  
299  435  
299  436  
299  437  
299  438  
299  439  
300  440  
300  441  
300  442  
300  443  
300  444  
300  445  
300  446  
300  447  
300  448  
300  449  
300  450  
301  451  
301  452  
301  453  
301  454  
173  441  
174  442  
175  442  
176  443  
177  443  
178  444  
179  445  
180  445  
181  446  
182  446  
183  447  
184  447  
185  448  
186  448  
187  449  
188  449  
189  450  
190  450  
191  451  
192  451  
193  452  
194  452  
195  452  
196  453  
197  453  
198  454  
199  454  
234  450  
235  450  
236  450  
237  450  
238  450  
239  450  
228  451  
229  451  
230  451  
231  451  
232  451  
233  451  
222  452  
223  452  
224  452  
225  452  
226  452  
227  452  
217  453  
218  453  
219  453  
220  453  
221  453  
214  454  
215  454  
216  454  
211  455  
212  455  
213  455  
243  458  
244  458  
245  458  
249  458  
250  458  
251  458  
231  459  
232  459  
233  459  
234  459  
235  459  
236  459  
237  459  
238  459  
239  459  
240  459  
241  459  
242  459  
246  459  
247  459  
248  459  
218  460  
219  460  
220  460  
221  460  
222  460  
223  460  
224  460  
225  460  
226  460  
227  460  
228  460  
229  460  
230  460  
206  461  
207  461  
208  461  
209  461  
210  461  
211  461  
212  461  
213  461  
214  461  
215  461  
216  461  
217  461  
194  462  
195  462  
196  462  
197  462  
198  462  
199  462  
200  462  
201  462  
202  462  
203  462  
204  462  
205  462  
80  461  
81  461  
82  461  
83  461  
84  461  
85  461  
86  461  
87  461  
88  461  
89  461  
90  461  
91  461  
71  462  
72  462  
73  462  
74  462  
75  462  
76  462  
77  462  
78  462  
79  462  
92  462  
93  462  
94  462  
95  462  
304  461  
304  462  
304  463  
305  464  
305  465  
305  466  
305  467  
305  468  
305  469  
305  470  
305  471  
305  472  
305  473  
305  474  
305  475  
305  476  
306  477  
306  478  
305  479  
305  480  
305  481  
306  482  
306  483  
306  484  
306  485  
306  486  
306  487  
306  488  
307  489  
307  490  
307  491  
307  492  
307  493  
307  494  
308  495  
308  496  
308  497  
308  498  
308  499  
308  500  
308  501  
308  502  
308  503  
309  504  
309  505  
309  506  
309  507  
309  508  
309  509  
309  510  
309  511  
309  512  
310  513  
310  514  
310  515  
310  516  
310  517  
310  518  
311  519  
311  520  
311  521  
311  522  
311  523  
311  524  
312  525  
312  526  
312  527  
312  528  
312  529  
312  530  
312  531  
313  532  
313  533  
313  534  
313  535  
313  536  
313  537  
313  538  
313  539  
313  540  
313  541  
313  542  
313  543  
313  544  
314  545  
314  546  
314  547  
314  548  
314  549  
314  550  
314  551  
314  552  
240  462  
241  462  
224  463  
225  463  
226  463  
227  463  
228  463  
229  463  
230  463  
231  463  
232  463  
233  463  
234  463  
235  463  
236  463  
237  463  
238  463  
239  463  
212  464  
213  464  
214  464  
215  464  
216  464  
217  464  
218  464  
219  464  
220  464  
221  464  
222  464  
223  464  
203  465  
204  465  
205  465  
206  465  
207  465  
208  465  
209  465  
210  465  
211  465  
192  466  
193  466  
194  466  
195  466  
196  466  
197  466  
198  466  
199  466  
200  466  
201  466  
202  466  
191  467  
448  521  
448  522  
447  523  
447  524  
447  525  
446  526  
446  527  
446  528  
445  529  
445  530  
444  531  
444  532  
443  533  
443  534  
442  535  
442  536  
442  537  
441  538  
441  539  
440  540  
440  541  
439  542  
439  543  
438  544  
438  545  
437  546  
437  547  
437  548  
436  549  
436  550  
435  551  
435  552  
435  553  
434  554  
434  555  
433  556  
433  557  
432  558  
432  559  
432  560  
431  561  
431  562  
430  563  
430  564  
430  565  
429  566  
428  567  
428  568  
334  532  
333  533  
333  534  
333  535  
333  536  
332  537  
332  538  
332  539  
332  540  
332  541  
332  542  
331  543  
331  544  
331  545  
331  546  
331  547  
331  548  
330  549  
330  550  
330  551  
330  552  
330  553  
341  535  
341  536  
341  537  
341  538  
341  539  
342  540  
342  541  
342  542  
342  543  
342  544  
342  545  
343  546  
343  547  
343  548  
343  549  
343  550  
344  551  
344  552  
344  553  
344  554  
344  555  
344  556  
345  557  
345  558  
345  559  
345  560  
345  561  
345  562  
346  563  
346  564  
346  565  
346  566  
346  567  
347  568  
347  569  
347  570  
347  571  
347  572  
255  545  
255  546  
255  547  
255  548  
255  549  
255  550  
255  551  
255  552  
255  553  
255  554  
256  555  
256  556  
256  557  
256  558  
256  559  
256  560  
256  561  
256  562  
256  563  
256  564  
256  565  
256  566  
256  567  
256  568  
256  569  
257  570  
257  571  
257  572  
257  573  
257  574  
257  575  
258  576  
424  575  
424  576  
423  577  
423  578  
423  579  
422  580  
422  581  
421  582  
421  583  
421  584  
420  585  
420  586  
419  587  
419  588  
418  589  
418  590  
418  591  
417  592  
417  593  
416  594  
416  595  
415  596  
415  597  
414  598  
414  599  
414  600  
413  601  
413  602  
412  603  
412  604  
329  582  
329  583  
329  584  
329  585  
329  586  
329  587  
329  588  
330  589  
330  590  
330  591  
330  592  
330  593  
330  594  
331  595  
331  596  
331  597  
331  598  
331  599  
331  600  
331  601  
331  602  
331  603  
332  604  
332  605  
332  606  
332  607  
332  608  
55  589  
56  589  
57  589  
58  590  
59  590  
60  590  
61  590  
62  591  
63  591  
64  591  
65  591  
66  591  
67  592  
68  592  
69  592  
70  592  
71  592  
72  593  
73  593  
74  593  
75  593  
76  593  
252  589  
252  590  
252  591  
252  592  
252  593  
252  594  
252  595  
252  596  
253  597  
253  598  
253  599  
253  600  
253  601  
253  602  
253  603  
253  604  
253  605  
253  606  
253  607  
253  608  
72  600  
73  600  
69  601  
70  601  
71  601  
74  601  
63  602  
64  602  
65  602  
66  602  
67  602  
68  602  
52  603  
53  603  
54  603  
55  603  
56  603  
57  603  
58  603  
59  603  
60  603  
61  603  
62  603  
129  601  
130  601  
131  601  
132  601  
133  601  
134  602  
135  602  
136  602  
137  602  
138  602  
139  602  
140  602  
141  602  
142  602  
143  602  
144  602  
145  602  
146  602  
147  602  
148  603  
149  603  
150  603  
151  603  
152  603  
153  603  
