95  
325  28  36  35  67  21  20  31  80  74  23  23  84  20  20  41  26  27  29  44  60  24  44  59  60  58  20  60  69  62  32  37  22  87  169  23  37  85  62  62  59  20  66  66  55  25  53  24  75  46  80  25  45  43  28  40  34  20  45  68  49  49  48  48  26  48  25  21  82  240  23  28  30  69  30  40  26  59  85  23  121  35  55  41  20  63  21  24  92  20  83  26  52  43  23  
448  32  
448  33  
448  34  
448  35  
448  36  
448  37  
448  38  
448  39  
448  40  
448  41  
448  42  
448  43  
448  44  
448  45  
448  46  
448  47  
448  48  
448  49  
448  50  
448  51  
448  52  
448  53  
448  54  
448  55  
448  56  
447  57  
447  58  
447  59  
447  60  
447  61  
447  62  
447  63  
447  64  
447  65  
447  66  
447  67  
447  68  
447  69  
447  70  
447  71  
447  72  
447  73  
446  74  
446  75  
446  76  
446  77  
446  78  
446  79  
446  80  
446  81  
446  82  
446  83  
446  84  
446  85  
446  86  
446  87  
446  88  
446  89  
446  90  
446  91  
446  92  
446  93  
446  94  
446  95  
446  96  
445  97  
445  98  
445  99  
445  100  
445  101  
445  102  
445  103  
445  104  
445  105  
445  106  
445  107  
445  108  
445  109  
444  110  
444  111  
444  112  
444  113  
444  114  
444  115  
444  116  
444  117  
444  118  
444  119  
444  120  
444  121  
444  122  
444  123  
444  124  
444  125  
444  126  
444  127  
444  128  
444  129  
444  130  
443  131  
443  132  
443  133  
443  134  
443  135  
443  136  
443  137  
443  138  
443  139  
443  140  
443  141  
443  142  
443  143  
443  144  
443  145  
443  146  
443  147  
443  148  
442  149  
442  150  
442  151  
442  152  
442  153  
442  154  
442  155  
442  156  
442  157  
442  158  
442  159  
442  160  
442  161  
442  162  
442  163  
442  164  
442  165  
442  166  
442  167  
441  168  
441  169  
441  170  
441  171  
441  172  
441  173  
441  174  
441  175  
441  176  
441  177  
441  178  
441  179  
441  180  
440  181  
440  182  
440  183  
440  184  
440  185  
440  186  
440  187  
440  188  
440  189  
440  190  
440  191  
440  192  
440  193  
440  194  
440  195  
440  196  
440  197  
440  198  
440  199  
440  200  
439  201  
439  202  
439  203  
439  204  
439  205  
439  206  
439  207  
439  208  
439  209  
439  210  
439  211  
439  212  
439  213  
439  214  
439  215  
439  216  
438  217  
438  218  
438  219  
438  220  
438  221  
438  222  
438  223  
438  224  
438  225  
438  226  
438  227  
438  228  
438  229  
438  230  
438  231  
438  232  
438  233  
438  234  
438  235  
438  236  
438  237  
438  238  
437  239  
437  240  
437  241  
437  242  
437  243  
437  244  
437  245  
437  246  
437  247  
437  248  
437  249  
437  250  
437  251  
437  252  
437  253  
437  254  
437  255  
437  256  
436  257  
436  258  
436  259  
436  260  
436  261  
436  262  
436  263  
436  264  
436  265  
435  266  
435  267  
435  268  
435  269  
435  270  
435  271  
435  272  
435  273  
435  274  
435  275  
435  276  
435  277  
435  278  
435  279  
435  280  
435  281  
435  282  
435  283  
435  284  
435  285  
435  286  
435  287  
435  288  
435  289  
435  290  
435  291  
435  292  
435  293  
435  294  
435  295  
435  296  
435  297  
435  298  
434  299  
434  300  
434  301  
434  302  
434  303  
434  304  
434  305  
434  306  
434  307  
434  308  
434  309  
433  310  
433  311  
433  312  
433  313  
433  314  
433  315  
433  316  
433  317  
433  318  
433  319  
432  320  
432  321  
432  322  
432  323  
432  324  
432  325  
432  326  
432  327  
432  328  
432  329  
432  330  
432  331  
432  332  
432  333  
432  334  
432  335  
432  336  
432  337  
432  338  
432  339  
432  340  
432  341  
432  342  
432  343  
432  344  
432  345  
432  346  
431  347  
431  348  
431  349  
431  350  
431  351  
431  352  
431  353  
431  354  
431  355  
430  356  
314  50  
315  50  
316  50  
317  50  
318  50  
319  50  
320  50  
321  50  
307  51  
308  51  
309  51  
310  51  
311  51  
312  51  
313  51  
299  52  
300  52  
301  52  
302  52  
303  52  
304  52  
305  52  
306  52  
294  53  
295  53  
296  53  
297  53  
298  53  
438  53  
438  54  
438  55  
438  56  
438  57  
438  58  
438  59  
438  60  
438  61  
438  62  
438  63  
438  64  
438  65  
438  66  
437  67  
437  68  
437  69  
437  70  
437  71  
437  72  
437  73  
437  74  
437  75  
437  76  
437  77  
437  78  
437  79  
437  80  
436  81  
436  82  
437  83  
437  84  
437  85  
437  86  
436  87  
436  88  
275  54  
276  54  
277  54  
278  54  
279  54  
280  54  
281  54  
282  54  
283  54  
284  54  
285  54  
286  54  
266  55  
267  55  
268  55  
269  55  
270  55  
271  55  
272  55  
273  55  
274  55  
252  56  
253  56  
254  56  
255  56  
257  56  
258  56  
259  56  
260  56  
261  56  
262  56  
263  56  
264  56  
265  56  
256  57  
276  58  
277  58  
278  58  
279  58  
280  58  
281  58  
282  58  
269  59  
270  59  
271  59  
272  59  
273  59  
274  59  
275  59  
225  60  
226  60  
227  60  
228  60  
229  60  
230  60  
231  60  
232  60  
233  60  
234  60  
235  60  
236  60  
237  60  
257  60  
258  60  
259  60  
260  60  
261  60  
262  60  
263  60  
264  60  
265  60  
266  60  
267  60  
268  60  
218  61  
219  61  
220  61  
221  61  
222  61  
223  61  
224  61  
238  61  
239  61  
240  61  
241  61  
242  61  
243  61  
244  61  
245  61  
246  61  
247  61  
248  61  
249  61  
250  61  
251  61  
252  61  
253  61  
254  61  
255  61  
256  61  
216  62  
217  62  
273  65  
274  65  
275  65  
276  65  
277  65  
263  66  
264  66  
265  66  
266  66  
267  66  
268  66  
269  66  
270  66  
271  66  
272  66  
257  67  
258  67  
259  67  
260  67  
261  67  
262  67  
160  93  
159  94  
156  95  
157  95  
158  95  
154  96  
155  96  
152  97  
153  97  
149  98  
150  98  
151  98  
147  99  
148  99  
144  100  
145  100  
146  100  
141  101  
142  101  
143  101  
431  93  
432  94  
432  95  
432  96  
431  97  
431  98  
431  99  
431  100  
431  101  
431  102  
431  103  
431  104  
431  105  
431  106  
431  107  
431  108  
431  109  
431  110  
431  111  
431  112  
431  113  
431  114  
431  115  
431  116  
430  117  
430  118  
430  119  
430  120  
430  121  
430  122  
430  123  
437  93  
437  94  
437  95  
437  96  
437  97  
437  98  
437  99  
437  100  
437  101  
437  102  
437  103  
437  104  
437  105  
437  106  
437  107  
437  108  
437  109  
437  110  
437  111  
437  112  
436  113  
436  114  
436  115  
436  116  
436  117  
436  118  
436  119  
436  120  
436  121  
436  122  
436  123  
436  124  
436  125  
436  126  
436  127  
436  128  
436  129  
436  130  
436  131  
435  132  
435  133  
435  134  
435  135  
435  136  
435  137  
435  138  
435  139  
435  140  
435  141  
435  142  
435  143  
435  144  
435  145  
434  146  
434  147  
434  148  
434  149  
434  150  
434  151  
434  152  
434  153  
434  154  
434  155  
434  156  
434  157  
434  158  
434  159  
434  160  
434  161  
434  162  
434  163  
434  164  
434  165  
434  166  
434  167  
434  168  
434  169  
434  170  
434  171  
433  172  
385  94  
386  94  
369  95  
370  95  
371  95  
372  95  
373  95  
374  95  
375  95  
376  95  
377  95  
378  95  
379  95  
380  95  
381  95  
382  95  
383  95  
384  95  
359  96  
360  96  
361  96  
362  96  
363  96  
364  96  
365  96  
366  96  
367  96  
368  96  
347  97  
348  97  
349  97  
350  97  
351  97  
352  97  
353  97  
354  97  
355  97  
356  97  
357  97  
358  97  
334  98  
335  98  
336  98  
337  98  
338  98  
339  98  
340  98  
341  98  
342  98  
343  98  
344  98  
345  98  
346  98  
324  99  
325  99  
326  99  
327  99  
328  99  
329  99  
330  99  
331  99  
332  99  
333  99  
314  100  
315  100  
316  100  
317  100  
318  100  
319  100  
320  100  
321  100  
322  100  
323  100  
313  101  
162  97  
161  98  
159  99  
160  99  
155  100  
156  100  
157  100  
158  100  
153  101  
154  101  
150  102  
151  102  
152  102  
148  103  
149  103  
145  104  
146  104  
147  104  
142  105  
143  105  
144  105  
140  106  
141  106  
416  107  
416  108  
416  109  
416  110  
416  111  
416  112  
416  113  
416  114  
416  115  
416  116  
416  117  
416  118  
416  119  
416  120  
416  121  
416  122  
416  123  
416  124  
416  125  
416  126  
416  127  
416  128  
416  129  
392  110  
393  110  
394  110  
395  110  
396  110  
397  110  
398  110  
399  110  
375  111  
376  111  
377  111  
378  111  
379  111  
380  111  
381  111  
382  111  
383  111  
384  111  
385  111  
386  111  
387  111  
388  111  
389  111  
390  111  
391  111  
368  112  
369  112  
370  112  
371  112  
372  112  
373  112  
374  112  
354  113  
355  113  
356  113  
357  113  
358  113  
359  113  
360  113  
361  113  
362  113  
363  113  
364  113  
365  113  
366  113  
367  113  
338  114  
339  114  
340  114  
341  114  
342  114  
343  114  
344  114  
345  114  
346  114  
347  114  
348  114  
349  114  
350  114  
351  114  
352  114  
353  114  
331  115  
332  115  
333  115  
334  115  
335  115  
336  115  
337  115  
320  116  
321  116  
322  116  
323  116  
324  116  
325  116  
326  116  
327  116  
328  116  
329  116  
330  116  
316  117  
317  117  
318  117  
319  117  
168  112  
170  112  
171  112  
172  112  
173  112  
174  112  
175  112  
176  112  
177  112  
178  112  
179  112  
180  112  
181  112  
182  112  
183  112  
184  112  
165  113  
166  113  
167  113  
169  113  
146  114  
147  114  
148  114  
149  114  
150  114  
151  114  
152  114  
153  114  
154  114  
155  114  
156  114  
157  114  
138  115  
139  115  
140  115  
141  115  
142  115  
143  115  
144  115  
145  115  
399  125  
399  126  
399  127  
399  128  
399  129  
399  130  
399  131  
399  132  
399  133  
399  134  
399  135  
399  136  
399  137  
399  138  
399  139  
399  140  
399  141  
398  142  
398  143  
398  144  
398  145  
398  146  
398  147  
398  148  
398  149  
398  150  
398  151  
398  152  
398  153  
398  154  
398  155  
398  156  
398  157  
398  158  
398  159  
398  160  
398  161  
398  162  
398  163  
398  164  
398  165  
280  127  
281  127  
282  127  
271  128  
272  128  
273  128  
274  128  
275  128  
276  128  
277  128  
278  128  
279  128  
257  129  
258  129  
259  129  
261  129  
262  129  
263  129  
264  129  
265  129  
266  129  
267  129  
268  129  
269  129  
270  129  
260  130  
329  133  
329  134  
329  135  
329  136  
329  137  
329  138  
329  139  
329  140  
329  141  
329  142  
329  143  
329  144  
329  145  
329  146  
329  147  
329  148  
329  149  
329  150  
329  151  
329  152  
329  153  
329  154  
329  155  
329  156  
329  157  
329  158  
329  159  
429  142  
429  143  
429  144  
429  145  
429  146  
429  147  
429  148  
429  149  
429  150  
429  151  
429  152  
429  153  
429  154  
429  155  
429  156  
429  157  
429  158  
429  159  
429  160  
428  161  
428  162  
428  163  
428  164  
428  165  
428  166  
428  167  
428  168  
427  169  
427  170  
285  143  
286  143  
287  143  
288  143  
289  143  
290  143  
291  143  
292  143  
293  143  
294  143  
295  143  
296  143  
297  143  
298  143  
299  143  
300  143  
301  143  
302  143  
303  143  
268  144  
269  144  
270  144  
271  144  
272  144  
273  144  
274  144  
275  144  
276  144  
277  144  
278  144  
279  144  
280  144  
281  144  
282  144  
283  144  
284  144  
260  145  
261  145  
262  145  
263  145  
264  145  
265  145  
266  145  
267  145  
314  152  
314  153  
314  154  
314  155  
314  156  
314  157  
314  158  
314  159  
315  160  
315  161  
315  162  
315  163  
315  164  
315  165  
315  166  
315  167  
315  168  
315  169  
315  170  
315  171  
315  172  
315  173  
315  174  
315  175  
315  176  
315  177  
315  178  
315  179  
315  180  
315  181  
315  182  
315  183  
315  184  
315  185  
315  186  
315  187  
315  188  
315  189  
315  190  
315  191  
315  192  
315  193  
315  194  
315  195  
315  196  
315  197  
315  198  
315  199  
315  200  
315  201  
315  202  
315  203  
315  204  
315  205  
315  206  
315  207  
315  208  
314  209  
314  210  
314  211  
126  162  
127  162  
128  162  
129  162  
130  162  
131  162  
132  162  
133  162  
134  162  
135  162  
136  162  
137  162  
138  162  
115  163  
116  163  
117  163  
118  163  
119  163  
120  163  
121  163  
122  163  
123  163  
124  163  
125  163  
107  173  
107  174  
107  175  
108  176  
108  177  
108  178  
108  179  
108  180  
108  181  
108  182  
108  183  
109  184  
109  185  
109  186  
109  187  
109  188  
109  189  
109  190  
109  191  
110  192  
110  193  
110  194  
110  195  
110  196  
110  197  
110  198  
111  199  
111  200  
111  201  
111  202  
111  203  
111  204  
111  205  
111  206  
111  207  
111  208  
111  209  
111  210  
112  211  
112  212  
112  213  
112  214  
112  215  
112  216  
189  176  
189  177  
189  178  
189  179  
189  180  
189  181  
189  182  
189  183  
190  184  
190  185  
190  186  
190  187  
190  188  
190  189  
190  190  
190  191  
190  192  
190  193  
190  194  
191  195  
191  196  
191  197  
191  198  
191  199  
191  200  
191  201  
191  202  
191  203  
191  204  
191  205  
192  206  
192  207  
192  208  
192  209  
192  210  
192  211  
192  212  
192  213  
192  214  
192  215  
192  216  
193  217  
193  218  
193  219  
193  220  
193  221  
193  222  
193  223  
193  224  
193  225  
193  226  
193  227  
193  228  
194  229  
194  230  
194  231  
194  232  
194  233  
194  234  
194  176  
194  177  
194  178  
194  179  
194  180  
194  181  
194  182  
194  183  
195  184  
195  185  
195  186  
195  187  
195  188  
195  189  
195  190  
195  191  
195  192  
195  193  
195  194  
195  195  
195  196  
195  197  
195  198  
195  199  
195  200  
196  201  
196  202  
196  203  
196  204  
196  205  
196  206  
196  207  
196  208  
196  209  
196  210  
196  211  
197  212  
197  213  
197  214  
197  215  
197  216  
197  217  
197  218  
197  219  
197  220  
197  221  
197  222  
198  223  
198  224  
198  225  
198  226  
198  227  
198  228  
198  229  
198  230  
198  231  
199  232  
199  233  
199  234  
199  235  
142  180  
142  181  
142  182  
143  183  
143  184  
143  185  
143  186  
143  187  
143  188  
143  189  
143  190  
144  191  
144  192  
144  193  
144  194  
144  195  
144  196  
144  197  
144  198  
144  199  
144  200  
145  201  
145  202  
145  203  
145  204  
145  205  
145  206  
145  207  
146  208  
146  209  
146  210  
146  211  
146  212  
146  213  
146  214  
146  215  
147  216  
147  217  
147  218  
147  219  
147  220  
147  221  
147  222  
147  223  
147  224  
148  225  
148  226  
148  227  
148  228  
148  229  
148  230  
148  231  
148  232  
148  233  
148  234  
149  235  
149  236  
149  237  
147  180  
147  181  
147  182  
147  183  
147  184  
147  185  
148  186  
148  187  
148  188  
148  189  
148  190  
148  191  
148  192  
148  193  
148  194  
149  195  
149  196  
150  197  
151  197  
152  197  
132  181  
132  182  
132  183  
132  184  
133  185  
133  186  
133  187  
133  188  
133  189  
133  190  
133  191  
134  192  
134  193  
134  194  
134  195  
134  196  
134  197  
134  198  
134  199  
135  200  
135  201  
135  202  
135  203  
135  204  
135  205  
135  206  
135  207  
135  208  
135  209  
136  210  
136  211  
136  212  
136  213  
136  214  
136  215  
137  216  
137  217  
137  218  
137  219  
137  220  
137  221  
137  222  
137  223  
138  224  
138  225  
138  226  
138  227  
138  228  
138  229  
138  230  
138  231  
138  232  
139  233  
139  234  
139  235  
139  236  
139  237  
139  238  
139  239  
139  240  
329  181  
330  182  
330  183  
330  184  
330  185  
330  186  
330  187  
330  188  
330  189  
330  190  
330  191  
330  192  
330  193  
330  194  
330  195  
330  196  
330  197  
330  198  
330  199  
330  200  
330  201  
330  202  
330  203  
330  204  
330  205  
330  206  
330  207  
330  208  
330  209  
330  210  
330  211  
330  212  
330  213  
330  214  
330  215  
330  216  
330  217  
330  218  
330  219  
330  220  
330  221  
330  222  
330  223  
330  224  
330  225  
330  226  
330  227  
330  228  
330  229  
330  230  
330  231  
330  232  
330  233  
330  234  
330  235  
330  236  
330  237  
330  238  
330  239  
330  240  
330  241  
330  242  
330  243  
330  244  
330  245  
330  246  
331  247  
331  248  
331  249  
433  184  
433  185  
433  186  
433  187  
433  188  
433  189  
433  190  
433  191  
433  192  
433  193  
433  194  
433  195  
433  196  
432  197  
432  198  
432  199  
432  200  
432  201  
432  202  
432  203  
432  204  
432  205  
432  206  
431  207  
431  208  
431  209  
431  210  
431  211  
431  212  
431  213  
431  214  
431  215  
431  216  
431  217  
431  218  
431  219  
431  220  
431  221  
431  222  
431  223  
431  224  
431  225  
431  226  
431  227  
431  228  
431  229  
431  230  
431  231  
431  232  
431  233  
431  234  
431  235  
431  236  
431  237  
431  238  
431  239  
430  240  
430  241  
430  242  
430  243  
430  244  
430  245  
211  185  
211  186  
211  187  
212  188  
212  189  
212  190  
212  191  
213  192  
213  193  
213  194  
213  195  
213  196  
214  197  
214  198  
214  199  
214  200  
214  201  
215  202  
215  203  
215  204  
215  205  
215  206  
216  207  
216  208  
216  209  
216  210  
216  211  
217  212  
217  213  
217  214  
217  215  
217  216  
83  200  
83  201  
83  202  
84  203  
84  204  
84  205  
85  206  
85  207  
85  208  
85  209  
85  210  
85  211  
86  212  
86  213  
86  214  
86  215  
86  216  
86  217  
86  218  
87  219  
87  220  
87  221  
87  222  
87  223  
87  224  
88  225  
88  226  
88  227  
88  228  
88  229  
88  230  
89  231  
89  232  
89  233  
89  234  
89  235  
89  236  
229  208  
229  209  
229  210  
230  211  
230  212  
230  213  
231  214  
231  215  
232  216  
232  217  
233  218  
233  219  
233  220  
234  221  
234  222  
234  223  
235  224  
235  225  
235  226  
236  227  
236  228  
236  229  
325  212  
325  213  
325  214  
325  215  
325  216  
325  217  
325  218  
325  219  
325  220  
325  221  
325  222  
325  223  
325  224  
325  225  
325  226  
325  227  
325  228  
325  229  
325  230  
325  231  
325  232  
325  233  
325  234  
325  235  
325  236  
325  237  
325  238  
325  239  
325  240  
325  241  
325  242  
325  243  
325  244  
325  245  
325  246  
325  247  
325  248  
325  249  
325  250  
325  251  
325  252  
325  253  
325  254  
325  255  
325  256  
325  257  
325  258  
325  259  
325  260  
325  261  
325  262  
325  263  
325  264  
325  265  
325  266  
325  267  
325  268  
325  269  
325  270  
325  271  
325  272  
325  273  
325  274  
325  275  
325  276  
325  277  
325  278  
325  279  
325  280  
325  281  
325  282  
325  283  
325  284  
325  285  
325  286  
325  287  
325  288  
325  289  
325  290  
325  291  
325  292  
325  293  
325  294  
324  295  
324  296  
324  297  
324  298  
113  218  
113  219  
113  220  
113  221  
114  222  
114  223  
114  224  
114  225  
114  226  
114  227  
115  228  
115  229  
115  230  
115  231  
115  232  
115  233  
115  234  
116  235  
116  236  
116  237  
116  238  
116  239  
116  240  
116  241  
117  242  
117  243  
117  244  
117  245  
117  246  
117  247  
117  248  
118  249  
118  250  
118  251  
118  252  
118  253  
118  254  
118  255  
119  256  
119  257  
119  258  
119  259  
119  260  
119  261  
119  262  
119  263  
120  264  
120  265  
120  266  
120  267  
120  268  
120  269  
121  270  
121  271  
121  272  
121  273  
121  274  
121  275  
121  276  
122  277  
122  278  
122  279  
122  280  
122  281  
122  282  
122  283  
123  284  
123  285  
123  286  
123  287  
123  288  
123  289  
123  290  
124  291  
124  292  
124  293  
124  294  
124  295  
124  296  
124  297  
125  298  
125  299  
125  300  
125  301  
125  302  
125  303  
126  304  
126  305  
126  306  
126  307  
126  308  
126  309  
126  310  
127  311  
127  312  
127  313  
127  314  
127  315  
127  316  
127  317  
128  318  
128  319  
128  320  
128  321  
128  322  
128  323  
128  324  
128  325  
129  326  
129  327  
129  328  
129  329  
129  330  
129  331  
130  332  
130  333  
130  334  
130  335  
130  336  
130  337  
130  338  
131  339  
131  340  
131  341  
131  342  
131  343  
131  344  
131  345  
131  346  
132  347  
132  348  
132  349  
132  350  
132  351  
132  352  
133  353  
133  354  
133  355  
133  356  
133  357  
133  358  
134  359  
134  360  
134  361  
134  362  
134  363  
134  364  
134  365  
135  366  
135  367  
135  368  
135  369  
135  370  
135  371  
135  372  
135  373  
136  374  
136  375  
136  376  
136  377  
136  378  
136  379  
136  380  
137  381  
137  382  
137  383  
137  384  
137  385  
137  386  
425  224  
425  225  
425  226  
425  227  
425  228  
425  229  
425  230  
425  231  
425  232  
425  233  
425  234  
425  235  
425  236  
425  237  
425  238  
425  239  
425  240  
425  241  
425  242  
425  243  
424  244  
424  245  
424  246  
316  226  
316  227  
316  228  
316  229  
315  230  
315  231  
315  232  
315  233  
315  234  
315  235  
315  236  
315  237  
315  238  
315  239  
315  240  
315  241  
315  242  
315  243  
315  244  
315  245  
315  246  
315  247  
315  248  
315  249  
315  250  
315  251  
315  252  
315  253  
315  254  
315  255  
315  256  
315  257  
315  258  
315  259  
315  260  
315  261  
315  262  
221  236  
221  237  
221  238  
221  239  
221  240  
221  241  
221  242  
221  243  
221  244  
221  245  
221  246  
221  247  
221  248  
221  249  
221  250  
221  251  
221  252  
221  253  
221  254  
221  255  
221  256  
221  257  
221  258  
221  259  
221  260  
221  261  
221  262  
221  263  
221  264  
221  265  
221  266  
221  267  
221  268  
221  269  
221  270  
221  271  
221  272  
221  273  
221  274  
221  275  
221  276  
221  277  
221  278  
221  279  
221  280  
221  281  
221  282  
221  283  
221  284  
221  285  
221  286  
221  287  
221  288  
221  289  
221  290  
221  291  
221  292  
221  293  
221  294  
221  295  
221  296  
221  297  
221  298  
221  299  
221  300  
221  301  
221  302  
221  303  
221  304  
221  305  
221  306  
221  307  
221  308  
221  309  
221  310  
221  311  
221  312  
221  313  
221  314  
221  315  
222  316  
222  317  
222  318  
221  319  
221  320  
90  238  
90  239  
90  240  
90  241  
90  242  
91  243  
91  244  
91  245  
91  246  
91  247  
91  248  
92  249  
92  250  
92  251  
92  252  
92  253  
92  254  
93  255  
93  256  
93  257  
93  258  
93  259  
93  260  
93  261  
94  262  
94  263  
94  264  
94  265  
94  266  
94  267  
95  268  
95  269  
95  270  
95  271  
95  272  
95  273  
96  274  
96  275  
96  276  
96  277  
96  278  
96  279  
96  280  
96  281  
97  282  
97  283  
97  284  
97  285  
97  286  
97  287  
98  288  
98  289  
98  290  
98  291  
98  292  
98  293  
99  294  
99  295  
99  296  
99  297  
99  298  
99  299  
189  254  
189  255  
189  256  
190  257  
190  258  
190  259  
190  260  
190  261  
190  262  
190  263  
190  264  
190  265  
190  266  
190  267  
190  268  
191  269  
191  270  
191  271  
191  272  
191  273  
191  274  
191  275  
191  276  
191  277  
191  278  
192  279  
192  280  
192  281  
192  282  
192  283  
192  284  
192  285  
192  286  
192  287  
193  288  
193  289  
193  290  
193  291  
193  292  
193  293  
193  294  
193  295  
193  296  
193  297  
194  298  
194  299  
194  300  
194  301  
194  302  
194  303  
194  304  
194  305  
194  306  
194  307  
194  308  
195  309  
195  310  
195  311  
195  312  
195  313  
195  314  
195  315  
194  254  
194  255  
194  256  
194  257  
194  258  
194  259  
194  260  
194  261  
194  262  
194  263  
194  264  
195  265  
195  266  
195  267  
195  268  
195  269  
195  270  
195  271  
195  272  
195  273  
195  274  
196  275  
196  276  
196  277  
196  278  
196  279  
196  280  
196  281  
196  282  
196  283  
196  284  
197  285  
197  286  
197  287  
197  288  
197  289  
197  290  
197  291  
197  292  
197  293  
197  294  
197  295  
197  296  
198  297  
198  298  
198  299  
198  300  
198  301  
198  302  
198  303  
198  304  
199  305  
199  306  
199  307  
199  308  
199  309  
199  310  
199  311  
200  312  
238  254  
238  255  
238  256  
238  257  
238  258  
238  259  
238  260  
238  261  
238  262  
238  263  
239  264  
239  265  
239  266  
239  267  
239  268  
239  269  
239  270  
239  271  
239  272  
239  273  
151  255  
151  256  
151  257  
151  258  
151  259  
151  260  
152  261  
152  262  
152  263  
152  264  
152  265  
152  266  
152  267  
152  268  
152  269  
152  270  
153  271  
153  272  
153  273  
153  274  
153  275  
153  276  
154  277  
154  278  
154  279  
154  280  
154  281  
154  282  
154  283  
154  284  
155  285  
155  286  
155  287  
155  288  
155  289  
155  290  
155  291  
155  292  
156  293  
156  294  
156  295  
156  296  
156  297  
156  298  
156  299  
156  300  
157  301  
157  302  
157  303  
157  304  
157  305  
157  306  
157  307  
157  308  
157  309  
158  310  
158  311  
158  312  
158  313  
158  314  
158  315  
158  316  
158  317  
158  318  
159  319  
159  320  
124  256  
124  257  
124  258  
124  259  
125  260  
125  261  
125  262  
125  263  
125  264  
125  265  
125  266  
126  267  
126  268  
126  269  
126  270  
126  271  
126  272  
126  273  
126  274  
127  275  
127  276  
127  277  
127  278  
127  279  
127  280  
127  281  
128  282  
128  283  
128  284  
128  285  
128  286  
128  287  
128  288  
129  289  
129  290  
129  291  
129  292  
129  293  
129  294  
129  295  
130  296  
130  297  
130  298  
130  299  
130  300  
130  301  
130  302  
131  303  
131  304  
131  305  
131  306  
131  307  
131  308  
131  309  
132  310  
132  311  
132  312  
132  313  
132  314  
132  315  
132  316  
133  317  
133  318  
133  319  
133  320  
133  321  
216  257  
216  258  
215  259  
215  260  
215  261  
215  262  
215  263  
215  264  
215  265  
215  266  
215  267  
215  268  
215  269  
215  270  
215  271  
215  272  
215  273  
215  274  
215  275  
215  276  
216  277  
216  278  
216  279  
215  280  
215  281  
215  282  
216  283  
216  284  
216  285  
216  286  
216  287  
216  288  
216  289  
216  290  
216  291  
216  292  
216  293  
217  294  
217  295  
217  296  
217  297  
217  298  
217  299  
217  300  
217  301  
217  302  
217  303  
217  304  
217  305  
217  306  
217  307  
217  308  
218  309  
217  310  
217  311  
430  260  
430  261  
429  262  
429  263  
429  264  
429  265  
429  266  
429  267  
429  268  
429  269  
429  270  
429  271  
429  272  
429  273  
429  274  
429  275  
429  276  
429  277  
429  278  
429  279  
429  280  
429  281  
429  282  
429  283  
429  284  
157  268  
157  269  
157  270  
157  271  
157  272  
157  273  
157  274  
158  275  
158  276  
158  277  
158  278  
158  279  
158  280  
158  281  
159  282  
159  283  
159  284  
159  285  
159  286  
159  287  
159  288  
159  289  
159  290  
160  291  
160  292  
160  293  
160  294  
160  295  
160  296  
160  297  
160  298  
161  299  
161  300  
161  301  
161  302  
161  303  
161  304  
161  305  
162  306  
162  307  
162  308  
162  309  
162  310  
162  311  
162  312  
162  313  
162  314  
162  315  
163  316  
163  317  
163  318  
163  319  
163  320  
174  269  
175  269  
176  269  
177  269  
178  269  
179  269  
180  269  
181  269  
182  269  
183  269  
184  269  
162  270  
163  270  
164  270  
165  270  
166  270  
167  270  
168  270  
169  270  
170  270  
171  270  
172  270  
173  270  
161  271  
316  273  
316  274  
316  275  
316  276  
316  277  
316  278  
316  279  
316  280  
316  281  
316  282  
316  283  
316  284  
316  285  
316  286  
316  287  
316  288  
316  289  
316  290  
316  291  
316  292  
316  293  
316  294  
316  295  
316  296  
316  297  
316  298  
316  299  
316  300  
316  301  
316  302  
316  303  
316  304  
316  305  
316  306  
316  307  
316  308  
316  309  
316  310  
316  311  
316  312  
316  313  
316  314  
316  315  
316  316  
316  317  
316  318  
316  319  
316  320  
316  321  
316  322  
316  323  
316  324  
316  325  
316  326  
316  327  
316  328  
316  329  
316  330  
316  331  
316  332  
316  333  
316  334  
316  335  
316  336  
316  337  
316  338  
316  339  
316  340  
316  341  
316  342  
316  343  
316  344  
316  345  
316  346  
316  347  
131  276  
132  277  
132  278  
132  279  
132  280  
132  281  
132  282  
132  283  
132  284  
132  285  
133  286  
133  287  
133  288  
133  289  
133  290  
133  291  
133  292  
134  293  
134  294  
134  295  
134  296  
134  297  
134  298  
134  299  
135  300  
135  301  
135  302  
135  303  
135  304  
135  305  
136  306  
136  307  
136  308  
136  309  
136  310  
136  311  
136  312  
136  313  
136  314  
137  315  
137  316  
137  317  
137  318  
137  319  
137  320  
137  321  
232  278  
232  279  
232  280  
232  281  
232  282  
232  283  
232  284  
232  285  
232  286  
232  287  
232  288  
232  289  
232  290  
232  291  
232  292  
232  293  
232  294  
232  295  
233  296  
233  297  
233  298  
233  299  
233  300  
233  301  
233  302  
233  303  
233  304  
233  305  
233  306  
233  307  
233  308  
233  309  
233  310  
233  311  
233  312  
234  313  
234  314  
234  315  
234  316  
234  317  
234  318  
234  319  
234  320  
234  321  
234  322  
234  323  
234  324  
235  325  
235  326  
235  327  
235  328  
235  329  
235  330  
235  331  
235  332  
235  333  
235  334  
235  335  
235  336  
235  337  
235  338  
235  339  
235  340  
236  341  
236  342  
236  343  
236  344  
236  345  
236  346  
236  347  
236  348  
236  349  
236  350  
236  351  
236  352  
236  353  
236  354  
236  355  
236  356  
236  357  
209  288  
209  289  
209  290  
209  291  
209  292  
209  293  
209  294  
209  295  
210  296  
210  297  
210  298  
210  299  
210  300  
210  301  
210  302  
210  303  
210  304  
210  305  
211  306  
211  307  
211  308  
211  309  
208  310  
210  310  
209  311  
330  298  
330  299  
330  300  
330  301  
330  302  
330  303  
330  304  
330  305  
330  306  
330  307  
330  308  
330  309  
330  310  
330  311  
330  312  
330  313  
330  314  
330  315  
330  316  
330  317  
330  318  
330  319  
330  320  
330  321  
330  322  
330  323  
330  324  
330  325  
330  326  
330  327  
330  328  
330  329  
330  330  
330  331  
330  332  
330  333  
330  334  
330  335  
330  336  
330  337  
330  338  
330  339  
330  340  
330  341  
330  342  
428  300  
428  301  
428  302  
428  303  
427  304  
427  305  
427  306  
427  307  
427  308  
427  309  
427  310  
427  311  
427  312  
427  313  
427  314  
427  315  
427  316  
427  317  
427  318  
427  319  
427  320  
427  321  
427  322  
427  323  
427  324  
427  325  
427  326  
427  327  
427  328  
427  329  
426  330  
426  331  
426  332  
426  333  
426  334  
426  335  
426  336  
425  337  
425  338  
425  339  
425  340  
425  341  
425  342  
100  302  
100  303  
100  304  
100  305  
101  306  
101  307  
101  308  
101  309  
101  310  
101  311  
102  312  
102  313  
102  314  
102  315  
102  316  
102  317  
103  318  
103  319  
103  320  
103  321  
103  322  
103  323  
104  324  
104  325  
104  326  
104  327  
104  328  
104  329  
324  307  
324  308  
324  309  
324  310  
324  311  
324  312  
324  313  
324  314  
324  315  
324  316  
324  317  
324  318  
324  319  
324  320  
324  321  
324  322  
324  323  
324  324  
324  325  
324  326  
324  327  
324  328  
324  329  
324  330  
324  331  
324  332  
324  333  
324  334  
324  335  
324  336  
324  337  
324  338  
324  339  
324  340  
324  341  
324  342  
325  343  
325  344  
325  345  
325  346  
422  310  
422  311  
422  312  
422  313  
422  314  
422  315  
422  316  
422  317  
422  318  
422  319  
422  320  
422  321  
422  322  
422  323  
422  324  
422  325  
422  326  
422  327  
421  328  
421  329  
421  330  
421  331  
421  332  
421  333  
420  334  
420  335  
420  336  
420  337  
420  338  
420  339  
420  340  
420  341  
420  342  
420  343  
270  320  
270  321  
270  322  
270  323  
270  324  
270  325  
270  326  
270  327  
271  328  
271  329  
271  330  
271  331  
271  332  
271  333  
271  334  
271  335  
271  336  
271  337  
271  338  
271  339  
256  327  
256  328  
257  329  
257  330  
257  331  
257  332  
257  333  
257  334  
257  335  
257  336  
257  337  
257  338  
257  339  
257  340  
257  341  
257  342  
257  343  
257  344  
257  345  
257  346  
257  347  
257  348  
257  349  
257  350  
257  351  
257  352  
257  353  
258  354  
258  355  
258  356  
258  357  
258  358  
258  359  
258  360  
258  361  
258  362  
258  363  
258  364  
259  365  
259  366  
259  367  
259  368  
259  369  
259  370  
259  371  
222  329  
222  330  
222  331  
222  332  
222  333  
222  334  
222  335  
222  336  
222  337  
222  338  
222  339  
222  340  
222  341  
222  342  
222  343  
222  344  
222  345  
222  346  
222  347  
222  348  
222  349  
222  350  
222  351  
222  352  
222  353  
223  354  
223  355  
223  356  
223  357  
223  358  
223  359  
223  360  
223  361  
223  362  
223  363  
223  364  
223  365  
223  366  
223  367  
223  368  
223  369  
223  370  
223  371  
223  372  
223  373  
223  374  
223  375  
224  376  
224  377  
224  378  
224  379  
224  380  
224  381  
224  382  
224  383  
224  384  
224  385  
224  386  
224  387  
224  388  
224  389  
224  390  
224  391  
224  392  
224  393  
224  394  
224  395  
224  396  
209  337  
209  338  
209  339  
209  340  
209  341  
209  342  
209  343  
209  344  
209  345  
209  346  
210  347  
210  348  
210  349  
210  350  
210  351  
210  352  
210  353  
210  354  
210  355  
210  356  
210  357  
210  358  
211  359  
211  360  
211  361  
211  362  
211  363  
211  364  
211  365  
211  366  
211  367  
211  368  
211  369  
211  370  
212  371  
212  372  
212  373  
212  374  
212  375  
212  376  
212  377  
212  378  
212  379  
212  380  
212  381  
212  382  
212  383  
212  384  
213  385  
214  337  
214  338  
214  339  
214  340  
214  341  
214  342  
215  343  
215  344  
215  345  
215  346  
215  347  
215  348  
215  349  
215  350  
215  351  
215  352  
215  353  
216  354  
216  355  
216  356  
216  357  
216  358  
216  359  
216  360  
216  361  
216  362  
216  363  
216  364  
216  365  
216  366  
216  367  
217  368  
217  369  
217  370  
217  371  
217  372  
217  373  
217  374  
217  375  
217  376  
217  377  
217  378  
217  379  
217  380  
218  381  
218  382  
218  383  
218  384  
218  385  
136  339  
136  340  
136  341  
136  342  
137  343  
137  344  
137  345  
137  346  
137  347  
137  348  
137  349  
137  350  
137  351  
138  352  
138  353  
138  354  
138  355  
138  356  
138  357  
138  358  
139  359  
139  360  
139  361  
139  362  
139  363  
139  364  
139  365  
139  366  
140  367  
140  368  
140  369  
140  370  
140  371  
140  372  
140  373  
141  374  
141  375  
141  376  
141  377  
141  378  
141  379  
141  380  
142  381  
142  382  
142  383  
142  384  
142  385  
142  386  
141  339  
141  340  
141  341  
141  342  
141  343  
141  344  
141  345  
142  346  
142  347  
142  348  
142  349  
142  350  
142  351  
143  352  
143  353  
143  354  
143  355  
143  356  
143  357  
143  358  
143  359  
143  360  
144  361  
144  362  
144  363  
144  364  
144  365  
144  366  
144  367  
145  368  
145  369  
145  370  
145  371  
145  372  
145  373  
146  374  
146  375  
146  376  
146  377  
146  378  
146  379  
146  380  
146  381  
146  382  
146  383  
147  384  
147  385  
147  386  
108  349  
108  350  
108  351  
108  352  
108  353  
109  354  
109  355  
109  356  
109  357  
109  358  
109  359  
110  360  
110  361  
110  362  
110  363  
110  364  
110  365  
111  366  
111  367  
111  368  
111  369  
111  370  
111  371  
111  372  
111  373  
111  374  
325  349  
325  350  
325  351  
325  352  
324  353  
324  354  
324  355  
324  356  
324  357  
324  358  
324  359  
324  360  
324  361  
324  362  
324  363  
324  364  
324  365  
324  366  
324  367  
324  368  
324  369  
324  370  
324  371  
324  372  
324  373  
324  374  
324  375  
324  376  
324  377  
324  378  
325  379  
325  380  
325  381  
325  382  
325  383  
325  384  
325  385  
325  386  
325  387  
325  388  
325  389  
325  390  
325  391  
325  392  
325  393  
325  394  
325  395  
325  396  
316  355  
316  356  
316  357  
316  358  
316  359  
316  360  
316  361  
316  362  
316  363  
316  364  
316  365  
316  366  
316  367  
316  368  
316  369  
316  370  
316  371  
316  372  
316  373  
316  374  
316  375  
316  376  
316  377  
316  378  
316  379  
388  355  
388  356  
388  357  
387  358  
387  359  
387  360  
387  361  
387  362  
387  363  
387  364  
387  365  
387  366  
387  367  
387  368  
387  369  
388  370  
387  371  
387  372  
387  373  
387  374  
388  375  
425  355  
424  356  
424  357  
424  358  
424  359  
424  360  
424  361  
424  362  
424  363  
424  364  
424  365  
424  366  
424  367  
424  368  
424  369  
423  370  
423  371  
423  372  
423  373  
423  374  
423  375  
423  376  
423  377  
423  378  
423  379  
423  380  
423  381  
423  382  
423  383  
423  384  
423  385  
423  386  
423  387  
423  388  
423  389  
423  390  
423  391  
423  392  
423  393  
423  394  
423  395  
423  396  
423  397  
423  398  
423  399  
423  400  
423  401  
423  402  
423  403  
422  404  
422  405  
422  406  
422  407  
422  408  
422  409  
422  410  
422  411  
422  412  
422  413  
422  414  
422  415  
422  416  
422  417  
422  418  
422  419  
421  420  
421  421  
421  422  
421  423  
421  424  
421  425  
421  426  
421  427  
421  428  
421  429  
421  430  
421  431  
420  432  
420  433  
420  434  
420  435  
420  436  
431  369  
430  370  
430  371  
430  372  
430  373  
430  374  
430  375  
430  376  
430  377  
430  378  
430  379  
430  380  
430  381  
430  382  
430  383  
430  384  
430  385  
430  386  
430  387  
430  388  
430  389  
430  390  
429  391  
429  392  
429  393  
429  394  
429  395  
429  396  
429  397  
429  398  
429  399  
429  400  
429  401  
429  402  
429  403  
429  404  
429  405  
429  406  
429  407  
429  408  
429  409  
429  410  
429  411  
429  412  
429  413  
429  414  
429  415  
429  416  
429  417  
429  418  
429  419  
429  420  
429  421  
429  422  
429  423  
429  424  
429  425  
429  426  
429  427  
429  428  
429  429  
429  430  
429  431  
429  432  
429  433  
429  434  
429  435  
429  436  
429  437  
428  438  
428  439  
428  440  
428  441  
428  442  
428  443  
428  444  
428  445  
428  446  
428  447  
428  448  
428  449  
428  450  
428  451  
428  452  
428  453  
428  454  
428  455  
428  456  
428  457  
428  458  
428  459  
428  460  
428  461  
428  462  
428  463  
428  464  
428  465  
428  466  
427  467  
427  468  
427  469  
427  470  
427  471  
427  472  
427  473  
427  474  
427  475  
427  476  
427  477  
427  478  
427  479  
427  480  
427  481  
427  482  
427  483  
426  484  
426  485  
426  486  
426  487  
426  488  
426  489  
426  490  
426  491  
426  492  
426  493  
426  494  
426  495  
426  496  
426  497  
426  498  
426  499  
426  500  
426  501  
426  502  
426  503  
426  504  
426  505  
426  506  
426  507  
426  508  
426  509  
426  510  
426  511  
426  512  
426  513  
426  514  
426  515  
426  516  
426  517  
426  518  
426  519  
426  520  
426  521  
426  522  
425  523  
425  524  
425  525  
425  526  
425  527  
425  528  
425  529  
425  530  
425  531  
425  532  
425  533  
425  534  
425  535  
425  536  
425  537  
425  538  
425  539  
425  540  
425  541  
425  542  
425  543  
425  544  
425  545  
425  546  
425  547  
425  548  
425  549  
425  550  
425  551  
425  552  
424  553  
424  554  
424  555  
424  556  
424  557  
424  558  
424  559  
424  560  
424  561  
424  562  
424  563  
424  564  
424  565  
424  566  
424  567  
424  568  
424  569  
424  570  
424  571  
424  572  
424  573  
423  574  
423  575  
423  576  
423  577  
423  578  
423  579  
423  580  
423  581  
423  582  
423  583  
423  584  
423  585  
422  586  
422  587  
422  588  
422  589  
422  590  
422  591  
422  592  
422  593  
422  594  
422  595  
421  596  
421  597  
421  598  
421  599  
421  600  
421  601  
421  602  
421  603  
421  604  
421  605  
421  606  
421  607  
421  608  
118  376  
118  377  
118  378  
118  379  
118  380  
118  381  
118  382  
119  383  
119  384  
119  385  
119  386  
119  387  
119  388  
120  389  
120  390  
120  391  
120  392  
120  393  
120  394  
121  395  
121  396  
121  397  
121  398  
330  376  
330  377  
330  378  
330  379  
330  380  
331  381  
331  382  
331  383  
331  384  
331  385  
331  386  
331  387  
331  388  
331  389  
331  390  
331  391  
331  392  
331  393  
331  394  
331  395  
331  396  
331  397  
331  398  
331  399  
331  400  
331  401  
331  402  
330  403  
418  389  
418  390  
418  391  
418  392  
418  393  
417  394  
417  395  
417  396  
417  397  
417  398  
417  399  
417  400  
417  401  
417  402  
417  403  
417  404  
417  405  
417  406  
417  407  
417  408  
417  409  
417  410  
417  411  
417  412  
417  413  
417  414  
417  415  
417  416  
417  417  
416  418  
193  395  
194  395  
195  395  
196  395  
197  395  
198  395  
199  395  
200  395  
201  395  
202  395  
203  395  
204  395  
205  395  
206  395  
207  395  
208  395  
209  395  
210  395  
211  395  
212  395  
148  396  
149  396  
150  396  
151  396  
152  396  
153  396  
154  396  
155  396  
156  396  
157  396  
158  396  
159  396  
160  396  
161  396  
162  396  
163  396  
164  396  
165  396  
166  396  
167  396  
168  396  
169  396  
170  396  
171  396  
172  396  
173  396  
174  396  
175  396  
176  396  
177  396  
178  396  
179  396  
180  396  
181  396  
182  396  
183  396  
184  396  
185  396  
186  396  
187  396  
188  396  
189  396  
190  396  
191  396  
192  396  
213  396  
214  396  
215  396  
216  396  
277  395  
278  395  
279  395  
280  395  
281  395  
282  395  
283  395  
284  395  
285  395  
286  395  
287  395  
288  395  
289  395  
290  395  
291  395  
292  395  
293  395  
294  395  
295  395  
296  395  
297  395  
298  395  
299  395  
300  396  
301  396  
302  396  
303  396  
304  396  
305  396  
306  396  
148  404  
149  404  
150  404  
151  404  
152  404  
153  404  
154  404  
155  404  
156  404  
157  404  
158  404  
159  404  
160  404  
161  404  
162  404  
163  404  
164  404  
165  404  
166  404  
167  404  
168  404  
169  404  
170  404  
171  404  
172  404  
173  404  
174  404  
175  404  
176  404  
177  404  
178  404  
179  404  
180  404  
181  404  
182  404  
183  404  
184  404  
185  404  
186  404  
187  404  
192  404  
193  404  
194  404  
195  404  
196  404  
197  404  
198  404  
199  404  
200  404  
201  404  
202  404  
203  404  
204  404  
205  404  
206  404  
207  404  
208  404  
209  404  
210  404  
211  404  
212  404  
213  404  
214  404  
215  404  
216  404  
217  404  
259  404  
260  404  
261  404  
262  404  
263  404  
264  404  
265  404  
266  404  
267  404  
268  404  
269  404  
270  404  
271  404  
272  404  
273  404  
274  404  
275  404  
276  404  
277  404  
278  404  
279  404  
280  404  
281  404  
282  404  
283  404  
284  404  
285  404  
286  404  
287  404  
288  404  
289  404  
290  404  
291  404  
292  404  
293  404  
294  404  
295  404  
296  404  
297  404  
298  404  
299  404  
300  404  
301  404  
302  404  
303  404  
304  404  
305  404  
306  404  
307  404  
308  404  
309  404  
310  404  
311  404  
312  404  
313  404  
314  404  
315  404  
316  404  
317  404  
270  408  
271  408  
272  408  
273  408  
274  408  
275  408  
276  408  
277  408  
278  408  
279  408  
280  408  
281  408  
282  408  
283  408  
284  408  
285  408  
286  408  
287  408  
288  408  
289  408  
290  408  
291  408  
292  408  
293  408  
294  408  
295  408  
296  408  
297  408  
298  408  
299  408  
300  408  
301  408  
302  408  
303  408  
304  408  
305  408  
306  408  
307  408  
308  408  
309  408  
310  408  
311  408  
312  408  
313  408  
314  408  
315  408  
316  408  
317  408  
318  408  
319  408  
320  408  
321  408  
322  408  
323  408  
324  408  
325  408  
326  408  
327  408  
243  409  
244  409  
245  409  
246  409  
247  409  
248  409  
249  409  
250  409  
251  409  
252  409  
253  409  
254  409  
255  409  
256  409  
257  409  
258  409  
259  409  
260  409  
261  409  
262  409  
263  409  
264  409  
265  409  
266  409  
267  409  
268  409  
269  409  
125  410  
126  410  
127  410  
128  410  
129  410  
130  410  
131  410  
132  410  
133  410  
134  410  
135  410  
136  410  
137  410  
138  410  
139  410  
140  410  
141  410  
142  410  
143  410  
144  410  
145  410  
146  410  
147  410  
316  413  
317  413  
318  413  
319  413  
320  413  
321  413  
322  413  
323  413  
324  413  
325  413  
326  413  
327  413  
328  413  
329  413  
330  413  
331  413  
332  413  
333  413  
334  413  
335  413  
336  413  
337  413  
338  413  
339  413  
340  413  
341  413  
342  413  
343  413  
223  414  
224  414  
225  414  
226  414  
227  414  
228  414  
229  414  
230  414  
231  414  
232  414  
233  414  
234  414  
235  414  
236  414  
237  414  
238  414  
239  414  
240  414  
241  414  
242  414  
243  414  
244  414  
245  414  
246  414  
247  414  
248  414  
249  414  
250  414  
251  414  
252  414  
253  414  
254  414  
255  414  
256  414  
257  414  
258  414  
259  414  
260  414  
261  414  
262  414  
263  414  
264  414  
265  414  
266  414  
267  414  
268  414  
269  414  
270  414  
271  414  
272  414  
273  414  
274  414  
275  414  
276  414  
277  414  
278  414  
279  414  
280  414  
281  414  
282  414  
283  414  
284  414  
285  414  
286  414  
287  414  
288  414  
289  414  
290  414  
291  414  
292  414  
293  414  
294  414  
295  414  
296  414  
297  414  
298  414  
299  414  
300  414  
301  414  
302  414  
303  414  
304  414  
305  414  
306  414  
307  414  
308  414  
309  414  
310  414  
311  414  
312  414  
313  414  
314  414  
315  414  
404  419  
404  420  
404  421  
404  422  
404  423  
404  424  
404  425  
404  426  
404  427  
404  428  
404  429  
404  430  
404  431  
404  432  
404  433  
404  434  
404  435  
404  436  
404  437  
404  438  
404  439  
404  440  
404  441  
403  442  
403  443  
403  444  
403  445  
403  446  
403  447  
403  448  
403  449  
403  450  
403  451  
403  452  
403  453  
379  423  
380  423  
381  423  
382  423  
383  423  
384  423  
385  423  
386  423  
387  423  
333  424  
334  424  
335  424  
336  424  
337  424  
338  424  
339  424  
340  424  
341  424  
342  424  
343  424  
344  424  
345  424  
346  424  
347  424  
348  424  
349  424  
350  424  
351  424  
352  424  
353  424  
354  424  
355  424  
356  424  
357  424  
358  424  
359  424  
360  424  
361  424  
362  424  
363  424  
364  424  
365  424  
366  424  
367  424  
368  424  
369  424  
370  424  
371  424  
372  424  
373  424  
374  424  
375  424  
376  424  
377  424  
378  424  
294  424  
295  424  
296  424  
297  424  
298  424  
299  424  
300  424  
301  424  
302  424  
303  424  
304  424  
305  424  
306  424  
307  424  
308  424  
309  424  
310  424  
311  424  
312  424  
313  424  
314  424  
315  424  
316  424  
317  424  
318  424  
319  424  
320  424  
321  424  
322  424  
323  424  
324  424  
325  424  
326  424  
327  424  
328  424  
329  424  
330  424  
331  424  
293  425  
293  426  
293  427  
420  438  
420  439  
420  440  
420  441  
420  442  
421  443  
421  444  
421  445  
421  446  
421  447  
421  448  
421  449  
421  450  
421  451  
421  452  
421  453  
421  454  
420  455  
420  456  
420  457  
416  439  
416  440  
416  441  
416  442  
416  443  
416  444  
416  445  
416  446  
416  447  
416  448  
416  449  
416  450  
416  451  
416  452  
416  453  
416  454  
416  455  
416  456  
416  457  
416  458  
416  459  
416  460  
416  461  
416  462  
416  463  
416  464  
416  465  
416  466  
416  467  
416  468  
415  469  
415  470  
415  471  
415  472  
415  473  
415  474  
415  475  
415  476  
415  477  
415  478  
415  479  
415  480  
415  481  
414  482  
414  483  
414  484  
414  485  
414  486  
414  487  
414  488  
414  489  
414  490  
414  491  
414  492  
414  493  
414  494  
414  495  
414  496  
414  497  
414  498  
414  499  
414  500  
414  501  
391  446  
391  447  
392  448  
392  449  
392  450  
392  451  
392  452  
392  453  
392  454  
392  455  
392  456  
392  457  
392  458  
392  459  
393  460  
392  461  
392  462  
393  463  
393  464  
393  465  
393  466  
164  478  
164  479  
164  480  
163  481  
163  482  
162  483  
162  484  
162  485  
162  486  
162  487  
161  488  
161  489  
160  490  
160  491  
160  492  
160  493  
160  494  
160  495  
159  496  
159  497  
159  498  
159  499  
159  500  
159  501  
419  494  
419  495  
419  496  
419  497  
419  498  
419  499  
419  500  
419  501  
419  502  
419  503  
419  504  
419  505  
419  506  
418  507  
418  508  
418  509  
418  510  
418  511  
418  512  
418  513  
418  514  
418  515  
418  516  
418  517  
418  518  
418  519  
418  520  
418  521  
418  522  
418  523  
418  524  
418  525  
418  526  
418  527  
418  528  
418  529  
418  530  
418  531  
418  532  
418  533  
418  534  
418  535  
418  536  
418  537  
418  538  
418  539  
417  540  
417  541  
417  542  
417  543  
417  544  
417  545  
417  546  
417  547  
417  548  
417  549  
417  550  
417  551  
417  552  
417  553  
417  554  
417  555  
417  556  
417  557  
417  558  
417  559  
417  560  
417  561  
417  562  
417  563  
417  564  
417  565  
416  566  
416  567  
416  568  
416  569  
416  570  
416  571  
416  572  
416  573  
416  574  
416  575  
416  576  
416  577  
416  578  
416  579  
416  580  
416  581  
416  582  
416  583  
416  584  
416  585  
172  496  
172  497  
172  498  
172  499  
172  500  
172  501  
172  502  
172  503  
171  504  
171  505  
171  506  
171  507  
171  508  
171  509  
171  510  
171  511  
170  512  
170  513  
171  514  
171  515  
413  520  
413  521  
413  522  
413  523  
413  524  
413  525  
413  526  
413  527  
413  528  
413  529  
413  530  
413  531  
413  532  
413  533  
413  534  
413  535  
413  536  
413  537  
412  538  
412  539  
412  540  
412  541  
412  542  
412  543  
412  544  
412  545  
412  546  
412  547  
412  548  
412  549  
412  550  
412  551  
412  552  
412  553  
412  554  
412  555  
412  556  
412  557  
412  558  
412  559  
412  560  
412  561  
412  562  
412  563  
412  564  
411  565  
411  566  
411  567  
411  568  
411  569  
411  570  
411  571  
411  572  
411  573  
411  574  
411  575  
411  576  
411  577  
411  578  
411  579  
411  580  
411  581  
411  582  
411  583  
411  584  
411  585  
411  586  
411  587  
411  588  
411  589  
411  590  
411  591  
411  592  
411  593  
411  594  
411  595  
411  596  
411  597  
411  598  
411  599  
411  600  
411  601  
411  602  
164  537  
165  538  
165  539  
166  540  
166  541  
166  542  
166  543  
167  544  
167  545  
167  546  
168  547  
168  548  
168  549  
169  550  
169  551  
169  552  
170  553  
170  554  
170  555  
171  556  
171  557  
171  558  
172  559  
172  560  
173  561  
173  562  
148  552  
148  553  
148  554  
148  555  
148  556  
148  557  
148  558  
148  559  
148  560  
149  561  
149  562  
149  563  
149  564  
149  565  
149  566  
149  567  
149  568  
150  569  
150  570  
150  571  
150  572  
150  573  
150  574  
151  575  
151  576  
151  577  
151  578  
151  579  
152  580  
152  581  
152  582  
152  583  
152  584  
153  585  
153  586  
153  587  
153  588  
154  589  
154  590  
155  591  
155  592  
155  593  
155  594  
155  595  
156  596  
156  597  
156  598  
156  599  
157  600  
157  601  
157  602  
157  603  
152  553  
152  554  
152  555  
152  556  
152  557  
152  558  
152  559  
152  560  
152  561  
152  562  
152  563  
152  564  
152  565  
153  566  
153  567  
153  568  
153  569  
153  570  
153  571  
154  572  
154  573  
154  574  
154  575  
154  576  
155  577  
155  578  
155  579  
155  580  
156  581  
156  582  
156  583  
156  584  
156  585  
157  586  
157  587  
157  588  
158  589  
158  590  
158  591  
159  592  
159  593  
159  594  
159  595  
135  572  
135  573  
135  574  
135  575  
136  576  
137  577  
137  578  
138  579  
138  580  
138  581  
139  582  
139  583  
140  584  
140  585  
141  586  
141  587  
142  588  
142  589  
143  590  
143  591  
144  592  
144  593  
145  594  
