190  87  
191  87  
192  87  
193  87  
194  87  
195  87  
196  87  
197  87  
198  87  
199  87  
200  87  
201  87  
202  88  
203  88  
204  88  
205  88  
206  88  
207  88  
208  88  
209  89  
210  89  
211  89  
212  89  
213  89  
214  89  
215  90  
216  90  
217  90  
218  90  
219  90  
220  90  
221  90  
222  91  
223  91  
224  91  
225  91  
226  91  
227  91  
228  91  
229  92  
230  92  
426  87  
426  88  
427  89  
427  90  
427  91  
427  92  
428  93  
428  94  
429  95  
430  96  
430  97  
431  98  
431  99  
435  99  
431  100  
435  100  
432  101  
435  101  
432  102  
435  102  
433  103  
435  103  
434  104  
170  88  
171  88  
172  88  
173  88  
174  88  
165  89  
166  89  
167  89  
168  89  
169  89  
162  90  
163  90  
164  90  
159  91  
160  91  
161  91  
156  92  
157  92  
158  92  
153  93  
154  93  
155  93  
152  94  
150  103  
148  104  
149  104  
147  105  
145  106  
146  106  
144  107  
142  108  
143  108  
141  109  
140  110  
139  111  
138  112  
137  113  
136  114  
135  115  
134  116  
133  117  
132  118  
131  119  
130  120  
129  121  
128  122  
128  123  
127  124  
126  125  
125  126  
124  127  
124  128  
123  129  
202  105  
203  105  
204  105  
205  105  
206  105  
207  105  
208  105  
209  106  
210  106  
211  106  
212  106  
213  106  
214  106  
215  107  
216  107  
217  107  
218  107  
219  107  
220  107  
221  107  
222  108  
297  106  
298  106  
299  106  
300  106  
301  106  
302  106  
305  106  
303  107  
304  107  
306  107  
307  107  
308  107  
309  107  
310  107  
311  107  
312  107  
313  107  
314  107  
315  108  
316  108  
317  108  
318  108  
319  108  
320  108  
148  109  
147  110  
145  111  
146  111  
144  112  
143  113  
141  114  
142  114  
140  115  
139  116  
138  117  
137  118  
136  119  
135  120  
134  121  
133  122  
133  123  
132  124  
131  125  
130  126  
129  127  
129  128  
128  129  
127  130  
127  131  
126  132  
125  133  
125  134  
124  135  
231  109  
232  109  
233  109  
234  109  
235  109  
236  110  
237  110  
238  110  
239  110  
240  110  
241  110  
242  110  
243  111  
244  111  
245  111  
246  111  
247  111  
248  111  
249  111  
250  111  
251  111  
252  111  
253  112  
254  112  
255  112  
256  112  
257  112  
258  112  
259  113  
260  113  
261  113  
262  113  
263  113  
264  113  
265  113  
346  110  
347  110  
348  111  
349  111  
350  111  
351  111  
352  111  
353  111  
354  111  
355  112  
356  112  
357  112  
358  112  
359  112  
360  112  
361  112  
362  113  
363  113  
364  113  
365  113  
366  113  
367  113  
368  114  
369  114  
370  114  
371  114  
372  114  
373  114  
164  111  
163  112  
163  113  
163  114  
162  115  
162  116  
162  117  
162  118  
162  119  
162  120  
162  121  
162  122  
161  123  
161  124  
161  125  
161  126  
161  127  
161  128  
161  129  
161  130  
161  131  
160  132  
160  133  
160  134  
160  135  
160  136  
160  137  
160  138  
160  139  
274  114  
275  114  
276  115  
277  115  
278  115  
279  115  
280  115  
281  115  
282  115  
283  116  
284  116  
285  116  
286  116  
287  116  
288  116  
289  116  
290  117  
291  117  
292  117  
293  117  
294  117  
295  117  
296  118  
297  118  
298  118  
299  118  
300  118  
301  118  
302  118  
303  119  
304  119  
305  119  
306  119  
307  119  
308  119  
309  119  
310  119  
311  120  
312  120  
313  120  
314  120  
315  120  
316  120  
317  120  
318  120  
319  121  
320  121  
321  121  
322  121  
323  121  
324  121  
325  121  
326  122  
327  122  
328  122  
329  122  
330  122  
331  122  
332  122  
333  123  
334  123  
343  124  
344  124  
346  124  
345  125  
347  125  
348  125  
349  125  
350  125  
351  125  
352  125  
353  125  
354  125  
355  125  
356  125  
357  126  
358  126  
359  126  
360  126  
361  126  
362  126  
363  126  
364  127  
365  127  
366  127  
367  127  
368  127  
369  127  
370  127  
371  127  
372  128  
373  128  
374  128  
375  128  
376  128  
377  128  
378  128  
379  128  
380  129  
381  129  
382  129  
383  129  
384  129  
385  129  
386  129  
387  129  
388  129  
389  130  
390  130  
391  130  
392  130  
393  130  
394  130  
395  130  
396  130  
397  130  
398  131  
399  131  
396  142  
396  143  
395  144  
394  145  
394  146  
393  147  
393  148  
392  149  
392  150  
391  151  
391  152  
390  153  
389  154  
389  155  
388  156  
388  157  
387  158  
387  159  
386  160  
386  161  
385  162  
385  163  
384  164  
383  165  
383  166  
382  167  
382  168  
381  169  
381  170  
380  171  
380  172  
379  173  
379  174  
378  175  
378  176  
377  177  
376  178  
376  179  
375  180  
375  181  
374  182  
374  183  
373  184  
373  185  
372  186  
372  187  
371  188  
371  189  
370  190  
369  191  
369  192  
368  193  
368  194  
367  195  
367  196  
366  197  
366  198  
365  199  
365  200  
364  201  
363  202  
363  203  
362  204  
362  205  
361  206  
361  207  
360  208  
360  209  
359  210  
359  211  
358  212  
358  213  
357  214  
357  215  
356  216  
356  217  
355  218  
354  219  
115  145  
115  146  
115  147  
114  148  
114  149  
114  150  
113  151  
113  152  
113  153  
112  154  
112  155  
112  156  
111  157  
111  158  
111  159  
110  160  
110  161  
110  162  
110  163  
110  164  
110  165  
109  166  
109  167  
109  168  
109  169  
109  170  
109  171  
109  172  
108  173  
108  174  
108  175  
108  176  
108  177  
108  178  
108  179  
108  180  
107  181  
107  182  
107  183  
107  184  
107  185  
107  186  
107  187  
106  188  
106  189  
106  190  
106  191  
106  192  
106  193  
106  194  
106  195  
105  196  
105  197  
105  198  
105  199  
105  200  
105  201  
105  202  
105  203  
104  204  
104  205  
104  206  
104  207  
104  208  
104  209  
104  210  
103  211  
103  212  
103  213  
103  214  
103  215  
103  216  
103  217  
103  218  
103  219  
102  220  
102  221  
394  154  
393  155  
393  156  
392  157  
392  158  
391  159  
391  160  
390  161  
390  162  
389  163  
389  164  
388  165  
387  166  
387  167  
386  168  
386  169  
385  170  
385  171  
384  172  
384  173  
383  174  
383  175  
382  176  
382  177  
381  178  
380  179  
380  180  
379  181  
379  182  
378  183  
378  184  
377  185  
376  186  
376  187  
375  188  
375  189  
374  190  
374  191  
373  192  
373  193  
372  194  
372  195  
371  196  
370  197  
370  198  
369  199  
369  200  
368  201  
368  202  
367  203  
367  204  
366  205  
366  206  
365  207  
365  208  
364  209  
364  210  
363  211  
363  212  
362  213  
361  214  
361  215  
360  216  
360  217  
360  218  
359  219  
398  156  
398  157  
397  158  
397  159  
396  160  
395  161  
394  162  
394  163  
393  164  
393  165  
392  166  
392  167  
391  168  
391  169  
390  170  
390  171  
389  172  
388  173  
388  174  
387  175  
387  176  
386  177  
386  178  
385  179  
385  180  
384  181  
384  182  
383  183  
382  184  
382  185  
381  186  
381  187  
380  188  
380  189  
379  190  
379  191  
378  192  
377  193  
377  194  
376  195  
376  196  
375  197  
374  198  
374  199  
373  200  
373  201  
372  202  
372  203  
371  204  
371  205  
370  206  
370  207  
369  208  
369  209  
368  210  
368  211  
367  212  
367  213  
366  214  
365  215  
365  216  
364  217  
364  218  
363  219  
363  220  
362  221  
362  222  
361  223  
361  224  
360  225  
359  226  
359  227  
358  228  
358  229  
357  230  
356  231  
120  171  
120  172  
120  173  
120  174  
120  175  
120  176  
120  177  
120  178  
119  179  
119  180  
119  181  
119  182  
119  183  
119  184  
119  185  
118  186  
118  187  
118  188  
118  189  
118  190  
118  191  
117  192  
117  193  
117  194  
117  195  
117  196  
117  197  
117  198  
117  199  
116  200  
113  174  
113  175  
113  176  
113  177  
113  178  
113  179  
112  180  
112  181  
112  182  
112  183  
112  184  
112  185  
111  186  
111  187  
111  188  
111  189  
111  190  
111  191  
111  192  
111  193  
110  194  
110  195  
110  196  
110  197  
110  198  
110  199  
110  200  
110  201  
109  202  
109  203  
109  204  
109  205  
109  206  
109  207  
109  208  
109  209  
108  210  
108  211  
108  212  
108  213  
108  214  
108  215  
108  216  
108  217  
108  218  
108  219  
107  220  
107  221  
107  222  
123  207  
124  207  
125  207  
126  207  
127  207  
128  207  
129  207  
130  207  
131  207  
132  207  
133  207  
134  207  
135  208  
136  208  
137  208  
138  208  
139  208  
140  208  
141  208  
142  208  
143  208  
144  208  
145  208  
146  208  
147  208  
148  208  
149  208  
150  208  
151  208  
152  208  
153  208  
154  208  
155  208  
156  208  
157  208  
158  208  
159  208  
160  208  
161  208  
162  208  
163  208  
164  208  
165  208  
166  208  
167  208  
168  208  
169  208  
170  208  
171  208  
172  208  
173  208  
174  208  
175  208  
176  208  
177  208  
178  208  
179  208  
180  208  
181  208  
182  209  
183  209  
184  209  
185  209  
186  209  
187  209  
188  209  
189  209  
190  209  
191  209  
192  209  
193  209  
194  209  
195  209  
196  209  
197  209  
198  209  
199  209  
200  209  
201  209  
202  209  
203  209  
204  209  
205  209  
206  209  
207  209  
208  209  
211  209  
212  209  
213  209  
214  209  
209  210  
210  210  
215  210  
216  210  
217  210  
218  210  
219  210  
220  210  
221  210  
222  210  
223  210  
224  210  
225  210  
226  210  
227  210  
228  210  
229  210  
230  210  
231  210  
232  210  
233  210  
234  210  
235  210  
236  210  
237  210  
238  210  
239  210  
240  210  
241  210  
242  210  
243  211  
244  211  
245  211  
246  211  
247  211  
248  211  
249  211  
250  211  
251  211  
252  211  
253  211  
254  211  
255  211  
256  211  
257  211  
258  211  
259  211  
260  211  
261  211  
262  211  
263  211  
264  211  
265  211  
266  211  
267  211  
268  211  
269  211  
270  211  
271  211  
272  211  
273  211  
274  211  
275  211  
276  211  
277  211  
278  211  
279  211  
280  211  
281  211  
282  211  
283  211  
284  211  
285  211  
286  212  
287  212  
288  212  
289  212  
290  212  
291  212  
292  212  
293  212  
294  212  
295  212  
296  212  
297  212  
298  212  
299  212  
300  212  
301  212  
302  212  
303  212  
304  212  
305  212  
306  212  
307  212  
308  212  
309  212  
310  212  
311  212  
312  212  
313  212  
314  212  
315  212  
316  212  
317  212  
318  212  
319  213  
320  213  
321  213  
322  213  
323  213  
324  213  
325  213  
326  213  
327  213  
328  213  
329  213  
330  213  
331  213  
332  213  
333  213  
334  213  
335  213  
336  213  
337  213  
338  213  
339  213  
340  213  
341  213  
342  213  
343  213  
344  213  
345  213  
346  213  
347  213  
348  213  
349  213  
350  213  
351  213  
352  213  
353  213  
354  213  
116  211  
117  211  
118  211  
119  211  
120  211  
121  211  
122  211  
123  211  
124  211  
125  211  
126  211  
127  211  
128  211  
129  211  
130  211  
131  211  
132  211  
115  212  
133  212  
134  212  
135  212  
136  212  
137  212  
138  212  
139  212  
140  212  
141  212  
142  212  
143  212  
144  212  
145  212  
146  212  
147  212  
148  212  
149  212  
150  212  
151  212  
152  212  
153  212  
154  212  
155  212  
156  212  
157  212  
158  212  
159  212  
160  212  
115  213  
161  213  
162  213  
163  213  
164  213  
165  213  
166  213  
167  213  
168  213  
169  213  
115  214  
115  215  
275  216  
276  216  
277  216  
227  217  
228  217  
229  217  
230  217  
231  217  
232  217  
233  217  
269  217  
270  217  
271  217  
272  217  
273  217  
274  217  
234  218  
235  218  
236  218  
237  218  
238  218  
239  218  
240  218  
241  218  
242  218  
243  218  
244  218  
245  218  
246  218  
247  218  
248  218  
249  218  
250  218  
251  218  
252  218  
253  218  
254  218  
255  218  
256  218  
257  218  
258  218  
259  218  
260  218  
261  218  
262  218  
263  218  
264  218  
265  218  
266  218  
267  218  
268  218  
291  219  
292  219  
293  219  
294  219  
295  219  
296  219  
297  219  
298  219  
299  219  
300  219  
301  219  
302  219  
303  219  
304  219  
305  219  
306  219  
307  219  
308  219  
309  219  
310  219  
311  219  
312  219  
313  219  
314  219  
315  219  
316  219  
317  219  
318  219  
319  219  
320  219  
321  219  
322  219  
323  219  
324  219  
325  219  
326  219  
327  219  
328  219  
329  219  
330  219  
387  219  
385  220  
386  220  
388  220  
389  220  
395  220  
384  221  
390  221  
391  221  
396  221  
384  222  
392  222  
395  222  
384  223  
393  223  
394  223  
385  224  
386  224  
387  224  
388  224  
99  232  
99  233  
99  234  
99  235  
98  236  
98  237  
98  238  
98  239  
98  240  
98  241  
98  242  
98  243  
98  244  
97  245  
97  246  
97  247  
97  248  
97  249  
97  250  
97  251  
97  252  
97  253  
97  254  
96  255  
96  256  
96  257  
96  258  
96  259  
96  260  
96  261  
96  262  
95  263  
95  264  
95  265  
95  266  
95  267  
95  268  
95  269  
95  270  
95  271  
353  233  
352  234  
352  235  
352  236  
351  237  
350  238  
350  239  
349  240  
349  241  
348  242  
348  243  
347  244  
347  245  
346  246  
346  247  
345  248  
344  249  
344  250  
343  251  
343  252  
342  253  
342  254  
341  255  
340  256  
340  257  
339  258  
339  259  
338  260  
338  261  
337  262  
336  263  
336  264  
335  265  
335  266  
334  267  
334  268  
333  269  
333  270  
332  271  
332  272  
331  273  
330  274  
330  275  
211  246  
211  247  
210  248  
210  249  
210  250  
209  251  
209  252  
209  253  
208  254  
208  255  
207  256  
207  257  
206  258  
206  259  
206  260  
205  261  
205  262  
204  263  
204  264  
204  265  
203  266  
203  267  
202  268  
202  269  
202  270  
201  271  
201  272  
200  273  
200  274  
200  275  
199  276  
199  277  
199  278  
198  279  
198  280  
198  281  
197  282  
197  283  
196  284  
196  285  
196  286  
195  287  
195  288  
195  289  
194  290  
194  291  
194  292  
193  293  
193  294  
192  295  
192  296  
192  297  
191  298  
191  299  
191  300  
190  301  
190  302  
190  303  
189  304  
189  305  
189  306  
188  307  
188  308  
188  309  
187  310  
187  311  
187  312  
186  313  
186  314  
186  315  
185  316  
185  317  
185  318  
185  319  
184  320  
184  321  
184  322  
183  323  
183  324  
183  325  
182  326  
182  327  
182  328  
182  329  
181  330  
181  331  
181  332  
180  333  
180  334  
180  335  
179  336  
179  337  
179  338  
178  339  
178  340  
178  341  
177  342  
177  343  
177  344  
176  345  
176  346  
176  347  
175  348  
175  349  
175  350  
175  351  
175  352  
174  353  
174  354  
173  355  
173  356  
173  357  
173  358  
173  359  
172  360  
172  361  
172  362  
171  363  
171  364  
171  365  
171  366  
170  367  
170  368  
170  369  
170  370  
169  371  
169  372  
169  373  
169  374  
169  375  
168  376  
168  377  
168  378  
167  379  
167  380  
167  381  
167  382  
167  383  
166  384  
166  385  
166  386  
166  387  
337  247  
337  248  
336  249  
335  250  
335  251  
334  252  
334  253  
333  254  
333  255  
332  256  
331  257  
331  258  
330  259  
330  260  
329  261  
329  262  
328  263  
328  264  
327  265  
327  266  
326  267  
326  268  
325  269  
325  270  
324  271  
324  272  
323  273  
323  274  
323  275  
107  253  
107  254  
107  255  
107  256  
107  257  
107  258  
107  259  
107  260  
107  261  
107  262  
107  263  
107  264  
106  265  
106  266  
106  267  
106  268  
106  269  
106  270  
106  271  
106  272  
105  273  
105  274  
105  275  
105  276  
105  277  
105  278  
267  256  
267  257  
266  258  
266  259  
265  260  
265  261  
264  262  
264  263  
263  264  
263  265  
263  266  
262  267  
262  268  
262  269  
261  270  
261  271  
260  272  
260  273  
259  274  
259  275  
258  276  
258  277  
257  278  
257  279  
257  280  
256  281  
256  282  
329  281  
329  282  
328  283  
327  284  
327  285  
326  286  
326  287  
326  288  
325  289  
324  290  
324  291  
323  292  
323  293  
322  294  
322  295  
321  296  
320  297  
320  298  
319  299  
319  300  
318  301  
317  302  
317  303  
316  304  
316  305  
315  306  
315  307  
314  308  
314  309  
313  310  
313  311  
312  312  
311  313  
311  314  
310  315  
310  316  
309  317  
309  318  
308  319  
308  320  
307  321  
306  322  
306  323  
305  324  
305  325  
304  326  
304  327  
303  328  
303  329  
302  330  
301  331  
301  332  
300  333  
300  334  
299  335  
299  336  
298  337  
298  338  
297  339  
297  340  
296  341  
296  342  
324  282  
324  283  
323  284  
323  285  
322  286  
322  287  
321  288  
321  289  
320  290  
320  291  
319  292  
318  293  
318  294  
317  295  
317  296  
316  297  
316  298  
315  299  
315  300  
314  301  
313  302  
313  303  
312  304  
312  305  
311  306  
311  307  
310  308  
310  309  
309  310  
309  311  
308  312  
307  313  
307  314  
306  315  
306  316  
305  317  
305  318  
304  319  
304  320  
303  321  
303  322  
302  323  
302  324  
301  325  
300  326  
300  327  
299  328  
299  329  
298  330  
298  331  
297  332  
297  333  
296  334  
296  335  
295  336  
295  337  
294  338  
294  339  
293  340  
292  341  
292  342  
291  343  
291  344  
290  345  
290  346  
289  347  
289  348  
288  349  
288  350  
287  351  
301  284  
302  284  
303  284  
304  284  
305  284  
306  284  
307  284  
308  284  
309  284  
310  284  
311  284  
312  284  
313  284  
314  284  
315  284  
316  284  
281  285  
282  285  
283  285  
284  285  
285  285  
286  285  
287  285  
288  285  
289  285  
290  285  
291  285  
292  285  
293  285  
294  285  
295  285  
296  285  
297  285  
298  285  
299  285  
300  285  
260  286  
261  286  
262  286  
263  286  
264  286  
265  286  
266  286  
267  286  
268  286  
269  286  
270  286  
271  286  
272  286  
273  286  
274  286  
275  286  
276  286  
277  286  
278  286  
279  286  
280  286  
95  289  
95  290  
95  291  
95  292  
95  293  
95  294  
95  295  
95  296  
95  297  
94  298  
94  299  
94  300  
94  301  
94  302  
94  303  
94  304  
94  305  
94  306  
94  307  
94  308  
93  309  
93  310  
93  311  
93  312  
93  313  
93  314  
93  315  
93  316  
92  317  
92  318  
92  319  
92  320  
92  321  
92  322  
92  323  
92  324  
92  325  
92  326  
91  327  
91  328  
91  329  
91  330  
91  331  
91  332  
91  333  
91  334  
90  335  
90  336  
90  337  
90  338  
90  339  
90  340  
90  341  
90  342  
89  343  
89  344  
89  345  
89  346  
89  347  
89  348  
89  349  
89  350  
89  351  
89  352  
88  353  
88  354  
88  355  
88  356  
88  357  
88  358  
88  359  
88  360  
88  361  
87  362  
87  363  
87  364  
87  365  
87  366  
87  367  
87  368  
310  289  
311  289  
312  289  
293  290  
294  290  
295  290  
296  290  
297  290  
298  290  
299  290  
300  290  
301  290  
302  290  
303  290  
304  290  
305  290  
306  290  
307  290  
308  290  
309  290  
272  291  
273  291  
274  291  
275  291  
276  291  
277  291  
278  291  
279  291  
280  291  
281  291  
282  291  
283  291  
284  291  
285  291  
286  291  
287  291  
288  291  
289  291  
290  291  
291  291  
292  291  
254  292  
255  292  
258  292  
259  292  
260  292  
261  292  
262  292  
263  292  
264  292  
265  292  
266  292  
267  292  
268  292  
269  292  
270  292  
271  292  
256  293  
257  293  
183  290  
184  290  
185  290  
186  290  
187  290  
188  290  
189  290  
190  290  
191  290  
158  291  
159  291  
160  291  
161  291  
162  291  
163  291  
164  291  
165  291  
166  291  
167  291  
168  291  
169  291  
170  291  
171  291  
172  291  
173  291  
174  291  
175  291  
176  291  
177  291  
178  291  
179  291  
180  291  
181  291  
182  291  
134  292  
135  292  
136  292  
137  292  
138  292  
139  292  
140  292  
141  292  
142  292  
143  292  
144  292  
145  292  
146  292  
147  292  
148  292  
149  292  
150  292  
151  292  
152  292  
153  292  
154  292  
155  292  
156  292  
157  292  
119  293  
120  293  
121  293  
122  293  
123  293  
124  293  
125  293  
126  293  
127  293  
128  293  
129  293  
130  293  
131  293  
132  293  
133  293  
112  294  
113  294  
114  294  
115  294  
116  294  
117  294  
118  294  
99  293  
99  294  
99  295  
99  296  
99  297  
99  298  
99  299  
99  300  
98  301  
98  302  
98  303  
98  304  
98  305  
98  306  
98  307  
98  308  
98  309  
98  310  
97  311  
97  312  
97  313  
97  314  
97  315  
97  316  
97  317  
96  318  
96  319  
96  320  
96  321  
96  322  
96  323  
96  324  
96  325  
96  326  
95  327  
95  328  
95  329  
95  330  
95  331  
95  332  
95  333  
95  334  
94  335  
94  336  
94  337  
94  338  
94  339  
94  340  
94  341  
94  342  
94  343  
93  344  
93  345  
93  346  
93  347  
93  348  
93  349  
93  350  
93  351  
93  352  
93  353  
93  354  
92  355  
92  356  
92  357  
92  358  
92  359  
92  360  
92  361  
92  362  
92  363  
91  364  
91  365  
91  366  
91  367  
91  368  
91  369  
91  370  
91  371  
314  293  
314  294  
313  295  
313  296  
312  297  
312  298  
311  299  
311  300  
310  301  
310  302  
309  303  
309  304  
308  305  
307  306  
307  307  
306  308  
306  309  
305  310  
305  311  
304  312  
304  313  
303  314  
303  315  
302  316  
302  317  
301  318  
301  319  
300  320  
300  321  
299  322  
179  295  
180  295  
181  295  
150  296  
151  296  
152  296  
153  296  
154  296  
155  296  
156  296  
157  296  
158  296  
159  296  
160  296  
161  296  
162  296  
163  296  
164  296  
165  296  
166  296  
167  296  
168  296  
169  296  
170  296  
171  296  
172  296  
173  296  
174  296  
175  296  
176  296  
177  296  
178  296  
133  297  
134  297  
135  297  
136  297  
137  297  
138  297  
139  297  
140  297  
141  297  
142  297  
143  297  
144  297  
145  297  
146  297  
147  297  
148  297  
149  297  
106  298  
107  298  
108  298  
109  298  
110  298  
111  298  
112  298  
113  298  
114  298  
115  298  
116  298  
117  298  
118  298  
119  298  
120  298  
121  298  
122  298  
123  298  
105  299  
105  300  
105  301  
361  300  
361  301  
361  302  
361  303  
361  304  
361  305  
360  306  
360  307  
360  308  
360  309  
360  310  
360  311  
360  312  
360  313  
360  314  
360  315  
360  316  
360  317  
360  318  
359  319  
359  320  
247  301  
246  302  
246  303  
246  304  
245  305  
245  306  
244  307  
244  308  
244  309  
243  310  
243  311  
242  312  
242  313  
242  314  
241  315  
241  316  
241  317  
240  318  
240  319  
240  320  
239  321  
239  322  
239  323  
238  324  
238  325  
237  326  
237  327  
236  328  
236  329  
236  330  
235  331  
235  332  
234  333  
234  334  
234  335  
233  336  
233  337  
232  338  
232  339  
231  340  
231  341  
230  342  
230  343  
103  313  
103  314  
103  315  
102  316  
102  317  
102  318  
102  319  
102  320  
102  321  
101  322  
101  323  
101  324  
101  325  
101  326  
101  327  
100  328  
100  329  
100  330  
100  331  
100  332  
100  333  
100  334  
100  335  
100  336  
100  337  
100  338  
100  339  
297  319  
296  320  
296  321  
295  322  
295  323  
294  324  
294  325  
293  326  
293  327  
292  328  
292  329  
291  330  
291  331  
290  332  
290  333  
289  334  
288  335  
288  336  
287  337  
287  338  
284  340  
285  340  
275  341  
276  341  
277  341  
278  341  
279  341  
280  341  
281  341  
282  341  
283  341  
264  342  
265  342  
266  342  
267  342  
268  342  
269  342  
270  342  
271  342  
272  342  
273  342  
274  342  
253  343  
254  343  
255  343  
256  343  
257  343  
258  343  
259  343  
260  343  
261  343  
262  343  
263  343  
242  344  
243  344  
244  344  
245  344  
246  344  
247  344  
248  344  
249  344  
250  344  
251  344  
252  344  
235  345  
236  345  
237  345  
238  345  
239  345  
240  345  
241  345  
283  345  
284  345  
272  346  
273  346  
274  346  
275  346  
276  346  
277  346  
278  346  
279  346  
280  346  
281  346  
282  346  
261  347  
262  347  
263  347  
264  347  
265  347  
266  347  
267  347  
268  347  
269  347  
270  347  
271  347  
253  348  
254  348  
255  348  
256  348  
257  348  
258  348  
259  348  
260  348  
241  349  
242  349  
243  349  
244  349  
245  349  
246  349  
247  349  
248  349  
249  349  
250  349  
251  349  
252  349  
230  350  
231  350  
232  350  
233  350  
234  350  
235  350  
236  350  
237  350  
238  350  
239  350  
240  350  
143  354  
144  354  
135  355  
136  355  
137  355  
138  355  
139  355  
140  355  
141  355  
142  355  
129  356  
130  356  
131  356  
132  356  
133  356  
134  356  
116  357  
117  357  
118  357  
119  357  
120  357  
121  357  
122  357  
123  357  
124  357  
125  357  
126  357  
127  357  
128  357  
114  358  
115  358  
146  358  
147  358  
148  358  
149  358  
150  358  
151  358  
137  359  
138  359  
139  359  
140  359  
141  359  
142  359  
143  359  
144  359  
145  359  
129  360  
130  360  
131  360  
132  360  
133  360  
134  360  
135  360  
136  360  
120  361  
121  361  
122  361  
123  361  
124  361  
125  361  
126  361  
127  361  
128  361  
114  362  
115  362  
116  362  
117  362  
118  362  
119  362  
108  363  
109  363  
110  363  
111  363  
112  363  
113  363  
104  364  
105  364  
106  364  
107  364  
102  365  
103  365  
277  359  
277  360  
276  361  
276  362  
275  363  
274  364  
274  365  
273  366  
273  367  
272  368  
272  369  
271  370  
271  371  
270  372  
270  373  
269  374  
269  375  
268  376  
268  377  
267  378  
267  379  
267  380  
284  360  
283  361  
283  362  
282  363  
282  364  
281  365  
281  366  
280  367  
279  368  
279  369  
278  370  
278  371  
277  372  
277  373  
276  374  
276  375  
275  376  
275  377  
274  378  
274  379  
273  380  
92  377  
92  378  
91  379  
91  380  
91  381  
91  382  
91  383  
91  384  
91  385  
91  386  
91  387  
91  388  
90  389  
90  390  
90  391  
91  392  
91  393  
91  394  
90  395  
90  396  
90  397  
90  398  
90  399  
90  400  
90  401  
278  379  
278  380  
278  381  
278  382  
277  383  
277  384  
276  385  
275  386  
275  387  
274  388  
274  389  
273  390  
273  391  
272  392  
272  393  
271  394  
270  395  
270  396  
269  397  
269  398  
268  399  
84  381  
84  382  
84  383  
84  384  
84  385  
84  386  
84  387  
84  388  
84  389  
83  390  
83  391  
83  392  
83  393  
83  394  
83  395  
83  396  
83  397  
83  398  
83  399  
83  400  
254  385  
255  385  
256  385  
257  385  
258  385  
259  385  
260  385  
247  386  
248  386  
249  386  
250  386  
251  386  
252  386  
253  386  
241  387  
242  387  
243  387  
244  387  
245  387  
246  387  
233  388  
234  388  
235  388  
236  388  
237  388  
238  388  
239  388  
240  388  
225  389  
226  389  
227  389  
228  389  
229  389  
230  389  
231  389  
232  389  
217  390  
218  390  
219  390  
220  390  
221  390  
222  390  
223  390  
224  390  
269  386  
269  387  
268  388  
268  389  
267  390  
266  391  
266  392  
265  393  
265  394  
264  395  
264  396  
263  397  
263  398  
262  399  
262  400  
261  401  
261  402  
260  403  
260  404  
259  405  
259  406  
258  407  
257  408  
257  409  
256  410  
259  389  
260  389  
261  389  
262  389  
253  390  
254  390  
255  390  
256  390  
257  390  
258  390  
247  391  
248  391  
249  391  
250  391  
251  391  
252  391  
238  392  
239  392  
240  392  
241  392  
242  392  
243  392  
244  392  
245  392  
246  392  
230  393  
231  393  
232  393  
233  393  
234  393  
235  393  
236  393  
237  393  
223  394  
224  394  
225  394  
226  394  
227  394  
228  394  
229  394  
216  395  
217  395  
218  395  
219  395  
220  395  
221  395  
222  395  
262  392  
261  393  
261  394  
260  395  
260  396  
259  397  
259  398  
258  399  
258  400  
257  401  
257  402  
256  403  
256  404  
255  405  
255  406  
254  407  
254  408  
253  409  
252  410  
252  411  
251  412  
251  413  
250  414  
250  415  
249  416  
249  417  
248  418  
448  393  
447  394  
446  395  
446  396  
445  397  
444  398  
443  399  
442  400  
442  401  
441  402  
440  403  
439  404  
438  405  
437  406  
436  407  
435  408  
434  409  
433  410  
432  411  
431  412  
430  413  
429  414  
428  415  
427  416  
426  417  
425  418  
425  419  
424  420  
423  421  
422  422  
422  423  
421  424  
420  425  
419  426  
418  427  
417  428  
416  429  
415  430  
414  431  
414  432  
413  433  
412  434  
411  435  
410  436  
409  437  
409  438  
408  439  
407  440  
406  441  
405  442  
405  443  
404  444  
403  445  
402  446  
401  447  
400  448  
399  449  
398  450  
397  451  
396  452  
395  453  
395  454  
394  455  
393  456  
392  457  
391  458  
390  459  
389  460  
389  461  
388  462  
386  463  
387  463  
385  464  
150  400  
151  400  
152  400  
153  400  
154  400  
155  400  
156  400  
157  400  
158  400  
159  400  
138  401  
143  401  
144  401  
145  401  
146  401  
147  401  
148  401  
149  401  
139  402  
140  402  
141  402  
142  402  
202  407  
203  407  
196  408  
197  408  
198  408  
199  408  
200  408  
201  408  
186  409  
187  409  
188  409  
189  409  
190  409  
191  409  
192  409  
193  409  
194  409  
195  409  
179  410  
180  410  
181  410  
182  410  
183  410  
184  410  
185  410  
171  411  
172  411  
173  411  
174  411  
175  411  
176  411  
177  411  
178  411  
169  412  
170  412  
128  408  
129  408  
130  408  
131  408  
132  408  
133  408  
122  409  
123  409  
124  409  
125  409  
126  409  
127  409  
114  410  
115  410  
116  410  
117  410  
118  410  
119  410  
120  410  
121  410  
108  411  
109  411  
110  411  
111  411  
112  411  
113  411  
103  412  
104  412  
105  412  
106  412  
107  412  
84  411  
83  412  
83  413  
83  414  
83  415  
83  416  
83  417  
83  418  
83  419  
82  420  
82  421  
82  422  
82  423  
82  424  
82  425  
82  426  
82  427  
82  428  
82  429  
82  430  
82  431  
82  432  
82  433  
82  434  
82  435  
81  436  
238  421  
239  421  
240  421  
241  421  
242  421  
233  422  
234  422  
235  422  
236  422  
237  422  
228  423  
229  423  
230  423  
231  423  
232  423  
223  424  
224  424  
225  424  
226  424  
227  424  
185  432  
186  432  
187  432  
188  432  
189  432  
190  432  
191  432  
179  433  
180  433  
181  433  
182  433  
183  433  
184  433  
175  434  
176  434  
177  434  
178  434  
171  435  
172  435  
173  435  
174  435  
167  436  
168  436  
169  436  
170  436  
272  433  
273  433  
274  434  
275  435  
276  435  
277  436  
278  437  
279  437  
280  438  
281  439  
282  439  
283  440  
284  441  
285  441  
286  442  
287  443  
288  443  
289  444  
290  444  
291  445  
292  446  
293  446  
294  447  
295  447  
296  448  
297  449  
298  449  
299  450  
300  450  
301  451  
302  452  
303  452  
304  453  
305  453  
306  454  
307  454  
440  454  
438  455  
439  455  
437  456  
436  457  
435  458  
434  459  
433  460  
432  461  
431  462  
430  463  
429  464  
428  465  
427  466  
426  467  
425  468  
424  469  
424  470  
423  471  
421  472  
422  472  
420  473  
419  474  
441  458  
440  459  
439  460  
438  461  
437  462  
436  463  
435  464  
434  465  
433  466  
432  467  
431  468  
430  469  
429  470  
428  471  
428  472  
427  473  
426  474  
425  475  
423  476  
424  476  
411  482  
410  483  
409  484  
408  485  
407  486  
406  487  
405  488  
404  489  
403  490  
402  491  
401  492  
400  493  
399  494  
398  495  
397  496  
396  497  
395  498  
394  499  
393  500  
392  501  
369  483  
368  484  
367  485  
367  486  
366  487  
365  488  
364  489  
363  490  
362  491  
361  492  
360  493  
359  494  
359  495  
358  496  
357  497  
356  498  
355  499  
354  500  
353  501  
353  502  
352  503  
351  504  
350  505  
349  506  
348  507  
347  508  
346  509  
345  510  
345  511  
344  512  
343  513  
342  514  
341  515  
340  516  
339  517  
339  518  
338  519  
337  520  
336  521  
335  522  
334  523  
333  524  
333  525  
332  526  
331  527  
330  528  
329  529  
328  530  
327  531  
326  532  
325  533  
325  534  
324  535  
324  536  
323  537  
322  538  
321  539  
414  485  
413  486  
412  487  
411  488  
410  489  
409  490  
408  491  
408  492  
407  493  
406  494  
405  495  
404  496  
403  497  
402  498  
401  499  
399  500  
400  500  
398  501  
397  502  
397  503  
387  506  
386  507  
385  508  
384  509  
383  510  
382  511  
381  512  
380  513  
379  514  
378  515  
377  516  
376  517  
375  518  
374  519  
373  520  
372  521  
371  522  
370  523  
369  524  
368  525  
368  526  
367  527  
366  528  
364  529  
365  529  
363  530  
389  510  
388  511  
387  512  
386  513  
385  514  
384  515  
383  516  
382  517  
381  518  
380  519  
379  520  
378  521  
377  522  
376  523  
375  524  
374  525  
373  526  
372  527  
371  528  
370  529  
370  530  
369  531  
367  532  
368  532  
366  533  
365  534  
314  546  
313  547  
313  548  
312  549  
311  550  
310  551  
309  552  
308  553  
308  554  
307  555  
306  556  
305  557  
304  558  
303  559  
302  560  
301  561  
301  562  
300  563  
299  564  
298  565  
297  566  
296  567  
295  568  
294  569  
293  570  
293  571  
292  572  
291  573  
290  574  
289  575  
289  576  
288  577  
287  578  
286  579  
285  580  
284  581  
284  582  
283  583  
282  584  
281  585  
280  586  
279  587  
279  588  
278  589  
277  590  
276  591  
275  592  
274  593  
273  594  
272  595  
272  596  
271  597  
270  598  
269  599  
268  600  
267  601  
267  602  
266  603  
265  604  
264  605  
264  606  
263  607  
262  608  
332  567  
333  567  
330  568  
331  568  
329  569  
328  570  
327  571  
326  572  
325  573  
324  574  
323  575  
322  576  
321  577  
320  578  
319  579  
318  580  
317  581  
316  582  
315  583  
314  584  
313  585  
312  586  
311  587  
311  588  
310  589  
309  590  
308  591  
306  592  
307  592  
307  586  
306  587  
305  588  
304  589  
303  590  
302  591  
301  592  
300  593  
299  594  
298  595  
297  596  
296  597  
295  598  
294  599  
293  600  
292  601  
291  602  
290  603  
289  604  
288  605  
287  606  
287  607  
286  608  
