81  
66  23  27  24  38  23  26  38  23  25  20  34  40  26  22  23  36  20  22  29  22  34  21  21  53  34  22  33  40  60  28  156  64  34  26  26  78  79  22  23  43  21  27  20  31  29  26  62  29  40  32  21  24  24  172  22  20  26  33  29  88  58  22  30  52  41  30  20  22  21  25  21  49  28  27  53  65  41  66  28  23  
230  32  
229  33  
229  34  
229  35  
229  36  
229  37  
229  38  
229  39  
229  40  
229  41  
229  42  
229  43  
229  44  
229  45  
228  46  
228  47  
228  48  
228  49  
228  50  
228  51  
228  52  
228  53  
228  54  
228  55  
228  56  
228  57  
228  58  
228  59  
228  60  
228  61  
227  62  
227  63  
227  64  
227  65  
227  66  
227  67  
227  68  
227  69  
227  70  
227  71  
227  72  
227  73  
226  74  
226  75  
226  76  
226  77  
226  78  
226  79  
226  80  
226  81  
226  82  
226  83  
226  84  
226  85  
226  86  
225  87  
225  88  
225  89  
225  90  
225  91  
225  92  
225  93  
225  94  
225  95  
225  96  
224  97  
430  32  
431  33  
432  34  
433  35  
433  36  
434  37  
435  38  
436  39  
437  40  
437  41  
438  42  
439  43  
440  44  
441  45  
442  46  
443  47  
443  48  
444  49  
445  50  
446  51  
447  52  
447  53  
448  54  
255  41  
255  42  
255  43  
255  44  
255  45  
255  46  
254  47  
254  48  
254  49  
254  50  
254  51  
254  52  
254  53  
254  54  
254  55  
254  56  
254  57  
254  58  
254  59  
254  60  
253  61  
253  62  
253  63  
253  64  
253  65  
253  66  
253  67  
198  49  
198  50  
198  51  
198  52  
198  53  
198  54  
198  55  
198  56  
199  57  
199  58  
199  59  
199  60  
199  61  
199  62  
199  63  
199  64  
199  65  
199  66  
199  67  
199  68  
199  69  
199  70  
199  71  
200  72  
240  53  
240  54  
240  55  
240  56  
240  57  
240  58  
240  59  
240  60  
240  61  
240  62  
240  63  
240  64  
240  65  
240  66  
240  67  
240  68  
240  69  
240  70  
240  71  
240  72  
239  73  
239  74  
239  75  
239  76  
239  77  
239  78  
239  79  
239  80  
239  81  
239  82  
239  83  
239  84  
238  85  
238  86  
238  87  
238  88  
238  89  
238  90  
251  75  
251  76  
251  77  
251  78  
251  79  
251  80  
251  81  
251  82  
251  83  
251  84  
251  85  
251  86  
251  87  
251  88  
251  89  
251  90  
250  91  
250  92  
250  93  
250  94  
250  95  
250  96  
250  97  
148  87  
149  87  
150  87  
151  87  
152  87  
153  87  
154  87  
155  87  
156  87  
157  87  
158  87  
159  87  
160  87  
161  87  
162  87  
163  87  
164  87  
165  87  
166  87  
167  87  
142  88  
143  88  
144  88  
145  88  
146  88  
147  88  
223  117  
223  118  
223  119  
223  120  
222  121  
222  122  
222  123  
222  124  
222  125  
222  126  
222  127  
222  128  
222  129  
222  130  
222  131  
222  132  
222  133  
222  134  
222  135  
222  136  
222  137  
222  138  
222  139  
221  140  
221  141  
221  142  
221  143  
221  144  
221  145  
221  146  
221  147  
221  148  
221  149  
221  150  
220  151  
220  152  
220  153  
220  154  
196  130  
196  131  
196  132  
196  133  
195  134  
195  135  
196  136  
196  137  
196  138  
196  139  
196  140  
196  141  
196  142  
196  143  
196  144  
196  145  
196  146  
196  147  
196  148  
196  149  
196  150  
197  151  
198  151  
210  130  
210  131  
210  132  
211  133  
211  134  
211  135  
211  136  
211  137  
211  138  
211  139  
211  140  
211  141  
211  142  
211  143  
211  144  
211  145  
211  146  
211  147  
211  148  
211  149  
211  150  
211  151  
211  152  
211  153  
211  154  
245  134  
245  135  
245  136  
245  137  
245  138  
245  139  
245  140  
245  141  
245  142  
245  143  
245  144  
244  145  
244  146  
244  147  
244  148  
244  149  
244  150  
244  151  
244  152  
244  153  
151  169  
152  169  
153  169  
154  169  
155  169  
156  169  
157  169  
158  169  
159  169  
160  169  
161  169  
162  169  
163  169  
164  169  
165  169  
166  169  
167  169  
168  169  
169  169  
170  169  
171  170  
172  170  
173  170  
174  170  
175  170  
176  170  
177  170  
178  170  
179  170  
180  170  
181  170  
182  170  
183  170  
184  170  
145  172  
146  172  
147  172  
148  172  
149  172  
150  172  
151  172  
152  172  
153  172  
154  172  
155  172  
156  173  
157  173  
158  173  
159  173  
160  173  
161  173  
162  173  
163  173  
164  174  
165  174  
166  174  
167  174  
168  174  
169  174  
170  174  
171  174  
172  174  
173  174  
174  174  
175  174  
176  174  
177  174  
178  174  
179  174  
180  174  
181  174  
182  174  
183  174  
184  174  
221  184  
222  184  
223  184  
224  184  
225  184  
226  184  
227  184  
228  184  
229  184  
230  184  
231  184  
232  184  
233  184  
234  184  
235  184  
236  184  
237  184  
238  184  
239  185  
240  185  
241  185  
242  185  
243  185  
244  185  
245  185  
246  186  
244  190  
245  190  
246  190  
247  190  
248  190  
249  190  
250  190  
251  190  
252  190  
253  190  
254  190  
255  190  
256  190  
257  190  
258  190  
259  190  
260  190  
261  190  
262  190  
263  190  
264  190  
265  190  
212  195  
212  196  
212  197  
212  198  
212  199  
212  200  
213  201  
213  202  
213  203  
213  204  
213  205  
213  206  
213  207  
213  208  
213  209  
213  210  
213  211  
213  212  
213  213  
213  214  
213  215  
213  216  
213  217  
217  195  
217  196  
217  197  
217  198  
217  199  
217  200  
217  201  
217  202  
217  203  
217  204  
217  205  
217  206  
217  207  
217  208  
216  209  
216  210  
216  211  
216  212  
216  213  
216  214  
216  215  
216  216  
216  217  
216  218  
216  219  
216  220  
216  221  
216  222  
216  223  
216  224  
216  225  
216  226  
216  227  
215  228  
215  229  
215  230  
165  199  
166  199  
167  199  
183  199  
168  200  
169  200  
170  200  
171  200  
172  200  
173  200  
174  200  
175  200  
176  200  
177  200  
178  200  
179  200  
180  200  
181  200  
182  200  
184  200  
32  222  
33  222  
34  222  
35  222  
36  222  
37  222  
38  223  
39  223  
40  223  
41  223  
42  223  
43  223  
44  223  
45  223  
46  223  
47  223  
48  223  
49  223  
50  223  
51  223  
52  223  
53  223  
234  224  
234  225  
234  226  
234  227  
234  228  
234  229  
234  230  
233  231  
233  232  
233  233  
233  234  
233  235  
233  236  
233  237  
233  238  
233  239  
232  240  
232  241  
232  242  
232  243  
232  244  
232  245  
232  246  
232  247  
232  248  
232  249  
232  250  
231  251  
231  252  
32  226  
33  226  
34  226  
35  226  
52  226  
53  226  
36  227  
37  227  
38  227  
39  227  
40  227  
41  227  
42  227  
43  227  
44  227  
45  227  
46  227  
47  227  
48  227  
49  227  
50  227  
51  227  
58  226  
59  226  
60  227  
61  227  
62  227  
63  227  
64  227  
65  227  
66  227  
67  227  
68  227  
69  227  
70  227  
71  227  
72  227  
73  227  
74  228  
75  228  
76  228  
77  228  
78  228  
79  228  
80  228  
81  228  
82  228  
83  228  
84  228  
85  228  
86  228  
87  228  
88  228  
89  228  
90  229  
90  230  
43  230  
44  230  
45  231  
46  231  
47  231  
48  231  
49  231  
50  231  
51  231  
52  231  
53  231  
54  231  
55  231  
56  231  
57  231  
58  231  
59  231  
60  231  
61  231  
62  231  
63  231  
208  265  
209  265  
210  265  
211  265  
212  265  
213  265  
214  265  
215  265  
216  265  
217  265  
218  265  
219  265  
220  265  
221  265  
222  265  
223  265  
224  265  
204  266  
205  266  
206  266  
207  266  
292  271  
293  271  
294  271  
295  271  
296  271  
297  271  
298  271  
299  271  
300  271  
301  271  
302  271  
303  271  
304  271  
305  271  
306  271  
307  271  
308  271  
309  271  
310  271  
311  271  
312  271  
313  271  
314  271  
315  271  
316  271  
317  271  
318  271  
319  271  
320  271  
268  272  
269  272  
270  272  
271  272  
272  272  
273  272  
274  272  
275  272  
276  272  
277  272  
278  272  
279  272  
280  272  
281  272  
282  272  
283  272  
284  272  
285  272  
286  272  
287  272  
288  272  
289  272  
290  272  
291  272  
232  272  
233  272  
235  272  
236  272  
237  272  
238  272  
239  272  
240  272  
241  272  
242  272  
243  272  
244  272  
245  272  
246  272  
247  272  
248  272  
249  272  
250  272  
251  272  
252  272  
253  272  
254  272  
255  272  
256  272  
257  272  
258  272  
259  272  
260  272  
261  272  
262  272  
263  272  
264  272  
265  272  
234  273  
61  281  
61  282  
61  283  
60  284  
60  285  
59  286  
59  287  
59  288  
59  289  
59  290  
58  291  
58  292  
58  293  
58  294  
58  295  
58  296  
57  297  
57  298  
57  299  
57  300  
57  301  
57  302  
89  282  
90  282  
91  282  
92  282  
93  282  
94  282  
95  282  
96  282  
97  282  
98  282  
99  282  
100  282  
101  282  
102  282  
103  282  
104  282  
105  282  
106  282  
107  282  
108  282  
109  282  
110  282  
111  282  
112  282  
113  282  
114  282  
115  282  
83  283  
84  283  
85  283  
86  283  
87  283  
88  283  
281  287  
282  288  
283  288  
284  288  
285  288  
286  288  
287  288  
288  288  
289  288  
290  288  
291  288  
292  288  
293  288  
294  288  
295  288  
296  288  
297  288  
298  288  
299  288  
300  288  
301  288  
302  288  
303  288  
304  288  
305  288  
306  288  
307  288  
308  288  
309  288  
310  288  
311  288  
312  288  
313  288  
314  288  
315  288  
316  288  
319  288  
320  288  
317  289  
318  289  
215  289  
216  289  
217  289  
218  289  
219  289  
220  289  
221  289  
222  289  
223  289  
224  289  
225  289  
226  289  
227  289  
228  289  
229  289  
230  289  
231  289  
232  289  
233  289  
234  289  
235  289  
236  289  
237  289  
238  289  
239  289  
240  289  
241  289  
242  289  
243  289  
244  289  
245  289  
246  289  
247  289  
248  289  
249  289  
250  289  
251  289  
252  289  
253  289  
254  289  
255  289  
256  289  
257  289  
258  289  
259  289  
260  289  
261  289  
262  289  
263  289  
264  289  
205  290  
206  290  
207  290  
208  290  
209  290  
210  290  
211  290  
212  290  
213  290  
214  290  
206  293  
207  293  
208  293  
209  293  
210  293  
211  293  
212  293  
213  293  
214  293  
215  293  
216  293  
217  293  
218  293  
219  293  
220  293  
221  293  
222  293  
223  293  
224  293  
225  293  
226  293  
227  293  
228  293  
229  293  
230  293  
231  293  
232  293  
233  293  
270  296  
271  296  
272  296  
273  296  
274  296  
275  296  
276  296  
277  296  
278  296  
279  296  
280  296  
281  296  
282  296  
283  296  
284  296  
285  296  
286  296  
287  296  
288  296  
289  296  
290  296  
291  296  
292  296  
293  296  
294  296  
233  297  
234  297  
235  297  
236  297  
237  297  
238  297  
239  297  
240  297  
241  297  
242  297  
243  297  
244  297  
245  297  
246  297  
247  297  
248  297  
249  297  
250  297  
251  297  
252  297  
253  297  
254  297  
255  297  
256  297  
257  297  
258  297  
259  297  
260  297  
261  297  
262  297  
263  297  
264  297  
265  297  
266  297  
267  297  
268  297  
269  297  
187  298  
188  298  
189  298  
190  298  
191  298  
192  298  
193  298  
194  298  
195  298  
196  298  
197  298  
198  298  
199  298  
200  298  
201  298  
202  298  
203  298  
204  298  
205  298  
206  298  
207  298  
208  298  
209  298  
210  298  
211  298  
212  298  
213  298  
214  298  
215  298  
216  298  
217  298  
218  298  
219  298  
220  298  
221  298  
222  298  
223  298  
224  298  
225  298  
226  298  
227  298  
228  298  
229  298  
230  298  
231  298  
232  298  
139  299  
140  299  
141  299  
142  299  
143  299  
144  299  
145  299  
146  299  
147  299  
148  299  
149  299  
150  299  
151  299  
152  299  
153  299  
154  299  
155  299  
156  299  
157  299  
158  299  
159  299  
160  299  
161  299  
162  299  
163  299  
164  299  
165  299  
166  299  
167  299  
168  299  
169  299  
170  299  
171  299  
172  299  
173  299  
174  299  
175  299  
176  299  
177  299  
178  299  
179  299  
180  299  
181  299  
182  299  
183  299  
184  299  
185  299  
186  299  
132  306  
132  307  
131  308  
131  309  
131  310  
131  311  
131  312  
131  313  
131  314  
131  315  
131  316  
131  317  
131  318  
131  319  
130  320  
130  321  
130  322  
130  323  
130  324  
130  325  
130  326  
130  327  
130  328  
130  329  
130  330  
130  331  
130  332  
130  333  
130  334  
130  335  
130  336  
130  337  
130  338  
130  339  
130  340  
130  341  
130  342  
130  343  
130  344  
130  345  
130  346  
130  347  
130  348  
130  349  
130  350  
130  351  
130  352  
130  353  
130  354  
130  355  
130  356  
130  357  
130  358  
130  359  
130  360  
130  361  
130  362  
130  363  
130  364  
129  365  
129  366  
129  367  
129  368  
129  369  
270  307  
271  307  
245  308  
246  308  
247  308  
248  308  
249  308  
250  308  
251  308  
252  308  
253  308  
254  308  
255  308  
256  308  
257  308  
258  308  
259  308  
260  308  
261  308  
262  308  
263  308  
264  308  
265  308  
266  308  
267  308  
268  308  
269  308  
272  308  
239  309  
240  309  
241  309  
242  309  
243  309  
244  309  
213  313  
213  314  
213  315  
214  316  
214  317  
214  318  
214  319  
214  320  
214  321  
214  322  
214  323  
214  324  
214  325  
214  326  
215  327  
215  328  
215  329  
215  330  
215  331  
215  332  
215  333  
216  334  
216  335  
216  336  
216  337  
216  338  
216  313  
217  314  
217  315  
217  316  
217  317  
217  318  
217  319  
217  320  
217  321  
217  322  
217  323  
217  324  
217  325  
217  326  
218  327  
218  328  
218  329  
218  330  
218  331  
218  332  
218  333  
218  334  
219  335  
219  336  
218  337  
218  338  
181  317  
181  318  
181  319  
181  320  
181  321  
181  322  
181  323  
181  324  
181  325  
181  326  
181  327  
181  328  
181  329  
181  330  
181  331  
181  332  
181  333  
181  334  
181  335  
181  336  
181  337  
181  338  
181  339  
181  340  
181  341  
181  342  
181  343  
181  344  
181  345  
181  346  
181  347  
181  348  
181  349  
182  350  
182  351  
182  352  
182  353  
182  354  
182  355  
182  356  
182  357  
182  358  
182  359  
182  360  
182  361  
182  362  
182  363  
182  364  
182  365  
182  366  
182  367  
182  368  
182  369  
182  370  
182  371  
182  372  
182  373  
182  374  
182  375  
182  376  
182  377  
182  378  
182  379  
182  380  
183  381  
183  382  
183  383  
183  384  
183  385  
183  386  
183  387  
183  388  
183  389  
183  390  
183  391  
183  392  
183  393  
183  394  
187  317  
187  318  
187  319  
187  320  
187  321  
187  322  
187  323  
187  324  
187  325  
187  326  
187  327  
188  328  
188  329  
188  330  
188  331  
188  332  
188  333  
188  334  
188  335  
188  336  
188  337  
188  338  
188  339  
188  340  
189  341  
189  342  
189  343  
189  344  
189  345  
189  346  
189  347  
189  348  
189  349  
189  350  
189  351  
189  352  
189  353  
189  354  
189  355  
189  356  
189  357  
189  358  
189  359  
190  360  
190  361  
190  362  
190  363  
190  364  
190  365  
190  366  
190  367  
190  368  
190  369  
190  370  
190  371  
190  372  
190  373  
190  374  
190  375  
190  376  
190  377  
190  378  
190  379  
190  380  
190  381  
190  382  
190  383  
190  384  
190  385  
190  386  
190  387  
190  388  
190  389  
190  390  
190  391  
190  392  
190  393  
190  394  
190  395  
52  326  
52  327  
52  328  
52  329  
52  330  
51  331  
51  332  
51  333  
51  334  
51  335  
50  336  
50  337  
50  338  
50  339  
50  340  
50  341  
49  342  
49  343  
49  344  
49  345  
49  346  
49  347  
346  340  
346  341  
346  342  
347  343  
347  344  
347  345  
348  346  
348  347  
348  348  
348  349  
349  350  
349  351  
349  352  
350  353  
350  354  
350  355  
351  356  
351  357  
351  358  
351  359  
352  360  
352  361  
352  362  
48  349  
48  350  
48  351  
48  352  
48  353  
47  354  
47  355  
47  356  
47  357  
47  358  
46  359  
46  360  
46  361  
46  362  
46  363  
46  364  
45  365  
45  366  
45  367  
45  368  
45  369  
44  370  
44  371  
44  372  
44  373  
44  374  
44  375  
43  376  
43  377  
43  378  
43  379  
43  380  
43  381  
42  382  
42  383  
42  384  
42  385  
42  386  
41  387  
41  388  
41  389  
41  390  
41  391  
121  352  
121  353  
120  354  
120  355  
121  356  
121  357  
121  358  
121  359  
121  360  
121  361  
121  362  
121  363  
121  364  
121  365  
121  366  
121  367  
121  368  
121  369  
120  370  
120  371  
120  372  
440  366  
443  366  
444  366  
445  366  
446  366  
447  366  
448  366  
425  367  
426  367  
427  367  
428  367  
429  367  
430  367  
431  367  
432  367  
433  367  
434  367  
435  367  
436  367  
437  367  
438  367  
439  367  
441  367  
442  367  
422  368  
423  368  
424  368  
376  369  
377  369  
378  369  
379  369  
380  369  
381  369  
382  369  
383  369  
384  369  
385  369  
386  369  
387  369  
388  369  
389  369  
390  369  
391  369  
392  369  
393  369  
394  369  
395  369  
166  370  
166  371  
166  372  
166  373  
166  374  
166  375  
166  376  
166  377  
166  378  
166  379  
166  380  
166  381  
166  382  
166  383  
166  384  
166  385  
166  386  
166  387  
166  388  
166  389  
166  390  
166  391  
166  392  
166  393  
166  394  
166  395  
166  396  
166  397  
166  398  
166  399  
166  400  
171  372  
171  373  
171  374  
171  375  
171  376  
171  377  
171  378  
171  379  
171  380  
171  381  
171  382  
171  383  
171  384  
171  385  
171  386  
171  387  
171  388  
171  389  
171  390  
171  391  
171  392  
171  393  
171  394  
171  395  
171  396  
171  397  
171  398  
171  399  
171  400  
303  378  
303  379  
303  380  
303  381  
303  382  
304  383  
304  384  
304  385  
304  386  
304  387  
304  388  
304  389  
304  390  
305  391  
305  392  
305  393  
305  394  
305  395  
305  396  
305  397  
305  398  
305  399  
305  400  
305  401  
305  402  
305  403  
435  386  
437  386  
438  386  
439  386  
440  386  
441  386  
442  386  
443  386  
418  387  
419  387  
420  387  
421  387  
422  387  
423  387  
424  387  
425  387  
426  387  
427  387  
428  387  
429  387  
430  387  
431  387  
432  387  
433  387  
434  387  
436  387  
399  388  
400  388  
401  388  
402  388  
403  388  
404  388  
405  388  
406  388  
407  388  
408  388  
409  388  
410  388  
411  388  
412  388  
413  388  
414  388  
415  388  
416  388  
417  388  
382  389  
383  389  
384  389  
385  389  
386  389  
387  389  
388  389  
389  389  
390  389  
391  389  
392  389  
393  389  
394  389  
395  389  
396  389  
397  389  
398  389  
360  390  
361  391  
361  392  
362  393  
362  394  
362  395  
363  396  
363  397  
363  398  
364  399  
364  400  
364  401  
365  402  
365  403  
365  404  
365  405  
366  406  
366  407  
366  408  
367  409  
367  410  
367  411  
367  412  
368  413  
368  414  
368  415  
369  416  
369  417  
369  418  
40  393  
40  394  
40  395  
40  396  
40  397  
40  398  
39  399  
39  400  
39  401  
39  402  
39  403  
39  404  
38  405  
38  406  
38  407  
38  408  
38  409  
37  410  
37  411  
37  412  
37  413  
37  414  
37  415  
36  416  
36  417  
36  418  
36  419  
36  420  
36  421  
35  422  
35  423  
35  424  
35  425  
35  426  
35  427  
34  428  
34  429  
34  430  
34  431  
34  432  
119  399  
119  400  
119  401  
119  402  
119  403  
119  404  
119  405  
118  406  
118  407  
118  408  
118  409  
118  410  
118  411  
118  412  
118  413  
118  414  
118  415  
118  416  
118  417  
118  418  
118  419  
118  420  
118  421  
117  422  
117  423  
117  424  
117  425  
117  426  
117  427  
117  428  
117  429  
117  430  
358  401  
358  402  
358  403  
359  404  
359  405  
359  406  
360  407  
360  408  
360  409  
361  410  
361  411  
361  412  
361  413  
362  414  
362  415  
362  416  
362  417  
363  418  
363  419  
363  420  
363  421  
101  409  
100  410  
100  411  
100  412  
100  413  
100  414  
100  415  
100  416  
100  417  
99  418  
99  419  
99  420  
99  421  
99  422  
99  423  
99  424  
99  425  
99  426  
98  427  
98  428  
98  429  
98  430  
98  431  
98  432  
330  409  
331  409  
317  410  
318  410  
319  410  
320  410  
321  410  
322  410  
323  410  
324  410  
325  410  
326  410  
327  410  
328  410  
329  410  
308  411  
309  411  
310  411  
311  411  
312  411  
313  411  
314  411  
315  411  
316  411  
295  410  
296  410  
297  410  
278  411  
279  411  
280  411  
281  411  
282  411  
283  411  
284  411  
285  411  
286  411  
287  411  
288  411  
289  411  
290  411  
291  411  
292  411  
293  411  
294  411  
257  412  
258  412  
259  412  
260  412  
261  412  
262  412  
263  412  
264  412  
265  412  
266  412  
267  412  
268  412  
269  412  
270  412  
271  412  
272  412  
273  412  
274  412  
275  412  
276  412  
277  412  
236  413  
237  413  
238  413  
239  413  
240  413  
241  413  
242  413  
243  413  
244  413  
245  413  
246  413  
247  413  
248  413  
249  413  
250  413  
251  413  
252  413  
253  413  
254  413  
255  413  
256  413  
216  414  
217  414  
218  414  
219  414  
220  414  
221  414  
222  414  
223  414  
224  414  
225  414  
226  414  
227  414  
228  414  
229  414  
230  414  
231  414  
232  414  
233  414  
234  414  
235  414  
198  415  
199  415  
200  415  
201  415  
202  415  
203  415  
204  415  
205  415  
206  415  
207  415  
208  415  
209  415  
210  415  
211  415  
212  415  
213  415  
214  415  
215  415  
182  416  
183  416  
184  416  
185  416  
186  416  
187  416  
188  416  
189  416  
190  416  
191  416  
192  416  
193  416  
194  416  
195  416  
196  416  
197  416  
163  417  
164  417  
165  417  
166  417  
167  417  
168  417  
169  417  
170  417  
171  417  
172  417  
173  417  
174  417  
175  417  
176  417  
177  417  
178  417  
179  417  
180  417  
181  417  
150  418  
151  418  
152  418  
153  418  
154  418  
155  418  
156  418  
157  418  
158  418  
159  418  
160  418  
161  418  
162  418  
127  419  
128  419  
129  419  
130  419  
131  419  
132  419  
133  419  
134  419  
135  419  
136  419  
137  419  
138  419  
139  419  
140  419  
141  419  
142  419  
143  419  
144  419  
145  419  
146  419  
147  419  
148  419  
149  419  
126  420  
57  415  
57  416  
57  417  
57  418  
57  419  
57  420  
56  421  
56  422  
56  423  
56  424  
56  425  
56  426  
55  427  
55  428  
55  429  
55  430  
55  431  
55  432  
55  433  
54  434  
54  435  
54  436  
293  427  
294  427  
275  428  
276  428  
277  428  
278  428  
279  428  
280  428  
281  428  
282  428  
283  428  
284  428  
285  428  
286  428  
287  428  
288  428  
289  428  
290  428  
291  428  
292  428  
254  429  
255  429  
256  429  
257  429  
258  429  
259  429  
260  429  
261  429  
262  429  
263  429  
264  429  
265  429  
240  430  
241  430  
242  430  
243  430  
244  430  
245  430  
246  430  
247  430  
248  430  
249  430  
250  430  
251  430  
252  430  
253  430  
230  430  
231  430  
232  430  
233  430  
213  431  
214  431  
215  431  
216  431  
217  431  
218  431  
219  431  
220  431  
221  431  
222  431  
223  431  
224  431  
225  431  
226  431  
227  431  
228  431  
229  431  
203  432  
204  432  
205  432  
206  432  
207  432  
208  432  
209  432  
210  432  
211  432  
212  432  
202  433  
201  434  
345  433  
346  433  
324  434  
325  434  
326  434  
327  434  
328  434  
329  434  
330  434  
331  434  
332  434  
333  434  
334  434  
335  434  
336  434  
337  434  
338  434  
339  434  
340  434  
341  434  
342  434  
343  434  
344  434  
347  434  
348  434  
320  435  
321  435  
322  435  
323  435  
282  436  
283  436  
284  436  
285  436  
286  436  
287  436  
288  436  
289  436  
290  436  
291  436  
292  436  
293  436  
294  436  
295  436  
296  436  
260  437  
261  437  
266  437  
267  437  
268  437  
269  437  
270  437  
271  437  
272  437  
273  437  
274  437  
275  437  
276  437  
277  437  
278  437  
279  437  
280  437  
281  437  
245  438  
246  438  
247  438  
248  438  
249  438  
250  438  
251  438  
252  438  
253  438  
254  438  
255  438  
256  438  
257  438  
258  438  
259  438  
262  438  
263  438  
264  438  
265  438  
230  439  
231  439  
232  439  
233  439  
234  439  
235  439  
236  439  
237  439  
238  439  
239  439  
240  439  
241  439  
242  439  
243  439  
244  439  
213  440  
214  440  
215  440  
216  440  
217  440  
218  440  
219  440  
220  440  
221  440  
222  440  
223  440  
224  440  
225  440  
226  440  
227  440  
228  440  
229  440  
209  441  
210  441  
211  441  
212  441  
148  444  
149  444  
150  444  
151  444  
152  444  
153  444  
154  444  
155  444  
156  444  
157  444  
158  444  
159  444  
160  444  
161  444  
162  444  
163  444  
164  444  
165  444  
166  444  
167  444  
168  444  
126  445  
131  445  
132  445  
133  445  
134  445  
135  445  
136  445  
137  445  
138  445  
139  445  
140  445  
141  445  
142  445  
143  445  
144  445  
145  445  
146  445  
147  445  
111  446  
112  446  
113  446  
114  446  
115  446  
116  446  
117  446  
118  446  
119  446  
120  446  
121  446  
122  446  
123  446  
124  446  
125  446  
127  446  
128  446  
129  446  
130  446  
355  455  
356  455  
357  455  
358  455  
359  455  
360  455  
339  456  
340  456  
341  456  
342  456  
343  456  
344  456  
345  456  
346  456  
347  456  
348  456  
349  456  
350  456  
351  456  
352  456  
353  456  
354  456  
331  456  
332  456  
333  456  
316  457  
317  457  
318  457  
319  457  
320  457  
321  457  
322  457  
323  457  
324  457  
325  457  
326  457  
327  457  
328  457  
329  457  
330  457  
304  458  
305  458  
306  458  
307  458  
308  458  
309  458  
310  458  
311  458  
312  458  
313  458  
314  458  
315  458  
280  459  
281  459  
282  459  
283  459  
284  459  
285  459  
286  459  
287  459  
288  459  
289  459  
290  459  
291  459  
292  459  
293  459  
294  459  
262  460  
263  460  
264  460  
265  460  
267  460  
268  460  
269  460  
270  460  
271  460  
272  460  
273  460  
274  460  
275  460  
276  460  
277  460  
278  460  
279  460  
249  461  
250  461  
251  461  
252  461  
253  461  
254  461  
255  461  
256  461  
257  461  
258  461  
259  461  
260  461  
261  461  
266  461  
243  462  
244  462  
245  462  
246  462  
247  462  
248  462  
230  462  
231  462  
232  462  
233  462  
234  462  
235  462  
236  462  
214  463  
215  463  
216  463  
217  463  
218  463  
219  463  
220  463  
221  463  
222  463  
223  463  
224  463  
225  463  
226  463  
227  463  
228  463  
229  463  
201  464  
202  464  
203  464  
204  464  
205  464  
206  464  
207  464  
208  464  
209  464  
210  464  
211  464  
212  464  
213  464  
196  465  
197  465  
198  465  
199  465  
200  465  
239  467  
239  468  
239  469  
239  470  
239  471  
239  472  
239  473  
239  474  
239  475  
239  476  
239  477  
239  478  
239  479  
240  480  
240  481  
240  482  
240  483  
240  484  
240  485  
240  486  
241  487  
241  488  
241  489  
241  490  
241  491  
241  492  
241  493  
241  494  
241  495  
241  496  
195  468  
195  469  
195  470  
195  471  
195  472  
195  473  
195  474  
195  475  
195  476  
195  477  
195  478  
195  479  
195  480  
195  481  
195  482  
195  483  
195  484  
195  485  
195  486  
195  487  
110  503  
111  503  
100  504  
101  504  
102  504  
103  504  
104  504  
105  504  
106  504  
107  504  
108  504  
109  504  
90  505  
91  505  
92  505  
93  505  
94  505  
95  505  
96  505  
97  505  
98  505  
99  505  
110  511  
111  511  
112  511  
105  512  
106  512  
107  512  
108  512  
109  512  
102  513  
103  513  
104  513  
96  514  
97  514  
98  514  
99  514  
100  514  
101  514  
94  515  
95  515  
92  516  
93  516  
246  513  
247  513  
248  513  
249  513  
250  513  
251  513  
252  513  
253  514  
254  514  
255  514  
256  514  
257  514  
258  514  
259  514  
260  514  
261  514  
262  515  
263  515  
264  515  
265  515  
266  515  
267  515  
268  515  
269  516  
270  517  
116  514  
117  514  
110  515  
111  515  
115  515  
105  516  
106  516  
107  516  
108  516  
109  516  
112  516  
113  516  
114  516  
99  517  
100  517  
101  517  
102  517  
103  517  
104  517  
97  518  
98  518  
243  518  
243  519  
243  520  
243  521  
243  522  
243  523  
244  524  
244  525  
244  526  
244  527  
244  528  
244  529  
244  530  
244  531  
244  532  
244  533  
244  534  
244  535  
244  536  
244  537  
245  538  
245  539  
245  540  
245  541  
245  542  
245  543  
245  544  
245  545  
245  546  
245  547  
245  548  
245  549  
245  550  
245  551  
245  552  
245  553  
246  554  
246  555  
246  556  
246  557  
246  558  
246  559  
246  560  
246  561  
246  562  
246  563  
246  564  
246  565  
246  566  
88  524  
89  524  
90  524  
91  524  
92  524  
93  524  
94  524  
95  524  
96  524  
97  524  
98  524  
99  524  
100  524  
101  524  
82  525  
83  525  
84  525  
85  525  
86  525  
87  525  
102  525  
103  525  
104  525  
105  525  
106  525  
107  525  
108  525  
109  526  
115  529  
116  529  
117  529  
118  529  
102  530  
103  530  
104  530  
105  530  
106  530  
107  530  
108  530  
109  530  
110  530  
111  530  
112  530  
113  530  
114  530  
92  531  
93  531  
94  531  
95  531  
96  531  
97  531  
98  531  
99  531  
100  531  
101  531  
65  532  
66  532  
67  532  
68  532  
69  532  
70  532  
71  532  
72  532  
73  532  
74  532  
75  532  
76  532  
77  532  
78  532  
79  532  
80  532  
81  532  
82  532  
83  532  
84  532  
57  533  
58  533  
59  533  
60  533  
61  533  
62  533  
63  533  
64  533  
32  534  
33  534  
34  534  
35  534  
36  534  
37  534  
38  534  
39  534  
40  534  
41  534  
42  534  
43  534  
44  534  
45  534  
46  534  
47  534  
48  534  
49  534  
50  534  
51  534  
52  534  
53  534  
54  534  
55  534  
56  534  
205  544  
205  545  
205  546  
205  547  
205  548  
205  549  
205  550  
205  551  
205  552  
205  553  
205  554  
205  555  
205  556  
205  557  
205  558  
205  559  
205  560  
205  561  
205  562  
205  563  
205  564  
205  565  
205  566  
205  567  
206  568  
206  569  
206  570  
206  571  
206  572  
206  573  
206  574  
206  575  
206  576  
206  577  
206  578  
206  579  
206  580  
206  581  
206  582  
206  583  
206  584  
206  585  
206  586  
206  587  
206  588  
206  589  
207  590  
207  591  
207  592  
207  593  
207  594  
207  595  
207  596  
207  597  
207  598  
207  599  
207  600  
207  601  
207  602  
207  603  
207  604  
207  605  
207  606  
207  607  
207  608  
190  557  
190  558  
190  559  
190  560  
190  561  
190  562  
190  563  
190  564  
190  565  
190  566  
190  567  
190  568  
190  569  
190  570  
190  571  
190  572  
190  573  
190  574  
190  575  
190  576  
190  577  
190  578  
190  579  
190  580  
190  581  
190  582  
190  583  
190  584  
190  585  
190  586  
190  587  
190  588  
190  589  
191  590  
191  591  
191  592  
191  593  
191  594  
191  595  
191  596  
191  597  
83  567  
84  567  
85  567  
86  567  
87  567  
88  567  
89  567  
90  567  
91  567  
92  567  
93  567  
94  567  
95  567  
96  567  
97  567  
70  568  
71  568  
72  568  
73  568  
74  568  
75  568  
76  568  
77  568  
78  568  
79  568  
80  568  
81  568  
82  568  
49  569  
50  569  
51  569  
52  569  
53  569  
54  569  
55  569  
56  569  
57  569  
58  569  
59  569  
60  569  
61  569  
62  569  
63  569  
64  569  
65  569  
66  569  
67  569  
68  569  
69  569  
32  570  
33  570  
34  570  
35  570  
36  570  
37  570  
38  570  
39  570  
40  570  
41  570  
42  570  
43  570  
44  570  
45  570  
46  570  
47  570  
48  570  
196  573  
196  574  
196  575  
196  576  
196  577  
196  578  
196  579  
196  580  
196  581  
196  582  
196  583  
196  584  
196  585  
196  586  
196  587  
196  588  
196  589  
196  590  
196  591  
196  592  
196  593  
196  594  
197  595  
197  596  
197  597  
197  598  
196  599  
195  600  
249  586  
249  587  
249  588  
249  589  
249  590  
249  591  
249  592  
249  593  
249  594  
249  595  
249  596  
249  597  
250  598  
250  599  
250  600  
250  601  
250  602  
250  603  
250  604  
250  605  
250  606  
250  607  
250  608  
