180  
101  29  48  129  28  27  98  38  20  49  41  39  23  24  51  27  23  53  33  24  37  31  42  31  21  20  26  21  21  22  35  28  45  70  78  38  37  38  38  36  28  43  40  37  27  33  36  62  31  71  25  35  29  28  41  36  32  33  138  23  21  35  28  23  26  23  25  48  29  32  21  22  33  26  33  73  28  33  62  39  25  24  56  25  35  36  27  22  58  21  37  22  33  42  25  55  27  25  31  28  22  55  52  24  28  45  75  29  101  110  52  22  21  24  22  254  27  31  25  27  30  37  23  24  27  33  34  21  29  22  236  235  27  26  139  47  37  33  35  21  27  26  27  48  44  38  122  24  44  26  42  35  79  23  68  36  29  21  37  22  77  51  47  52  38  50  20  32  26  50  58  58  21  29  56  72  37  56  75  61  
68  32  
69  33  
69  34  
69  35  
69  36  
70  37  
70  38  
70  39  
70  40  
70  41  
71  42  
71  43  
71  44  
72  45  
72  46  
72  47  
72  48  
72  49  
73  50  
73  51  
73  52  
73  53  
74  54  
74  55  
74  56  
74  57  
75  58  
75  59  
75  60  
75  61  
76  62  
76  63  
77  64  
77  65  
77  66  
77  67  
77  68  
77  69  
78  70  
78  71  
78  72  
79  73  
79  74  
79  75  
79  76  
79  77  
79  78  
80  79  
80  80  
80  81  
81  82  
81  83  
81  84  
81  85  
81  86  
82  87  
82  88  
82  89  
82  90  
83  91  
83  92  
83  93  
83  94  
83  95  
84  96  
84  97  
84  98  
85  99  
85  100  
85  101  
85  102  
85  103  
85  104  
86  105  
86  106  
86  107  
86  108  
87  109  
87  110  
87  111  
87  112  
87  113  
88  114  
88  115  
88  116  
88  117  
88  118  
89  119  
89  120  
89  121  
89  122  
89  123  
90  124  
90  125  
90  126  
90  127  
90  128  
91  129  
91  130  
91  131  
91  132  
142  32  
142  33  
142  34  
143  35  
143  36  
143  37  
143  38  
143  39  
143  40  
143  41  
144  42  
144  43  
144  44  
144  45  
144  46  
144  47  
144  48  
144  49  
145  50  
145  51  
145  52  
145  53  
145  54  
145  55  
146  56  
146  57  
146  58  
146  59  
146  60  
148  32  
148  33  
148  34  
148  35  
148  36  
149  37  
149  38  
149  39  
149  40  
149  41  
149  42  
150  43  
150  44  
150  45  
150  46  
150  47  
150  48  
150  49  
151  50  
151  51  
151  52  
151  53  
151  54  
151  55  
151  56  
151  57  
151  58  
152  59  
152  60  
152  61  
152  62  
152  63  
152  64  
153  65  
153  66  
153  67  
153  68  
153  69  
153  70  
153  71  
153  72  
153  73  
154  74  
154  75  
154  76  
154  77  
154  78  
154  79  
152  32  
152  33  
153  34  
153  35  
153  36  
153  37  
153  38  
153  39  
153  40  
154  41  
154  42  
154  43  
154  44  
154  45  
154  46  
154  47  
155  48  
155  49  
155  50  
155  51  
155  52  
155  53  
155  54  
156  55  
156  56  
156  57  
156  58  
156  59  
156  60  
156  61  
157  62  
157  63  
157  64  
157  65  
157  66  
157  67  
157  68  
157  69  
158  70  
158  71  
158  72  
158  73  
158  74  
158  75  
158  76  
159  77  
159  78  
159  79  
159  80  
159  81  
159  82  
159  83  
159  84  
160  85  
160  86  
160  87  
160  88  
160  89  
160  90  
160  91  
161  92  
161  93  
161  94  
161  95  
161  96  
161  97  
161  98  
162  99  
162  100  
162  101  
162  102  
162  103  
162  104  
162  105  
163  106  
163  107  
163  108  
163  109  
163  110  
163  111  
164  112  
164  113  
164  114  
164  115  
164  116  
164  117  
164  118  
165  119  
165  120  
165  121  
165  122  
165  123  
165  124  
165  125  
165  126  
166  127  
166  128  
166  129  
166  130  
166  131  
166  132  
166  133  
166  134  
167  135  
167  136  
167  137  
167  138  
167  139  
167  140  
167  141  
167  142  
168  143  
168  144  
168  145  
168  146  
168  147  
168  148  
168  149  
168  150  
169  151  
169  152  
169  153  
169  154  
169  155  
169  156  
170  157  
170  158  
170  159  
171  160  
333  32  
334  33  
335  33  
336  33  
337  33  
338  33  
339  33  
340  33  
341  33  
342  33  
343  33  
344  33  
345  33  
346  33  
347  33  
348  33  
349  33  
350  33  
351  33  
352  33  
353  33  
354  33  
355  33  
356  33  
357  33  
358  33  
359  33  
360  33  
432  32  
432  33  
432  34  
432  35  
432  36  
432  37  
432  38  
432  39  
432  40  
432  41  
433  42  
433  43  
433  44  
433  45  
433  46  
433  47  
433  48  
433  49  
433  50  
433  51  
433  52  
433  53  
433  54  
433  55  
433  56  
433  57  
433  58  
428  35  
388  36  
389  36  
390  36  
391  36  
392  36  
393  36  
394  36  
395  36  
396  36  
397  36  
398  36  
399  36  
400  36  
401  36  
402  36  
403  36  
404  36  
405  36  
406  36  
407  36  
408  36  
409  36  
410  36  
411  36  
412  36  
413  36  
414  36  
415  36  
416  36  
417  36  
418  36  
419  36  
420  36  
421  36  
422  36  
423  36  
424  36  
425  36  
426  36  
427  36  
429  36  
345  37  
346  37  
347  37  
348  37  
349  37  
350  37  
351  37  
352  37  
353  37  
354  37  
355  37  
356  37  
357  37  
358  37  
359  37  
360  37  
361  37  
362  37  
363  37  
364  37  
365  37  
366  37  
367  37  
368  37  
369  37  
370  37  
371  37  
372  37  
373  37  
374  37  
375  37  
376  37  
377  37  
378  37  
379  37  
380  37  
381  37  
382  37  
383  37  
384  37  
385  37  
386  37  
387  37  
332  38  
333  38  
334  38  
335  38  
336  38  
337  38  
338  38  
339  38  
340  38  
341  38  
342  38  
343  38  
344  38  
266  36  
267  36  
268  36  
269  36  
270  36  
271  36  
272  36  
273  36  
274  36  
275  36  
276  36  
277  36  
278  36  
279  36  
280  36  
281  36  
282  36  
283  36  
284  36  
285  36  
286  36  
287  36  
288  36  
289  36  
290  36  
291  36  
292  36  
293  36  
294  36  
295  36  
296  36  
297  36  
298  36  
299  36  
300  36  
301  36  
302  36  
265  37  
265  40  
266  40  
267  40  
268  40  
269  40  
271  40  
272  40  
273  40  
274  40  
275  40  
276  40  
277  40  
278  40  
279  40  
280  40  
281  40  
282  40  
263  41  
264  41  
270  41  
316  40  
316  41  
316  42  
316  43  
316  44  
316  45  
316  46  
316  47  
316  48  
316  49  
316  50  
316  51  
316  52  
316  53  
316  54  
316  55  
316  56  
316  57  
316  58  
316  59  
316  60  
317  61  
317  62  
317  63  
317  64  
317  65  
317  66  
317  67  
317  68  
317  69  
317  70  
317  71  
317  72  
317  73  
317  74  
317  75  
317  76  
317  77  
317  78  
317  79  
317  80  
317  81  
317  82  
317  83  
317  84  
317  85  
316  86  
316  87  
316  88  
226  41  
226  42  
226  43  
226  44  
226  45  
226  46  
226  47  
226  48  
227  49  
227  50  
227  51  
227  52  
227  53  
227  54  
227  55  
227  56  
227  57  
228  58  
228  59  
228  60  
228  61  
228  62  
228  63  
228  64  
229  65  
229  66  
229  67  
229  68  
229  69  
229  70  
229  71  
229  72  
230  73  
230  74  
230  75  
230  76  
230  77  
230  78  
230  79  
230  80  
230  81  
347  41  
348  41  
349  41  
350  41  
351  41  
352  41  
353  41  
354  41  
355  41  
356  41  
357  41  
358  41  
359  41  
360  41  
361  41  
362  41  
363  41  
364  41  
365  41  
366  41  
367  41  
329  42  
330  42  
331  42  
332  42  
333  42  
334  42  
335  42  
336  42  
337  42  
338  42  
339  42  
340  42  
341  42  
342  42  
343  42  
344  42  
345  42  
346  42  
411  41  
412  41  
413  41  
415  41  
416  41  
417  41  
418  41  
419  41  
420  41  
421  41  
422  41  
423  41  
424  41  
425  41  
426  41  
427  41  
428  41  
414  42  
429  42  
429  43  
429  44  
429  45  
429  46  
137  43  
137  44  
137  45  
137  46  
137  47  
137  48  
137  49  
138  50  
138  51  
138  52  
138  53  
138  54  
138  55  
138  56  
139  57  
139  58  
139  59  
139  60  
139  61  
139  62  
139  63  
139  64  
139  65  
139  66  
374  43  
375  43  
376  43  
377  43  
378  43  
379  43  
380  43  
381  43  
382  43  
383  43  
384  43  
385  43  
386  43  
387  43  
388  43  
389  43  
390  43  
391  43  
392  43  
393  43  
394  43  
395  43  
396  43  
397  43  
398  43  
399  43  
400  43  
401  43  
402  43  
403  43  
404  43  
405  43  
355  44  
356  44  
357  44  
358  44  
359  44  
360  44  
361  44  
362  44  
363  44  
364  44  
365  44  
366  44  
367  44  
368  44  
369  44  
370  44  
371  44  
372  44  
373  44  
257  48  
258  49  
258  50  
258  51  
258  52  
258  53  
258  54  
258  55  
258  56  
258  57  
258  58  
258  59  
258  60  
259  61  
259  62  
259  63  
259  64  
259  65  
259  66  
259  67  
259  68  
259  69  
259  70  
260  71  
260  72  
260  73  
260  74  
264  49  
279  49  
280  49  
281  49  
263  50  
265  50  
266  50  
267  50  
268  50  
269  50  
270  50  
271  50  
272  50  
273  50  
274  50  
275  50  
276  50  
277  50  
278  50  
282  50  
282  51  
282  52  
282  53  
348  52  
348  53  
348  54  
348  55  
348  56  
348  57  
348  58  
348  59  
348  60  
348  61  
348  62  
348  63  
348  64  
348  65  
348  66  
348  67  
348  68  
348  69  
348  70  
348  71  
348  72  
348  73  
348  74  
348  75  
348  76  
348  77  
348  78  
348  79  
348  80  
348  81  
348  82  
348  83  
348  84  
348  85  
348  86  
348  87  
348  88  
348  89  
348  90  
348  91  
348  92  
348  93  
348  94  
348  95  
348  96  
348  97  
348  98  
348  99  
348  100  
348  101  
348  102  
348  103  
348  104  
270  56  
271  56  
273  56  
274  56  
275  56  
276  56  
277  56  
278  56  
279  56  
280  56  
281  56  
282  56  
283  56  
284  56  
285  56  
286  56  
287  56  
288  56  
289  56  
290  56  
291  56  
292  56  
293  56  
294  56  
295  56  
296  56  
297  56  
298  56  
299  56  
267  57  
268  57  
269  57  
272  57  
203  57  
204  57  
207  57  
208  57  
209  57  
210  57  
211  57  
212  57  
189  58  
190  58  
191  58  
192  58  
193  58  
194  58  
195  58  
196  58  
197  58  
198  58  
199  58  
200  58  
201  58  
202  58  
205  58  
206  58  
48  61  
47  62  
47  63  
46  64  
46  65  
45  66  
45  67  
45  68  
44  69  
44  70  
43  71  
43  72  
42  73  
42  74  
42  75  
41  76  
41  77  
40  78  
40  79  
39  80  
39  81  
38  82  
38  83  
38  84  
37  85  
37  86  
36  87  
36  88  
35  89  
35  90  
34  91  
34  92  
33  93  
33  94  
33  95  
32  96  
32  97  
212  61  
182  62  
183  62  
184  62  
185  62  
186  62  
187  62  
188  62  
189  62  
190  62  
191  62  
192  62  
193  62  
194  62  
195  62  
196  62  
197  62  
198  62  
199  62  
200  62  
201  62  
202  62  
203  62  
204  62  
205  62  
206  62  
207  62  
208  62  
209  62  
210  62  
211  62  
50  65  
49  66  
49  67  
48  68  
48  69  
48  70  
47  71  
47  72  
46  73  
46  74  
45  75  
45  76  
44  77  
44  78  
44  79  
43  80  
43  81  
42  82  
42  83  
41  84  
41  85  
41  86  
40  87  
40  88  
39  89  
39  90  
38  91  
38  92  
37  93  
37  94  
37  95  
36  96  
36  97  
35  98  
35  99  
34  100  
34  101  
33  102  
33  103  
33  104  
32  105  
32  106  
352  65  
353  65  
354  65  
355  65  
356  65  
357  65  
358  65  
359  65  
360  65  
361  65  
362  65  
363  65  
364  65  
365  65  
366  65  
367  65  
368  65  
369  65  
370  65  
371  65  
372  65  
373  65  
374  65  
375  65  
376  65  
377  65  
378  65  
379  65  
380  65  
381  65  
382  65  
410  66  
410  67  
410  68  
410  69  
410  70  
410  71  
410  72  
410  73  
410  74  
410  75  
410  76  
409  77  
409  78  
409  79  
409  80  
409  81  
409  82  
409  83  
409  84  
409  85  
409  86  
281  70  
282  70  
283  70  
265  71  
266  71  
267  71  
268  71  
269  71  
270  71  
271  71  
272  71  
273  71  
274  71  
275  71  
276  71  
277  71  
278  71  
279  71  
280  71  
284  71  
148  71  
148  72  
148  73  
148  74  
149  75  
149  76  
149  77  
149  78  
149  79  
150  80  
150  81  
150  82  
150  83  
150  84  
151  85  
151  86  
151  87  
151  88  
151  89  
151  90  
152  91  
152  92  
152  93  
152  94  
152  95  
152  96  
273  77  
274  77  
275  77  
276  77  
277  77  
278  77  
279  77  
280  77  
281  77  
282  77  
283  77  
284  77  
285  77  
286  77  
287  77  
288  77  
289  77  
290  77  
291  77  
292  77  
293  77  
193  78  
194  78  
195  78  
196  78  
197  78  
198  78  
199  78  
200  78  
201  78  
202  78  
203  78  
204  78  
205  78  
206  78  
207  78  
187  79  
188  79  
189  79  
190  79  
191  79  
192  79  
352  83  
353  83  
354  83  
355  83  
356  83  
357  83  
358  83  
359  83  
360  83  
361  83  
362  83  
363  83  
364  83  
365  83  
366  83  
367  83  
368  83  
369  83  
370  83  
371  83  
372  83  
373  83  
301  84  
302  84  
268  85  
269  85  
270  85  
271  85  
272  85  
273  85  
274  85  
275  85  
276  85  
277  85  
278  85  
279  85  
280  85  
281  85  
282  85  
283  85  
284  85  
285  85  
286  85  
287  85  
288  85  
289  85  
290  85  
291  85  
292  85  
293  85  
294  85  
295  85  
296  85  
297  85  
298  85  
299  85  
300  85  
188  86  
189  86  
190  86  
191  86  
192  86  
193  86  
194  86  
195  86  
196  86  
197  86  
198  86  
199  86  
200  86  
201  86  
202  86  
203  86  
204  86  
205  86  
206  86  
207  86  
208  86  
209  86  
210  86  
211  86  
212  86  
213  86  
214  86  
215  86  
352  87  
353  87  
354  87  
355  87  
356  87  
357  87  
358  87  
359  87  
360  87  
361  87  
362  87  
363  87  
364  87  
365  87  
366  87  
367  87  
368  87  
369  87  
370  87  
371  87  
372  87  
373  87  
374  87  
375  87  
376  87  
377  87  
378  87  
379  87  
380  87  
381  87  
382  87  
383  87  
384  87  
385  87  
386  87  
387  87  
388  87  
389  87  
390  87  
391  87  
392  87  
393  87  
394  87  
395  87  
396  87  
58  92  
58  93  
57  94  
57  95  
56  96  
56  97  
56  98  
55  99  
55  100  
54  101  
54  102  
54  103  
53  104  
53  105  
52  106  
52  107  
52  108  
51  109  
51  110  
51  111  
50  112  
50  113  
49  114  
49  115  
49  116  
48  117  
48  118  
47  119  
47  120  
47  121  
46  122  
46  123  
46  124  
45  125  
45  126  
44  127  
44  128  
44  129  
43  130  
43  131  
43  132  
42  133  
42  134  
41  135  
41  136  
41  137  
40  138  
40  139  
40  140  
39  141  
39  142  
38  143  
38  144  
38  145  
37  146  
37  147  
37  148  
36  149  
36  150  
35  151  
35  152  
35  153  
34  154  
34  155  
33  156  
33  157  
33  158  
32  159  
32  160  
32  161  
60  101  
60  102  
60  103  
59  104  
59  105  
59  106  
58  107  
58  108  
58  109  
57  110  
57  111  
57  112  
56  113  
56  114  
55  115  
55  116  
55  117  
54  118  
54  119  
53  120  
53  121  
53  122  
52  123  
52  124  
52  125  
51  126  
51  127  
51  128  
50  129  
50  130  
49  131  
49  132  
49  133  
48  134  
48  135  
47  136  
47  137  
47  138  
46  139  
46  140  
46  141  
45  142  
45  143  
44  144  
44  145  
44  146  
43  147  
43  148  
43  149  
42  150  
42  151  
41  152  
41  153  
41  154  
40  155  
40  156  
40  157  
39  158  
39  159  
38  160  
38  161  
38  162  
37  163  
37  164  
36  165  
36  166  
36  167  
35  168  
35  169  
35  170  
34  171  
34  172  
33  173  
33  174  
33  175  
32  176  
32  177  
32  178  
436  103  
436  104  
435  105  
435  106  
435  107  
435  108  
435  109  
435  110  
435  111  
435  112  
435  113  
435  114  
435  115  
435  116  
435  117  
435  118  
435  119  
435  120  
435  121  
435  122  
435  123  
435  124  
435  125  
436  126  
436  127  
436  128  
436  129  
436  130  
436  131  
436  132  
436  133  
436  134  
436  135  
436  136  
436  137  
436  138  
436  139  
436  140  
120  104  
119  105  
119  106  
118  107  
118  108  
117  109  
116  110  
116  111  
115  112  
115  113  
114  114  
114  115  
113  116  
112  117  
112  118  
111  119  
111  120  
110  121  
110  122  
109  123  
108  124  
108  125  
107  126  
107  127  
106  128  
105  129  
105  130  
104  131  
104  132  
103  133  
102  134  
102  135  
101  136  
100  137  
100  138  
99  139  
99  140  
154  104  
154  105  
154  106  
154  107  
154  108  
154  109  
155  110  
155  111  
155  112  
155  113  
155  114  
155  115  
155  116  
156  117  
156  118  
156  119  
156  120  
156  121  
156  122  
157  123  
157  124  
157  125  
157  126  
157  127  
158  128  
158  129  
158  130  
158  131  
158  132  
158  133  
159  134  
159  135  
159  136  
159  137  
160  138  
160  139  
160  140  
160  141  
148  106  
148  107  
148  108  
148  109  
149  110  
149  111  
149  112  
149  113  
150  114  
150  115  
150  116  
151  117  
151  118  
151  119  
151  120  
152  121  
152  122  
152  123  
152  124  
152  125  
153  126  
153  127  
153  128  
153  129  
153  130  
154  131  
154  132  
154  133  
154  134  
154  135  
155  136  
155  137  
155  138  
155  139  
156  140  
156  141  
156  142  
156  143  
289  106  
290  106  
291  106  
292  106  
293  106  
294  106  
295  106  
296  106  
297  106  
298  106  
299  106  
300  106  
301  106  
302  106  
303  106  
304  106  
269  107  
270  107  
271  107  
272  107  
273  107  
274  107  
275  107  
276  107  
277  107  
278  107  
279  107  
280  107  
281  107  
282  107  
283  107  
284  107  
285  107  
286  107  
287  107  
288  107  
193  107  
194  107  
195  107  
196  107  
197  107  
198  107  
199  107  
200  107  
201  107  
202  107  
203  107  
204  107  
205  107  
206  107  
207  107  
208  107  
209  107  
210  107  
211  107  
212  107  
213  107  
214  107  
215  107  
216  107  
217  107  
218  107  
219  107  
192  108  
375  110  
376  110  
377  110  
378  110  
379  110  
380  110  
381  110  
382  110  
383  110  
384  110  
385  110  
386  110  
387  110  
388  110  
389  110  
390  110  
391  110  
392  110  
393  110  
394  110  
395  110  
396  110  
397  110  
398  110  
356  111  
357  111  
358  111  
359  111  
360  111  
361  111  
362  111  
363  111  
364  111  
365  111  
366  111  
367  111  
368  111  
369  111  
370  111  
371  111  
372  111  
373  111  
374  111  
381  114  
382  114  
383  114  
384  114  
385  114  
386  114  
387  114  
388  114  
389  114  
390  114  
391  114  
392  114  
393  114  
394  114  
395  114  
396  114  
397  114  
398  114  
399  114  
360  115  
361  115  
362  115  
363  115  
364  115  
365  115  
366  115  
367  115  
368  115  
369  115  
370  115  
371  115  
372  115  
373  115  
374  115  
375  115  
376  115  
377  115  
378  115  
379  115  
380  115  
66  117  
66  118  
66  119  
66  120  
66  121  
67  122  
67  123  
67  124  
67  125  
67  126  
68  127  
68  128  
68  129  
68  130  
69  131  
69  132  
69  133  
69  134  
69  135  
70  136  
70  137  
70  138  
70  139  
70  140  
70  141  
71  142  
71  143  
71  144  
71  145  
71  146  
71  147  
72  148  
72  149  
72  150  
72  151  
73  152  
73  153  
125  118  
124  119  
124  120  
123  121  
123  122  
123  123  
122  124  
122  125  
122  126  
121  127  
121  128  
121  129  
120  130  
120  131  
120  132  
119  133  
119  134  
119  135  
118  136  
118  137  
118  138  
118  139  
117  140  
117  141  
117  142  
116  143  
116  144  
70  119  
70  120  
70  121  
70  122  
70  123  
71  124  
71  125  
71  126  
71  127  
72  128  
72  129  
72  130  
72  131  
73  132  
73  133  
73  134  
73  135  
73  136  
73  137  
74  138  
74  139  
74  140  
74  141  
74  142  
74  143  
75  144  
75  145  
75  146  
75  147  
75  148  
76  149  
76  150  
76  151  
271  120  
272  120  
273  120  
274  120  
275  120  
276  120  
277  120  
278  120  
279  120  
280  120  
281  120  
282  120  
283  120  
284  120  
285  120  
286  120  
287  120  
288  120  
289  120  
290  120  
291  120  
292  120  
293  120  
294  120  
295  120  
296  120  
297  120  
298  120  
299  120  
300  120  
301  120  
302  120  
303  120  
304  120  
305  120  
306  120  
361  120  
362  120  
363  120  
364  120  
365  120  
366  120  
367  120  
368  120  
369  120  
370  120  
371  120  
372  120  
373  120  
374  120  
375  120  
376  120  
377  120  
378  120  
379  120  
380  120  
381  120  
382  120  
383  120  
384  120  
385  120  
386  120  
387  120  
388  120  
389  120  
390  120  
391  120  
392  120  
393  120  
394  120  
395  120  
396  120  
397  120  
398  120  
399  120  
400  120  
401  120  
402  120  
403  120  
404  120  
405  120  
406  120  
407  120  
408  120  
409  120  
410  120  
411  120  
412  120  
413  120  
414  120  
415  120  
416  120  
417  120  
418  120  
419  120  
420  120  
421  120  
422  120  
193  122  
194  122  
195  122  
196  122  
197  122  
198  122  
199  122  
200  122  
201  122  
202  122  
203  122  
204  122  
205  122  
206  122  
207  122  
208  122  
209  122  
210  122  
211  122  
212  122  
213  122  
214  122  
215  122  
216  122  
217  122  
218  122  
219  122  
220  122  
221  122  
222  122  
223  122  
424  125  
375  126  
376  126  
377  126  
378  126  
379  126  
380  126  
381  126  
382  126  
383  126  
384  126  
385  126  
386  126  
387  126  
388  126  
389  126  
390  126  
391  126  
392  126  
393  126  
394  126  
395  126  
396  126  
397  126  
398  126  
399  126  
400  126  
401  126  
402  126  
403  126  
404  126  
405  126  
406  126  
407  126  
408  126  
409  126  
410  126  
411  126  
412  126  
413  126  
414  126  
415  126  
416  126  
417  126  
418  126  
419  126  
420  126  
421  126  
422  126  
423  126  
356  127  
357  127  
358  127  
359  127  
360  127  
361  127  
362  127  
363  127  
364  127  
365  127  
366  127  
367  127  
368  127  
369  127  
370  127  
371  127  
372  127  
373  127  
374  127  
355  128  
355  129  
398  138  
399  138  
400  138  
401  138  
402  138  
403  138  
404  138  
405  138  
406  138  
407  138  
408  138  
409  138  
410  138  
411  138  
412  138  
413  138  
414  138  
415  138  
416  138  
417  138  
418  138  
419  138  
420  138  
421  138  
422  138  
271  140  
272  140  
273  140  
274  140  
275  140  
276  140  
277  140  
278  140  
279  140  
280  140  
281  140  
282  140  
283  140  
284  140  
285  140  
286  140  
287  140  
288  140  
289  140  
290  140  
291  140  
292  140  
293  140  
294  140  
295  140  
296  140  
297  140  
298  140  
299  140  
300  140  
301  140  
302  140  
303  140  
304  140  
305  140  
218  141  
219  141  
220  141  
221  141  
222  141  
223  141  
224  141  
196  142  
197  142  
198  142  
199  142  
200  142  
201  142  
202  142  
203  142  
204  142  
205  142  
206  142  
207  142  
208  142  
209  142  
210  142  
211  142  
212  142  
213  142  
214  142  
215  142  
216  142  
217  142  
361  143  
362  143  
363  143  
364  143  
365  143  
366  143  
367  143  
368  143  
369  143  
370  143  
371  143  
372  143  
373  143  
374  143  
375  143  
376  143  
377  143  
378  143  
379  143  
380  143  
381  143  
382  143  
383  143  
356  144  
357  144  
358  144  
359  144  
360  144  
394  143  
395  143  
396  143  
397  143  
398  143  
399  143  
400  143  
401  143  
402  143  
403  143  
404  143  
405  143  
406  143  
407  143  
408  143  
409  143  
410  143  
411  143  
412  143  
413  143  
414  143  
415  143  
416  143  
417  143  
418  143  
419  143  
420  143  
421  143  
422  143  
423  143  
424  143  
425  143  
426  143  
427  143  
428  143  
429  143  
392  144  
393  144  
430  144  
430  145  
430  146  
236  144  
236  145  
236  146  
236  147  
236  148  
236  149  
236  150  
236  151  
236  152  
236  153  
237  154  
237  155  
237  156  
237  157  
237  158  
237  159  
237  160  
237  161  
237  162  
237  163  
237  164  
238  165  
238  166  
238  167  
238  168  
238  169  
238  170  
238  171  
238  172  
238  173  
238  174  
239  175  
239  176  
239  177  
239  178  
239  179  
188  145  
188  146  
188  147  
188  148  
188  149  
188  150  
188  151  
189  152  
189  153  
189  154  
189  155  
189  156  
189  157  
189  158  
189  159  
189  160  
190  161  
190  162  
190  163  
190  164  
190  165  
190  166  
190  167  
191  168  
191  169  
191  170  
191  171  
191  172  
191  173  
192  174  
192  175  
192  176  
320  146  
320  147  
320  148  
320  149  
320  150  
320  151  
320  152  
320  153  
320  154  
320  155  
320  156  
320  157  
320  158  
320  159  
320  160  
320  161  
320  162  
320  163  
320  164  
320  165  
320  166  
320  167  
320  168  
320  169  
321  170  
321  171  
321  172  
321  173  
321  174  
321  175  
321  176  
321  177  
321  178  
88  147  
88  148  
88  149  
88  150  
87  151  
87  152  
87  153  
87  154  
87  155  
86  156  
86  157  
86  158  
86  159  
86  160  
86  161  
85  162  
85  163  
85  164  
85  165  
85  166  
84  167  
84  168  
84  169  
84  170  
84  171  
83  172  
83  173  
83  174  
83  175  
82  176  
82  177  
82  178  
81  179  
81  180  
81  181  
81  182  
81  183  
81  184  
80  185  
80  186  
80  187  
80  188  
79  189  
79  190  
79  191  
79  192  
79  193  
78  194  
78  195  
78  196  
78  197  
78  198  
77  199  
77  200  
77  201  
77  202  
76  203  
76  204  
76  205  
76  206  
76  207  
75  208  
75  209  
75  210  
75  211  
75  212  
74  213  
74  214  
74  215  
74  216  
74  217  
73  218  
73  219  
73  220  
73  221  
72  222  
72  223  
72  224  
72  225  
72  226  
71  227  
71  228  
71  229  
71  230  
71  231  
70  232  
70  233  
70  234  
70  235  
69  236  
69  237  
69  238  
69  239  
69  240  
68  241  
68  242  
68  243  
68  244  
68  245  
67  246  
67  247  
67  248  
67  249  
67  250  
66  251  
66  252  
66  253  
66  254  
65  255  
65  256  
65  257  
65  258  
65  259  
64  260  
64  261  
64  262  
64  263  
63  264  
63  265  
63  266  
63  267  
63  268  
62  269  
62  270  
62  271  
62  272  
61  273  
61  274  
61  275  
61  276  
61  277  
60  278  
60  279  
60  280  
59  281  
59  282  
59  283  
59  284  
265  151  
265  152  
265  153  
265  154  
265  155  
265  156  
265  157  
265  158  
265  159  
265  160  
266  161  
266  162  
266  163  
266  164  
266  165  
266  166  
266  167  
266  168  
266  169  
266  170  
267  171  
267  172  
267  173  
205  157  
206  157  
207  157  
208  157  
209  157  
210  157  
211  157  
212  157  
213  157  
214  157  
215  157  
216  157  
217  157  
218  157  
219  157  
220  157  
221  157  
201  158  
202  158  
203  158  
204  158  
273  157  
274  157  
275  157  
276  157  
277  157  
278  157  
279  157  
280  157  
281  157  
282  157  
283  157  
284  157  
285  157  
286  157  
287  157  
288  157  
289  157  
290  157  
291  157  
292  157  
293  157  
294  157  
295  157  
296  157  
297  157  
298  157  
299  157  
300  157  
301  157  
302  157  
303  157  
304  157  
270  158  
271  158  
272  158  
211  161  
212  161  
213  161  
214  161  
215  161  
216  161  
217  161  
218  161  
219  161  
220  161  
221  161  
222  161  
223  161  
224  161  
225  161  
226  161  
227  161  
228  161  
202  162  
203  162  
204  162  
205  162  
206  162  
207  162  
208  162  
209  162  
210  162  
229  162  
120  170  
121  170  
122  170  
123  170  
124  170  
125  170  
126  170  
127  170  
128  170  
129  170  
130  170  
131  170  
132  170  
133  170  
134  170  
135  170  
136  170  
137  170  
138  170  
139  170  
140  170  
141  170  
142  170  
155  171  
155  172  
155  173  
155  174  
156  175  
156  176  
156  177  
156  178  
156  179  
156  180  
157  181  
157  182  
157  183  
157  184  
157  185  
157  186  
158  187  
158  188  
158  189  
158  190  
158  191  
159  192  
159  193  
159  194  
159  195  
159  196  
389  174  
367  175  
368  175  
369  175  
370  175  
371  175  
372  175  
373  175  
374  175  
375  175  
376  175  
377  175  
378  175  
379  175  
380  175  
381  175  
382  175  
383  175  
384  175  
385  175  
386  175  
387  175  
388  175  
281  175  
282  175  
283  175  
284  175  
285  175  
286  175  
287  175  
288  175  
289  175  
290  175  
291  175  
292  175  
293  175  
294  175  
295  175  
296  175  
297  175  
298  175  
299  175  
300  175  
301  175  
302  175  
303  175  
304  175  
280  176  
104  181  
104  182  
104  183  
103  184  
103  185  
103  186  
103  187  
102  188  
102  189  
102  190  
101  191  
101  192  
101  193  
100  194  
100  195  
100  196  
99  197  
99  198  
99  199  
98  200  
98  201  
98  202  
98  203  
97  204  
97  205  
97  206  
96  207  
96  208  
96  209  
95  210  
95  211  
95  212  
94  213  
94  214  
94  215  
93  216  
93  217  
93  218  
92  219  
92  220  
92  221  
91  222  
91  223  
91  224  
91  225  
90  226  
90  227  
90  228  
211  182  
212  182  
213  182  
214  182  
215  182  
216  182  
217  182  
218  182  
219  182  
220  182  
221  182  
222  182  
223  182  
224  182  
225  182  
226  182  
227  182  
199  183  
200  183  
201  183  
202  183  
203  183  
204  183  
205  183  
206  183  
207  183  
208  183  
209  183  
210  183  
305  183  
306  183  
275  184  
276  184  
277  184  
278  184  
279  184  
280  184  
281  184  
282  184  
283  184  
284  184  
285  184  
286  184  
287  184  
288  184  
289  184  
290  184  
291  184  
292  184  
293  184  
294  184  
295  184  
296  184  
297  184  
298  184  
299  184  
300  184  
301  184  
302  184  
303  184  
304  184  
347  195  
348  195  
349  195  
350  195  
351  195  
352  195  
353  195  
354  195  
355  195  
356  195  
357  195  
358  195  
359  195  
360  195  
361  195  
362  195  
363  195  
346  196  
346  197  
346  198  
346  199  
125  197  
126  197  
127  197  
128  197  
129  197  
130  197  
131  197  
132  197  
133  197  
134  197  
135  197  
136  197  
137  197  
138  197  
139  197  
140  197  
141  197  
142  197  
143  197  
144  197  
145  197  
146  197  
377  199  
378  199  
379  199  
348  200  
349  200  
350  200  
351  200  
352  200  
353  200  
354  200  
355  200  
356  200  
357  200  
358  200  
359  200  
360  200  
361  200  
362  200  
363  200  
364  200  
365  200  
366  200  
367  200  
368  200  
369  200  
370  200  
371  200  
372  200  
373  200  
374  200  
375  200  
376  200  
380  200  
202  201  
203  201  
204  201  
205  201  
206  201  
207  201  
208  201  
209  201  
210  201  
211  201  
212  201  
213  201  
214  201  
215  201  
216  201  
217  201  
218  201  
219  201  
220  201  
221  201  
222  201  
223  201  
224  201  
225  201  
226  201  
227  201  
276  203  
277  203  
278  203  
279  203  
280  203  
281  203  
282  203  
283  203  
284  203  
285  203  
286  203  
287  203  
288  203  
289  203  
290  203  
291  203  
292  203  
293  203  
294  203  
295  203  
296  203  
297  203  
298  203  
299  203  
300  203  
301  203  
302  203  
303  203  
304  203  
305  203  
306  203  
307  203  
308  203  
85  212  
84  213  
84  214  
83  215  
83  216  
83  217  
83  218  
83  219  
82  220  
82  221  
82  222  
82  223  
81  224  
81  225  
81  226  
81  227  
81  228  
80  229  
80  230  
80  231  
80  232  
79  233  
79  234  
79  235  
79  236  
78  237  
78  238  
78  239  
78  240  
78  241  
77  242  
77  243  
77  244  
77  245  
76  246  
76  247  
76  248  
76  249  
76  250  
75  251  
75  252  
75  253  
75  254  
75  255  
74  256  
74  257  
74  258  
74  259  
73  260  
73  261  
73  262  
72  263  
72  264  
72  265  
72  266  
71  267  
71  268  
71  269  
71  270  
71  271  
70  272  
70  273  
70  274  
70  275  
69  276  
69  277  
69  278  
69  279  
69  280  
68  281  
68  282  
68  283  
69  284  
204  215  
205  215  
206  215  
207  215  
208  215  
209  215  
210  215  
211  215  
212  215  
213  215  
214  215  
215  215  
216  215  
217  215  
218  215  
219  215  
220  215  
221  215  
222  215  
223  215  
224  215  
225  215  
226  215  
227  215  
228  215  
229  215  
230  215  
231  215  
277  215  
278  215  
279  215  
280  215  
281  215  
282  215  
283  215  
284  215  
285  215  
286  215  
287  215  
288  215  
289  215  
290  216  
291  216  
292  216  
293  216  
294  216  
295  216  
296  216  
297  216  
298  216  
299  216  
300  216  
301  216  
302  216  
303  216  
304  216  
305  216  
306  216  
307  216  
308  216  
309  216  
439  220  
439  221  
440  222  
440  223  
440  224  
440  225  
440  226  
440  227  
440  228  
440  229  
440  230  
440  231  
440  232  
440  233  
440  234  
440  235  
441  236  
441  237  
441  238  
441  239  
441  240  
441  241  
441  242  
441  243  
441  244  
441  245  
441  246  
441  247  
441  248  
441  249  
441  250  
442  251  
442  252  
441  253  
442  254  
442  255  
442  256  
442  257  
442  258  
442  259  
442  260  
442  261  
442  262  
443  263  
443  264  
443  265  
443  266  
443  267  
443  268  
443  269  
443  270  
443  271  
443  272  
443  273  
443  274  
443  275  
443  276  
443  277  
443  278  
443  279  
443  280  
442  281  
270  223  
270  224  
270  225  
270  226  
270  227  
270  228  
270  229  
270  230  
270  231  
271  232  
271  233  
271  234  
271  235  
271  236  
271  237  
271  238  
271  239  
271  240  
271  241  
271  242  
272  243  
272  244  
272  245  
272  246  
272  247  
272  248  
272  249  
272  250  
272  251  
272  252  
272  253  
272  254  
272  255  
273  256  
273  257  
273  258  
273  259  
273  260  
273  261  
357  223  
358  223  
359  223  
360  223  
361  223  
362  223  
363  223  
364  223  
365  223  
366  223  
367  223  
368  223  
369  223  
370  223  
371  223  
372  223  
373  223  
374  223  
375  223  
376  223  
377  223  
378  223  
379  223  
380  223  
381  223  
387  223  
388  223  
389  223  
390  223  
391  223  
392  223  
393  223  
394  223  
395  223  
396  223  
397  223  
398  223  
399  223  
400  223  
401  223  
402  223  
403  223  
404  223  
405  223  
406  223  
407  223  
408  223  
409  223  
410  223  
357  227  
358  227  
359  227  
360  227  
361  227  
362  227  
363  227  
364  227  
365  227  
366  227  
367  227  
368  227  
369  227  
370  227  
371  227  
372  227  
373  227  
374  227  
375  227  
376  227  
377  227  
378  227  
379  227  
380  227  
381  227  
382  227  
383  227  
384  227  
385  227  
386  227  
387  227  
388  227  
389  227  
390  227  
391  227  
392  227  
393  227  
394  227  
395  227  
396  227  
397  227  
398  227  
399  227  
400  227  
401  227  
402  227  
403  227  
404  227  
405  227  
406  227  
407  227  
408  227  
409  227  
410  227  
411  227  
412  227  
128  228  
129  228  
130  228  
131  228  
132  228  
133  228  
134  228  
135  228  
136  228  
137  228  
138  228  
139  228  
140  228  
141  228  
142  228  
143  228  
144  228  
145  228  
146  228  
147  228  
148  228  
149  228  
150  228  
151  228  
152  228  
242  229  
243  230  
244  231  
244  232  
244  233  
244  234  
244  235  
244  236  
244  237  
245  238  
245  239  
245  240  
245  241  
245  242  
245  243  
245  244  
245  245  
245  246  
245  247  
246  248  
246  249  
246  250  
246  251  
246  252  
246  253  
246  254  
246  255  
246  256  
246  257  
246  258  
247  259  
247  260  
247  261  
247  262  
247  263  
275  233  
276  233  
277  233  
278  233  
279  233  
280  233  
281  233  
282  233  
283  233  
284  233  
285  233  
286  233  
287  233  
288  233  
289  233  
290  233  
291  233  
292  233  
293  233  
294  233  
295  233  
296  233  
297  233  
298  233  
299  233  
300  233  
301  233  
302  233  
303  233  
304  233  
305  233  
306  233  
307  233  
308  233  
309  233  
310  233  
88  234  
87  235  
87  236  
87  237  
86  238  
86  239  
86  240  
86  241  
85  242  
85  243  
85  244  
84  245  
84  246  
84  247  
83  248  
83  249  
83  250  
83  251  
82  252  
82  253  
82  254  
81  255  
81  256  
81  257  
80  258  
80  259  
80  260  
200  236  
200  237  
200  238  
200  239  
200  240  
200  241  
201  242  
201  243  
201  244  
201  245  
201  246  
201  247  
201  248  
201  249  
202  250  
202  251  
202  252  
202  253  
202  254  
202  255  
203  256  
203  257  
351  241  
352  241  
353  241  
354  241  
355  241  
356  241  
357  241  
358  241  
359  241  
360  241  
361  241  
362  241  
363  241  
364  241  
365  241  
366  241  
367  241  
368  241  
369  241  
370  241  
371  241  
372  241  
373  241  
374  241  
375  241  
376  241  
377  241  
378  241  
379  241  
380  241  
381  241  
382  241  
383  241  
384  241  
385  241  
386  241  
387  241  
388  241  
389  241  
390  241  
391  241  
404  241  
405  241  
406  241  
407  241  
408  241  
392  242  
393  242  
394  242  
395  242  
396  242  
397  242  
398  242  
399  242  
400  242  
401  242  
402  242  
403  242  
211  244  
212  244  
213  244  
216  244  
217  244  
218  244  
219  244  
220  244  
221  244  
222  244  
223  244  
224  244  
225  244  
205  245  
206  245  
207  245  
208  245  
209  245  
210  245  
214  245  
215  245  
312  244  
276  245  
277  245  
278  245  
279  245  
280  245  
281  245  
282  245  
283  245  
284  245  
285  245  
286  245  
287  245  
288  245  
289  245  
290  245  
291  245  
292  245  
293  245  
294  245  
295  245  
296  245  
297  245  
298  245  
299  245  
300  245  
301  245  
302  245  
303  245  
304  245  
305  245  
306  245  
307  245  
308  245  
309  245  
310  245  
311  245  
360  245  
361  245  
362  245  
363  245  
364  245  
365  245  
366  245  
367  245  
368  245  
369  245  
370  245  
371  245  
372  245  
373  245  
374  245  
375  245  
376  245  
377  245  
378  245  
379  245  
380  245  
381  245  
277  248  
278  248  
276  249  
279  249  
280  249  
281  249  
282  249  
283  249  
284  249  
285  249  
286  249  
287  249  
288  249  
289  249  
290  249  
291  249  
292  249  
293  249  
294  249  
295  249  
296  249  
297  249  
298  249  
299  249  
300  249  
301  249  
302  249  
303  249  
304  249  
305  249  
306  249  
307  249  
308  249  
346  259  
347  259  
348  259  
349  259  
350  259  
351  259  
352  259  
353  259  
354  259  
355  259  
356  259  
357  259  
358  259  
359  259  
360  259  
361  259  
362  259  
363  259  
364  259  
365  259  
366  259  
367  259  
368  259  
369  259  
370  259  
371  259  
372  259  
373  259  
374  259  
375  259  
376  259  
377  259  
378  259  
379  259  
380  259  
381  259  
382  259  
383  259  
384  259  
385  259  
386  259  
387  259  
391  259  
392  259  
393  259  
394  259  
395  259  
396  259  
397  259  
398  259  
399  259  
400  259  
401  259  
402  259  
403  259  
404  259  
405  259  
406  259  
407  259  
408  259  
409  259  
410  259  
411  259  
412  259  
413  259  
414  260  
415  260  
351  263  
352  263  
353  263  
354  263  
355  263  
356  263  
357  263  
358  263  
359  263  
360  263  
361  263  
362  263  
363  263  
364  263  
365  263  
366  263  
367  263  
368  263  
369  263  
370  263  
371  263  
372  263  
373  263  
374  263  
375  263  
376  263  
377  263  
378  263  
379  263  
380  263  
381  263  
382  263  
383  263  
384  263  
385  263  
386  263  
387  263  
388  263  
389  263  
390  263  
391  263  
392  264  
393  264  
394  264  
395  264  
396  264  
397  264  
398  264  
399  264  
400  264  
401  264  
402  264  
403  264  
404  264  
405  264  
133  266  
134  266  
135  266  
132  267  
136  267  
137  267  
138  267  
139  267  
140  267  
141  267  
142  267  
143  267  
144  267  
145  267  
146  267  
147  267  
148  267  
149  267  
150  267  
151  267  
152  267  
153  267  
154  267  
155  267  
156  267  
157  267  
158  267  
211  267  
212  267  
213  267  
214  267  
215  267  
216  267  
217  267  
218  267  
219  267  
220  267  
221  267  
222  267  
223  267  
224  267  
225  267  
226  267  
227  267  
228  267  
229  267  
230  267  
231  267  
232  267  
233  267  
234  267  
235  267  
280  268  
281  268  
282  268  
283  268  
284  268  
285  268  
286  268  
287  268  
288  268  
289  268  
290  268  
291  268  
292  268  
293  268  
294  268  
295  268  
296  268  
297  268  
298  268  
299  268  
300  268  
301  268  
302  268  
303  268  
304  268  
305  268  
306  268  
307  268  
308  268  
309  268  
310  268  
360  270  
361  270  
362  270  
363  270  
364  270  
365  270  
366  270  
367  270  
368  270  
369  270  
370  270  
371  270  
372  271  
373  271  
374  271  
375  271  
376  271  
377  271  
378  271  
379  271  
384  271  
380  272  
381  272  
382  272  
383  272  
385  272  
386  272  
387  272  
137  278  
138  278  
139  278  
140  278  
141  278  
142  278  
143  278  
144  278  
145  278  
146  278  
147  278  
148  278  
149  278  
150  278  
151  278  
152  279  
153  279  
154  279  
155  279  
156  279  
157  279  
158  279  
392  278  
393  278  
349  279  
350  279  
351  279  
352  279  
353  279  
354  279  
355  279  
356  279  
357  279  
358  279  
359  279  
360  279  
361  279  
362  279  
363  279  
364  279  
365  279  
366  279  
367  279  
368  279  
369  279  
370  279  
371  279  
372  279  
373  279  
374  279  
375  279  
376  279  
377  279  
378  279  
379  279  
380  279  
381  279  
382  279  
383  279  
384  279  
385  279  
386  279  
387  279  
388  279  
389  279  
390  279  
391  279  
343  280  
344  280  
345  280  
346  280  
347  280  
348  280  
342  281  
342  282  
343  283  
344  284  
364  282  
365  282  
392  282  
393  282  
394  282  
395  282  
396  282  
397  282  
398  282  
399  282  
400  282  
401  282  
402  282  
403  282  
404  282  
405  282  
406  282  
407  282  
408  282  
409  282  
410  282  
411  282  
412  282  
413  282  
414  282  
415  282  
366  283  
367  283  
368  283  
369  283  
370  283  
371  283  
372  283  
373  283  
374  283  
375  283  
376  283  
377  283  
378  283  
379  283  
380  283  
381  283  
382  283  
383  283  
384  283  
385  283  
386  283  
387  283  
388  283  
389  283  
390  283  
391  283  
213  284  
214  284  
215  284  
216  284  
217  284  
218  284  
219  284  
220  284  
221  284  
222  284  
223  284  
224  284  
225  284  
226  284  
227  284  
228  284  
229  284  
230  284  
231  284  
232  284  
233  284  
234  284  
235  284  
236  284  
281  284  
282  284  
283  284  
284  284  
285  284  
286  284  
287  284  
288  284  
289  284  
290  284  
291  284  
292  284  
293  284  
294  284  
295  284  
296  284  
297  284  
298  284  
299  284  
300  284  
301  284  
302  284  
303  284  
304  284  
305  285  
306  285  
307  285  
308  285  
75  293  
76  294  
76  295  
77  296  
78  297  
79  298  
79  299  
80  300  
81  301  
82  302  
82  303  
83  304  
84  305  
84  306  
85  307  
86  308  
86  309  
87  310  
88  311  
88  312  
89  313  
90  314  
91  315  
91  316  
92  317  
93  318  
94  319  
94  320  
95  321  
96  322  
96  323  
97  324  
98  325  
98  326  
99  327  
100  328  
100  329  
101  330  
102  331  
102  332  
103  333  
104  334  
104  335  
105  336  
106  337  
61  294  
61  295  
62  296  
63  297  
64  298  
64  299  
65  300  
66  301  
67  302  
68  303  
68  304  
69  305  
70  306  
71  307  
71  308  
72  309  
73  310  
73  311  
74  312  
75  313  
76  314  
77  315  
77  316  
78  317  
79  318  
79  319  
80  320  
81  321  
82  322  
82  323  
83  324  
84  325  
85  326  
85  327  
86  328  
87  329  
87  330  
88  331  
89  332  
90  333  
90  334  
91  335  
92  336  
92  337  
93  338  
94  339  
95  340  
95  341  
96  342  
97  343  
97  344  
98  345  
99  346  
100  347  
100  348  
101  349  
102  350  
103  351  
103  352  
104  353  
105  354  
106  355  
106  356  
107  357  
108  358  
108  359  
109  360  
110  361  
111  362  
111  363  
112  364  
113  365  
113  366  
114  367  
115  368  
360  295  
360  296  
360  297  
360  298  
360  299  
360  300  
360  301  
360  302  
360  303  
360  304  
360  305  
360  306  
360  307  
360  308  
360  309  
360  310  
360  311  
360  312  
360  313  
360  314  
360  315  
360  316  
360  317  
360  318  
360  319  
360  320  
360  321  
360  322  
359  323  
63  304  
62  305  
62  306  
62  307  
61  308  
61  309  
61  310  
60  311  
60  312  
60  313  
59  314  
59  315  
59  316  
59  317  
58  318  
58  319  
58  320  
57  321  
57  322  
57  323  
56  324  
56  325  
56  326  
55  327  
55  328  
55  329  
55  330  
54  331  
54  332  
54  333  
53  334  
53  335  
53  336  
52  337  
52  338  
52  339  
51  340  
51  341  
51  342  
50  343  
50  344  
50  345  
50  346  
49  347  
49  348  
49  349  
48  350  
48  351  
48  352  
47  353  
47  354  
47  355  
46  356  
46  357  
46  358  
46  359  
45  360  
45  361  
45  362  
44  363  
44  364  
44  365  
43  366  
43  367  
43  368  
42  369  
42  370  
42  371  
41  372  
41  373  
41  374  
41  375  
40  376  
40  377  
40  378  
39  379  
39  380  
39  381  
38  382  
38  383  
38  384  
38  385  
37  386  
37  387  
37  388  
36  389  
36  390  
36  391  
35  392  
35  393  
35  394  
34  395  
34  396  
34  397  
34  398  
33  399  
33  400  
33  401  
32  402  
32  403  
32  404  
65  307  
65  308  
65  309  
64  310  
64  311  
64  312  
64  313  
63  314  
63  315  
63  316  
62  317  
62  318  
62  319  
61  320  
61  321  
61  322  
61  323  
60  324  
60  325  
59  326  
59  327  
59  328  
59  329  
58  330  
58  331  
58  332  
57  333  
57  334  
57  335  
56  336  
56  337  
56  338  
55  339  
55  340  
55  341  
55  342  
54  343  
54  344  
54  345  
53  346  
53  347  
53  348  
52  349  
52  350  
52  351  
51  352  
51  353  
51  354  
51  355  
50  356  
50  357  
50  358  
49  359  
49  360  
49  361  
48  362  
48  363  
48  364  
47  365  
47  366  
47  367  
46  368  
46  369  
46  370  
46  371  
45  372  
45  373  
45  374  
44  375  
44  376  
44  377  
43  378  
43  379  
43  380  
42  381  
42  382  
42  383  
42  384  
41  385  
41  386  
41  387  
40  388  
40  389  
40  390  
39  391  
39  392  
39  393  
38  394  
38  395  
38  396  
38  397  
37  398  
37  399  
37  400  
36  401  
36  402  
36  403  
35  404  
35  405  
35  406  
34  407  
34  408  
34  409  
34  410  
33  411  
33  412  
33  413  
32  414  
32  415  
32  416  
298  313  
298  314  
298  315  
298  316  
298  317  
298  318  
298  319  
298  320  
298  321  
298  322  
298  323  
298  324  
298  325  
298  326  
298  327  
298  328  
298  329  
298  330  
298  331  
298  332  
298  333  
298  334  
298  335  
298  336  
298  337  
298  338  
298  339  
298  340  
298  341  
298  342  
298  343  
298  344  
298  345  
298  346  
298  347  
297  348  
297  349  
297  350  
297  351  
297  352  
297  353  
297  354  
297  355  
297  356  
296  357  
296  358  
296  359  
296  360  
296  361  
296  362  
296  363  
296  364  
365  313  
365  314  
365  315  
365  316  
365  317  
365  318  
365  319  
365  320  
365  321  
365  322  
365  323  
365  324  
365  325  
365  326  
365  327  
365  328  
365  329  
365  330  
365  331  
365  332  
365  333  
365  334  
219  329  
220  329  
221  329  
222  329  
223  329  
224  329  
225  329  
226  329  
227  329  
228  329  
229  329  
230  329  
231  329  
232  329  
233  329  
234  329  
235  329  
236  329  
237  329  
238  329  
239  329  
136  331  
136  332  
137  333  
137  334  
137  335  
137  336  
137  337  
138  338  
138  339  
138  340  
138  341  
138  342  
139  343  
139  344  
139  345  
139  346  
139  347  
140  348  
140  349  
140  350  
140  351  
143  351  
141  352  
142  352  
146  334  
147  334  
148  334  
149  334  
150  334  
151  334  
152  334  
153  334  
154  334  
155  334  
156  334  
157  334  
158  334  
159  334  
160  334  
161  334  
162  334  
163  334  
164  334  
165  334  
166  334  
167  334  
194  334  
194  335  
194  336  
193  337  
193  338  
193  339  
193  340  
193  341  
192  342  
192  343  
192  344  
192  345  
192  346  
192  347  
191  348  
191  349  
191  350  
191  351  
191  352  
191  353  
190  354  
190  355  
190  356  
190  357  
189  358  
189  359  
189  360  
189  361  
189  362  
188  363  
188  364  
188  365  
188  366  
188  367  
187  368  
187  369  
187  370  
187  371  
186  372  
186  373  
186  374  
186  375  
186  376  
185  377  
185  378  
185  379  
185  380  
185  381  
184  382  
184  383  
184  384  
184  385  
184  386  
183  387  
183  388  
183  389  
183  390  
183  391  
182  392  
182  393  
182  394  
182  395  
182  396  
181  397  
181  398  
181  399  
181  400  
181  401  
180  402  
180  403  
180  404  
180  405  
180  406  
179  407  
179  408  
179  409  
179  410  
178  411  
178  412  
178  413  
178  414  
177  415  
177  416  
177  417  
177  418  
177  419  
176  420  
176  421  
176  422  
176  423  
176  424  
175  425  
175  426  
175  427  
175  428  
174  429  
174  430  
174  431  
174  432  
174  433  
173  434  
173  435  
173  436  
173  437  
173  438  
172  439  
172  440  
172  441  
172  442  
172  443  
171  444  
171  445  
171  446  
171  447  
171  448  
170  449  
170  450  
170  451  
170  452  
170  453  
169  454  
169  455  
169  456  
169  457  
168  458  
168  459  
168  460  
168  461  
168  462  
167  463  
167  464  
167  465  
167  466  
167  467  
166  468  
166  469  
166  470  
166  471  
165  472  
165  473  
165  474  
165  475  
165  476  
164  477  
164  478  
164  479  
164  480  
164  481  
163  482  
163  483  
163  484  
162  485  
162  486  
162  487  
162  488  
162  489  
162  490  
161  491  
161  492  
161  493  
161  494  
160  495  
160  496  
160  497  
160  498  
159  499  
159  500  
159  501  
159  502  
159  503  
158  504  
158  505  
158  506  
158  507  
158  508  
157  509  
157  510  
157  511  
157  512  
157  513  
156  514  
156  515  
156  516  
156  517  
156  518  
155  519  
155  520  
155  521  
155  522  
155  523  
154  524  
154  525  
154  526  
154  527  
154  528  
153  529  
153  530  
153  531  
153  532  
152  533  
152  534  
152  535  
152  536  
152  537  
152  538  
151  539  
151  540  
151  541  
151  542  
150  543  
150  544  
150  545  
150  546  
149  547  
149  548  
149  549  
149  550  
149  551  
148  552  
148  553  
148  554  
148  555  
148  556  
147  557  
147  558  
147  559  
146  560  
146  561  
146  562  
146  563  
146  564  
145  565  
145  566  
145  567  
145  568  
144  569  
144  570  
144  571  
144  572  
144  573  
143  574  
143  575  
143  576  
143  577  
143  578  
143  579  
142  580  
142  581  
142  582  
142  583  
141  584  
141  585  
141  586  
141  587  
146  337  
147  337  
148  337  
149  337  
150  337  
151  337  
152  337  
153  338  
154  338  
155  338  
156  338  
157  338  
158  338  
159  338  
160  338  
161  338  
162  338  
163  338  
164  338  
165  338  
166  338  
167  338  
168  338  
169  338  
170  338  
171  338  
172  338  
373  342  
374  342  
375  342  
376  342  
377  342  
378  342  
379  342  
380  342  
381  342  
382  342  
383  342  
384  342  
385  342  
386  342  
387  342  
388  342  
389  342  
390  342  
391  342  
392  342  
393  342  
394  342  
395  342  
396  342  
397  342  
398  342  
399  342  
400  342  
401  342  
402  342  
403  342  
220  343  
221  343  
222  343  
223  343  
224  343  
225  343  
226  343  
227  343  
228  343  
229  343  
230  343  
231  343  
232  343  
233  343  
234  343  
235  343  
236  343  
237  343  
238  343  
239  343  
240  343  
241  343  
242  344  
243  344  
244  344  
113  347  
114  348  
115  349  
116  350  
116  351  
117  352  
118  353  
118  354  
119  355  
120  356  
121  357  
121  358  
122  359  
122  360  
123  361  
124  362  
125  363  
125  364  
126  365  
127  366  
127  367  
128  368  
129  369  
129  370  
130  371  
131  372  
132  373  
416  348  
416  349  
416  350  
416  351  
416  352  
416  353  
416  354  
416  355  
416  356  
416  357  
416  358  
416  359  
416  360  
416  361  
416  362  
416  363  
416  364  
416  365  
416  366  
416  367  
416  368  
416  369  
416  370  
416  371  
416  372  
416  373  
416  374  
416  375  
416  376  
416  377  
184  351  
184  352  
184  353  
183  354  
183  355  
183  356  
183  357  
182  358  
182  359  
182  360  
182  361  
182  362  
181  363  
181  364  
181  365  
181  366  
180  367  
180  368  
180  369  
180  370  
180  371  
179  372  
179  373  
179  374  
179  375  
178  376  
178  377  
178  378  
178  379  
177  380  
177  381  
177  382  
177  383  
177  384  
177  385  
176  386  
176  387  
163  353  
162  354  
161  355  
160  356  
159  357  
158  358  
157  359  
156  360  
155  361  
154  362  
153  363  
152  364  
151  365  
150  366  
150  367  
149  368  
148  369  
147  370  
146  371  
145  372  
144  373  
143  374  
142  375  
319  356  
320  356  
321  356  
322  356  
323  356  
324  356  
325  356  
326  356  
327  356  
328  356  
329  356  
330  356  
331  357  
332  357  
333  357  
334  357  
335  357  
336  357  
337  357  
338  357  
339  357  
340  357  
341  357  
342  357  
243  357  
244  357  
245  357  
246  357  
247  357  
248  357  
249  357  
250  357  
251  357  
252  357  
253  357  
254  357  
255  357  
256  357  
257  357  
258  357  
259  357  
260  357  
261  357  
262  357  
263  357  
264  357  
265  357  
266  357  
267  357  
268  357  
269  357  
345  357  
346  357  
347  357  
348  357  
349  357  
344  358  
350  358  
351  358  
352  358  
353  358  
354  358  
355  358  
356  358  
357  358  
358  358  
359  358  
360  358  
361  358  
362  358  
363  358  
364  358  
365  358  
366  358  
367  358  
368  358  
369  358  
370  358  
371  358  
372  358  
344  359  
344  360  
344  361  
344  362  
236  366  
237  366  
238  366  
239  366  
240  366  
241  366  
242  366  
243  366  
244  366  
245  366  
246  366  
247  366  
248  366  
249  366  
250  366  
251  367  
252  367  
253  367  
254  367  
255  367  
256  367  
257  367  
258  367  
259  367  
260  367  
261  367  
262  367  
263  367  
264  367  
265  367  
266  367  
267  367  
268  367  
269  367  
176  367  
176  368  
176  369  
176  370  
175  371  
175  372  
175  373  
175  374  
174  375  
174  376  
174  377  
174  378  
173  379  
173  380  
173  381  
173  382  
173  383  
173  384  
172  385  
172  386  
172  387  
315  368  
316  368  
313  369  
314  369  
317  369  
318  369  
319  369  
320  369  
321  369  
322  369  
323  369  
324  369  
325  369  
326  369  
327  369  
328  369  
329  369  
330  369  
331  369  
332  369  
333  369  
334  369  
335  369  
336  369  
337  369  
338  369  
339  369  
340  370  
341  370  
243  373  
244  373  
245  373  
246  373  
247  373  
248  373  
249  373  
250  373  
251  373  
252  373  
253  373  
254  373  
255  373  
256  373  
257  373  
258  373  
259  373  
260  373  
261  373  
262  373  
263  373  
264  373  
294  373  
294  374  
294  375  
294  376  
294  377  
294  378  
293  379  
293  380  
293  381  
293  382  
293  383  
293  384  
293  385  
293  386  
293  387  
292  388  
292  389  
292  390  
292  391  
292  392  
292  393  
292  394  
292  395  
292  396  
292  397  
292  398  
291  399  
291  400  
291  401  
291  402  
291  403  
291  404  
291  405  
291  406  
290  407  
290  408  
290  409  
290  410  
290  411  
290  412  
290  413  
290  414  
290  415  
290  416  
290  417  
290  418  
289  419  
289  420  
289  421  
289  422  
289  423  
289  424  
289  425  
289  426  
289  427  
289  428  
289  429  
289  430  
288  431  
288  432  
288  433  
288  434  
288  435  
288  436  
288  437  
288  438  
288  439  
287  440  
287  441  
287  442  
287  443  
287  444  
287  445  
287  446  
287  447  
287  448  
286  449  
286  450  
286  451  
286  452  
286  453  
286  454  
286  455  
286  456  
286  457  
285  458  
285  459  
285  460  
285  461  
285  462  
285  463  
285  464  
285  465  
285  466  
285  467  
285  468  
284  469  
284  470  
284  471  
284  472  
284  473  
284  474  
284  475  
284  476  
284  477  
283  478  
283  479  
283  480  
283  481  
283  482  
283  483  
283  484  
283  485  
283  486  
283  487  
283  488  
282  489  
282  490  
282  491  
282  492  
282  493  
282  494  
282  495  
282  496  
282  497  
281  498  
281  499  
281  500  
281  501  
281  502  
281  503  
281  504  
281  505  
281  506  
281  507  
281  508  
280  509  
280  510  
280  511  
280  512  
280  513  
280  514  
280  515  
280  516  
280  517  
280  518  
279  519  
279  520  
279  521  
279  522  
279  523  
279  524  
279  525  
279  526  
279  527  
279  528  
279  529  
278  530  
278  531  
278  532  
278  533  
278  534  
278  535  
278  536  
278  537  
278  538  
277  539  
277  540  
277  541  
277  542  
277  543  
277  544  
277  545  
277  546  
277  547  
277  548  
277  549  
277  550  
276  551  
276  552  
276  553  
276  554  
276  555  
276  556  
276  557  
276  558  
276  559  
276  560  
275  561  
275  562  
275  563  
275  564  
275  565  
275  566  
275  567  
275  568  
274  569  
274  570  
274  571  
274  572  
274  573  
274  574  
274  575  
274  576  
274  577  
273  578  
273  579  
273  580  
273  581  
273  582  
273  583  
273  584  
273  585  
272  586  
272  587  
272  588  
272  589  
272  590  
272  591  
272  592  
272  593  
272  594  
272  595  
272  596  
271  597  
271  598  
271  599  
271  600  
271  601  
271  602  
271  603  
271  604  
271  605  
271  606  
271  607  
270  608  
298  374  
298  375  
298  376  
298  377  
298  378  
298  379  
298  380  
298  381  
298  382  
297  383  
297  384  
297  385  
297  386  
297  387  
297  388  
297  389  
297  390  
297  391  
297  392  
297  393  
297  394  
297  395  
296  396  
296  397  
296  398  
296  399  
296  400  
296  401  
296  402  
296  403  
296  404  
295  405  
295  406  
295  407  
295  408  
295  409  
295  410  
295  411  
295  412  
295  413  
295  414  
295  415  
294  416  
294  417  
294  418  
294  419  
294  420  
294  421  
294  422  
294  423  
294  424  
293  425  
293  426  
293  427  
293  428  
293  429  
293  430  
293  431  
293  432  
293  433  
293  434  
293  435  
292  436  
292  437  
292  438  
292  439  
292  440  
292  441  
292  442  
292  443  
292  444  
292  445  
291  446  
291  447  
291  448  
291  449  
291  450  
291  451  
291  452  
291  453  
291  454  
290  455  
290  456  
290  457  
290  458  
290  459  
290  460  
290  461  
290  462  
290  463  
290  464  
289  465  
289  466  
289  467  
289  468  
289  469  
289  470  
289  471  
288  472  
288  473  
288  474  
288  475  
288  476  
288  477  
288  478  
288  479  
288  480  
288  481  
288  482  
288  483  
287  484  
287  485  
287  486  
287  487  
287  488  
287  489  
287  490  
287  491  
287  492  
287  493  
286  494  
286  495  
286  496  
286  497  
286  498  
286  499  
286  500  
286  501  
286  502  
286  503  
285  504  
285  505  
285  506  
285  507  
285  508  
285  509  
285  510  
285  511  
285  512  
285  513  
284  514  
284  515  
284  516  
284  517  
284  518  
284  519  
284  520  
284  521  
284  522  
284  523  
284  524  
283  525  
283  526  
283  527  
283  528  
283  529  
283  530  
283  531  
283  532  
283  533  
283  534  
282  535  
282  536  
282  537  
282  538  
282  539  
282  540  
282  541  
282  542  
282  543  
282  544  
282  545  
281  546  
281  547  
281  548  
281  549  
281  550  
281  551  
281  552  
281  553  
281  554  
280  555  
280  556  
280  557  
280  558  
280  559  
280  560  
280  561  
280  562  
279  563  
279  564  
279  565  
279  566  
279  567  
279  568  
279  569  
279  570  
279  571  
278  572  
278  573  
278  574  
278  575  
278  576  
278  577  
278  578  
278  579  
278  580  
278  581  
277  582  
277  583  
277  584  
277  585  
277  586  
277  587  
277  588  
277  589  
277  590  
277  591  
276  592  
276  593  
276  594  
276  595  
276  596  
276  597  
276  598  
276  599  
276  600  
276  601  
276  602  
276  603  
276  604  
275  605  
275  606  
275  607  
275  608  
238  379  
239  379  
240  379  
241  379  
242  379  
243  379  
244  379  
245  379  
246  379  
247  379  
248  379  
249  379  
250  379  
251  379  
252  379  
253  379  
254  379  
255  379  
256  379  
257  379  
258  379  
259  379  
260  379  
261  379  
262  379  
263  379  
264  379  
238  382  
239  382  
240  383  
241  383  
242  383  
243  383  
244  383  
245  383  
246  383  
247  383  
248  383  
249  383  
250  383  
251  383  
252  383  
253  383  
254  383  
255  383  
256  383  
257  383  
258  383  
259  383  
260  383  
261  383  
262  383  
263  383  
116  392  
116  393  
116  394  
115  395  
115  396  
115  397  
114  398  
114  399  
114  400  
113  401  
113  402  
113  403  
112  404  
112  405  
112  406  
111  407  
111  408  
111  409  
110  410  
110  411  
110  412  
109  413  
109  414  
109  415  
109  416  
108  417  
108  418  
108  419  
107  420  
107  421  
107  422  
107  423  
106  424  
106  425  
106  426  
105  427  
105  428  
105  429  
104  430  
104  431  
104  432  
104  433  
103  434  
103  435  
103  436  
102  437  
102  438  
102  439  
102  440  
101  441  
101  442  
101  443  
100  444  
100  445  
100  446  
100  447  
99  448  
99  449  
99  450  
98  451  
98  452  
98  453  
97  454  
97  455  
97  456  
96  457  
96  458  
96  459  
96  460  
95  461  
95  462  
95  463  
94  464  
94  465  
94  466  
93  467  
93  468  
93  469  
92  470  
92  471  
92  472  
92  473  
91  474  
91  475  
91  476  
90  477  
90  478  
90  479  
90  480  
89  481  
89  482  
89  483  
89  484  
88  485  
88  486  
88  487  
88  488  
87  489  
87  490  
87  491  
86  492  
86  493  
86  494  
86  495  
85  496  
85  497  
85  498  
84  499  
84  500  
84  501  
83  502  
83  503  
83  504  
83  505  
82  506  
82  507  
82  508  
81  509  
81  510  
81  511  
81  512  
80  513  
80  514  
80  515  
79  516  
79  517  
79  518  
79  519  
78  520  
78  521  
78  522  
77  523  
77  524  
77  525  
76  526  
76  527  
76  528  
75  529  
75  530  
146  401  
145  402  
145  403  
145  404  
145  405  
144  406  
144  407  
144  408  
144  409  
144  410  
143  411  
143  412  
143  413  
143  414  
142  415  
142  416  
142  417  
142  418  
141  419  
141  420  
141  421  
140  422  
140  423  
140  424  
140  425  
139  426  
139  427  
139  428  
139  429  
138  430  
138  431  
138  432  
137  433  
137  434  
137  435  
137  436  
137  437  
136  438  
136  439  
136  440  
135  441  
135  442  
135  443  
135  444  
134  445  
134  446  
134  447  
433  402  
434  403  
434  404  
434  405  
434  406  
433  407  
433  408  
433  409  
433  410  
433  411  
433  412  
433  413  
432  414  
432  415  
432  416  
432  417  
432  418  
432  419  
431  420  
431  421  
431  422  
431  423  
431  424  
431  425  
430  426  
430  427  
430  428  
430  429  
430  430  
430  431  
430  432  
429  433  
429  434  
429  435  
429  436  
429  437  
429  438  
230  416  
231  416  
232  416  
233  416  
234  416  
235  416  
236  416  
237  416  
238  416  
239  416  
240  416  
241  416  
242  416  
243  416  
244  416  
245  416  
246  416  
247  416  
248  417  
249  417  
250  417  
251  417  
252  417  
253  417  
254  417  
255  417  
256  417  
257  417  
258  417  
259  417  
260  417  
261  417  
262  417  
225  427  
226  427  
232  427  
227  428  
228  428  
229  428  
230  428  
231  428  
233  428  
234  428  
235  428  
236  428  
237  428  
238  428  
239  428  
240  428  
241  428  
242  428  
243  428  
244  428  
245  428  
246  428  
247  428  
248  428  
249  428  
250  428  
251  428  
252  428  
253  428  
254  428  
255  428  
256  428  
257  428  
258  428  
259  429  
273  429  
273  430  
273  431  
273  432  
273  433  
273  434  
272  435  
272  436  
272  437  
272  438  
272  439  
272  440  
272  441  
272  442  
272  443  
271  444  
271  445  
271  446  
271  447  
271  448  
271  449  
231  434  
232  434  
233  434  
234  434  
235  435  
236  435  
237  435  
238  435  
239  435  
240  435  
241  435  
242  435  
243  435  
244  435  
245  435  
246  435  
247  435  
248  435  
249  435  
250  435  
251  435  
252  435  
253  435  
254  435  
255  435  
256  435  
257  435  
181  443  
181  444  
181  445  
181  446  
181  447  
180  448  
180  449  
180  450  
179  451  
179  452  
179  453  
179  454  
179  455  
178  456  
178  457  
178  458  
178  459  
178  460  
178  461  
177  462  
177  463  
177  464  
176  465  
176  466  
176  467  
176  468  
231  451  
232  451  
233  451  
234  451  
235  451  
236  452  
237  452  
238  452  
239  452  
240  452  
241  452  
242  452  
243  452  
244  452  
245  452  
246  452  
247  452  
248  452  
249  452  
250  452  
251  452  
252  452  
253  452  
254  452  
255  452  
256  452  
257  452  
354  463  
355  463  
356  463  
357  463  
358  463  
359  463  
360  463  
361  463  
362  463  
363  463  
364  463  
365  463  
366  463  
367  463  
368  463  
369  463  
370  463  
371  463  
372  463  
373  463  
374  463  
375  463  
376  463  
377  463  
378  464  
379  464  
380  464  
381  464  
382  464  
383  464  
384  464  
385  464  
386  464  
387  464  
388  464  
389  464  
390  464  
391  464  
392  464  
393  464  
394  464  
395  464  
396  464  
397  464  
398  464  
399  464  
400  464  
401  464  
350  469  
351  469  
352  469  
353  469  
354  469  
355  470  
356  470  
357  470  
358  470  
359  470  
360  470  
361  470  
362  470  
363  470  
364  470  
365  470  
366  470  
367  471  
368  471  
369  471  
370  471  
371  471  
372  471  
373  471  
374  471  
375  471  
376  471  
377  471  
378  471  
379  471  
380  471  
381  471  
382  471  
383  471  
384  472  
385  472  
386  472  
387  472  
388  472  
389  472  
390  472  
391  472  
392  472  
393  472  
356  478  
357  478  
358  479  
359  479  
360  479  
361  479  
362  479  
363  479  
364  479  
365  479  
366  479  
367  479  
368  479  
369  479  
370  479  
371  479  
372  479  
373  479  
374  479  
375  479  
376  479  
377  479  
378  479  
379  480  
380  480  
381  480  
382  480  
383  480  
384  480  
385  480  
386  480  
387  480  
388  480  
389  480  
390  480  
391  480  
392  480  
393  480  
155  479  
155  480  
155  481  
155  482  
154  483  
154  484  
154  485  
154  486  
153  487  
153  488  
153  489  
153  490  
152  491  
152  492  
152  493  
151  494  
151  495  
151  496  
151  497  
151  498  
150  499  
150  500  
150  501  
150  502  
149  503  
149  504  
149  505  
149  506  
148  507  
148  508  
148  509  
148  510  
147  511  
147  512  
147  513  
147  514  
146  515  
146  516  
146  517  
146  518  
146  519  
145  520  
145  521  
145  522  
145  523  
144  524  
144  525  
144  526  
144  527  
144  528  
143  529  
143  530  
143  531  
143  532  
142  533  
142  534  
142  535  
142  536  
141  537  
141  538  
141  539  
141  540  
141  541  
140  542  
140  543  
140  544  
140  545  
140  546  
140  547  
139  548  
139  549  
139  550  
139  551  
139  552  
139  553  
138  554  
138  555  
138  556  
137  557  
137  558  
137  559  
137  560  
136  561  
136  562  
136  563  
136  564  
135  565  
135  566  
135  567  
135  568  
135  569  
135  570  
134  571  
134  572  
134  573  
134  574  
133  575  
133  576  
133  577  
133  578  
132  579  
132  580  
132  581  
132  582  
132  583  
132  584  
131  585  
131  586  
131  587  
131  588  
130  589  
130  590  
130  591  
129  592  
129  593  
129  594  
128  595  
128  596  
128  597  
128  598  
127  599  
127  600  
322  482  
321  483  
321  484  
321  485  
321  486  
321  487  
321  488  
321  489  
321  490  
321  491  
321  492  
321  493  
321  494  
321  495  
321  496  
321  497  
321  498  
321  499  
321  500  
321  501  
321  502  
321  503  
321  504  
321  505  
353  483  
354  483  
355  484  
356  484  
357  484  
358  484  
359  484  
360  484  
361  484  
362  484  
363  484  
364  484  
365  484  
366  484  
367  484  
368  484  
369  484  
370  484  
371  484  
372  484  
373  484  
374  484  
375  484  
376  484  
377  484  
378  484  
379  484  
380  484  
381  484  
382  484  
383  484  
384  485  
385  485  
386  485  
387  485  
388  485  
389  485  
390  485  
391  485  
392  485  
393  485  
394  485  
395  485  
396  485  
147  493  
147  494  
147  495  
146  496  
146  497  
146  498  
146  499  
145  500  
145  501  
145  502  
145  503  
144  504  
144  505  
144  506  
144  507  
143  508  
143  509  
143  510  
142  511  
142  512  
142  513  
141  514  
141  515  
141  516  
141  517  
141  518  
355  496  
356  496  
357  496  
358  496  
359  496  
360  496  
361  496  
362  496  
363  496  
364  496  
365  496  
366  496  
367  496  
368  496  
369  496  
370  497  
371  497  
372  497  
373  497  
374  497  
375  497  
376  497  
377  497  
378  497  
379  497  
380  497  
381  497  
382  497  
383  497  
384  497  
385  497  
386  497  
387  497  
388  497  
389  497  
390  497  
391  497  
392  497  
393  497  
394  497  
395  497  
396  497  
217  497  
218  498  
219  498  
220  498  
221  498  
222  498  
223  498  
224  498  
225  498  
226  498  
227  498  
228  498  
229  498  
230  498  
231  498  
232  498  
233  498  
234  498  
235  499  
236  499  
237  499  
238  499  
239  499  
240  499  
241  499  
242  499  
243  499  
244  499  
245  499  
246  499  
247  499  
248  499  
249  499  
250  499  
251  499  
428  497  
428  498  
428  499  
428  500  
428  501  
428  502  
428  503  
428  504  
428  505  
428  506  
428  507  
427  508  
427  509  
427  510  
427  511  
427  512  
427  513  
427  514  
427  515  
427  516  
427  517  
427  518  
427  519  
427  520  
427  521  
427  522  
427  523  
427  524  
427  525  
427  526  
426  527  
426  528  
426  529  
426  530  
426  531  
426  532  
426  533  
426  534  
426  535  
426  536  
426  537  
426  538  
426  539  
426  540  
426  541  
426  542  
426  543  
426  544  
426  545  
426  546  
426  547  
426  548  
426  549  
426  550  
426  551  
426  552  
426  553  
426  554  
426  555  
426  556  
426  557  
426  558  
426  559  
425  560  
425  561  
425  562  
425  563  
425  564  
425  565  
425  566  
425  567  
425  568  
425  569  
425  570  
425  571  
425  572  
425  573  
425  574  
425  575  
264  501  
264  502  
264  503  
264  504  
264  505  
264  506  
264  507  
264  508  
264  509  
263  510  
263  511  
263  512  
263  513  
263  514  
263  515  
263  516  
263  517  
263  518  
263  519  
263  520  
262  521  
262  522  
262  523  
417  508  
416  509  
416  510  
416  511  
416  512  
416  513  
416  514  
416  515  
416  516  
416  517  
416  518  
416  519  
416  520  
416  521  
416  522  
416  523  
416  524  
416  525  
416  526  
416  527  
416  528  
415  529  
415  530  
415  531  
415  532  
415  533  
415  534  
415  535  
415  536  
415  537  
415  538  
415  539  
415  540  
415  541  
415  542  
415  543  
415  544  
415  545  
415  546  
415  547  
415  548  
415  549  
415  550  
415  551  
415  552  
415  553  
415  554  
415  555  
415  556  
415  557  
415  558  
415  559  
415  560  
415  561  
416  562  
416  563  
416  564  
416  565  
416  566  
416  567  
416  568  
416  569  
417  570  
417  571  
417  572  
417  573  
417  574  
416  575  
359  518  
360  519  
361  519  
362  519  
363  519  
364  519  
365  519  
366  519  
367  519  
368  519  
369  519  
370  519  
371  519  
372  519  
373  519  
374  519  
375  519  
376  519  
377  519  
378  519  
379  519  
380  519  
381  519  
382  519  
383  520  
384  520  
385  520  
386  520  
387  520  
388  520  
389  520  
390  520  
391  520  
392  520  
393  520  
394  520  
219  523  
220  523  
221  523  
222  523  
223  524  
224  524  
225  524  
226  524  
227  524  
228  524  
229  524  
230  524  
231  524  
232  524  
233  524  
234  524  
235  524  
236  524  
237  524  
238  524  
239  524  
240  524  
241  524  
242  524  
243  524  
244  525  
245  525  
246  525  
247  525  
398  524  
398  525  
398  526  
398  527  
398  528  
398  529  
398  530  
398  531  
398  532  
398  533  
398  534  
398  535  
398  536  
398  537  
398  538  
398  539  
398  540  
398  541  
399  542  
399  543  
399  544  
358  525  
359  525  
360  525  
361  525  
362  525  
363  525  
364  525  
365  525  
366  525  
367  525  
368  525  
369  525  
370  525  
371  525  
372  526  
373  526  
374  526  
375  526  
376  526  
377  526  
378  526  
379  526  
380  526  
381  526  
382  526  
383  526  
384  526  
385  526  
386  526  
387  526  
388  526  
389  526  
390  526  
391  526  
392  526  
393  526  
394  526  
402  531  
402  532  
402  533  
402  534  
402  535  
402  536  
402  537  
402  538  
402  539  
402  540  
402  541  
402  542  
402  543  
402  544  
402  545  
402  546  
403  547  
403  548  
403  549  
403  550  
403  551  
403  552  
74  532  
74  533  
74  534  
73  535  
73  536  
73  537  
72  538  
72  539  
72  540  
71  541  
71  542  
71  543  
71  544  
70  545  
70  546  
70  547  
69  548  
69  549  
69  550  
68  551  
68  552  
68  553  
67  554  
67  555  
67  556  
66  557  
66  558  
66  559  
66  560  
65  561  
65  562  
65  563  
64  564  
64  565  
64  566  
64  567  
63  568  
63  569  
63  570  
63  571  
62  572  
62  573  
62  574  
62  575  
61  576  
61  577  
61  578  
61  579  
60  580  
60  581  
60  582  
59  583  
59  584  
59  585  
58  586  
58  587  
58  588  
58  589  
57  590  
57  591  
57  592  
56  593  
56  594  
56  595  
56  596  
55  597  
55  598  
55  599  
54  600  
54  601  
54  602  
53  603  
53  604  
53  605  
53  606  
52  607  
52  608  
345  537  
346  537  
347  537  
348  537  
349  537  
350  537  
351  537  
352  537  
353  537  
354  537  
355  537  
356  537  
357  537  
358  537  
359  537  
360  537  
361  537  
362  537  
363  537  
364  538  
365  538  
366  538  
367  538  
368  538  
369  538  
370  538  
371  538  
372  538  
373  538  
374  538  
375  538  
376  538  
377  538  
378  538  
379  538  
380  538  
381  538  
382  538  
383  538  
384  538  
385  538  
386  538  
387  538  
388  538  
389  539  
390  539  
391  539  
392  539  
393  539  
394  539  
395  539  
346  549  
347  549  
348  549  
349  549  
350  549  
351  549  
352  549  
353  549  
354  549  
355  549  
356  549  
357  549  
358  549  
359  549  
360  549  
361  549  
362  549  
363  550  
364  550  
365  550  
366  550  
367  550  
368  550  
369  550  
370  550  
371  550  
372  550  
373  550  
374  550  
375  550  
376  550  
377  550  
378  550  
379  550  
380  550  
381  550  
382  550  
383  550  
384  550  
385  550  
386  550  
387  551  
388  551  
389  551  
390  551  
391  551  
392  551  
344  553  
345  553  
346  553  
347  553  
348  553  
349  553  
350  553  
351  553  
352  553  
353  553  
354  553  
355  553  
356  553  
357  553  
358  553  
359  553  
360  553  
361  553  
362  553  
363  553  
364  554  
365  554  
366  554  
367  554  
368  554  
369  554  
370  554  
371  554  
372  554  
373  554  
374  554  
375  554  
376  554  
377  554  
378  554  
379  554  
380  554  
381  554  
382  554  
383  554  
384  554  
385  554  
386  555  
387  555  
388  555  
389  555  
390  555  
391  555  
392  555  
393  555  
394  555  
395  555  
206  560  
207  560  
208  560  
209  560  
210  561  
211  561  
212  561  
213  561  
214  561  
215  561  
216  561  
217  561  
218  561  
219  561  
220  561  
221  561  
222  561  
223  561  
224  561  
225  561  
226  561  
227  561  
228  561  
229  561  
230  562  
231  562  
232  562  
233  562  
234  562  
235  562  
236  562  
237  562  
238  562  
239  562  
240  562  
241  562  
242  562  
243  562  
349  561  
350  561  
351  561  
352  561  
353  561  
354  561  
355  561  
356  561  
357  561  
358  561  
359  561  
360  561  
361  561  
362  561  
363  561  
364  561  
365  561  
366  561  
367  561  
368  561  
369  561  
370  561  
371  561  
372  562  
373  562  
374  562  
375  562  
376  562  
377  562  
378  562  
379  562  
380  562  
381  562  
382  562  
383  562  
384  562  
385  562  
386  562  
387  562  
388  562  
389  562  
390  562  
391  562  
392  563  
393  563  
394  563  
395  563  
396  563  
397  563  
398  563  
117  563  
117  564  
117  565  
116  566  
116  567  
116  568  
115  569  
115  570  
115  571  
114  572  
114  573  
114  574  
114  575  
114  576  
114  577  
113  578  
113  579  
113  580  
113  581  
113  582  
132  563  
132  564  
132  565  
132  566  
132  567  
131  568  
131  569  
131  570  
130  571  
130  572  
130  573  
130  574  
129  575  
129  576  
129  577  
129  578  
129  579  
129  580  
128  581  
128  582  
128  583  
128  584  
127  585  
127  586  
127  587  
127  588  
126  589  
126  590  
126  591  
125  592  
125  593  
125  594  
257  564  
257  565  
257  566  
257  567  
256  568  
256  569  
256  570  
256  571  
256  572  
256  573  
256  574  
256  575  
255  576  
255  577  
255  578  
255  579  
255  580  
255  581  
255  582  
255  583  
254  584  
254  585  
254  586  
254  587  
254  588  
254  589  
345  565  
346  565  
347  565  
348  565  
349  565  
350  565  
351  565  
352  565  
353  565  
354  566  
355  566  
356  566  
357  566  
358  566  
359  566  
360  566  
361  566  
362  566  
363  566  
364  566  
365  566  
366  566  
367  566  
368  566  
369  566  
370  566  
371  566  
372  566  
373  566  
374  567  
375  567  
376  567  
377  567  
378  567  
379  567  
380  567  
381  567  
382  567  
383  567  
384  567  
385  567  
386  567  
387  567  
388  567  
389  567  
390  567  
391  567  
392  567  
393  567  
394  567  
344  569  
345  569  
346  569  
347  569  
348  569  
349  569  
350  569  
351  569  
352  570  
353  570  
354  570  
355  570  
356  570  
357  570  
358  570  
359  570  
360  570  
361  570  
362  570  
363  570  
364  570  
365  570  
366  570  
367  570  
368  570  
369  571  
370  571  
371  571  
372  571  
373  571  
374  571  
375  571  
376  571  
377  571  
378  571  
379  571  
380  571  
381  571  
382  571  
383  571  
384  571  
385  571  
386  571  
387  571  
388  571  
389  571  
390  571  
391  571  
392  571  
393  571  
394  571  
395  571  
396  572  
397  572  
398  572  
399  572  
400  572  
401  572  
341  576  
342  576  
343  577  
344  577  
345  577  
346  577  
347  577  
348  577  
349  577  
350  577  
351  577  
352  578  
353  578  
354  578  
355  578  
356  578  
357  578  
358  578  
359  578  
360  578  
361  578  
362  578  
363  578  
364  578  
365  578  
366  578  
367  578  
368  579  
369  579  
370  579  
371  579  
372  579  
373  579  
374  579  
375  579  
376  579  
377  579  
378  579  
379  579  
380  579  
381  579  
382  579  
383  579  
384  579  
385  579  
386  579  
387  579  
388  579  
389  579  
390  579  
391  579  
392  579  
393  579  
394  579  
395  580  
396  580  
397  580  
398  580  
124  579  
124  580  
124  581  
124  582  
124  583  
123  584  
123  585  
123  586  
123  587  
123  588  
122  589  
122  590  
122  591  
121  592  
121  593  
121  594  
120  595  
120  596  
120  597  
119  598  
119  599  
430  580  
430  581  
430  582  
430  583  
429  584  
429  585  
429  586  
429  587  
429  588  
429  589  
429  590  
429  591  
429  592  
429  593  
429  594  
429  595  
429  596  
429  597  
429  598  
428  599  
428  600  
428  601  
428  602  
428  603  
428  604  
428  605  
428  606  
428  607  
428  608  
345  582  
346  582  
347  582  
348  582  
349  582  
350  582  
351  582  
352  582  
353  582  
354  582  
355  583  
356  583  
357  583  
358  583  
359  583  
360  583  
361  583  
362  583  
363  583  
364  583  
365  583  
366  583  
367  583  
368  583  
369  583  
370  583  
371  583  
372  583  
373  583  
374  583  
375  584  
376  584  
377  584  
378  584  
379  584  
380  584  
381  584  
382  584  
383  584  
384  584  
385  584  
386  584  
387  584  
388  584  
389  584  
390  584  
391  584  
392  584  
393  584  
394  584  
395  584  
400  584  
396  585  
397  585  
398  585  
399  585  
343  586  
344  586  
345  586  
346  586  
347  586  
348  586  
349  586  
350  586  
351  586  
352  586  
353  586  
354  586  
355  586  
356  587  
357  587  
358  587  
359  587  
360  587  
361  587  
362  587  
363  587  
364  587  
365  587  
366  587  
367  587  
368  587  
369  587  
370  587  
371  587  
372  587  
373  587  
374  587  
375  587  
376  588  
377  588  
378  588  
379  588  
380  588  
381  588  
382  588  
383  588  
384  588  
385  588  
386  588  
387  588  
388  588  
389  588  
390  588  
391  588  
392  588  
393  588  
394  588  
395  588  
396  589  
397  589  
398  589  
399  589  
400  589  
401  589  
402  589  
403  589  
404  589  
405  590  
406  590  
407  590  
408  590  
409  590  
410  590  
411  590  
412  590  
413  590  
414  590  
202  589  
203  589  
204  589  
205  589  
206  589  
207  589  
208  589  
209  589  
210  589  
211  589  
212  589  
213  589  
214  589  
215  589  
216  589  
217  589  
218  589  
219  590  
220  590  
221  590  
222  590  
223  590  
224  590  
225  590  
226  590  
227  590  
228  590  
229  590  
230  590  
231  590  
232  590  
233  590  
234  590  
235  590  
236  591  
237  591  
238  591  
344  597  
345  597  
346  597  
347  597  
348  597  
349  597  
350  597  
351  597  
352  597  
353  597  
354  597  
355  597  
356  597  
357  598  
358  598  
359  598  
360  598  
361  598  
362  598  
363  598  
364  598  
365  598  
366  598  
367  598  
368  598  
369  598  
370  598  
371  598  
372  598  
373  598  
374  598  
375  599  
376  599  
377  599  
378  599  
379  599  
380  599  
381  599  
382  599  
383  599  
384  599  
385  599  
386  599  
387  599  
388  599  
389  599  
390  599  
391  599  
392  599  
393  599  
394  599  
395  599  
396  599  
397  600  
398  600  
399  600  
345  602  
346  602  
347  602  
348  602  
349  602  
350  602  
351  602  
352  602  
353  602  
354  602  
355  602  
356  602  
357  602  
358  602  
359  602  
360  602  
361  603  
362  603  
363  603  
364  603  
365  603  
366  603  
367  603  
368  603  
369  603  
370  603  
371  603  
372  603  
373  603  
374  603  
375  603  
376  603  
377  603  
378  603  
379  604  
380  604  
381  604  
382  604  
383  604  
384  604  
385  604  
386  604  
387  604  
388  604  
389  604  
390  604  
391  604  
392  604  
393  604  
394  604  
395  604  
396  605  
397  605  
398  605  
399  605  
400  605  
401  605  
402  605  
403  605  
404  605  
405  605  
406  605  
407  605  
408  605  
409  605  
410  605  
411  605  
412  605  
413  605  
414  605  
415  605  
416  605  
417  605  
418  605  
419  605  
163  605  
164  605  
165  605  
166  605  
167  605  
168  605  
169  605  
170  605  
171  605  
172  605  
173  605  
174  605  
175  606  
176  606  
177  606  
178  606  
179  606  
180  606  
181  606  
182  606  
183  606  
184  606  
185  606  
186  606  
187  606  
188  606  
189  606  
190  607  
191  607  
192  607  
193  607  
194  607  
195  607  
196  607  
197  607  
198  607  
199  607  
200  607  
201  607  
202  607  
203  607  
204  607  
205  607  
206  607  
207  608  
208  608  
209  608  
210  608  
211  608  
212  608  
213  608  
214  608  
215  608  
216  608  
217  608  
218  608  
219  608  
220  608  
221  608  
222  608  
223  608  
