303  32  
304  32  
305  32  
306  32  
307  32  
308  32  
309  32  
310  32  
311  32  
312  32  
292  33  
293  33  
294  33  
295  33  
296  33  
297  33  
298  33  
299  33  
300  33  
301  33  
302  33  
281  34  
282  34  
283  34  
284  34  
285  34  
286  34  
287  34  
288  34  
289  34  
290  34  
291  34  
271  35  
272  35  
273  35  
274  35  
275  35  
276  35  
277  35  
278  35  
279  35  
280  35  
262  36  
263  36  
264  36  
265  36  
266  36  
267  36  
268  36  
269  36  
270  36  
401  32  
401  33  
402  34  
402  35  
402  36  
402  37  
402  38  
402  39  
402  40  
402  41  
402  42  
402  43  
402  44  
403  45  
403  46  
403  47  
403  48  
403  49  
403  50  
404  51  
404  52  
404  53  
404  54  
404  55  
405  32  
405  33  
405  34  
405  35  
405  36  
405  37  
405  38  
406  39  
406  40  
406  41  
406  42  
406  43  
406  44  
406  45  
406  46  
407  47  
407  48  
407  49  
407  50  
407  51  
407  52  
409  32  
409  33  
409  34  
409  35  
409  36  
409  37  
409  38  
409  39  
409  40  
409  41  
410  42  
410  43  
410  44  
410  45  
410  46  
410  47  
410  48  
411  49  
411  50  
411  51  
411  52  
411  53  
411  54  
182  39  
181  40  
180  41  
180  42  
179  43  
179  44  
178  45  
177  46  
177  47  
176  48  
175  49  
175  50  
174  51  
173  52  
173  53  
172  54  
171  55  
171  56  
170  57  
169  58  
169  59  
168  60  
168  61  
167  62  
166  63  
166  64  
165  65  
164  66  
164  67  
163  68  
162  69  
162  70  
161  71  
160  72  
160  73  
159  74  
159  75  
158  76  
157  77  
157  78  
156  79  
156  80  
155  81  
154  82  
154  83  
153  84  
153  85  
152  86  
151  87  
151  88  
150  89  
149  90  
149  91  
387  44  
387  45  
387  46  
387  47  
387  48  
387  49  
387  50  
387  51  
386  52  
386  53  
386  54  
386  55  
386  56  
386  57  
386  58  
386  59  
386  60  
386  61  
386  62  
386  63  
385  64  
385  65  
385  66  
385  67  
385  68  
385  69  
385  70  
385  71  
385  72  
385  73  
385  74  
384  75  
384  76  
384  77  
384  78  
384  79  
384  80  
384  81  
383  82  
383  83  
383  84  
383  85  
383  86  
147  54  
148  54  
149  54  
137  55  
138  55  
139  55  
140  55  
141  55  
142  55  
143  55  
144  55  
145  55  
146  55  
150  55  
151  55  
152  55  
126  56  
127  56  
128  56  
129  56  
130  56  
131  56  
132  56  
133  56  
134  56  
135  56  
136  56  
115  57  
116  57  
117  57  
118  57  
119  57  
120  57  
121  57  
122  57  
123  57  
124  57  
125  57  
105  58  
106  58  
107  58  
108  58  
109  58  
110  58  
111  58  
112  58  
113  58  
114  58  
93  59  
94  59  
95  59  
96  59  
97  59  
98  59  
99  59  
100  59  
101  59  
102  59  
103  59  
104  59  
82  60  
83  60  
84  60  
85  60  
86  60  
87  60  
88  60  
89  60  
90  60  
91  60  
92  60  
72  61  
73  61  
74  61  
75  61  
76  61  
77  61  
78  61  
79  61  
80  61  
81  61  
61  62  
62  62  
63  62  
64  62  
65  62  
66  62  
67  62  
68  62  
69  62  
70  62  
71  62  
51  63  
52  63  
53  63  
54  63  
55  63  
56  63  
57  63  
58  63  
59  63  
60  63  
37  64  
38  64  
39  64  
40  64  
41  64  
42  64  
43  64  
44  64  
45  64  
46  64  
47  64  
48  64  
49  64  
50  64  
32  65  
33  65  
34  65  
35  65  
36  65  
151  62  
150  63  
150  64  
149  65  
148  66  
147  67  
147  68  
146  69  
146  70  
145  71  
144  72  
143  73  
143  74  
142  75  
141  76  
141  77  
140  78  
139  79  
139  80  
138  81  
137  82  
233  74  
234  74  
235  74  
236  74  
237  74  
238  74  
239  74  
240  74  
241  74  
242  74  
243  74  
215  75  
216  75  
217  75  
218  75  
219  75  
220  75  
221  75  
222  75  
223  75  
224  75  
225  75  
226  75  
227  75  
228  75  
229  75  
230  75  
231  75  
232  75  
213  76  
214  76  
429  78  
430  78  
431  79  
432  79  
433  79  
434  80  
435  80  
436  80  
437  81  
438  81  
439  81  
440  82  
441  82  
442  82  
443  82  
444  83  
445  83  
446  83  
447  83  
448  83  
362  82  
363  82  
364  82  
365  82  
366  82  
367  82  
368  82  
369  82  
370  82  
349  83  
350  83  
351  83  
352  83  
353  83  
354  83  
355  83  
356  83  
357  83  
358  83  
359  83  
360  83  
361  83  
330  84  
331  84  
332  84  
333  84  
334  84  
335  84  
336  84  
337  84  
338  84  
339  84  
340  84  
341  84  
342  84  
343  84  
344  84  
345  84  
346  84  
347  84  
348  84  
316  85  
317  85  
318  85  
319  85  
320  85  
321  85  
322  85  
323  85  
324  85  
325  85  
326  85  
327  85  
328  85  
329  85  
304  86  
305  86  
306  86  
307  86  
308  86  
309  86  
310  86  
311  86  
312  86  
313  86  
314  86  
315  86  
293  87  
294  87  
295  87  
296  87  
297  87  
298  87  
299  87  
300  87  
301  87  
302  87  
303  87  
280  88  
281  88  
282  88  
283  88  
284  88  
285  88  
286  88  
287  88  
288  88  
289  88  
290  88  
291  88  
292  88  
272  89  
273  89  
274  89  
275  89  
276  89  
277  89  
278  89  
279  89  
262  90  
263  90  
264  90  
265  90  
266  90  
267  90  
268  90  
269  90  
270  90  
271  90  
238  84  
239  84  
223  85  
224  85  
225  85  
226  85  
227  85  
228  85  
229  85  
230  85  
231  85  
232  85  
233  85  
234  85  
235  85  
236  85  
237  85  
214  86  
215  86  
216  86  
217  86  
218  86  
219  86  
220  86  
221  86  
222  86  
208  87  
209  87  
210  87  
211  87  
212  87  
213  87  
401  88  
402  88  
403  88  
404  88  
405  88  
406  88  
407  88  
408  88  
409  88  
410  88  
411  88  
412  88  
413  88  
393  89  
394  89  
395  89  
396  89  
397  89  
398  89  
399  89  
400  89  
119  89  
120  89  
121  89  
122  89  
123  89  
124  89  
125  89  
126  89  
127  89  
128  89  
129  89  
106  90  
107  90  
108  90  
109  90  
110  90  
111  90  
112  90  
113  90  
114  90  
115  90  
116  90  
117  90  
118  90  
99  91  
100  91  
101  91  
102  91  
103  91  
104  91  
105  91  
88  92  
89  92  
90  92  
91  92  
92  92  
93  92  
94  92  
95  92  
96  92  
97  92  
98  92  
78  93  
79  93  
80  93  
81  93  
82  93  
83  93  
84  93  
85  93  
86  93  
87  93  
66  94  
67  94  
68  94  
69  94  
70  94  
71  94  
72  94  
73  94  
74  94  
75  94  
76  94  
77  94  
55  95  
56  95  
57  95  
58  95  
59  95  
60  95  
61  95  
62  95  
63  95  
64  95  
65  95  
43  96  
44  96  
45  96  
46  96  
47  96  
48  96  
49  96  
50  96  
51  96  
52  96  
53  96  
54  96  
32  97  
33  97  
34  97  
35  97  
36  97  
37  97  
38  97  
39  97  
40  97  
41  97  
42  97  
235  91  
236  91  
237  91  
238  91  
239  91  
240  91  
241  91  
242  91  
243  91  
244  91  
245  91  
246  91  
247  91  
248  91  
249  91  
250  91  
251  91  
252  91  
223  92  
224  92  
225  92  
226  92  
227  92  
228  92  
229  92  
230  92  
231  92  
232  92  
233  92  
234  92  
215  93  
216  93  
217  93  
218  93  
219  93  
220  93  
221  93  
222  93  
209  94  
210  94  
211  94  
212  94  
213  94  
214  94  
119  93  
120  93  
121  93  
122  93  
123  93  
124  93  
108  94  
109  94  
110  94  
111  94  
112  94  
113  94  
114  94  
115  94  
116  94  
117  94  
118  94  
97  95  
98  95  
99  95  
100  95  
101  95  
102  95  
103  95  
104  95  
105  95  
106  95  
107  95  
92  96  
93  96  
94  96  
95  96  
96  96  
76  97  
77  97  
78  97  
79  97  
80  97  
81  97  
82  97  
83  97  
84  97  
85  97  
65  98  
66  98  
67  98  
68  98  
69  98  
70  98  
71  98  
72  98  
73  98  
74  98  
75  98  
53  99  
54  99  
55  99  
56  99  
57  99  
58  99  
59  99  
60  99  
61  99  
62  99  
63  99  
64  99  
42  100  
43  100  
44  100  
45  100  
46  100  
47  100  
48  100  
49  100  
50  100  
51  100  
52  100  
32  101  
33  101  
34  101  
35  101  
36  101  
37  101  
38  101  
39  101  
40  101  
41  101  
103  98  
103  99  
103  100  
103  101  
104  102  
104  103  
104  104  
104  105  
104  106  
105  107  
105  108  
105  109  
105  110  
105  111  
105  112  
106  113  
106  114  
106  115  
106  116  
106  117  
106  118  
107  119  
107  120  
190  98  
177  99  
178  99  
179  99  
180  99  
181  99  
182  99  
183  99  
184  99  
185  99  
186  99  
187  99  
188  99  
189  99  
191  99  
170  100  
171  100  
172  100  
173  100  
174  100  
175  100  
176  100  
94  99  
94  100  
94  101  
95  102  
95  103  
95  104  
95  105  
95  106  
95  107  
96  108  
96  109  
96  110  
96  111  
96  112  
97  113  
97  114  
97  115  
97  116  
97  117  
98  118  
98  119  
98  120  
98  121  
98  122  
98  123  
99  124  
99  125  
99  126  
99  127  
99  128  
100  129  
100  130  
100  131  
100  132  
100  133  
90  101  
90  102  
90  103  
91  104  
91  105  
91  106  
91  107  
91  108  
92  109  
92  110  
92  111  
92  112  
92  113  
93  114  
93  115  
93  116  
93  117  
93  118  
93  119  
94  120  
94  121  
94  122  
94  123  
94  124  
95  125  
95  126  
95  127  
95  128  
95  129  
96  130  
96  131  
96  132  
96  133  
96  134  
165  103  
164  104  
164  105  
163  106  
163  107  
162  108  
161  109  
161  110  
160  111  
159  112  
159  113  
158  114  
158  115  
157  116  
156  117  
156  118  
155  119  
155  120  
154  121  
153  122  
193  104  
192  105  
191  106  
191  107  
190  108  
190  109  
189  110  
189  111  
188  112  
188  113  
187  114  
187  115  
186  116  
186  117  
185  118  
185  119  
184  120  
184  121  
183  122  
183  123  
125  105  
124  106  
124  107  
123  108  
123  109  
122  110  
121  111  
120  112  
120  113  
119  114  
118  115  
118  116  
117  117  
116  118  
115  119  
115  120  
114  121  
113  122  
112  123  
112  124  
111  125  
111  126  
111  127  
439  105  
440  105  
441  105  
442  105  
443  105  
444  105  
445  105  
446  105  
447  105  
448  105  
429  106  
430  106  
431  106  
432  106  
433  106  
434  106  
435  106  
436  106  
437  106  
438  106  
234  106  
235  106  
236  106  
237  106  
238  106  
239  106  
240  106  
241  106  
242  106  
243  106  
244  106  
245  106  
220  107  
221  107  
222  107  
223  107  
224  107  
225  107  
226  107  
227  107  
228  107  
229  107  
230  107  
231  107  
232  107  
233  107  
246  107  
203  108  
204  108  
205  108  
206  108  
207  108  
208  108  
209  108  
210  108  
211  108  
212  108  
213  108  
214  108  
215  108  
216  108  
217  108  
218  108  
219  108  
246  108  
244  109  
245  109  
229  113  
230  113  
231  113  
232  113  
233  113  
234  113  
235  113  
236  113  
237  113  
218  114  
219  114  
220  114  
221  114  
222  114  
223  114  
224  114  
225  114  
226  114  
227  114  
228  114  
205  115  
206  115  
207  115  
208  115  
209  115  
210  115  
211  115  
212  115  
213  115  
214  115  
215  115  
216  115  
217  115  
198  116  
199  116  
200  116  
201  116  
202  116  
203  116  
204  116  
423  113  
422  114  
422  115  
422  116  
422  117  
422  118  
422  119  
422  120  
422  121  
422  122  
422  123  
422  124  
422  125  
422  126  
422  127  
422  128  
422  129  
422  130  
422  131  
422  132  
422  133  
422  134  
422  135  
423  136  
423  137  
423  138  
423  139  
423  140  
423  141  
423  142  
423  143  
423  144  
423  145  
423  146  
324  114  
325  114  
329  114  
330  114  
331  114  
332  114  
333  114  
312  115  
313  115  
314  115  
315  115  
316  115  
317  115  
318  115  
319  115  
320  115  
321  115  
322  115  
323  115  
326  115  
327  115  
328  115  
303  116  
304  116  
305  116  
306  116  
307  116  
308  116  
309  116  
310  116  
311  116  
328  118  
314  119  
315  119  
316  119  
317  119  
318  119  
319  119  
320  119  
321  119  
322  119  
323  119  
324  119  
325  119  
326  119  
327  119  
299  120  
300  120  
301  120  
302  120  
303  120  
304  120  
305  120  
306  120  
307  120  
308  120  
309  120  
310  120  
311  120  
312  120  
313  120  
287  121  
288  121  
289  121  
290  121  
291  121  
292  121  
293  121  
294  121  
295  121  
296  121  
297  121  
298  121  
275  122  
276  122  
277  122  
278  122  
279  122  
280  122  
281  122  
282  122  
283  122  
284  122  
285  122  
286  122  
254  123  
255  123  
256  123  
257  123  
258  123  
259  123  
260  123  
261  123  
262  123  
263  123  
264  123  
265  123  
266  123  
267  123  
268  123  
269  123  
270  123  
271  123  
272  123  
273  123  
274  123  
243  124  
246  124  
247  124  
248  124  
249  124  
250  124  
251  124  
252  124  
253  124  
244  125  
245  125  
225  123  
226  123  
227  123  
228  123  
229  123  
230  123  
231  123  
232  123  
233  123  
211  124  
212  124  
213  124  
214  124  
215  124  
216  124  
217  124  
218  124  
219  124  
220  124  
221  124  
222  124  
223  124  
224  124  
203  125  
204  125  
205  125  
206  125  
207  125  
208  125  
209  125  
210  125  
172  127  
173  127  
174  127  
175  127  
176  127  
177  127  
157  128  
158  128  
159  128  
160  128  
161  128  
162  128  
163  128  
164  128  
165  128  
166  128  
167  128  
168  128  
169  128  
170  128  
171  128  
154  129  
155  129  
156  129  
110  134  
109  135  
109  136  
108  137  
108  138  
107  139  
106  140  
106  141  
105  142  
104  143  
104  144  
103  145  
102  146  
102  147  
101  148  
100  149  
100  150  
99  151  
99  152  
98  153  
97  154  
97  155  
96  156  
95  157  
95  158  
94  159  
93  160  
93  161  
92  162  
91  163  
212  136  
213  136  
214  136  
215  136  
216  136  
217  136  
218  136  
219  136  
220  136  
221  136  
222  136  
223  136  
224  136  
225  136  
226  136  
227  136  
204  137  
205  137  
206  137  
207  137  
208  137  
209  137  
210  137  
211  137  
221  139  
222  139  
223  139  
224  139  
225  139  
226  139  
227  139  
228  139  
229  139  
230  139  
231  139  
232  139  
233  139  
234  139  
235  139  
214  140  
215  140  
216  140  
217  140  
218  140  
219  140  
220  140  
204  141  
205  141  
206  141  
207  141  
208  141  
209  141  
210  141  
211  141  
212  141  
213  141  
404  146  
405  146  
406  146  
407  146  
408  146  
409  146  
410  146  
411  146  
412  146  
413  146  
414  146  
389  147  
390  147  
391  147  
392  147  
393  147  
394  147  
395  147  
396  147  
397  147  
398  147  
399  147  
400  147  
401  147  
402  147  
403  147  
374  148  
375  148  
376  148  
377  148  
378  148  
379  148  
380  148  
381  148  
382  148  
383  148  
384  148  
385  148  
386  148  
387  148  
388  148  
359  149  
360  149  
361  149  
362  149  
363  149  
364  149  
365  149  
366  149  
367  149  
368  149  
369  149  
370  149  
371  149  
372  149  
373  149  
349  150  
350  150  
351  150  
352  150  
353  150  
354  150  
355  150  
356  150  
357  150  
358  150  
348  151  
330  148  
331  148  
332  148  
333  148  
334  148  
335  148  
336  148  
337  148  
338  148  
312  149  
313  149  
314  149  
315  149  
316  149  
317  149  
318  149  
319  149  
320  149  
321  149  
322  149  
323  149  
324  149  
325  149  
326  149  
327  149  
328  149  
329  149  
299  150  
300  150  
301  150  
302  150  
303  150  
304  150  
305  150  
306  150  
307  150  
308  150  
309  150  
310  150  
311  150  
290  151  
291  151  
292  151  
293  151  
294  151  
295  151  
296  151  
297  151  
298  151  
32  149  
32  150  
32  151  
32  152  
32  153  
32  154  
33  155  
33  156  
33  157  
33  158  
34  159  
34  160  
34  161  
34  162  
34  163  
35  164  
35  165  
35  166  
35  167  
35  168  
36  169  
36  170  
36  171  
37  172  
37  173  
37  174  
37  175  
232  150  
233  150  
234  150  
235  150  
236  150  
237  150  
238  150  
226  151  
227  151  
228  151  
229  151  
230  151  
231  151  
204  152  
209  152  
210  152  
211  152  
212  152  
213  152  
214  152  
215  152  
216  152  
217  152  
218  152  
219  152  
220  152  
221  152  
222  152  
223  152  
224  152  
225  152  
205  153  
206  153  
207  153  
208  153  
286  154  
287  154  
288  154  
289  154  
290  154  
291  154  
292  154  
293  154  
271  155  
272  155  
273  155  
274  155  
275  155  
276  155  
277  155  
278  155  
279  155  
280  155  
281  155  
282  155  
283  155  
284  155  
285  155  
258  156  
259  156  
260  156  
261  156  
262  156  
263  156  
264  156  
265  156  
266  156  
267  156  
268  156  
269  156  
270  156  
242  157  
243  157  
248  157  
249  157  
250  157  
251  157  
252  157  
253  157  
254  157  
255  157  
256  157  
257  157  
232  158  
233  158  
234  158  
235  158  
236  158  
237  158  
238  158  
239  158  
240  158  
241  158  
244  158  
245  158  
246  158  
247  158  
218  159  
219  159  
220  159  
221  159  
222  159  
223  159  
224  159  
225  159  
226  159  
227  159  
228  159  
229  159  
230  159  
231  159  
204  160  
205  160  
206  160  
207  160  
208  160  
209  160  
210  160  
211  160  
212  160  
213  160  
214  160  
215  160  
216  160  
217  160  
193  161  
194  161  
195  161  
196  161  
197  161  
198  161  
199  161  
200  161  
201  161  
202  161  
203  161  
436  158  
436  159  
436  160  
436  161  
436  162  
435  163  
435  164  
435  165  
435  166  
435  167  
435  168  
435  169  
435  170  
435  171  
435  172  
435  173  
435  174  
435  175  
435  176  
435  177  
435  178  
436  179  
177  164  
178  164  
179  164  
180  164  
181  164  
182  164  
183  164  
164  165  
165  165  
166  165  
167  165  
168  165  
169  165  
170  165  
171  165  
172  165  
173  165  
174  165  
175  165  
176  165  
160  166  
161  166  
162  166  
163  166  
131  172  
130  173  
129  174  
129  175  
128  176  
128  177  
127  178  
126  179  
126  180  
125  181  
125  182  
124  183  
124  184  
123  185  
123  186  
122  187  
121  188  
121  189  
120  190  
120  191  
119  192  
119  193  
118  194  
118  195  
117  196  
117  197  
116  198  
116  199  
115  200  
114  201  
114  202  
114  203  
113  204  
112  205  
112  206  
111  207  
110  208  
110  209  
109  210  
109  211  
108  212  
108  213  
107  214  
106  215  
106  216  
105  217  
105  218  
104  219  
104  220  
103  221  
102  222  
102  223  
101  224  
101  225  
100  226  
99  227  
99  228  
98  229  
98  230  
97  231  
96  232  
96  233  
95  234  
95  235  
94  236  
94  237  
93  238  
93  239  
92  240  
92  241  
91  242  
91  243  
90  244  
90  245  
89  246  
88  247  
88  248  
87  249  
87  250  
412  178  
413  178  
414  178  
415  178  
416  178  
396  179  
397  179  
398  179  
399  179  
400  179  
401  179  
402  179  
403  179  
404  179  
405  179  
406  179  
407  179  
408  179  
409  179  
410  179  
411  179  
389  180  
390  180  
391  180  
392  180  
393  180  
394  180  
395  180  
77  185  
78  186  
78  187  
78  188  
78  189  
78  190  
78  191  
79  192  
79  193  
79  194  
79  195  
80  196  
80  197  
80  198  
80  199  
80  200  
81  201  
81  202  
81  203  
81  204  
81  205  
82  206  
82  207  
82  208  
82  209  
82  210  
83  211  
83  212  
83  213  
83  214  
83  215  
84  216  
84  217  
84  218  
84  219  
84  220  
85  221  
85  222  
85  223  
85  224  
86  225  
86  226  
86  227  
86  228  
86  229  
87  230  
87  231  
87  232  
87  233  
382  187  
381  188  
381  189  
381  190  
381  191  
381  192  
381  193  
381  194  
381  195  
381  196  
381  197  
381  198  
381  199  
381  200  
381  201  
380  202  
380  203  
380  204  
380  205  
380  206  
380  207  
380  208  
380  209  
380  210  
380  211  
380  212  
380  213  
380  214  
379  215  
379  216  
379  217  
379  218  
379  219  
379  220  
379  221  
379  222  
379  223  
379  224  
379  225  
379  226  
379  227  
379  228  
378  229  
378  230  
378  231  
378  232  
378  233  
378  234  
378  235  
378  236  
378  237  
378  238  
38  189  
38  190  
38  191  
39  192  
39  193  
39  194  
39  195  
40  196  
40  197  
40  198  
40  199  
40  200  
41  201  
41  202  
41  203  
41  204  
41  205  
42  206  
42  207  
42  208  
42  209  
43  210  
43  211  
43  212  
43  213  
44  214  
44  215  
44  216  
44  217  
44  218  
45  219  
45  220  
45  221  
45  222  
46  223  
46  224  
46  225  
46  226  
46  227  
47  228  
47  229  
47  230  
47  231  
48  232  
48  233  
48  234  
48  235  
48  236  
49  237  
49  238  
49  239  
49  240  
50  241  
50  242  
50  243  
50  244  
50  245  
51  246  
51  247  
51  248  
51  249  
51  250  
52  251  
52  252  
423  189  
423  190  
423  191  
423  192  
423  193  
423  194  
423  195  
423  196  
423  197  
423  198  
423  199  
423  200  
423  201  
423  202  
423  203  
423  204  
423  205  
423  206  
423  207  
423  208  
423  209  
423  210  
423  211  
423  212  
423  213  
423  214  
423  215  
423  216  
423  217  
424  218  
424  219  
424  220  
424  221  
424  222  
424  223  
424  224  
424  225  
424  226  
424  227  
424  228  
424  229  
424  230  
424  231  
424  232  
424  233  
424  234  
424  235  
427  197  
427  198  
428  199  
428  200  
428  201  
428  202  
428  203  
428  204  
428  205  
428  206  
428  207  
428  208  
428  209  
428  210  
428  211  
428  212  
428  213  
428  214  
429  215  
429  216  
429  217  
429  218  
429  219  
429  220  
429  221  
429  222  
429  223  
429  224  
429  225  
429  226  
429  227  
429  228  
429  229  
429  230  
429  231  
429  232  
429  233  
430  234  
430  235  
430  236  
430  237  
430  238  
430  239  
430  240  
430  241  
430  242  
430  243  
430  244  
430  245  
430  246  
437  199  
437  200  
437  201  
437  202  
437  203  
438  204  
438  205  
438  206  
438  207  
438  208  
438  209  
438  210  
438  211  
439  212  
439  213  
439  214  
439  215  
439  216  
439  217  
439  218  
439  219  
439  220  
439  221  
439  222  
439  223  
439  224  
440  225  
440  226  
440  227  
440  228  
440  229  
440  230  
440  231  
441  232  
441  233  
441  234  
441  235  
441  236  
441  237  
442  238  
442  239  
442  240  
106  208  
105  209  
105  210  
104  211  
104  212  
103  213  
102  214  
102  215  
101  216  
101  217  
100  218  
99  219  
99  220  
98  221  
98  222  
97  223  
97  224  
96  225  
96  226  
95  227  
94  228  
94  229  
93  230  
93  231  
92  232  
220  226  
221  226  
222  226  
223  226  
214  227  
215  227  
216  227  
217  227  
218  227  
219  227  
203  228  
204  228  
205  228  
206  228  
207  228  
208  228  
209  228  
210  228  
211  228  
212  228  
213  228  
347  244  
348  244  
349  244  
350  244  
351  244  
352  244  
353  244  
354  244  
355  244  
356  244  
357  244  
358  244  
359  244  
360  244  
361  244  
362  244  
363  244  
364  244  
365  244  
366  244  
367  244  
368  244  
369  244  
370  244  
371  244  
372  244  
373  244  
334  245  
335  245  
336  245  
337  245  
338  245  
339  245  
340  245  
341  245  
342  245  
343  245  
344  245  
345  245  
346  245  
312  246  
313  246  
314  246  
315  246  
316  246  
317  246  
318  246  
319  246  
320  246  
321  246  
322  246  
323  246  
324  246  
325  246  
326  246  
327  246  
328  246  
329  246  
330  246  
331  246  
332  246  
333  246  
292  247  
293  247  
294  247  
295  247  
296  247  
297  247  
298  247  
299  247  
300  247  
301  247  
302  247  
303  247  
304  247  
305  247  
306  247  
307  247  
308  247  
309  247  
310  247  
311  247  
280  248  
281  248  
282  248  
283  248  
284  248  
285  248  
286  248  
287  248  
288  248  
289  248  
290  248  
291  248  
266  249  
267  249  
268  249  
269  249  
270  249  
271  249  
272  249  
273  249  
274  249  
275  249  
276  249  
277  249  
278  249  
279  249  
443  244  
443  245  
443  246  
443  247  
443  248  
443  249  
444  250  
444  251  
444  252  
444  253  
444  254  
444  255  
444  256  
444  257  
444  258  
444  259  
444  260  
444  261  
444  262  
444  263  
445  264  
445  265  
445  266  
445  267  
445  268  
445  269  
445  270  
445  271  
445  272  
445  273  
445  274  
430  248  
430  249  
430  250  
430  251  
430  252  
430  253  
430  254  
429  255  
429  256  
429  257  
429  258  
429  259  
429  260  
429  261  
429  262  
429  263  
429  264  
429  265  
429  266  
429  267  
429  268  
429  269  
429  270  
429  271  
253  249  
254  249  
255  249  
256  249  
257  249  
236  250  
237  250  
238  250  
239  250  
240  250  
241  250  
242  250  
243  250  
244  250  
245  250  
246  250  
247  250  
248  250  
249  250  
250  250  
251  250  
252  250  
222  251  
223  251  
224  251  
225  251  
226  251  
227  251  
228  251  
229  251  
230  251  
231  251  
232  251  
233  251  
234  251  
235  251  
329  250  
330  250  
312  251  
313  251  
314  251  
315  251  
316  251  
317  251  
318  251  
319  251  
320  251  
321  251  
322  251  
323  251  
324  251  
325  251  
326  251  
327  251  
328  251  
291  252  
292  252  
293  252  
294  252  
295  252  
296  252  
297  252  
298  252  
299  252  
300  252  
301  252  
302  252  
303  252  
304  252  
305  252  
306  252  
307  252  
308  252  
309  252  
310  252  
311  252  
270  253  
271  253  
272  253  
273  253  
274  253  
275  253  
276  253  
277  253  
278  253  
279  253  
280  253  
281  253  
282  253  
283  253  
284  253  
285  253  
286  253  
287  253  
288  253  
289  253  
290  253  
177  253  
178  253  
179  253  
180  253  
181  253  
182  253  
161  254  
162  254  
163  254  
164  254  
165  254  
166  254  
167  254  
168  254  
169  254  
170  254  
171  254  
172  254  
173  254  
174  254  
175  254  
176  254  
155  255  
156  255  
157  255  
158  255  
159  255  
160  255  
309  255  
310  255  
311  255  
312  255  
313  255  
314  255  
315  255  
316  255  
317  255  
318  255  
319  255  
320  255  
321  255  
292  256  
293  256  
294  256  
295  256  
296  256  
297  256  
298  256  
299  256  
300  256  
301  256  
302  256  
303  256  
304  256  
305  256  
306  256  
307  256  
308  256  
265  257  
266  257  
267  257  
268  257  
269  257  
270  257  
271  257  
272  257  
273  257  
274  257  
275  257  
276  257  
277  257  
278  257  
279  257  
280  257  
281  257  
282  257  
283  257  
284  257  
285  257  
286  257  
287  257  
288  257  
289  257  
290  257  
291  257  
424  258  
424  259  
424  260  
424  261  
424  262  
424  263  
424  264  
424  265  
424  266  
424  267  
424  268  
424  269  
424  270  
424  271  
424  272  
424  273  
424  274  
424  275  
424  276  
424  277  
423  278  
133  259  
134  259  
135  259  
136  259  
137  259  
138  259  
139  259  
140  259  
141  259  
115  260  
116  260  
117  260  
118  260  
119  260  
120  260  
121  260  
122  260  
123  260  
124  260  
125  260  
126  260  
127  260  
128  260  
129  260  
130  260  
131  260  
132  260  
113  261  
114  261  
81  260  
81  261  
82  262  
82  263  
82  264  
82  265  
82  266  
83  267  
83  268  
83  269  
83  270  
84  271  
84  272  
84  273  
84  274  
84  275  
85  276  
85  277  
85  278  
85  279  
86  280  
86  281  
86  282  
86  283  
86  284  
87  285  
87  286  
87  287  
87  288  
86  261  
86  262  
86  263  
86  264  
87  265  
87  266  
87  267  
87  268  
87  269  
88  270  
88  271  
88  272  
88  273  
88  274  
89  275  
89  276  
89  277  
89  278  
90  279  
90  280  
90  281  
90  282  
163  262  
164  262  
165  262  
166  262  
167  262  
168  262  
169  262  
170  262  
171  262  
172  262  
173  262  
174  262  
175  262  
176  262  
177  262  
178  262  
154  263  
155  263  
156  263  
157  263  
158  263  
159  263  
160  263  
161  263  
162  263  
108  263  
108  264  
107  265  
107  266  
106  267  
106  268  
105  269  
105  270  
104  271  
104  272  
103  273  
103  274  
102  275  
102  276  
101  277  
101  278  
100  279  
99  280  
99  281  
98  282  
98  283  
97  284  
97  285  
96  286  
96  287  
95  288  
198  263  
199  263  
200  263  
201  263  
202  263  
203  263  
204  263  
205  263  
206  263  
207  263  
208  263  
209  263  
184  264  
185  264  
186  264  
187  264  
188  264  
189  264  
190  264  
191  264  
192  264  
193  264  
194  264  
195  264  
196  264  
197  264  
210  264  
169  265  
170  265  
171  265  
172  265  
173  265  
174  265  
175  265  
176  265  
177  265  
178  265  
179  265  
180  265  
181  265  
182  265  
183  265  
143  264  
142  265  
142  266  
141  267  
141  268  
140  269  
140  270  
139  271  
139  272  
138  273  
138  274  
137  275  
137  276  
136  277  
136  278  
135  279  
135  280  
135  281  
134  282  
134  283  
133  284  
133  285  
132  286  
132  287  
131  288  
131  289  
130  290  
130  291  
129  292  
129  293  
128  294  
128  295  
128  296  
127  297  
127  298  
126  299  
126  300  
125  301  
125  302  
308  264  
309  264  
310  264  
311  264  
312  264  
313  264  
314  264  
315  264  
316  264  
317  264  
318  264  
319  264  
320  264  
321  264  
299  265  
300  265  
301  265  
302  265  
303  265  
304  265  
305  265  
306  265  
307  265  
103  265  
102  266  
102  267  
101  268  
101  269  
100  270  
100  271  
99  272  
99  273  
98  274  
98  275  
97  276  
96  277  
96  278  
95  279  
95  280  
94  281  
94  282  
93  283  
93  284  
92  285  
91  286  
91  287  
436  266  
437  267  
437  268  
437  269  
437  270  
437  271  
437  272  
437  273  
437  274  
437  275  
437  276  
437  277  
437  278  
438  279  
438  280  
438  281  
438  282  
438  283  
438  284  
438  285  
439  286  
439  287  
439  288  
439  289  
439  290  
439  291  
439  292  
439  293  
439  294  
439  295  
439  296  
440  297  
440  298  
440  299  
440  300  
440  301  
440  302  
440  303  
440  304  
440  305  
440  306  
440  307  
280  267  
281  267  
282  267  
283  267  
284  267  
285  267  
286  267  
287  267  
288  267  
289  267  
290  267  
291  267  
292  267  
293  267  
271  268  
272  268  
273  268  
274  268  
275  268  
276  268  
277  268  
278  268  
279  268  
295  280  
276  281  
277  281  
278  281  
279  281  
280  281  
281  281  
282  281  
283  281  
284  281  
285  281  
286  281  
287  281  
288  281  
289  281  
290  281  
291  281  
292  281  
293  281  
294  281  
264  282  
265  282  
266  282  
267  282  
268  282  
269  282  
270  282  
271  282  
272  282  
273  282  
274  282  
275  282  
185  283  
186  283  
187  283  
188  283  
189  283  
190  283  
191  283  
192  283  
193  283  
194  283  
195  283  
196  283  
164  284  
165  284  
166  284  
167  284  
168  284  
169  284  
170  284  
171  284  
172  284  
173  284  
174  284  
175  284  
176  284  
177  284  
178  284  
179  284  
180  284  
181  284  
182  284  
183  284  
184  284  
157  285  
158  285  
159  285  
160  285  
161  285  
162  285  
163  285  
154  286  
155  286  
156  286  
291  295  
292  295  
293  295  
271  296  
272  296  
273  296  
274  296  
275  296  
276  296  
277  296  
278  296  
279  296  
280  296  
281  296  
282  296  
283  296  
284  296  
285  296  
286  296  
287  296  
288  296  
289  296  
290  296  
267  297  
268  297  
269  297  
270  297  
397  296  
398  296  
399  296  
400  296  
401  296  
402  296  
403  296  
404  296  
405  296  
406  296  
407  296  
408  296  
409  296  
410  296  
411  296  
412  296  
379  297  
380  297  
381  297  
382  297  
383  297  
384  297  
385  297  
386  297  
387  297  
388  297  
389  297  
390  297  
391  297  
392  297  
393  297  
394  297  
395  297  
396  297  
356  298  
357  298  
358  298  
359  298  
360  298  
361  298  
362  298  
363  298  
364  298  
365  298  
366  298  
367  298  
368  298  
369  298  
370  298  
371  298  
372  298  
373  298  
374  298  
375  298  
376  298  
377  298  
378  298  
334  299  
335  299  
336  299  
337  299  
338  299  
339  299  
340  299  
341  299  
342  299  
343  299  
344  299  
345  299  
346  299  
347  299  
348  299  
349  299  
350  299  
351  299  
352  299  
353  299  
354  299  
355  299  
307  300  
308  300  
309  300  
310  300  
311  300  
312  300  
313  300  
314  300  
315  300  
316  300  
317  300  
318  300  
319  300  
320  300  
321  300  
322  300  
323  300  
324  300  
325  300  
326  300  
327  300  
328  300  
329  300  
330  300  
331  300  
332  300  
333  300  
283  301  
284  301  
285  301  
286  301  
287  301  
288  301  
289  301  
290  301  
291  301  
292  301  
293  301  
294  301  
295  301  
296  301  
297  301  
298  301  
299  301  
300  301  
301  301  
302  301  
303  301  
304  301  
305  301  
306  301  
259  302  
260  302  
261  302  
262  302  
263  302  
264  302  
265  302  
266  302  
267  302  
268  302  
269  302  
270  302  
271  302  
272  302  
273  302  
274  302  
275  302  
276  302  
277  302  
278  302  
279  302  
280  302  
281  302  
282  302  
247  303  
248  303  
249  303  
250  303  
251  303  
252  303  
253  303  
254  303  
255  303  
256  303  
257  303  
258  303  
221  304  
222  304  
223  304  
224  304  
225  304  
226  304  
227  304  
228  304  
229  304  
230  304  
231  304  
232  304  
233  304  
234  304  
235  304  
236  304  
237  304  
238  304  
239  304  
240  304  
241  304  
242  304  
243  304  
244  304  
245  304  
246  304  
205  305  
206  305  
207  305  
208  305  
209  305  
210  305  
211  305  
212  305  
213  305  
214  305  
215  305  
216  305  
217  305  
218  305  
219  305  
220  305  
185  306  
186  306  
187  306  
188  306  
189  306  
190  306  
191  306  
192  306  
193  306  
194  306  
195  306  
196  306  
197  306  
198  306  
199  306  
200  306  
201  306  
202  306  
203  306  
204  306  
166  307  
167  307  
168  307  
169  307  
170  307  
171  307  
172  307  
173  307  
174  307  
175  307  
176  307  
177  307  
178  307  
179  307  
180  307  
181  307  
182  307  
183  307  
184  307  
145  308  
146  308  
147  308  
148  308  
149  308  
150  308  
151  308  
152  308  
153  308  
154  308  
155  308  
156  308  
157  308  
158  308  
159  308  
160  308  
161  308  
162  308  
163  308  
164  308  
165  308  
151  302  
152  302  
153  302  
154  302  
155  302  
156  302  
157  302  
158  302  
159  302  
160  302  
134  303  
135  303  
139  303  
140  303  
141  303  
142  303  
143  303  
144  303  
145  303  
146  303  
147  303  
148  303  
149  303  
150  303  
136  304  
137  304  
138  304  
111  307  
112  307  
113  307  
114  307  
115  307  
116  307  
117  307  
118  307  
119  307  
92  308  
93  308  
94  308  
95  308  
96  308  
97  308  
98  308  
99  308  
100  308  
101  308  
102  308  
103  308  
104  308  
105  308  
106  308  
107  308  
108  308  
109  308  
110  308  
88  309  
89  309  
90  309  
91  309  
124  312  
124  313  
124  314  
124  315  
124  316  
125  317  
125  318  
125  319  
125  320  
125  321  
125  322  
126  323  
126  324  
126  325  
126  326  
126  327  
126  328  
127  329  
127  330  
127  331  
127  332  
127  333  
128  334  
128  335  
128  336  
128  337  
128  338  
129  339  
129  340  
129  341  
314  333  
315  333  
316  333  
299  334  
300  334  
301  334  
302  334  
303  334  
304  334  
305  334  
306  334  
307  334  
308  334  
309  334  
310  334  
311  334  
312  334  
313  334  
281  335  
282  335  
283  335  
284  335  
285  335  
286  335  
287  335  
288  335  
289  335  
290  335  
291  335  
292  335  
293  335  
294  335  
295  335  
296  335  
297  335  
298  335  
261  336  
262  336  
263  336  
264  336  
265  336  
266  336  
267  336  
268  336  
269  336  
270  336  
271  336  
272  336  
273  336  
274  336  
275  336  
276  336  
277  336  
278  336  
279  336  
280  336  
258  337  
259  337  
260  337  
397  336  
398  336  
399  336  
400  336  
401  336  
402  336  
403  336  
404  336  
405  336  
406  336  
407  336  
408  336  
409  336  
410  336  
411  336  
412  336  
413  336  
414  336  
369  337  
370  337  
371  337  
372  337  
373  337  
374  337  
375  337  
376  337  
377  337  
378  337  
379  337  
380  337  
381  337  
382  337  
383  337  
384  337  
385  337  
386  337  
387  337  
388  337  
389  337  
390  337  
391  337  
392  337  
393  337  
394  337  
395  337  
396  337  
340  338  
341  338  
342  338  
343  338  
344  338  
345  338  
346  338  
347  338  
348  338  
349  338  
350  338  
351  338  
352  338  
353  338  
354  338  
355  338  
356  338  
357  338  
358  338  
359  338  
360  338  
361  338  
362  338  
363  338  
364  338  
365  338  
366  338  
367  338  
368  338  
322  339  
323  339  
324  339  
325  339  
326  339  
327  339  
328  339  
329  339  
330  339  
331  339  
332  339  
333  339  
334  339  
335  339  
336  339  
337  339  
338  339  
339  339  
299  340  
300  340  
301  340  
302  340  
303  340  
304  340  
305  340  
306  340  
307  340  
308  340  
309  340  
310  340  
311  340  
312  340  
313  340  
314  340  
315  340  
316  340  
317  340  
318  340  
319  340  
320  340  
321  340  
274  341  
275  341  
276  341  
277  341  
278  341  
279  341  
280  341  
281  341  
282  341  
283  341  
284  341  
285  341  
286  341  
287  341  
288  341  
289  341  
290  341  
291  341  
292  341  
293  341  
294  341  
295  341  
296  341  
297  341  
298  341  
239  342  
240  342  
241  342  
242  342  
243  342  
244  342  
245  342  
246  342  
247  342  
248  342  
249  342  
250  342  
251  342  
252  342  
253  342  
254  342  
255  342  
256  342  
257  342  
258  342  
259  342  
260  342  
261  342  
262  342  
263  342  
264  342  
265  342  
266  342  
267  342  
268  342  
269  342  
270  342  
271  342  
272  342  
273  342  
215  343  
216  343  
217  343  
218  343  
219  343  
220  343  
221  343  
222  343  
223  343  
224  343  
225  343  
226  343  
227  343  
228  343  
229  343  
230  343  
231  343  
232  343  
233  343  
234  343  
235  343  
236  343  
237  343  
238  343  
195  344  
196  344  
197  344  
198  344  
199  344  
200  344  
201  344  
202  344  
203  344  
204  344  
205  344  
206  344  
207  344  
208  344  
209  344  
210  344  
211  344  
212  344  
213  344  
214  344  
168  345  
169  345  
170  345  
171  345  
172  345  
173  345  
174  345  
175  345  
176  345  
177  345  
178  345  
179  345  
180  345  
181  345  
182  345  
183  345  
184  345  
185  345  
186  345  
187  345  
188  345  
189  345  
190  345  
191  345  
192  345  
193  345  
194  345  
143  346  
144  346  
145  346  
146  346  
147  346  
148  346  
149  346  
150  346  
151  346  
152  346  
153  346  
154  346  
155  346  
156  346  
157  346  
158  346  
159  346  
160  346  
161  346  
162  346  
163  346  
164  346  
165  346  
166  346  
167  346  
137  347  
138  347  
139  347  
140  347  
141  347  
142  347  
176  341  
177  341  
178  341  
179  341  
180  341  
181  341  
182  341  
183  341  
184  341  
185  341  
186  341  
187  341  
188  341  
189  341  
190  341  
191  341  
192  341  
193  341  
194  341  
195  341  
196  341  
160  342  
161  342  
162  342  
163  342  
164  342  
165  342  
166  342  
167  342  
168  342  
169  342  
170  342  
171  342  
172  342  
173  342  
174  342  
175  342  
149  343  
150  343  
151  343  
152  343  
153  343  
154  343  
155  343  
156  343  
157  343  
158  343  
159  343  
427  346  
427  347  
427  348  
427  349  
427  350  
427  351  
427  352  
427  353  
427  354  
427  355  
427  356  
427  357  
427  358  
427  359  
428  360  
428  361  
428  362  
428  363  
428  364  
428  365  
428  366  
428  367  
428  368  
428  369  
428  370  
428  371  
428  372  
428  373  
428  374  
428  375  
428  376  
428  377  
428  378  
428  379  
428  380  
428  381  
428  382  
428  383  
428  384  
428  385  
107  350  
108  350  
109  350  
110  350  
111  350  
112  350  
113  350  
114  350  
115  350  
116  350  
117  350  
118  350  
119  350  
120  350  
121  350  
122  350  
123  350  
124  350  
125  350  
126  350  
95  351  
96  351  
97  351  
98  351  
99  351  
100  351  
101  351  
102  351  
103  351  
104  351  
105  351  
106  351  
67  351  
66  352  
66  353  
65  354  
65  355  
64  356  
64  357  
63  358  
63  359  
62  360  
61  361  
61  362  
60  363  
60  364  
59  365  
59  366  
58  367  
58  368  
57  369  
57  370  
56  371  
56  372  
55  373  
55  374  
54  375  
54  376  
53  377  
53  378  
52  379  
51  380  
51  381  
50  382  
50  383  
432  351  
432  352  
432  353  
432  354  
432  355  
432  356  
432  357  
432  358  
432  359  
432  360  
432  361  
432  362  
432  363  
432  364  
432  365  
432  366  
432  367  
432  368  
432  369  
432  370  
432  371  
432  372  
432  373  
432  374  
432  375  
432  376  
432  377  
432  378  
432  379  
432  380  
432  381  
432  382  
432  383  
432  384  
432  385  
432  386  
432  387  
432  388  
432  389  
377  352  
378  352  
379  352  
380  352  
381  352  
382  352  
383  352  
384  352  
385  352  
386  352  
387  352  
388  352  
389  352  
390  352  
391  352  
392  352  
393  352  
394  352  
395  352  
396  352  
397  352  
398  352  
399  352  
400  352  
401  352  
361  353  
362  353  
363  353  
364  353  
365  353  
366  353  
367  353  
368  353  
369  353  
370  353  
371  353  
372  353  
373  353  
374  353  
375  353  
376  353  
60  354  
60  355  
59  356  
59  357  
58  358  
58  359  
57  360  
57  361  
56  362  
56  363  
55  364  
55  365  
54  366  
53  367  
53  368  
52  369  
52  370  
51  371  
51  372  
50  373  
50  374  
49  375  
49  376  
48  377  
48  378  
47  379  
47  380  
46  381  
46  382  
45  383  
45  384  
44  385  
44  386  
43  387  
43  388  
42  389  
42  390  
41  391  
41  392  
40  393  
40  394  
39  395  
39  396  
38  397  
38  398  
37  399  
37  400  
36  401  
35  402  
35  403  
34  404  
34  405  
33  406  
33  407  
32  408  
32  409  
372  356  
373  356  
374  356  
375  356  
376  356  
377  356  
378  356  
379  356  
380  356  
381  356  
382  356  
383  356  
384  356  
385  356  
386  356  
387  356  
388  356  
389  356  
390  356  
391  356  
392  356  
393  356  
394  356  
395  356  
396  356  
397  356  
398  356  
399  356  
400  356  
365  357  
366  357  
367  357  
368  357  
369  357  
370  357  
371  357  
447  365  
447  366  
447  367  
447  368  
447  369  
447  370  
447  371  
447  372  
447  373  
447  374  
448  375  
448  376  
448  377  
448  378  
448  379  
448  380  
448  381  
448  382  
448  383  
448  384  
448  385  
448  386  
448  387  
391  393  
392  393  
393  393  
394  393  
395  393  
396  393  
397  393  
398  393  
399  393  
400  393  
401  393  
402  393  
403  393  
404  393  
405  393  
406  393  
407  393  
408  393  
409  393  
410  393  
411  393  
412  393  
413  393  
414  393  
415  393  
416  393  
417  393  
418  393  
419  393  
420  393  
380  394  
381  394  
382  394  
383  394  
384  394  
385  394  
386  394  
387  394  
388  394  
389  394  
390  394  
44  395  
43  396  
43  397  
42  398  
42  399  
41  400  
41  401  
40  402  
40  403  
39  404  
39  405  
38  406  
38  407  
37  408  
37  409  
36  410  
36  411  
35  412  
35  413  
34  414  
34  415  
33  416  
33  417  
32  418  
374  401  
374  402  
374  403  
374  404  
374  405  
374  406  
374  407  
374  408  
374  409  
374  410  
373  411  
373  412  
373  413  
373  414  
373  415  
373  416  
373  417  
373  418  
373  419  
373  420  
373  421  
373  422  
373  423  
373  424  
372  425  
372  426  
372  427  
372  428  
372  429  
372  430  
372  431  
372  432  
372  433  
372  434  
372  435  
372  436  
372  437  
372  438  
372  439  
371  440  
371  441  
371  442  
371  443  
371  444  
371  445  
371  446  
371  447  
371  448  
371  449  
371  450  
371  451  
371  452  
370  453  
370  454  
370  455  
370  456  
370  457  
370  458  
370  459  
370  460  
370  461  
370  462  
370  463  
370  464  
370  465  
370  466  
369  467  
369  468  
369  469  
369  470  
369  471  
369  472  
369  473  
369  474  
369  475  
369  476  
369  477  
369  478  
369  479  
369  480  
369  481  
368  482  
368  483  
368  484  
368  485  
368  486  
368  487  
368  488  
368  489  
368  490  
368  491  
368  492  
368  493  
367  494  
367  495  
367  496  
367  497  
367  498  
367  499  
367  500  
367  501  
367  502  
367  503  
367  504  
367  505  
366  506  
366  507  
366  508  
350  403  
351  403  
352  403  
353  403  
354  403  
355  403  
356  403  
357  403  
358  403  
359  403  
360  403  
361  404  
362  404  
363  404  
364  404  
365  404  
366  404  
367  405  
368  405  
369  405  
195  404  
196  404  
197  404  
198  404  
199  404  
200  404  
201  404  
202  404  
203  404  
204  404  
205  404  
206  404  
207  404  
208  404  
209  404  
210  404  
211  404  
212  404  
213  404  
214  404  
215  404  
216  404  
427  405  
427  406  
427  407  
427  408  
427  409  
427  410  
427  411  
427  412  
427  413  
427  414  
427  415  
427  416  
427  417  
427  418  
427  419  
427  420  
427  421  
427  422  
427  423  
427  424  
427  425  
427  426  
427  427  
427  428  
427  429  
427  430  
427  431  
427  432  
427  433  
427  434  
427  435  
427  436  
427  437  
427  438  
427  439  
427  440  
427  441  
427  442  
427  443  
427  444  
427  445  
427  446  
427  447  
427  448  
427  449  
427  450  
427  451  
427  452  
427  453  
427  454  
427  455  
427  456  
427  457  
427  458  
427  459  
427  460  
427  461  
427  462  
427  463  
427  464  
427  465  
427  466  
427  467  
427  468  
427  469  
427  470  
427  471  
427  472  
427  473  
427  474  
427  475  
427  476  
427  477  
427  478  
427  479  
427  480  
427  481  
427  482  
427  483  
427  484  
427  485  
427  486  
427  487  
427  488  
427  489  
427  490  
427  491  
427  492  
427  493  
428  494  
428  495  
428  496  
428  497  
423  408  
423  409  
423  410  
423  411  
423  412  
423  413  
423  414  
423  415  
423  416  
423  417  
423  418  
423  419  
423  420  
423  421  
423  422  
423  423  
423  424  
423  425  
423  426  
423  427  
423  428  
423  429  
423  430  
423  431  
423  432  
423  433  
423  434  
423  435  
423  436  
423  437  
423  438  
423  439  
423  440  
423  441  
423  442  
423  443  
423  444  
423  445  
423  446  
423  447  
423  448  
423  449  
423  450  
423  451  
423  452  
423  453  
423  454  
423  455  
423  456  
423  457  
423  458  
423  459  
423  460  
423  461  
423  462  
423  463  
423  464  
424  465  
424  466  
424  467  
424  468  
424  469  
424  470  
424  471  
424  472  
424  473  
424  474  
424  475  
424  476  
424  477  
424  478  
424  479  
424  480  
424  481  
424  482  
424  483  
424  484  
424  485  
424  486  
424  487  
424  488  
424  489  
424  490  
424  491  
424  492  
424  493  
424  494  
424  495  
424  496  
424  497  
424  498  
424  499  
424  500  
424  501  
424  502  
424  503  
424  504  
424  505  
423  506  
423  507  
423  508  
423  509  
423  510  
423  511  
423  512  
423  513  
423  514  
423  515  
423  516  
423  517  
423  518  
423  519  
423  520  
423  521  
423  522  
423  523  
423  524  
423  525  
423  526  
423  527  
423  528  
420  409  
420  410  
420  411  
420  412  
420  413  
420  414  
420  415  
420  416  
420  417  
420  418  
420  419  
420  420  
420  421  
420  422  
420  423  
420  424  
420  425  
420  426  
420  427  
420  428  
420  429  
420  430  
420  431  
420  432  
420  433  
420  434  
420  435  
420  436  
420  437  
420  438  
420  439  
420  440  
420  441  
420  442  
420  443  
420  444  
420  445  
420  446  
420  447  
420  448  
420  449  
420  450  
420  451  
420  452  
196  422  
197  422  
198  422  
199  422  
200  422  
201  422  
202  422  
203  422  
204  422  
205  422  
206  422  
207  422  
208  422  
209  422  
210  422  
170  423  
171  423  
172  423  
173  423  
174  423  
175  423  
176  423  
177  423  
178  423  
179  423  
180  423  
181  423  
182  423  
183  423  
184  423  
185  423  
186  423  
187  423  
188  423  
189  423  
190  423  
191  423  
192  423  
193  423  
194  423  
195  423  
165  424  
166  424  
167  424  
168  424  
169  424  
173  453  
174  453  
175  453  
176  453  
177  453  
178  453  
179  453  
180  453  
181  453  
182  453  
183  453  
184  453  
185  453  
186  453  
187  453  
188  453  
189  453  
190  453  
191  453  
192  453  
193  453  
194  453  
195  453  
196  453  
197  453  
198  453  
199  453  
200  453  
201  453  
202  453  
161  454  
162  454  
163  454  
164  454  
165  454  
166  454  
167  454  
168  454  
169  454  
170  454  
171  454  
172  454  
420  454  
420  455  
420  456  
420  457  
420  458  
420  459  
420  460  
420  461  
420  462  
420  463  
420  464  
420  465  
420  466  
420  467  
420  468  
420  469  
420  470  
420  471  
420  472  
420  473  
420  474  
420  475  
420  476  
420  477  
420  478  
420  479  
420  480  
420  481  
420  482  
420  483  
420  484  
420  485  
420  486  
420  487  
420  488  
420  489  
421  490  
421  491  
325  474  
326  474  
327  474  
328  474  
329  474  
330  474  
331  474  
332  474  
333  474  
311  475  
312  475  
313  475  
314  475  
315  475  
316  475  
317  475  
318  475  
319  475  
320  475  
321  475  
322  475  
323  475  
324  475  
421  496  
421  497  
420  498  
420  499  
420  500  
420  501  
420  502  
420  503  
420  504  
420  505  
420  506  
420  507  
420  508  
420  509  
420  510  
420  511  
420  512  
420  513  
420  514  
420  515  
420  516  
420  517  
420  518  
420  519  
420  520  
428  499  
428  500  
428  501  
428  502  
428  503  
428  504  
427  505  
427  506  
427  507  
427  508  
427  509  
427  510  
427  511  
427  512  
427  513  
427  514  
427  515  
427  516  
427  517  
427  518  
427  519  
427  520  
427  521  
427  522  
427  523  
427  524  
427  525  
427  526  
427  527  
427  528  
141  507  
142  507  
143  508  
144  508  
145  508  
146  508  
147  508  
148  508  
149  508  
150  508  
151  508  
152  508  
153  508  
154  508  
155  508  
156  508  
157  508  
158  508  
159  508  
160  508  
161  508  
162  508  
163  508  
164  508  
165  508  
166  508  
167  509  
168  509  
169  509  
170  509  
171  509  
172  509  
173  509  
174  509  
175  509  
176  509  
177  509  
178  509  
179  509  
180  509  
181  509  
182  509  
183  509  
184  509  
185  509  
239  508  
240  508  
241  508  
242  508  
216  509  
217  509  
218  509  
219  509  
220  509  
221  509  
222  509  
223  509  
224  509  
225  509  
226  509  
227  509  
228  509  
229  509  
230  509  
231  509  
232  509  
233  509  
234  509  
235  509  
236  509  
237  509  
238  509  
198  510  
199  510  
200  510  
201  510  
202  510  
203  510  
204  510  
205  510  
206  510  
207  510  
208  510  
209  510  
210  510  
211  510  
212  510  
213  510  
214  510  
215  510  
254  508  
255  508  
256  508  
257  508  
258  508  
259  508  
260  508  
261  508  
262  508  
263  508  
264  508  
265  508  
266  508  
267  508  
268  508  
269  508  
270  509  
271  509  
272  509  
273  509  
280  508  
281  508  
282  508  
283  508  
284  508  
285  508  
286  508  
287  508  
288  508  
289  508  
290  508  
291  508  
292  508  
293  508  
294  508  
295  508  
296  508  
276  509  
277  509  
278  509  
279  509  
302  508  
303  508  
304  508  
305  508  
306  508  
307  508  
308  508  
309  508  
310  508  
311  508  
312  508  
313  508  
314  508  
315  508  
316  508  
317  508  
318  508  
319  508  
320  508  
321  508  
322  508  
323  508  
324  508  
325  508  
326  508  
327  508  
328  508  
329  508  
330  508  
331  508  
332  508  
333  508  
334  508  
335  508  
336  508  
337  508  
338  508  
339  508  
340  508  
341  508  
342  508  
343  508  
344  508  
345  508  
346  508  
347  508  
348  508  
349  508  
350  508  
351  508  
352  508  
353  508  
354  508  
355  508  
356  508  
357  508  
358  508  
359  508  
360  508  
361  508  
362  508  
363  508  
32  514  
33  514  
34  514  
35  514  
36  514  
37  514  
38  514  
39  514  
40  514  
41  514  
42  514  
43  514  
44  514  
45  514  
46  514  
47  514  
48  514  
49  514  
50  514  
51  514  
52  514  
53  514  
54  514  
55  514  
56  514  
57  514  
58  514  
59  514  
60  514  
61  514  
170  514  
154  515  
155  515  
156  515  
157  515  
158  515  
159  515  
160  515  
161  515  
162  515  
163  515  
164  515  
165  515  
166  515  
167  515  
168  515  
169  515  
79  516  
80  516  
81  516  
82  516  
83  516  
84  516  
85  516  
86  516  
87  516  
88  516  
89  516  
90  516  
91  516  
92  516  
93  516  
94  516  
95  516  
96  516  
97  516  
98  516  
99  516  
100  516  
101  516  
102  516  
103  516  
104  516  
105  516  
106  516  
107  516  
108  516  
109  516  
110  516  
111  516  
112  516  
113  516  
114  516  
115  516  
116  516  
117  516  
118  516  
119  516  
120  516  
121  516  
122  516  
123  516  
124  516  
125  516  
126  516  
127  516  
128  516  
129  516  
130  516  
131  516  
132  516  
133  516  
134  516  
135  516  
136  516  
137  516  
138  516  
139  516  
140  516  
141  516  
142  516  
143  516  
144  516  
145  516  
146  516  
147  516  
148  516  
149  516  
150  516  
151  516  
152  516  
153  516  
258  518  
259  518  
260  518  
261  518  
262  518  
263  518  
264  518  
265  518  
266  518  
267  518  
268  518  
269  518  
270  518  
271  518  
272  518  
273  518  
274  518  
275  518  
276  518  
277  518  
278  518  
279  518  
280  518  
281  518  
282  518  
283  518  
284  518  
285  518  
286  518  
287  518  
288  518  
289  518  
290  518  
291  518  
292  518  
293  518  
294  518  
295  518  
220  519  
221  519  
222  519  
223  519  
224  519  
225  519  
226  519  
227  519  
228  519  
229  519  
230  519  
231  519  
232  519  
233  519  
234  519  
235  519  
236  519  
237  519  
238  519  
239  519  
240  519  
241  519  
242  519  
243  519  
244  519  
245  519  
246  519  
247  519  
248  519  
249  519  
250  519  
251  519  
252  519  
253  519  
254  519  
255  519  
256  519  
257  519  
296  519  
295  520  
295  521  
295  522  
122  519  
123  519  
124  519  
125  519  
126  519  
127  519  
128  519  
129  519  
130  519  
131  519  
132  519  
133  519  
134  519  
135  519  
136  519  
137  519  
138  519  
139  519  
140  519  
141  519  
142  519  
143  519  
144  519  
145  519  
146  519  
147  519  
77  520  
78  520  
79  520  
80  520  
81  520  
82  520  
83  520  
84  520  
85  520  
86  520  
87  520  
88  520  
89  520  
90  520  
91  520  
92  520  
93  520  
94  520  
95  520  
96  520  
97  520  
98  520  
99  520  
100  520  
101  520  
102  520  
103  520  
104  520  
105  520  
106  520  
107  520  
108  520  
109  520  
110  520  
111  520  
112  520  
113  520  
114  520  
115  520  
116  520  
117  520  
118  520  
119  520  
120  520  
121  520  
275  524  
276  524  
277  524  
278  524  
279  524  
280  524  
281  524  
282  524  
283  524  
284  524  
285  524  
286  524  
287  524  
288  524  
289  524  
290  524  
291  524  
292  524  
293  524  
272  525  
273  525  
274  525  
93  528  
94  528  
95  528  
96  528  
97  528  
98  528  
127  528  
128  528  
129  528  
130  528  
131  528  
132  528  
133  528  
134  528  
135  528  
136  528  
137  528  
138  528  
139  528  
140  528  
141  528  
142  528  
143  528  
144  528  
145  528  
146  528  
147  528  
99  529  
100  529  
101  529  
102  529  
103  529  
104  529  
105  529  
106  529  
107  529  
108  529  
109  529  
110  529  
111  529  
112  529  
113  529  
114  529  
115  529  
116  529  
117  529  
118  529  
119  529  
120  529  
121  529  
122  529  
123  529  
124  529  
125  529  
126  529  
126  532  
127  532  
128  532  
129  532  
130  532  
131  532  
132  532  
133  532  
134  532  
135  532  
136  532  
137  532  
138  532  
139  532  
140  532  
141  532  
142  532  
143  532  
123  533  
124  533  
125  533  
32  534  
33  534  
34  534  
35  534  
36  534  
37  534  
38  534  
39  534  
40  534  
41  534  
42  534  
43  534  
44  534  
45  534  
46  534  
47  534  
48  534  
49  534  
50  534  
51  534  
52  534  
53  534  
54  534  
72  535  
73  535  
74  535  
75  536  
76  536  
77  536  
78  536  
79  536  
80  536  
81  536  
82  536  
83  536  
84  536  
85  536  
86  536  
87  536  
88  536  
89  536  
90  536  
91  536  
92  536  
323  538  
324  538  
325  538  
326  538  
327  538  
328  538  
329  538  
330  538  
331  538  
332  538  
333  538  
334  538  
335  538  
336  538  
337  538  
338  538  
339  538  
340  538  
341  538  
342  538  
343  538  
344  538  
345  538  
346  538  
301  539  
303  539  
304  539  
305  539  
306  539  
307  539  
308  539  
309  539  
310  539  
311  539  
312  539  
313  539  
314  539  
315  539  
316  539  
317  539  
318  539  
319  539  
320  539  
321  539  
322  539  
302  540  
221  539  
222  539  
223  539  
224  539  
225  539  
226  539  
227  539  
228  539  
229  539  
230  539  
231  539  
232  539  
233  539  
234  539  
235  539  
236  539  
237  539  
238  539  
239  539  
240  540  
241  540  
242  540  
243  540  
244  540  
245  540  
246  540  
247  540  
248  540  
249  540  
250  540  
251  540  
252  540  
253  540  
254  540  
255  540  
256  540  
257  540  
258  540  
54  541  
54  542  
53  543  
53  544  
52  545  
52  546  
51  547  
51  548  
51  549  
50  550  
50  551  
49  552  
49  553  
49  554  
48  555  
48  556  
47  557  
47  558  
47  559  
46  560  
46  561  
45  562  
45  563  
44  564  
44  565  
44  566  
43  567  
43  568  
42  569  
42  570  
42  571  
41  572  
41  573  
40  574  
40  575  
40  576  
39  577  
39  578  
38  579  
38  580  
37  581  
37  582  
37  583  
36  584  
36  585  
35  586  
35  587  
35  588  
34  589  
34  590  
33  591  
33  592  
33  593  
32  594  
32  595  
318  543  
319  543  
320  543  
321  543  
322  543  
323  543  
324  543  
325  543  
326  543  
327  543  
328  543  
329  543  
330  543  
331  543  
332  543  
333  543  
334  543  
335  543  
336  543  
312  544  
313  544  
314  544  
315  544  
316  544  
317  544  
337  544  
338  544  
339  544  
340  544  
341  544  
342  544  
343  544  
344  544  
345  544  
346  544  
347  544  
348  544  
349  544  
350  544  
351  544  
352  544  
353  544  
354  544  
355  544  
311  545  
423  547  
423  548  
423  549  
423  550  
423  551  
423  552  
423  553  
423  554  
423  555  
423  556  
423  557  
423  558  
423  559  
423  560  
423  561  
423  562  
423  563  
423  564  
423  565  
423  566  
423  567  
423  568  
423  569  
423  570  
423  571  
423  572  
423  573  
423  574  
423  575  
423  576  
423  577  
423  578  
423  579  
423  580  
423  581  
423  582  
423  583  
423  584  
423  585  
423  586  
423  587  
423  588  
423  589  
423  590  
423  591  
423  592  
423  593  
423  594  
423  595  
423  596  
423  597  
423  598  
423  599  
423  600  
423  601  
423  602  
423  603  
423  604  
423  605  
423  606  
423  607  
423  608  
313  549  
314  549  
315  549  
316  549  
317  549  
318  549  
319  549  
320  549  
321  549  
322  549  
323  549  
324  549  
325  549  
326  549  
327  549  
328  549  
329  549  
330  549  
331  549  
332  549  
333  549  
334  549  
335  549  
336  549  
337  549  
338  549  
339  549  
340  549  
341  549  
342  549  
343  549  
344  549  
345  549  
346  549  
347  549  
348  549  
349  549  
350  549  
351  549  
352  549  
353  549  
354  549  
249  551  
250  551  
251  551  
252  551  
253  551  
254  551  
255  551  
256  551  
257  551  
258  551  
259  551  
260  551  
261  551  
262  551  
263  551  
264  551  
265  551  
243  552  
244  552  
245  552  
246  552  
247  552  
248  552  
62  552  
63  552  
64  552  
65  552  
66  552  
67  552  
68  552  
69  552  
70  552  
71  552  
72  552  
73  552  
74  552  
75  552  
76  552  
77  552  
78  552  
79  552  
80  552  
81  552  
82  552  
83  552  
84  552  
85  552  
86  552  
87  552  
88  552  
89  552  
428  553  
428  554  
428  555  
428  556  
428  557  
428  558  
428  559  
428  560  
428  561  
428  562  
428  563  
428  564  
428  565  
428  566  
428  567  
428  568  
428  569  
428  570  
428  571  
428  572  
428  573  
428  574  
428  575  
428  576  
428  577  
428  578  
428  579  
428  580  
428  581  
428  582  
428  583  
428  584  
428  585  
428  586  
428  587  
428  588  
428  589  
428  590  
428  591  
428  592  
428  593  
428  594  
428  595  
428  596  
428  597  
428  598  
428  599  
428  600  
428  601  
428  602  
428  603  
428  604  
428  605  
428  606  
428  607  
428  608  
312  559  
313  559  
314  559  
315  559  
316  559  
317  559  
318  559  
319  559  
320  559  
321  559  
322  559  
323  559  
324  559  
325  559  
326  559  
327  559  
328  559  
329  559  
309  560  
310  560  
311  560  
330  560  
331  560  
332  560  
65  562  
66  562  
67  562  
68  562  
69  562  
70  562  
71  562  
72  562  
73  562  
74  562  
75  562  
76  562  
77  562  
78  562  
79  562  
80  562  
81  562  
82  562  
83  562  
84  562  
85  562  
86  562  
87  562  
88  562  
89  562  
90  562  
91  562  
92  562  
93  562  
94  562  
95  562  
96  562  
97  562  
98  562  
99  562  
100  562  
101  562  
102  562  
103  562  
104  562  
105  562  
106  562  
107  562  
108  562  
109  562  
110  562  
111  562  
112  562  
113  562  
114  562  
115  562  
116  562  
117  562  
118  562  
119  562  
120  562  
121  562  
60  563  
61  563  
62  563  
63  563  
64  563  
212  562  
213  562  
214  562  
215  562  
216  562  
217  562  
218  562  
219  562  
220  562  
221  562  
222  562  
223  562  
224  562  
225  562  
226  562  
227  562  
228  562  
229  562  
230  562  
231  562  
232  562  
233  562  
234  562  
235  562  
264  562  
265  562  
266  562  
267  562  
268  562  
269  562  
270  562  
271  562  
272  562  
273  562  
274  562  
275  562  
276  562  
277  562  
278  562  
279  562  
280  562  
281  562  
282  562  
283  562  
284  562  
285  562  
286  562  
287  562  
288  562  
197  568  
197  569  
197  570  
196  571  
196  572  
195  573  
195  574  
195  575  
195  576  
194  577  
194  578  
194  579  
194  580  
193  581  
193  582  
193  583  
193  584  
193  585  
193  586  
192  587  
54  571  
55  572  
55  573  
55  574  
55  575  
56  576  
56  577  
56  578  
56  579  
56  580  
57  581  
57  582  
57  583  
58  584  
58  585  
58  586  
58  587  
59  588  
59  589  
59  590  
60  591  
60  592  
60  593  
60  594  
60  595  
61  596  
418  572  
418  573  
418  574  
418  575  
418  576  
418  577  
417  578  
417  579  
417  580  
417  581  
417  582  
417  583  
417  584  
417  585  
417  586  
417  587  
417  588  
417  589  
417  590  
417  591  
417  592  
417  593  
417  594  
84  574  
84  575  
83  576  
83  577  
82  578  
82  579  
82  580  
81  581  
81  582  
80  583  
80  584  
80  585  
79  586  
79  587  
79  588  
78  589  
78  590  
78  591  
77  592  
77  593  
77  594  
76  595  
76  596  
420  579  
420  580  
420  581  
420  582  
420  583  
420  584  
420  585  
420  586  
420  587  
420  588  
420  589  
420  590  
420  591  
420  592  
420  593  
420  594  
420  595  
420  596  
420  597  
420  598  
336  583  
337  583  
338  583  
339  583  
340  583  
341  583  
355  583  
342  584  
343  584  
344  584  
345  584  
346  584  
347  584  
348  584  
349  584  
350  584  
351  584  
352  584  
353  584  
354  584  
333  591  
334  591  
335  591  
336  592  
337  592  
338  592  
339  592  
340  592  
341  592  
342  592  
343  592  
344  592  
345  592  
346  592  
347  592  
348  592  
349  592  
350  592  
351  592  
352  592  
141  596  
142  596  
143  596  
144  596  
145  596  
146  596  
147  596  
148  596  
149  596  
150  596  
151  596  
152  596  
153  596  
154  596  
155  596  
156  596  
157  596  
158  596  
159  596  
160  596  
130  597  
131  597  
132  597  
133  597  
134  597  
135  597  
136  597  
137  597  
138  597  
139  597  
140  597  
161  597  
162  597  
163  597  
164  597  
165  597  
166  597  
167  597  
168  597  
169  597  
170  597  
171  597  
172  597  
173  597  
174  597  
175  597  
176  597  
177  597  
178  597  
179  597  
180  597  
181  597  
54  598  
55  598  
56  598  
57  598  
58  598  
59  598  
60  598  
61  598  
62  598  
63  598  
64  598  
65  598  
66  598  
67  598  
68  598  
69  598  
70  598  
71  598  
72  598  
73  598  
74  598  
75  598  
76  599  
77  599  
78  599  
79  599  
80  599  
81  599  
82  599  
83  600  
84  600  
85  600  
86  600  
87  600  
88  600  
89  600  
90  600  
91  600  
92  600  
93  600  
94  600  
95  600  
96  600  
205  598  
206  598  
207  599  
208  599  
209  599  
210  599  
211  599  
212  599  
213  599  
214  599  
215  599  
216  599  
217  599  
218  599  
219  599  
220  599  
221  599  
222  599  
223  599  
224  599  
225  599  
226  599  
227  599  
228  599  
229  599  
230  599  
231  599  
232  599  
233  599  
234  599  
235  599  
236  599  
237  599  
238  599  
239  599  
240  599  
241  599  
242  599  
243  599  
244  599  
245  599  
246  599  
247  599  
248  599  
249  599  
250  599  
251  599  
252  599  
253  599  
254  599  
255  599  
256  599  
257  599  
258  599  
259  599  
260  599  
261  599  
262  599  
263  599  
264  599  
265  599  
266  599  
267  599  
268  599  
269  599  
270  599  
271  599  
272  599  
273  599  
274  599  
275  599  
276  599  
277  599  
278  599  
279  599  
280  599  
281  599  
282  599  
283  599  
