136  32  
136  33  
136  34  
135  35  
135  36  
135  37  
135  38  
134  39  
134  40  
134  41  
134  42  
133  43  
133  44  
133  45  
132  46  
132  47  
132  48  
132  49  
131  50  
131  51  
131  52  
131  53  
130  54  
130  55  
130  56  
130  57  
129  58  
129  59  
129  60  
128  61  
128  62  
128  63  
128  64  
127  65  
127  66  
141  32  
141  33  
140  34  
140  35  
140  36  
139  37  
139  38  
139  39  
139  40  
138  41  
138  42  
138  43  
138  44  
137  45  
137  46  
137  47  
136  48  
136  49  
136  50  
136  51  
135  52  
135  53  
135  54  
135  55  
134  56  
134  57  
134  58  
134  59  
133  60  
133  61  
179  32  
179  33  
179  34  
179  35  
178  36  
178  37  
178  38  
178  39  
177  40  
177  41  
177  42  
177  43  
176  44  
176  45  
176  46  
176  47  
176  48  
175  49  
175  50  
175  51  
175  52  
174  53  
174  54  
174  55  
174  56  
173  57  
173  58  
173  59  
172  60  
172  61  
172  62  
172  63  
172  64  
171  65  
171  66  
171  67  
171  68  
171  69  
170  70  
170  71  
170  72  
170  73  
169  74  
169  75  
169  76  
169  77  
169  78  
168  79  
168  80  
168  81  
168  82  
167  83  
167  84  
167  85  
167  86  
167  87  
166  88  
166  89  
166  90  
166  91  
165  92  
165  93  
165  94  
165  95  
164  96  
164  97  
164  98  
164  99  
164  100  
163  101  
163  102  
163  103  
163  104  
162  105  
162  106  
162  107  
162  108  
161  109  
161  110  
161  111  
161  112  
161  113  
160  114  
160  115  
160  116  
160  117  
159  118  
159  119  
159  120  
159  121  
159  122  
158  123  
158  124  
158  125  
158  126  
157  127  
157  128  
157  129  
157  130  
184  32  
183  33  
183  34  
183  35  
183  36  
182  37  
182  38  
182  39  
182  40  
182  41  
181  42  
181  43  
181  44  
181  45  
180  46  
180  47  
180  48  
180  49  
179  50  
179  51  
179  52  
179  53  
178  54  
178  55  
178  56  
178  57  
177  58  
177  59  
177  60  
177  61  
177  62  
176  63  
176  64  
176  65  
176  66  
176  67  
175  68  
175  69  
175  70  
174  71  
174  72  
174  73  
174  74  
174  75  
173  76  
173  77  
173  78  
173  79  
173  80  
172  81  
172  82  
172  83  
172  84  
171  85  
171  86  
171  87  
171  88  
171  89  
170  90  
170  91  
170  92  
169  93  
169  94  
169  95  
169  96  
169  97  
169  98  
168  99  
168  100  
168  101  
168  102  
167  103  
167  104  
167  105  
167  106  
167  107  
166  108  
166  109  
166  110  
166  111  
165  112  
165  113  
165  114  
165  115  
165  116  
164  117  
164  118  
164  119  
164  120  
163  121  
163  122  
163  123  
163  124  
163  125  
162  126  
162  127  
162  128  
162  129  
161  130  
161  131  
161  132  
161  133  
160  134  
160  135  
160  136  
160  137  
227  32  
227  33  
227  34  
227  35  
227  36  
226  37  
226  38  
226  39  
226  40  
226  41  
226  42  
225  43  
225  44  
225  45  
225  46  
224  47  
224  48  
224  49  
224  50  
224  51  
355  32  
355  33  
354  34  
354  35  
354  36  
354  37  
354  38  
354  39  
354  40  
354  41  
354  42  
354  43  
354  44  
354  45  
354  46  
354  47  
354  48  
354  49  
354  50  
354  51  
353  52  
353  53  
353  54  
353  55  
353  56  
353  57  
353  58  
353  59  
353  60  
353  61  
353  62  
353  63  
353  64  
194  38  
195  38  
196  38  
197  38  
198  38  
199  38  
200  38  
201  38  
202  38  
203  38  
204  38  
205  38  
186  39  
187  39  
188  39  
189  39  
190  39  
191  39  
192  39  
193  39  
443  39  
442  40  
442  41  
442  42  
442  43  
442  44  
442  45  
442  46  
442  47  
442  48  
442  49  
442  50  
442  51  
443  52  
443  53  
443  54  
443  55  
443  56  
443  57  
443  58  
443  59  
443  60  
444  61  
444  62  
444  63  
444  64  
444  65  
444  66  
444  67  
444  68  
444  69  
444  70  
444  71  
444  72  
445  73  
445  74  
445  75  
445  76  
445  77  
445  78  
445  79  
445  80  
445  81  
445  82  
445  83  
445  84  
210  41  
211  41  
212  41  
213  41  
214  41  
215  41  
216  41  
217  41  
218  41  
219  41  
195  42  
196  42  
197  42  
198  42  
199  42  
200  42  
201  42  
202  42  
203  42  
204  42  
205  42  
206  42  
207  42  
208  42  
209  42  
186  43  
187  43  
188  43  
189  43  
190  43  
191  43  
192  43  
193  43  
194  43  
222  60  
222  61  
222  62  
221  63  
221  64  
221  65  
221  66  
220  67  
220  68  
220  69  
220  70  
220  71  
220  72  
219  73  
219  74  
219  75  
219  76  
219  77  
219  78  
219  79  
218  80  
218  81  
218  82  
218  83  
218  84  
218  85  
197  61  
198  61  
199  61  
200  61  
201  61  
202  61  
203  61  
204  61  
205  61  
206  61  
207  61  
208  61  
209  61  
210  61  
211  61  
182  62  
183  62  
184  62  
185  62  
186  62  
187  62  
188  62  
189  62  
190  62  
191  62  
192  62  
193  62  
194  62  
195  62  
196  62  
201  65  
202  65  
203  65  
204  65  
205  65  
206  65  
207  65  
208  65  
209  65  
210  65  
182  66  
183  66  
184  66  
185  66  
186  66  
187  66  
188  66  
189  66  
190  66  
191  66  
192  66  
193  66  
194  66  
195  66  
196  66  
197  66  
198  66  
199  66  
200  66  
179  67  
180  67  
181  67  
59  66  
59  67  
58  68  
58  69  
57  70  
57  71  
56  72  
56  73  
55  74  
55  75  
55  76  
54  77  
54  78  
53  79  
53  80  
52  81  
52  82  
51  83  
51  84  
50  85  
50  86  
49  87  
49  88  
48  89  
48  90  
47  91  
47  92  
46  93  
46  94  
45  95  
45  96  
44  97  
44  98  
43  99  
43  100  
43  101  
42  102  
42  103  
41  104  
41  105  
41  106  
40  107  
40  108  
39  109  
39  110  
38  111  
38  112  
37  113  
37  114  
36  115  
36  116  
35  117  
35  118  
35  119  
34  120  
33  121  
33  122  
33  123  
32  124  
32  125  
131  67  
131  68  
131  69  
130  70  
130  71  
130  72  
130  73  
129  74  
129  75  
129  76  
128  77  
128  78  
128  79  
127  80  
127  81  
127  82  
126  83  
126  84  
126  85  
126  86  
125  87  
125  88  
125  89  
125  90  
124  91  
124  92  
124  93  
123  94  
123  95  
123  96  
123  97  
123  98  
122  99  
122  100  
122  101  
121  102  
121  103  
121  104  
121  105  
120  106  
120  107  
120  108  
120  109  
119  110  
119  111  
119  112  
119  113  
118  114  
118  115  
118  116  
117  117  
117  118  
117  119  
117  120  
116  121  
116  122  
116  123  
116  124  
115  125  
115  126  
115  127  
115  128  
114  129  
114  130  
114  131  
113  132  
113  133  
113  134  
113  135  
112  136  
112  137  
112  138  
112  139  
112  140  
111  141  
111  142  
111  143  
110  144  
110  145  
110  146  
109  147  
109  148  
109  149  
109  150  
108  151  
108  152  
108  153  
107  154  
107  155  
107  156  
106  157  
106  158  
106  159  
106  160  
105  161  
105  162  
105  163  
105  164  
104  165  
104  166  
104  167  
103  168  
103  169  
103  170  
103  171  
102  172  
102  173  
102  174  
101  175  
101  176  
101  177  
101  178  
100  179  
100  180  
100  181  
99  182  
99  183  
99  184  
99  185  
98  186  
98  187  
98  188  
98  189  
97  190  
97  191  
97  192  
97  193  
97  194  
96  195  
96  196  
96  197  
95  198  
95  199  
95  200  
94  201  
94  202  
216  67  
216  68  
216  69  
216  70  
216  71  
216  72  
216  73  
216  74  
215  75  
215  76  
215  77  
215  78  
215  79  
215  80  
214  81  
214  82  
214  83  
214  84  
214  85  
213  86  
213  87  
213  88  
213  89  
213  90  
212  91  
212  92  
212  93  
212  94  
212  95  
144  72  
144  73  
144  74  
143  75  
143  76  
142  77  
142  78  
142  79  
141  80  
141  81  
140  82  
140  83  
140  84  
139  85  
139  86  
139  87  
138  88  
138  89  
137  90  
137  91  
137  92  
136  93  
136  94  
135  95  
135  96  
135  97  
134  98  
134  99  
133  100  
133  101  
133  102  
132  103  
132  104  
132  105  
131  106  
131  107  
130  108  
130  109  
130  110  
129  111  
129  112  
128  113  
128  114  
128  115  
127  116  
127  117  
127  118  
126  119  
126  120  
125  121  
125  122  
125  123  
124  124  
124  125  
124  126  
123  127  
123  128  
123  129  
122  130  
121  131  
121  132  
121  133  
120  134  
120  135  
381  78  
382  78  
383  78  
384  78  
385  79  
386  79  
387  79  
388  79  
389  79  
390  79  
391  79  
392  80  
393  80  
394  80  
395  80  
396  80  
397  80  
398  80  
399  80  
400  80  
401  80  
402  80  
403  81  
404  81  
405  81  
406  81  
407  81  
408  81  
409  81  
410  81  
411  81  
412  82  
383  83  
384  83  
385  83  
386  83  
387  83  
388  83  
389  83  
390  83  
391  83  
392  84  
393  84  
394  84  
395  84  
396  84  
397  84  
398  84  
399  84  
400  84  
401  85  
402  85  
403  85  
404  85  
405  85  
406  85  
430  94  
428  95  
429  95  
424  96  
425  96  
426  96  
427  96  
420  97  
421  97  
422  97  
423  97  
418  98  
419  98  
412  99  
413  99  
414  99  
415  99  
416  99  
417  99  
408  100  
409  100  
410  100  
411  100  
210  103  
210  104  
210  105  
209  106  
209  107  
209  108  
209  109  
209  110  
208  111  
208  112  
208  113  
208  114  
208  115  
208  116  
207  117  
207  118  
207  119  
207  120  
207  121  
207  122  
206  123  
206  124  
206  125  
206  126  
206  127  
206  128  
205  129  
205  130  
205  131  
205  132  
204  133  
204  134  
204  135  
204  136  
204  137  
204  138  
203  139  
203  140  
203  141  
203  142  
214  104  
214  105  
214  106  
214  107  
213  108  
213  109  
213  110  
213  111  
212  112  
212  113  
212  114  
212  115  
212  116  
212  117  
211  118  
211  119  
211  120  
211  121  
211  122  
211  123  
115  108  
115  109  
115  110  
115  111  
115  112  
114  113  
114  114  
114  115  
114  116  
113  117  
113  118  
113  119  
112  120  
112  121  
112  122  
112  123  
111  124  
111  125  
111  126  
110  127  
110  128  
110  129  
404  113  
405  113  
406  113  
407  113  
408  113  
409  113  
410  113  
411  113  
412  113  
413  113  
414  113  
415  113  
416  113  
417  113  
418  113  
419  113  
420  113  
421  113  
422  113  
423  113  
424  113  
425  113  
426  113  
427  113  
428  113  
429  113  
421  125  
422  125  
423  125  
417  126  
418  126  
419  126  
420  126  
413  127  
414  127  
415  127  
416  127  
410  128  
411  128  
412  128  
405  129  
406  129  
407  129  
408  129  
409  129  
404  130  
116  137  
117  137  
119  137  
120  137  
121  137  
122  137  
123  137  
124  137  
125  137  
126  137  
127  137  
128  137  
129  137  
130  137  
131  137  
132  137  
133  137  
134  137  
135  137  
136  137  
137  137  
138  137  
139  137  
140  137  
141  137  
118  138  
187  142  
188  142  
189  142  
190  142  
191  142  
192  142  
166  143  
167  143  
168  143  
169  143  
170  143  
171  143  
172  143  
173  143  
174  143  
175  143  
176  143  
177  143  
178  143  
179  143  
180  143  
181  143  
182  143  
183  143  
184  143  
185  143  
186  143  
153  145  
153  146  
153  147  
153  148  
152  149  
152  150  
152  151  
152  152  
151  153  
151  154  
151  155  
151  156  
150  157  
150  158  
150  159  
150  160  
150  161  
149  162  
149  163  
149  164  
149  165  
148  166  
148  167  
148  168  
148  169  
148  170  
147  171  
147  172  
147  173  
146  174  
146  175  
146  176  
146  177  
146  178  
145  179  
145  180  
145  181  
145  182  
144  183  
144  184  
144  185  
144  186  
144  187  
143  188  
143  189  
143  190  
143  191  
143  192  
142  193  
142  194  
142  195  
142  196  
141  197  
141  198  
141  199  
140  200  
140  201  
140  202  
140  203  
139  204  
139  205  
139  206  
139  207  
139  208  
138  209  
138  210  
138  211  
263  145  
263  146  
262  147  
263  148  
263  149  
263  150  
263  151  
263  152  
262  153  
262  154  
262  155  
262  156  
262  157  
262  158  
262  159  
261  160  
261  161  
261  162  
261  163  
261  164  
261  165  
261  166  
261  167  
260  168  
260  169  
260  170  
260  171  
260  172  
260  173  
260  174  
260  175  
260  176  
259  177  
259  178  
259  179  
259  180  
259  181  
259  182  
258  183  
258  184  
258  185  
258  186  
258  187  
258  188  
258  189  
258  190  
257  191  
257  192  
257  193  
257  194  
257  195  
257  196  
256  197  
256  198  
256  199  
256  200  
256  201  
256  202  
256  203  
255  204  
255  205  
255  206  
255  207  
255  208  
255  209  
255  210  
106  146  
105  147  
105  148  
105  149  
105  150  
104  151  
104  152  
104  153  
103  154  
103  155  
103  156  
103  157  
102  158  
102  159  
102  160  
102  161  
101  162  
101  163  
101  164  
100  165  
100  166  
100  167  
100  168  
99  169  
99  170  
98  171  
191  165  
192  165  
193  165  
194  165  
195  165  
176  166  
177  166  
178  166  
179  166  
180  166  
181  166  
182  166  
183  166  
184  166  
185  166  
186  166  
187  166  
188  166  
189  166  
190  166  
196  166  
334  166  
334  167  
334  168  
334  169  
334  170  
334  171  
334  172  
334  173  
334  174  
334  175  
334  176  
333  177  
333  178  
333  179  
333  180  
333  181  
333  182  
333  183  
333  184  
333  185  
333  186  
333  187  
333  188  
333  189  
333  190  
333  191  
333  192  
333  193  
333  194  
333  195  
332  196  
332  197  
332  198  
332  199  
332  200  
332  201  
332  202  
344  167  
345  168  
345  169  
345  170  
344  171  
344  172  
344  173  
344  174  
344  175  
344  176  
343  177  
343  178  
343  179  
343  180  
343  181  
343  182  
343  183  
342  184  
342  185  
342  186  
342  187  
152  172  
151  173  
151  174  
151  175  
151  176  
151  177  
150  178  
150  179  
150  180  
150  181  
149  182  
149  183  
149  184  
149  185  
148  186  
148  187  
148  188  
148  189  
147  190  
147  191  
147  192  
147  193  
147  194  
147  195  
146  196  
146  197  
146  198  
197  174  
197  175  
197  176  
197  177  
197  178  
196  179  
196  180  
196  181  
196  182  
196  183  
196  184  
195  185  
195  186  
195  187  
195  188  
195  189  
195  190  
194  191  
194  192  
194  193  
194  194  
290  184  
291  184  
292  184  
293  184  
294  184  
295  184  
296  184  
297  184  
298  184  
299  184  
300  184  
301  184  
302  184  
303  184  
304  184  
305  184  
306  184  
307  184  
308  184  
309  184  
310  184  
311  184  
312  184  
313  184  
314  184  
315  184  
289  185  
198  193  
198  194  
198  195  
198  196  
197  197  
197  198  
197  199  
197  200  
197  201  
196  202  
196  203  
196  204  
196  205  
196  206  
196  207  
195  208  
195  209  
195  210  
195  211  
195  212  
195  213  
194  214  
194  215  
194  216  
194  217  
194  218  
171  200  
172  200  
173  200  
174  200  
175  200  
176  200  
177  200  
178  200  
179  200  
180  200  
181  200  
182  200  
183  200  
184  200  
185  200  
186  200  
187  200  
188  200  
189  200  
190  200  
191  200  
168  201  
169  201  
170  201  
51  204  
49  205  
50  205  
48  206  
47  207  
45  208  
46  208  
44  209  
43  210  
41  211  
42  211  
40  212  
38  213  
39  213  
37  214  
36  215  
34  216  
35  216  
33  217  
32  218  
56  205  
56  206  
56  207  
56  208  
56  209  
55  210  
55  211  
55  212  
54  213  
54  214  
54  215  
53  216  
53  217  
53  218  
52  219  
52  220  
52  221  
51  222  
51  223  
51  224  
51  225  
50  226  
50  227  
50  228  
49  229  
49  230  
49  231  
48  232  
48  233  
48  234  
47  235  
47  236  
53  207  
53  208  
52  209  
52  210  
51  211  
51  212  
51  213  
50  214  
50  215  
50  216  
49  217  
49  218  
49  219  
48  220  
48  221  
48  222  
47  223  
47  224  
47  225  
46  226  
46  227  
46  228  
45  229  
45  230  
45  231  
44  232  
44  233  
44  234  
43  235  
43  236  
43  237  
42  238  
42  239  
42  240  
42  241  
42  242  
42  243  
336  214  
335  215  
335  216  
335  217  
335  218  
335  219  
335  220  
335  221  
335  222  
334  223  
334  224  
334  225  
334  226  
334  227  
334  228  
334  229  
334  230  
334  231  
334  232  
334  233  
200  225  
201  225  
202  225  
203  225  
204  225  
205  225  
206  225  
207  225  
208  225  
209  225  
210  225  
211  225  
212  225  
213  225  
214  225  
215  225  
216  225  
217  225  
218  225  
219  225  
220  225  
221  225  
222  225  
223  225  
224  225  
225  225  
226  225  
227  225  
228  225  
229  225  
230  225  
231  225  
232  225  
233  225  
216  229  
217  229  
218  229  
219  229  
220  229  
221  229  
222  229  
223  229  
224  229  
225  229  
226  229  
227  229  
228  229  
197  230  
198  230  
199  230  
200  230  
201  230  
202  230  
203  230  
204  230  
205  230  
206  230  
207  230  
208  230  
209  230  
210  230  
211  230  
212  230  
213  230  
214  230  
215  230  
132  237  
132  238  
132  239  
131  240  
131  241  
131  242  
131  243  
130  244  
130  245  
130  246  
130  247  
130  248  
129  249  
129  250  
129  251  
129  252  
129  253  
128  254  
128  255  
128  256  
128  257  
127  258  
127  259  
127  260  
127  261  
126  262  
126  263  
126  264  
126  265  
126  266  
125  267  
125  268  
125  269  
125  270  
124  271  
124  272  
124  273  
124  274  
123  275  
123  276  
123  277  
123  278  
123  279  
123  280  
122  281  
122  282  
122  283  
122  284  
121  285  
121  286  
121  287  
120  288  
120  289  
120  290  
120  291  
119  292  
119  293  
119  294  
119  295  
119  296  
317  237  
318  237  
319  237  
320  237  
321  237  
322  237  
323  237  
324  237  
325  237  
326  237  
327  237  
328  237  
310  238  
311  238  
312  238  
313  238  
314  238  
315  238  
316  238  
309  239  
329  254  
329  255  
329  256  
328  257  
328  258  
328  259  
328  260  
328  261  
328  262  
328  263  
328  264  
328  265  
328  266  
328  267  
328  268  
328  269  
328  270  
328  271  
328  272  
328  273  
328  274  
328  275  
328  276  
328  277  
328  278  
327  279  
327  280  
38  255  
38  256  
37  257  
38  258  
38  259  
38  260  
37  261  
37  262  
36  263  
36  264  
36  265  
35  266  
35  267  
35  268  
34  269  
34  270  
34  271  
33  272  
33  273  
33  274  
32  275  
32  276  
71  273  
71  274  
71  275  
70  276  
70  277  
70  278  
70  279  
69  280  
69  281  
69  282  
68  283  
68  284  
68  285  
68  286  
67  287  
67  288  
67  289  
67  290  
66  291  
66  292  
66  293  
66  294  
65  295  
65  296  
65  297  
64  298  
64  299  
64  300  
64  301  
74  276  
74  277  
74  278  
74  279  
73  280  
73  281  
73  282  
72  283  
72  284  
72  285  
72  286  
72  287  
71  288  
71  289  
71  290  
71  291  
71  292  
70  293  
70  294  
70  295  
70  296  
69  297  
69  298  
68  299  
68  300  
68  301  
288  281  
289  281  
290  281  
291  281  
292  281  
293  281  
294  281  
295  281  
296  281  
297  281  
298  281  
299  281  
300  281  
301  281  
302  281  
303  281  
304  281  
305  281  
306  281  
307  281  
308  281  
309  281  
310  281  
311  281  
312  281  
313  281  
292  287  
293  287  
294  287  
295  287  
296  287  
297  287  
298  287  
299  287  
300  287  
301  287  
302  287  
303  287  
304  287  
305  287  
306  287  
307  287  
308  287  
309  287  
310  287  
311  287  
312  287  
313  287  
180  291  
180  292  
180  293  
180  294  
180  295  
179  296  
179  297  
179  298  
179  299  
179  300  
179  301  
178  302  
178  303  
178  304  
178  305  
178  306  
178  307  
177  308  
177  309  
177  310  
177  311  
177  312  
144  297  
145  297  
146  297  
147  297  
148  297  
149  297  
150  297  
151  297  
152  297  
153  297  
154  297  
155  297  
156  297  
157  297  
158  297  
159  297  
160  297  
161  297  
162  297  
163  297  
164  297  
165  297  
166  297  
167  297  
168  297  
169  297  
170  297  
171  297  
220  297  
221  298  
222  298  
223  299  
224  299  
225  300  
226  301  
227  301  
228  302  
229  303  
230  303  
231  304  
232  305  
233  305  
234  306  
235  307  
236  307  
237  308  
238  309  
239  309  
132  300  
133  300  
134  300  
135  300  
136  300  
137  300  
138  300  
139  300  
140  300  
141  300  
142  300  
143  300  
144  300  
145  300  
146  300  
147  300  
148  300  
149  300  
150  300  
151  300  
152  300  
153  300  
154  300  
155  300  
156  300  
157  300  
158  300  
159  300  
160  300  
161  300  
162  300  
163  300  
164  300  
167  300  
168  300  
169  300  
165  301  
166  301  
261  320  
262  320  
263  320  
264  320  
265  320  
266  320  
267  320  
268  320  
269  320  
270  320  
271  320  
272  320  
273  320  
274  320  
275  320  
276  320  
277  320  
278  320  
279  320  
280  321  
281  321  
282  321  
283  321  
284  321  
232  321  
233  321  
234  321  
235  321  
236  321  
237  321  
218  322  
219  322  
220  322  
221  322  
222  322  
223  322  
224  322  
225  322  
226  322  
227  322  
228  322  
229  322  
230  322  
231  322  
176  322  
177  322  
178  322  
179  322  
180  322  
181  322  
182  322  
183  322  
184  322  
185  322  
186  322  
187  322  
188  322  
189  322  
190  322  
191  322  
192  322  
193  322  
194  322  
195  322  
196  322  
197  322  
198  322  
199  322  
200  322  
201  322  
245  323  
245  324  
245  325  
245  326  
244  327  
244  328  
244  329  
244  330  
244  331  
244  332  
244  333  
244  334  
244  335  
243  336  
243  337  
243  338  
243  339  
243  340  
243  341  
243  342  
242  343  
242  344  
241  345  
241  346  
241  347  
170  325  
170  326  
169  327  
169  328  
169  329  
169  330  
169  331  
169  332  
168  333  
168  334  
168  335  
168  336  
168  337  
168  338  
167  339  
167  340  
167  341  
167  342  
167  343  
167  344  
166  345  
166  346  
166  347  
166  348  
166  349  
165  350  
165  351  
165  352  
165  353  
165  354  
164  355  
164  356  
164  357  
164  358  
397  325  
398  325  
399  325  
400  325  
401  325  
402  326  
403  326  
404  326  
405  326  
406  326  
407  326  
408  326  
409  326  
410  326  
411  326  
412  327  
413  327  
414  327  
415  327  
416  327  
417  327  
418  327  
419  327  
420  327  
421  327  
422  327  
423  327  
424  327  
425  327  
426  327  
427  327  
428  328  
429  328  
430  328  
431  328  
432  328  
433  328  
434  328  
435  328  
436  328  
437  328  
438  329  
439  329  
440  329  
63  331  
64  331  
65  331  
66  331  
67  331  
68  331  
69  331  
70  331  
71  331  
57  332  
58  332  
59  332  
60  332  
61  332  
62  332  
50  333  
51  333  
52  333  
53  333  
54  333  
55  333  
56  333  
48  334  
49  334  
46  335  
47  335  
440  332  
440  333  
440  334  
440  335  
440  336  
440  337  
440  338  
440  339  
440  340  
440  341  
440  342  
440  343  
440  344  
440  345  
440  346  
440  347  
440  348  
440  349  
440  350  
440  351  
440  352  
440  353  
440  354  
440  355  
440  356  
440  357  
440  358  
440  359  
440  360  
440  361  
440  362  
440  363  
440  364  
440  365  
440  366  
440  367  
440  368  
71  335  
72  335  
73  335  
74  335  
75  335  
76  335  
77  335  
78  335  
79  335  
80  335  
81  335  
82  335  
83  335  
84  335  
85  335  
86  335  
87  335  
88  335  
64  336  
65  336  
66  336  
67  336  
68  336  
69  336  
70  336  
89  336  
90  336  
91  336  
92  336  
93  336  
94  336  
133  336  
132  337  
132  338  
132  339  
132  340  
132  341  
131  342  
131  343  
131  344  
131  345  
131  346  
130  347  
130  348  
130  349  
130  350  
130  351  
129  352  
129  353  
129  354  
129  355  
129  356  
128  357  
128  358  
128  359  
128  360  
128  361  
127  362  
127  363  
127  364  
127  365  
127  366  
126  367  
126  368  
126  369  
126  370  
126  371  
125  372  
125  373  
125  374  
125  375  
124  376  
124  377  
124  378  
124  379  
124  380  
123  381  
123  382  
123  383  
123  384  
123  385  
123  386  
122  387  
122  388  
122  389  
122  390  
121  391  
121  392  
121  393  
121  394  
121  395  
120  396  
120  397  
120  398  
120  399  
120  400  
119  401  
119  402  
119  403  
119  404  
119  405  
118  406  
118  407  
118  408  
118  409  
118  410  
117  411  
117  412  
117  413  
117  414  
117  415  
116  416  
116  417  
116  418  
116  419  
115  420  
115  421  
115  422  
115  423  
115  424  
114  425  
114  426  
114  427  
114  428  
114  429  
113  430  
113  431  
113  432  
113  433  
113  434  
112  435  
112  436  
112  437  
112  438  
112  439  
111  440  
111  441  
111  442  
111  443  
111  444  
110  445  
110  446  
110  447  
110  448  
110  449  
109  450  
109  451  
109  452  
109  453  
109  454  
108  455  
108  456  
108  457  
108  458  
108  459  
107  460  
107  461  
107  462  
107  463  
107  464  
107  465  
106  466  
177  337  
178  337  
179  337  
180  337  
181  337  
182  337  
183  337  
184  337  
185  337  
186  337  
187  337  
188  337  
189  337  
190  337  
191  337  
192  337  
193  337  
194  337  
195  337  
196  337  
197  337  
198  337  
199  337  
200  337  
171  339  
171  340  
171  341  
171  342  
171  343  
171  344  
171  345  
171  346  
170  347  
170  348  
170  349  
170  350  
170  351  
170  352  
169  353  
169  354  
169  355  
169  356  
169  357  
168  358  
168  359  
168  360  
168  361  
168  362  
136  341  
136  342  
136  343  
136  344  
136  345  
135  346  
135  347  
135  348  
135  349  
135  350  
134  351  
134  352  
134  353  
134  354  
134  355  
133  356  
133  357  
133  358  
133  359  
133  360  
132  361  
132  362  
132  363  
132  364  
131  365  
131  366  
131  367  
131  368  
57  343  
56  344  
56  345  
56  346  
56  347  
55  348  
55  349  
55  350  
54  351  
54  352  
54  353  
54  354  
54  355  
53  356  
53  357  
53  358  
53  359  
52  360  
52  361  
52  362  
51  363  
51  364  
51  365  
51  366  
50  367  
50  368  
50  369  
50  370  
49  371  
49  372  
49  373  
48  374  
48  375  
48  376  
48  377  
47  378  
47  379  
47  380  
47  381  
46  382  
46  383  
46  384  
46  385  
45  386  
45  387  
45  388  
45  389  
44  390  
44  391  
44  392  
44  393  
43  394  
43  395  
43  396  
42  397  
42  398  
42  399  
42  400  
41  401  
41  402  
41  403  
41  404  
40  405  
40  406  
40  407  
40  408  
39  409  
39  410  
39  411  
38  412  
38  413  
38  414  
38  415  
37  416  
37  417  
37  418  
37  419  
36  420  
36  421  
36  422  
36  423  
35  424  
35  425  
35  426  
35  427  
34  428  
34  429  
34  430  
34  431  
33  432  
33  433  
33  434  
33  435  
32  436  
32  437  
32  438  
32  439  
236  351  
236  352  
236  353  
236  354  
236  355  
236  356  
236  357  
236  358  
236  359  
236  360  
236  361  
236  362  
236  363  
236  364  
235  365  
235  366  
235  367  
235  368  
235  369  
235  370  
235  371  
234  372  
234  373  
234  374  
234  375  
234  376  
234  377  
234  378  
234  379  
233  380  
233  381  
233  382  
233  383  
233  384  
233  385  
233  386  
233  387  
232  388  
232  389  
232  390  
232  391  
232  392  
232  393  
231  394  
231  395  
231  396  
231  397  
231  398  
231  399  
231  400  
231  401  
231  402  
230  403  
230  404  
230  405  
230  406  
230  407  
230  408  
230  409  
230  410  
229  411  
229  412  
229  413  
229  414  
229  415  
229  416  
229  417  
228  418  
228  419  
228  420  
228  421  
228  422  
228  423  
228  424  
228  425  
228  426  
227  427  
227  428  
227  429  
227  430  
227  431  
227  432  
227  433  
227  434  
226  435  
226  436  
226  437  
226  438  
226  439  
226  440  
226  441  
225  442  
225  443  
225  444  
225  445  
225  446  
225  447  
225  448  
224  449  
224  450  
224  451  
224  452  
224  453  
224  454  
224  455  
223  456  
223  457  
223  458  
223  459  
223  460  
223  461  
223  462  
223  463  
223  464  
222  465  
222  466  
222  467  
222  468  
222  469  
222  470  
222  471  
222  472  
49  354  
49  355  
49  356  
49  357  
48  358  
48  359  
48  360  
47  361  
47  362  
47  363  
47  364  
46  365  
46  366  
46  367  
46  368  
45  369  
45  370  
45  371  
44  372  
44  373  
44  374  
44  375  
43  376  
43  377  
43  378  
43  379  
42  380  
42  381  
42  382  
42  383  
41  384  
41  385  
41  386  
41  387  
41  388  
40  389  
40  390  
40  391  
39  392  
39  393  
39  394  
38  395  
38  396  
38  397  
37  398  
37  399  
37  400  
37  401  
37  402  
36  403  
36  404  
36  405  
36  406  
35  407  
35  408  
35  409  
35  410  
34  411  
34  412  
34  413  
33  414  
33  415  
33  416  
33  417  
32  418  
32  419  
32  420  
322  358  
322  359  
322  360  
321  361  
321  362  
321  363  
321  364  
321  365  
321  366  
321  367  
321  368  
321  369  
321  370  
321  371  
321  372  
321  373  
321  374  
321  375  
321  376  
321  377  
321  378  
320  379  
320  380  
320  381  
320  382  
320  383  
320  384  
320  385  
320  386  
320  387  
320  388  
320  389  
320  390  
320  391  
320  392  
320  393  
319  394  
319  395  
319  396  
319  397  
319  398  
319  399  
319  400  
319  401  
319  402  
319  403  
319  404  
319  405  
319  406  
319  407  
319  408  
318  409  
318  410  
318  411  
318  412  
318  413  
318  414  
318  415  
318  416  
318  417  
318  418  
318  419  
318  420  
318  421  
318  422  
318  423  
318  424  
318  425  
317  426  
317  427  
317  428  
317  429  
317  430  
317  431  
317  432  
313  361  
314  362  
315  363  
314  364  
314  365  
314  366  
314  367  
314  368  
314  369  
314  370  
314  371  
314  372  
314  373  
314  374  
314  375  
314  376  
314  377  
313  378  
313  379  
313  380  
313  381  
313  382  
313  383  
313  384  
313  385  
313  386  
313  387  
313  388  
135  374  
136  374  
137  374  
138  374  
139  374  
140  374  
141  374  
142  374  
143  374  
144  374  
145  374  
146  374  
147  374  
148  374  
149  374  
150  374  
151  374  
152  374  
153  374  
154  374  
155  374  
156  374  
157  374  
129  376  
129  377  
129  378  
129  379  
128  380  
128  381  
128  382  
128  383  
127  384  
127  385  
127  386  
127  387  
127  388  
126  389  
126  390  
126  391  
126  392  
126  393  
125  394  
125  395  
125  396  
125  397  
125  398  
124  399  
124  400  
124  401  
124  402  
123  403  
123  404  
123  405  
123  406  
123  407  
123  408  
122  409  
122  410  
122  411  
122  412  
122  413  
122  414  
121  415  
121  416  
121  417  
121  418  
120  419  
120  420  
120  421  
120  422  
120  423  
119  424  
119  425  
119  426  
119  427  
119  428  
118  429  
118  430  
118  431  
118  432  
118  433  
117  434  
117  435  
117  436  
117  437  
116  438  
116  439  
116  440  
116  441  
116  442  
160  382  
160  383  
160  384  
160  385  
160  386  
159  387  
159  388  
159  389  
159  390  
159  391  
159  392  
158  393  
158  394  
158  395  
158  396  
157  397  
157  398  
157  399  
157  400  
157  401  
157  402  
156  403  
156  404  
156  405  
156  406  
154  389  
154  390  
154  391  
154  392  
154  393  
153  394  
153  395  
153  396  
153  397  
153  398  
152  399  
152  400  
152  401  
152  402  
152  403  
152  404  
151  405  
151  406  
151  407  
151  408  
151  409  
150  410  
272  395  
273  395  
274  395  
275  395  
276  395  
277  395  
278  395  
279  395  
280  395  
281  395  
282  395  
283  395  
284  395  
285  395  
286  395  
287  395  
288  395  
289  395  
290  395  
291  395  
292  395  
293  395  
294  395  
295  395  
296  395  
297  395  
298  395  
299  395  
300  395  
301  395  
302  395  
303  395  
304  395  
305  395  
270  402  
271  402  
272  402  
273  402  
274  402  
275  402  
276  402  
277  402  
278  402  
279  402  
280  402  
281  402  
282  402  
283  402  
284  402  
285  402  
286  402  
287  402  
288  402  
289  402  
290  402  
291  402  
292  402  
293  402  
294  402  
295  402  
296  402  
297  402  
298  402  
299  402  
300  402  
301  402  
302  402  
303  402  
304  402  
254  408  
254  409  
254  410  
254  411  
254  412  
253  413  
253  414  
253  415  
253  416  
253  417  
253  418  
253  419  
253  420  
252  421  
252  422  
252  423  
252  424  
252  425  
252  426  
252  427  
252  428  
252  429  
252  430  
252  431  
251  432  
251  433  
251  434  
251  435  
263  409  
263  410  
263  411  
263  412  
263  413  
263  414  
263  415  
263  416  
262  417  
262  418  
262  419  
262  420  
262  421  
262  422  
262  423  
261  424  
261  425  
261  426  
261  427  
261  428  
261  429  
261  430  
261  431  
261  432  
261  433  
260  434  
260  435  
260  436  
125  413  
126  413  
127  413  
128  413  
129  413  
130  413  
131  413  
132  414  
133  414  
134  414  
135  414  
136  414  
137  414  
138  414  
139  414  
140  414  
141  414  
142  414  
143  414  
144  414  
145  414  
146  414  
147  414  
153  420  
153  421  
153  422  
153  423  
153  424  
153  425  
152  426  
152  427  
152  428  
152  429  
152  430  
152  431  
152  432  
151  433  
151  434  
151  435  
151  436  
151  437  
151  438  
150  439  
150  440  
150  441  
150  442  
149  443  
149  444  
149  445  
149  446  
149  447  
149  448  
148  449  
148  450  
148  451  
148  452  
148  453  
148  454  
147  455  
147  456  
147  457  
147  458  
147  459  
146  460  
146  461  
146  462  
145  463  
145  464  
145  465  
145  466  
144  467  
144  468  
144  469  
144  470  
156  424  
156  425  
156  426  
156  427  
156  428  
156  429  
155  430  
155  431  
155  432  
155  433  
155  434  
155  435  
154  436  
154  437  
154  438  
154  439  
154  440  
154  441  
153  442  
153  443  
153  444  
153  445  
153  446  
153  447  
152  448  
152  449  
152  450  
152  451  
238  439  
239  439  
240  439  
241  439  
242  439  
243  439  
244  439  
245  439  
246  439  
247  439  
248  439  
249  439  
250  439  
251  439  
252  439  
253  439  
254  439  
255  439  
256  439  
257  439  
258  439  
259  439  
260  439  
261  439  
262  439  
263  439  
265  439  
266  439  
267  439  
268  439  
264  440  
269  440  
270  440  
271  440  
272  440  
273  440  
274  440  
275  440  
276  440  
277  440  
278  440  
279  440  
280  440  
281  440  
282  440  
283  440  
284  440  
285  440  
286  440  
287  440  
288  440  
289  440  
290  440  
291  440  
292  440  
296  440  
297  440  
293  441  
294  441  
295  441  
231  446  
231  447  
231  448  
231  449  
231  450  
231  451  
230  452  
230  453  
230  454  
230  455  
230  456  
230  457  
230  458  
230  459  
230  460  
230  461  
230  462  
230  463  
230  464  
229  465  
229  466  
229  467  
116  456  
117  456  
118  456  
119  456  
120  456  
121  456  
122  456  
123  456  
124  456  
125  456  
126  456  
127  456  
128  456  
129  456  
130  456  
131  456  
132  456  
133  456  
134  456  
135  456  
136  456  
137  457  
138  457  
139  457  
140  457  
141  457  
142  457  
143  458  
143  459  
54  459  
55  459  
56  459  
57  459  
58  459  
59  459  
60  460  
61  460  
62  460  
63  460  
64  460  
65  460  
66  460  
67  460  
68  460  
69  460  
70  460  
71  460  
72  460  
73  460  
74  460  
75  460  
76  460  
160  459  
161  459  
162  459  
163  459  
164  459  
165  459  
166  459  
167  459  
168  459  
169  459  
170  459  
171  459  
172  459  
173  459  
174  459  
175  459  
176  459  
177  459  
178  459  
179  459  
180  459  
181  459  
182  459  
183  459  
184  459  
185  459  
186  460  
187  460  
188  460  
189  460  
190  460  
191  460  
192  460  
193  460  
194  460  
195  460  
196  460  
197  460  
198  460  
199  460  
200  460  
201  460  
202  460  
203  460  
204  460  
205  460  
206  460  
207  460  
208  460  
209  460  
210  460  
211  460  
212  460  
213  460  
214  460  
215  460  
216  460  
217  461  
218  461  
219  461  
220  461  
84  461  
85  461  
86  461  
87  461  
88  461  
89  461  
90  461  
91  461  
92  461  
93  461  
94  461  
95  461  
96  461  
97  461  
98  461  
99  461  
100  461  
101  461  
102  461  
103  461  
104  461  
156  463  
157  463  
158  463  
159  463  
160  463  
161  463  
162  463  
163  463  
164  463  
165  463  
166  463  
167  463  
168  463  
169  463  
170  463  
171  463  
172  463  
173  464  
174  464  
175  464  
176  464  
177  464  
178  464  
179  464  
180  464  
181  464  
182  464  
183  464  
184  464  
185  464  
186  464  
187  464  
188  464  
189  464  
190  464  
191  464  
192  464  
193  464  
194  464  
195  464  
196  464  
197  464  
198  464  
199  464  
200  464  
201  464  
202  465  
203  465  
204  465  
205  465  
206  465  
207  465  
208  465  
209  465  
210  465  
211  465  
212  465  
213  465  
214  465  
215  465  
216  465  
217  465  
218  465  
219  466  
302  470  
303  470  
304  470  
305  470  
306  470  
307  470  
308  470  
309  470  
310  470  
311  470  
312  470  
313  470  
314  470  
315  470  
316  470  
317  470  
318  470  
319  470  
320  470  
321  470  
322  470  
323  471  
32  473  
33  473  
34  473  
35  473  
36  473  
37  473  
38  473  
39  473  
40  473  
41  473  
42  473  
43  473  
44  473  
45  473  
46  473  
47  473  
48  473  
49  474  
50  474  
51  474  
52  474  
53  474  
54  474  
55  474  
56  474  
57  474  
58  474  
59  474  
60  474  
61  474  
62  474  
63  474  
64  474  
65  474  
66  474  
67  474  
68  474  
69  474  
70  474  
71  474  
72  474  
73  474  
74  475  
75  475  
76  475  
77  475  
78  475  
79  475  
80  475  
81  475  
82  475  
83  475  
84  475  
85  475  
86  475  
87  475  
88  475  
89  475  
90  475  
91  475  
92  475  
93  475  
94  475  
95  475  
96  475  
97  475  
98  475  
99  475  
100  476  
101  476  
102  476  
103  476  
104  476  
105  476  
120  476  
121  476  
122  476  
123  476  
124  476  
125  476  
142  476  
126  477  
127  477  
128  477  
129  477  
130  477  
131  477  
132  477  
133  477  
134  477  
135  477  
136  477  
137  477  
138  477  
139  477  
140  477  
141  477  
33  477  
34  477  
35  477  
36  477  
37  477  
38  477  
39  477  
40  477  
41  477  
42  477  
44  477  
45  477  
46  477  
47  477  
43  478  
48  478  
49  478  
50  478  
51  478  
52  478  
53  478  
54  478  
55  478  
56  478  
57  478  
58  478  
59  478  
60  478  
61  478  
62  478  
63  478  
64  478  
65  478  
66  478  
67  478  
68  478  
69  478  
70  478  
71  478  
72  478  
73  479  
74  479  
75  479  
76  479  
77  479  
78  479  
79  479  
80  479  
81  479  
82  479  
83  479  
84  479  
85  479  
86  479  
87  479  
88  479  
89  479  
90  479  
91  479  
92  479  
93  479  
94  479  
95  479  
96  479  
97  479  
98  479  
99  480  
156  477  
157  478  
158  478  
159  478  
160  478  
161  478  
162  478  
163  478  
164  478  
165  478  
166  478  
167  478  
168  478  
169  478  
170  478  
171  478  
172  478  
173  478  
174  478  
175  478  
176  478  
177  478  
178  478  
179  478  
180  478  
181  478  
182  478  
183  478  
184  478  
185  479  
186  479  
187  479  
188  479  
189  479  
190  479  
191  479  
192  479  
193  479  
194  479  
195  479  
196  479  
197  479  
198  479  
199  479  
200  479  
201  479  
202  479  
203  479  
204  479  
205  479  
206  479  
207  479  
208  479  
209  479  
210  479  
211  479  
212  479  
213  480  
214  480  
215  480  
216  480  
217  480  
218  480  
219  480  
109  478  
110  479  
110  480  
111  481  
111  482  
112  483  
112  484  
113  485  
113  486  
114  487  
114  488  
115  489  
115  490  
116  491  
117  492  
117  493  
118  494  
118  495  
119  496  
119  497  
120  498  
120  499  
121  500  
121  501  
122  502  
122  503  
123  504  
123  505  
124  506  
124  507  
125  508  
125  509  
126  510  
126  511  
127  512  
128  513  
128  514  
129  515  
129  516  
130  517  
130  518  
131  519  
131  520  
132  521  
132  522  
133  523  
133  524  
134  525  
134  526  
135  527  
135  528  
136  529  
136  530  
137  531  
137  532  
138  533  
138  534  
139  535  
139  536  
140  537  
140  538  
141  539  
142  540  
142  541  
143  542  
143  543  
144  544  
144  545  
145  546  
145  547  
146  548  
146  549  
147  550  
147  551  
148  552  
148  553  
149  554  
149  555  
150  556  
150  557  
151  558  
151  559  
152  560  
152  561  
153  562  
223  479  
223  480  
223  481  
223  482  
224  483  
224  484  
224  485  
225  486  
225  487  
225  488  
225  489  
226  490  
226  491  
226  492  
227  493  
227  494  
227  495  
228  496  
228  497  
228  498  
229  499  
229  500  
229  501  
230  502  
230  503  
230  504  
231  505  
231  506  
231  507  
231  508  
232  509  
232  510  
232  511  
233  512  
233  513  
233  514  
234  515  
234  516  
234  517  
235  518  
235  519  
235  520  
236  521  
236  522  
236  523  
237  524  
237  525  
237  526  
238  527  
238  528  
238  529  
238  530  
239  531  
239  532  
239  533  
240  534  
240  535  
240  536  
241  537  
241  538  
241  539  
242  540  
242  541  
242  542  
243  543  
243  544  
243  545  
243  546  
244  547  
244  548  
244  549  
245  550  
245  551  
245  552  
246  553  
246  554  
246  555  
247  556  
247  557  
247  558  
248  559  
248  560  
248  561  
249  562  
249  563  
249  564  
250  565  
250  566  
250  567  
251  568  
251  569  
251  570  
252  571  
252  572  
252  573  
253  574  
253  575  
253  576  
254  577  
254  578  
254  579  
254  580  
255  581  
255  582  
255  583  
256  584  
256  585  
256  586  
257  587  
257  588  
257  589  
258  590  
258  591  
258  592  
259  593  
259  594  
259  595  
259  596  
260  597  
260  598  
260  599  
261  600  
261  601  
261  602  
261  603  
262  604  
262  605  
263  606  
263  607  
263  608  
32  480  
33  481  
33  482  
34  483  
35  484  
35  485  
36  486  
37  487  
37  488  
38  489  
39  490  
39  491  
40  492  
41  493  
41  494  
42  495  
43  496  
43  497  
44  498  
44  499  
45  500  
46  501  
151  480  
152  481  
152  482  
152  483  
153  484  
153  485  
153  486  
154  487  
154  488  
155  489  
155  490  
156  491  
156  492  
157  493  
157  494  
158  495  
158  496  
158  497  
159  498  
159  499  
160  500  
160  501  
161  502  
161  503  
162  504  
162  505  
163  506  
163  507  
164  508  
164  509  
164  510  
165  511  
165  512  
166  513  
166  514  
166  515  
167  516  
167  517  
168  518  
168  519  
169  520  
169  521  
170  522  
170  523  
170  524  
171  525  
171  526  
172  527  
172  528  
173  529  
173  530  
174  531  
174  532  
175  533  
175  534  
175  535  
176  536  
176  537  
177  538  
177  539  
178  540  
178  541  
179  542  
179  543  
180  544  
180  545  
181  546  
181  547  
182  548  
182  549  
182  550  
183  551  
183  552  
391  480  
392  480  
393  480  
394  480  
395  480  
396  480  
397  480  
398  480  
399  480  
400  480  
401  480  
402  480  
403  480  
404  480  
405  480  
406  480  
407  480  
408  480  
409  480  
410  480  
411  480  
412  481  
413  481  
414  481  
415  481  
154  481  
155  481  
156  481  
157  481  
158  481  
159  481  
160  481  
161  481  
162  481  
163  482  
164  482  
165  482  
166  482  
167  482  
168  482  
169  482  
170  482  
171  482  
172  482  
173  482  
174  482  
175  482  
176  482  
177  482  
178  482  
179  483  
180  483  
181  483  
182  483  
183  483  
184  483  
185  483  
186  483  
187  483  
188  483  
189  483  
190  483  
191  483  
192  483  
193  483  
194  483  
195  483  
196  483  
197  483  
198  483  
199  483  
200  483  
201  483  
202  483  
203  483  
204  483  
205  483  
206  483  
207  484  
208  484  
209  484  
210  484  
211  484  
212  484  
213  484  
214  484  
215  484  
216  484  
217  484  
218  484  
219  484  
220  485  
232  483  
232  484  
233  485  
233  486  
233  487  
233  488  
234  489  
234  490  
234  491  
235  492  
235  493  
235  494  
236  495  
236  496  
236  497  
236  498  
237  499  
237  500  
237  501  
238  502  
238  503  
238  504  
239  505  
239  506  
239  507  
240  508  
240  509  
240  510  
241  511  
241  512  
241  513  
241  514  
32  487  
32  488  
33  489  
34  490  
34  491  
35  492  
36  493  
36  494  
37  495  
38  496  
38  497  
39  498  
39  499  
40  500  
41  501  
41  502  
42  503  
43  504  
43  505  
44  506  
45  507  
45  508  
46  509  
47  510  
47  511  
48  512  
49  513  
49  514  
50  515  
51  516  
51  517  
52  518  
53  519  
131  493  
132  493  
133  493  
134  493  
135  493  
136  493  
137  493  
138  493  
139  493  
140  493  
141  493  
142  493  
143  493  
144  493  
145  493  
146  493  
147  494  
148  494  
149  494  
150  494  
151  494  
152  494  
153  494  
154  495  
373  494  
374  494  
375  494  
376  494  
377  494  
378  494  
379  494  
380  494  
381  494  
382  494  
383  494  
384  494  
385  495  
386  495  
387  495  
388  495  
389  495  
390  495  
391  495  
392  495  
393  495  
394  495  
395  495  
396  495  
397  495  
398  495  
399  495  
400  495  
401  495  
402  495  
403  495  
404  495  
405  495  
406  495  
407  495  
408  495  
409  495  
410  495  
411  495  
412  495  
413  495  
414  495  
415  495  
416  495  
417  495  
418  495  
419  496  
420  496  
421  496  
422  496  
423  496  
424  496  
425  496  
426  496  
427  496  
428  496  
429  496  
430  496  
431  496  
432  496  
433  496  
434  496  
435  496  
436  496  
437  496  
438  496  
439  496  
440  496  
441  497  
442  497  
443  497  
444  497  
445  497  
446  497  
447  497  
448  497  
218  495  
218  496  
219  497  
219  498  
219  499  
220  500  
220  501  
220  502  
221  503  
221  504  
221  505  
222  506  
222  507  
222  508  
223  509  
223  510  
223  511  
224  512  
224  513  
224  514  
225  515  
225  516  
225  517  
225  518  
226  519  
226  520  
223  521  
226  521  
223  522  
227  522  
224  523  
226  523  
225  524  
126  497  
127  497  
128  497  
129  497  
130  497  
131  497  
132  497  
133  497  
134  497  
135  497  
136  497  
137  497  
138  497  
139  497  
140  497  
141  497  
142  497  
143  497  
144  497  
145  497  
146  498  
147  498  
148  498  
149  498  
53  512  
54  513  
54  514  
55  515  
56  516  
56  517  
57  518  
58  519  
58  520  
59  521  
60  522  
60  523  
61  524  
62  525  
62  526  
63  527  
64  528  
64  529  
65  530  
66  531  
66  532  
67  533  
68  534  
68  535  
69  536  
70  537  
70  538  
71  539  
72  540  
72  541  
73  542  
74  543  
75  544  
75  545  
76  546  
77  547  
77  548  
78  549  
79  550  
79  551  
80  552  
81  553  
81  554  
82  555  
83  556  
83  557  
134  512  
135  512  
136  512  
137  512  
138  512  
139  512  
140  512  
141  512  
142  512  
143  512  
144  512  
145  512  
146  512  
147  512  
148  512  
149  512  
150  512  
151  512  
133  513  
152  513  
153  513  
154  513  
155  513  
156  513  
137  516  
138  516  
139  516  
140  516  
141  516  
142  516  
143  516  
144  516  
145  516  
146  516  
147  516  
148  516  
149  516  
150  516  
151  516  
152  516  
153  516  
154  516  
155  516  
156  516  
157  516  
158  516  
243  519  
243  520  
244  521  
244  522  
244  523  
245  524  
245  525  
245  526  
246  527  
246  528  
246  529  
247  530  
247  531  
247  532  
248  533  
248  534  
248  535  
248  536  
249  537  
249  538  
249  539  
250  540  
250  541  
250  542  
251  543  
251  544  
251  545  
252  546  
252  547  
252  548  
358  523  
359  523  
360  523  
361  523  
362  523  
363  523  
364  523  
365  523  
366  523  
367  523  
368  523  
369  523  
370  523  
371  523  
372  523  
373  523  
374  524  
375  524  
376  524  
377  524  
378  524  
379  524  
380  524  
381  524  
382  524  
383  524  
384  524  
385  524  
386  524  
387  524  
388  524  
389  524  
390  524  
391  524  
392  524  
393  525  
394  525  
395  525  
396  525  
397  525  
398  525  
399  525  
400  525  
401  525  
402  525  
403  525  
404  525  
405  525  
406  525  
407  525  
408  525  
409  525  
410  525  
411  525  
412  525  
413  525  
414  525  
415  525  
416  525  
417  525  
418  525  
419  525  
420  525  
421  525  
422  525  
423  525  
424  525  
425  525  
426  525  
427  526  
428  526  
429  526  
430  526  
431  526  
432  526  
229  527  
230  527  
231  527  
232  527  
210  528  
211  528  
212  528  
213  528  
214  528  
215  528  
216  528  
217  528  
218  528  
219  528  
220  528  
221  528  
222  528  
223  528  
224  528  
225  528  
226  528  
227  528  
228  528  
150  529  
151  529  
152  529  
153  529  
154  529  
155  529  
156  529  
157  529  
158  529  
159  529  
160  529  
161  529  
162  530  
163  530  
164  530  
165  530  
166  530  
167  530  
168  530  
169  531  
32  532  
33  532  
34  532  
35  532  
36  532  
37  532  
38  532  
39  532  
40  532  
41  532  
42  533  
43  533  
44  533  
45  533  
46  533  
47  533  
48  533  
49  533  
50  533  
51  533  
52  533  
53  533  
54  533  
55  533  
56  533  
57  533  
58  533  
32  536  
33  536  
34  536  
35  536  
36  536  
37  536  
38  536  
39  536  
40  536  
41  537  
42  537  
43  537  
44  537  
45  537  
46  537  
47  537  
48  537  
49  537  
50  537  
51  537  
52  537  
53  537  
54  537  
55  537  
56  537  
57  537  
432  543  
431  544  
431  545  
430  546  
430  547  
429  548  
428  549  
428  550  
427  551  
427  552  
426  553  
426  554  
425  555  
425  556  
424  557  
424  558  
423  559  
423  560  
422  561  
422  562  
421  563  
421  564  
420  565  
420  566  
419  567  
419  568  
418  569  
418  570  
417  571  
417  572  
416  573  
416  574  
415  575  
415  576  
414  577  
414  578  
413  579  
413  580  
412  581  
412  582  
411  583  
411  584  
410  585  
410  586  
409  587  
409  588  
408  589  
408  590  
407  591  
406  592  
406  593  
405  594  
405  595  
404  596  
403  597  
403  598  
402  599  
402  600  
401  601  
401  602  
400  603  
400  604  
399  605  
399  606  
398  607  
398  608  
70  544  
70  545  
71  546  
72  547  
73  548  
73  549  
74  550  
75  551  
75  552  
76  553  
77  554  
77  555  
78  556  
79  557  
79  558  
80  559  
81  560  
81  561  
82  562  
83  563  
83  564  
84  565  
85  566  
43  549  
43  550  
43  551  
43  552  
42  553  
42  554  
42  555  
42  556  
41  557  
41  558  
41  559  
41  560  
40  561  
40  562  
40  563  
39  564  
39  565  
39  566  
39  567  
39  568  
38  569  
38  570  
38  571  
38  572  
37  573  
37  574  
37  575  
36  576  
36  577  
36  578  
36  579  
36  580  
36  581  
47  550  
47  551  
47  552  
46  553  
46  554  
46  555  
46  556  
45  557  
45  558  
45  559  
45  560  
45  561  
44  562  
44  563  
44  564  
44  565  
43  566  
43  567  
43  568  
43  569  
42  570  
42  571  
42  572  
42  573  
41  574  
41  575  
41  576  
41  577  
40  578  
40  579  
40  580  
40  581  
56  554  
56  555  
55  556  
55  557  
55  558  
55  559  
54  560  
54  561  
54  562  
54  563  
53  564  
53  565  
53  566  
53  567  
53  568  
52  569  
52  570  
52  571  
52  572  
51  573  
51  574  
51  575  
51  576  
51  577  
50  578  
50  579  
50  580  
50  581  
60  554  
60  555  
60  556  
59  557  
59  558  
59  559  
59  560  
59  561  
58  562  
58  563  
58  564  
58  565  
57  566  
57  567  
57  568  
57  569  
56  570  
56  571  
56  572  
56  573  
56  574  
55  575  
55  576  
55  577  
55  578  
54  579  
54  580  
54  581  
54  582  
64  559  
63  560  
63  561  
63  562  
63  563  
63  564  
62  565  
62  566  
62  567  
62  568  
61  569  
61  570  
61  571  
61  572  
61  573  
60  574  
60  575  
60  576  
60  577  
59  578  
59  579  
59  580  
59  581  
69  559  
69  560  
69  561  
69  562  
68  563  
68  564  
68  565  
67  566  
67  567  
67  568  
67  569  
67  570  
67  571  
66  572  
66  573  
66  574  
66  575  
65  576  
65  577  
65  578  
65  579  
64  580  
64  581  
165  561  
166  561  
167  561  
168  561  
169  561  
170  561  
171  561  
172  561  
173  561  
174  561  
175  561  
176  562  
177  562  
178  562  
179  562  
180  562  
181  562  
182  562  
183  562  
184  563  
96  562  
97  562  
98  562  
99  562  
100  563  
101  563  
102  563  
103  563  
104  563  
105  563  
106  563  
107  563  
108  563  
109  563  
110  563  
111  563  
112  563  
113  563  
114  563  
115  563  
116  564  
117  564  
118  564  
119  564  
120  564  
121  564  
122  564  
123  564  
124  564  
125  564  
126  564  
127  564  
128  564  
129  564  
130  564  
131  564  
132  565  
133  565  
134  565  
89  565  
89  566  
90  567  
91  568  
91  569  
92  570  
93  571  
93  572  
94  573  
95  574  
95  575  
96  576  
97  577  
97  578  
98  579  
99  580  
99  581  
100  582  
101  583  
102  584  
102  585  
103  586  
104  587  
104  588  
105  589  
106  590  
106  591  
107  592  
108  593  
109  594  
109  595  
110  596  
111  597  
111  598  
112  599  
113  600  
86  568  
87  569  
87  570  
88  571  
89  572  
89  573  
90  574  
91  575  
91  576  
92  577  
93  578  
93  579  
94  580  
95  581  
95  582  
96  583  
97  584  
98  585  
98  586  
99  587  
100  588  
100  589  
101  590  
102  591  
102  592  
103  593  
104  594  
104  595  
105  596  
106  597  
107  598  
107  599  
108  600  
109  601  
109  602  
110  603  
111  604  
111  605  
112  606  
113  607  
113  608  
194  568  
195  568  
196  568  
197  568  
198  568  
199  568  
200  568  
201  568  
202  568  
203  568  
204  568  
205  569  
206  569  
207  569  
208  569  
209  569  
210  569  
211  569  
212  569  
213  569  
214  569  
215  569  
216  569  
217  569  
218  569  
219  569  
220  569  
221  569  
222  569  
223  569  
224  570  
225  570  
226  570  
227  570  
228  570  
229  570  
230  570  
231  570  
232  570  
233  570  
234  570  
235  570  
236  570  
237  570  
238  570  
239  570  
240  570  
241  570  
242  570  
243  570  
244  571  
245  571  
246  571  
247  571  
248  571  
137  570  
137  571  
138  572  
139  573  
139  574  
140  575  
140  576  
141  577  
141  578  
142  579  
143  580  
143  581  
144  582  
144  583  
145  584  
145  585  
146  586  
147  587  
147  588  
148  589  
148  590  
149  591  
149  592  
150  593  
151  594  
151  595  
152  596  
152  597  
153  598  
154  599  
154  600  
155  601  
155  602  
156  603  
156  604  
157  605  
158  606  
158  607  
159  608  
192  571  
192  572  
192  573  
193  574  
193  575  
194  576  
194  577  
195  578  
195  579  
196  580  
196  581  
197  582  
197  583  
197  584  
198  585  
198  586  
199  587  
199  588  
200  589  
200  590  
201  591  
201  592  
201  593  
202  594  
202  595  
203  596  
203  597  
203  598  
204  599  
204  600  
205  601  
205  602  
206  603  
206  604  
207  605  
207  606  
208  607  
208  608  
196  572  
197  572  
198  572  
199  572  
200  572  
201  572  
202  572  
203  572  
204  572  
205  572  
206  572  
207  572  
208  572  
209  572  
210  573  
211  573  
212  573  
213  573  
214  573  
215  573  
216  573  
217  573  
218  573  
219  573  
220  573  
221  573  
222  573  
223  573  
224  573  
225  573  
226  573  
227  573  
228  573  
229  574  
230  574  
231  574  
232  574  
233  574  
234  574  
235  574  
236  574  
237  574  
238  574  
239  574  
240  574  
241  574  
242  574  
243  574  
244  574  
245  574  
246  574  
247  574  
248  574  
249  574  
147  574  
148  574  
149  574  
150  574  
151  574  
152  574  
153  574  
154  574  
155  574  
156  574  
157  574  
158  574  
159  574  
160  574  
161  574  
162  574  
163  575  
164  575  
165  575  
166  575  
167  575  
168  575  
169  575  
170  575  
171  575  
172  575  
173  575  
174  575  
175  575  
176  575  
177  576  
178  576  
179  576  
180  576  
181  576  
182  576  
183  576  
184  576  
262  579  
262  580  
262  581  
262  582  
263  583  
263  584  
263  585  
264  586  
264  587  
264  588  
264  589  
265  590  
265  591  
265  592  
266  593  
266  594  
266  595  
267  596  
267  597  
267  598  
267  599  
268  600  
268  601  
268  602  
269  603  
269  604  
269  605  
270  606  
270  607  
270  608  
180  583  
181  583  
182  583  
183  583  
184  583  
185  583  
186  583  
160  584  
161  584  
162  584  
163  584  
164  584  
165  584  
166  584  
167  584  
168  584  
169  584  
170  584  
171  584  
172  584  
173  584  
174  584  
175  584  
176  584  
177  584  
178  584  
179  584  
158  585  
159  585  
155  590  
156  590  
157  590  
158  591  
159  591  
160  591  
161  591  
162  591  
163  591  
164  591  
165  591  
166  591  
167  591  
168  591  
169  591  
170  591  
171  591  
172  592  
173  592  
174  592  
175  592  
176  592  
177  592  
178  592  
179  592  
180  592  
181  592  
182  592  
183  592  
184  592  
185  592  
186  592  
187  592  
188  592  
189  592  
190  593  
191  593  
168  602  
169  602  
170  602  
171  602  
172  602  
173  602  
174  602  
175  602  
176  602  
177  602  
178  602  
179  603  
180  603  
181  603  
182  603  
183  603  
184  603  
185  603  
186  603  
187  603  
188  603  
189  603  
190  603  
191  603  
192  603  
193  603  
194  603  
195  603  
