130  
26  30  35  23  35  23  20  41  20  48  24  20  23  38  24  22  39  28  40  50  49  20  39  20  21  40  34  26  38  25  69  21  21  22  73  40  38  43  23  38  22  24  35  24  28  23  39  23  64  48  31  35  34  90  34  23  59  25  61  21  51  35  50  93  47  49  27  35  31  32  89  21  29  53  78  50  47  46  21  79  28  55  25  54  25  23  40  29  29  34  22  22  29  22  91  35  31  72  101  63  63  90  37  74  104  65  28  92  32  70  84  59  62  48  68  22  75  60  22  70  30  51  49  46  45  39  46  110  77  28  
406  32  
406  33  
407  34  
407  35  
407  36  
407  37  
407  38  
408  39  
408  40  
408  41  
408  42  
409  43  
409  44  
409  45  
409  46  
410  47  
410  48  
410  49  
410  50  
410  51  
410  52  
411  53  
411  54  
411  55  
412  56  
412  57  
378  36  
379  36  
376  37  
377  37  
374  38  
375  38  
372  39  
373  39  
370  40  
371  40  
369  41  
367  42  
368  42  
365  43  
366  43  
363  44  
364  44  
361  45  
362  45  
359  46  
360  46  
357  47  
358  47  
355  48  
356  48  
354  49  
352  50  
353  50  
350  51  
351  51  
82  44  
83  45  
84  45  
85  45  
86  46  
87  47  
88  47  
89  47  
90  48  
91  48  
92  48  
93  49  
94  49  
95  49  
96  50  
97  50  
98  51  
99  51  
100  51  
101  52  
102  53  
103  53  
104  53  
105  54  
106  54  
107  55  
108  55  
109  56  
110  56  
111  57  
112  57  
113  58  
114  58  
115  59  
116  59  
426  44  
426  45  
427  46  
427  47  
427  48  
428  49  
428  50  
428  51  
429  52  
429  53  
429  54  
430  55  
430  56  
430  57  
431  58  
431  59  
431  60  
432  61  
432  62  
432  63  
433  64  
433  65  
433  66  
232  46  
233  46  
234  46  
228  47  
229  47  
230  47  
231  47  
223  48  
224  48  
225  48  
226  48  
227  48  
219  49  
220  49  
221  49  
222  49  
215  50  
216  50  
217  50  
218  50  
212  51  
213  51  
214  51  
209  52  
210  52  
211  52  
206  53  
207  53  
208  53  
203  54  
204  54  
205  54  
200  55  
201  55  
202  55  
232  50  
233  50  
234  50  
227  51  
228  51  
229  51  
230  51  
231  51  
223  52  
224  52  
225  52  
226  52  
221  53  
222  53  
215  54  
216  54  
217  54  
218  54  
219  54  
220  54  
212  55  
213  55  
214  55  
210  64  
211  64  
212  65  
213  65  
214  65  
215  65  
216  65  
217  66  
218  66  
219  66  
220  67  
221  67  
222  67  
223  67  
224  68  
225  68  
226  68  
227  69  
228  69  
229  69  
181  66  
182  66  
183  66  
184  66  
185  66  
186  66  
187  66  
188  66  
189  66  
190  66  
191  66  
192  67  
193  67  
194  67  
195  67  
196  67  
197  67  
198  67  
199  67  
200  68  
201  68  
202  68  
203  68  
204  68  
205  68  
206  69  
207  69  
208  69  
209  69  
210  70  
211  70  
212  70  
213  70  
214  70  
215  71  
216  71  
217  71  
218  71  
219  71  
220  72  
221  72  
111  69  
112  69  
113  69  
114  69  
115  69  
116  69  
117  69  
118  69  
119  69  
105  70  
106  70  
107  70  
108  70  
109  70  
110  70  
100  71  
101  71  
102  71  
103  71  
104  71  
148  73  
149  73  
150  74  
151  74  
152  74  
153  75  
154  75  
155  75  
156  76  
157  76  
158  77  
159  77  
160  77  
161  78  
162  78  
163  78  
164  79  
165  79  
166  79  
167  80  
168  80  
169  80  
170  81  
171  81  
172  82  
173  83  
174  83  
175  83  
176  84  
177  84  
178  85  
179  85  
180  86  
181  86  
182  86  
183  87  
184  87  
185  87  
186  88  
187  88  
188  89  
189  89  
190  90  
191  90  
192  90  
193  90  
194  91  
195  91  
123  75  
120  76  
121  76  
122  76  
118  77  
119  77  
115  78  
116  78  
117  78  
113  79  
114  79  
111  80  
112  80  
109  81  
110  81  
107  82  
108  82  
105  83  
106  83  
102  84  
103  84  
104  84  
100  85  
101  85  
300  75  
299  76  
297  77  
298  77  
295  78  
296  78  
293  79  
294  79  
291  80  
292  80  
289  81  
290  81  
287  82  
288  82  
285  83  
286  83  
283  84  
284  84  
281  85  
282  85  
131  92  
130  93  
129  94  
128  95  
128  96  
127  97  
126  98  
126  99  
125  100  
124  101  
123  102  
123  103  
122  104  
121  105  
121  106  
120  107  
119  108  
118  109  
118  110  
117  111  
116  112  
115  113  
114  114  
196  93  
194  94  
195  94  
192  95  
193  95  
191  96  
189  97  
190  97  
187  98  
188  98  
185  99  
186  99  
183  100  
184  100  
181  101  
182  101  
179  102  
180  102  
177  103  
178  103  
175  104  
176  104  
173  105  
174  105  
171  106  
172  106  
169  107  
170  107  
168  108  
166  109  
167  109  
164  110  
165  110  
163  111  
161  112  
162  112  
159  113  
160  113  
196  134  
194  135  
195  135  
193  136  
191  137  
192  137  
189  138  
190  138  
187  139  
188  139  
185  140  
186  140  
183  141  
184  141  
182  142  
179  143  
180  143  
181  143  
177  144  
178  144  
176  145  
173  146  
174  146  
175  146  
312  135  
313  135  
314  135  
315  135  
316  135  
317  135  
318  135  
319  135  
320  135  
321  135  
322  135  
323  135  
324  135  
325  135  
326  135  
327  135  
328  135  
329  136  
330  136  
331  136  
332  136  
333  136  
99  145  
97  146  
98  146  
95  147  
96  147  
93  148  
94  148  
91  149  
92  149  
90  150  
88  151  
89  151  
86  152  
87  152  
84  153  
85  153  
82  154  
83  154  
80  155  
81  155  
79  156  
77  157  
78  157  
75  158  
76  158  
73  159  
74  159  
71  160  
72  160  
69  161  
70  161  
67  162  
68  162  
65  163  
66  163  
63  164  
64  164  
61  165  
62  165  
107  179  
108  179  
105  180  
106  180  
103  181  
104  181  
101  182  
102  182  
99  183  
100  183  
97  184  
98  184  
96  185  
94  186  
95  186  
92  187  
93  187  
90  188  
91  188  
88  189  
89  189  
86  190  
87  190  
84  191  
85  191  
82  192  
83  192  
81  193  
261  180  
260  181  
257  182  
258  182  
259  182  
255  183  
256  183  
253  184  
254  184  
251  185  
252  185  
248  186  
249  186  
250  186  
246  187  
247  187  
244  188  
245  188  
241  189  
242  189  
243  189  
239  190  
240  190  
237  191  
238  191  
234  192  
235  192  
236  192  
232  193  
233  193  
230  194  
231  194  
228  195  
229  195  
226  196  
227  196  
224  197  
225  197  
222  198  
223  198  
215  209  
215  210  
215  211  
215  212  
215  213  
215  214  
215  215  
215  216  
215  217  
216  218  
216  219  
216  220  
216  221  
216  222  
216  223  
216  224  
217  225  
217  226  
217  227  
217  228  
217  229  
217  230  
217  231  
217  232  
217  233  
217  234  
217  235  
217  236  
217  237  
217  238  
217  239  
217  240  
217  241  
217  242  
217  243  
217  244  
217  245  
217  246  
218  247  
218  248  
218  249  
218  250  
218  251  
218  252  
218  253  
218  254  
218  255  
218  256  
218  257  
218  258  
221  217  
221  218  
221  219  
221  220  
221  221  
221  222  
221  223  
221  224  
221  225  
221  226  
222  227  
222  228  
222  229  
222  230  
222  231  
222  232  
222  233  
222  234  
222  235  
222  236  
222  237  
223  238  
223  239  
223  240  
223  241  
223  242  
223  243  
223  244  
223  245  
223  246  
223  247  
223  248  
223  249  
223  250  
223  251  
223  252  
223  253  
224  254  
224  255  
224  256  
224  257  
224  258  
224  259  
224  260  
224  261  
224  262  
224  263  
225  264  
225  265  
251  229  
251  230  
251  231  
251  232  
251  233  
251  234  
251  235  
251  236  
251  237  
251  238  
251  239  
251  240  
251  241  
251  242  
251  243  
251  244  
251  245  
251  246  
251  247  
251  248  
433  230  
433  231  
434  232  
434  233  
434  234  
434  235  
435  236  
435  237  
435  238  
435  239  
436  240  
436  241  
436  242  
436  243  
436  244  
436  245  
437  246  
437  247  
437  248  
437  249  
437  250  
437  251  
437  252  
437  253  
437  254  
437  255  
437  256  
437  257  
437  258  
437  259  
437  260  
437  261  
437  262  
438  263  
438  264  
438  265  
438  266  
438  267  
438  268  
274  236  
275  237  
275  238  
275  239  
275  240  
275  241  
275  242  
275  243  
275  244  
275  245  
275  246  
276  247  
276  248  
276  249  
276  250  
276  251  
276  252  
276  253  
276  254  
276  255  
395  246  
395  247  
396  248  
396  249  
396  250  
397  251  
397  252  
397  253  
398  254  
398  255  
398  256  
399  257  
399  258  
399  259  
399  260  
399  261  
399  262  
400  263  
400  264  
400  265  
400  266  
120  252  
120  253  
120  254  
120  255  
120  256  
120  257  
120  258  
120  259  
120  260  
120  261  
120  262  
120  263  
120  264  
120  265  
120  266  
120  267  
120  268  
120  269  
120  270  
120  271  
120  272  
120  273  
120  274  
120  275  
121  276  
121  277  
121  278  
121  279  
121  280  
121  281  
121  282  
121  283  
121  284  
121  285  
121  286  
122  287  
122  288  
122  289  
122  290  
121  291  
304  259  
305  260  
306  260  
307  260  
308  260  
309  260  
310  260  
330  260  
331  260  
332  260  
333  260  
334  260  
335  260  
336  260  
337  260  
311  261  
312  261  
313  261  
314  261  
315  261  
316  261  
317  261  
318  261  
319  261  
320  261  
321  261  
322  261  
323  261  
324  261  
325  261  
326  261  
327  261  
328  261  
329  261  
133  266  
134  267  
134  268  
134  269  
134  270  
134  271  
134  272  
134  273  
134  274  
134  275  
134  276  
134  277  
134  278  
134  279  
134  280  
134  281  
134  282  
134  283  
134  284  
134  285  
134  286  
134  287  
134  288  
135  289  
134  290  
134  291  
307  266  
308  266  
309  266  
310  266  
311  266  
312  266  
313  266  
314  266  
315  266  
316  266  
317  266  
318  266  
319  266  
320  266  
321  266  
322  266  
323  266  
324  266  
325  266  
326  266  
327  266  
328  266  
329  266  
330  266  
331  266  
332  266  
333  266  
334  266  
335  266  
336  266  
337  266  
338  266  
339  266  
340  266  
341  266  
342  266  
343  266  
344  266  
364  266  
365  266  
366  267  
367  267  
368  268  
369  269  
370  269  
371  269  
372  270  
373  270  
374  271  
375  272  
376  272  
377  273  
378  273  
379  274  
380  275  
381  275  
382  276  
383  276  
384  277  
385  277  
386  278  
387  279  
388  279  
80  270  
80  271  
80  272  
80  273  
80  274  
80  275  
80  276  
81  277  
81  278  
81  279  
81  280  
81  281  
81  282  
81  283  
81  284  
81  285  
81  286  
81  287  
81  288  
81  289  
81  290  
81  291  
81  292  
81  293  
81  294  
81  295  
81  296  
81  297  
81  298  
81  299  
81  300  
81  301  
81  302  
81  303  
81  304  
81  305  
81  306  
81  307  
81  308  
81  309  
81  310  
81  311  
81  312  
81  313  
81  314  
81  315  
81  316  
81  317  
81  318  
81  319  
81  320  
81  321  
81  322  
81  323  
81  324  
81  325  
81  326  
82  327  
82  328  
82  329  
82  330  
82  331  
82  332  
82  333  
82  334  
82  335  
82  336  
82  337  
82  338  
362  272  
363  272  
364  273  
365  273  
366  274  
367  275  
368  275  
369  276  
370  277  
371  277  
372  278  
373  279  
374  279  
375  280  
376  281  
377  281  
378  282  
379  283  
380  283  
381  284  
382  285  
287  281  
286  282  
285  283  
284  284  
284  285  
283  286  
282  287  
282  288  
281  289  
280  290  
279  291  
278  292  
278  293  
277  294  
276  295  
276  296  
275  297  
274  298  
273  299  
272  300  
272  301  
303  285  
304  286  
304  287  
305  288  
305  289  
306  290  
306  291  
307  292  
307  293  
308  294  
308  295  
309  296  
309  297  
310  298  
310  299  
311  300  
311  301  
312  302  
312  303  
312  304  
313  305  
313  306  
40  286  
40  287  
40  288  
40  289  
40  290  
40  291  
40  292  
40  293  
40  294  
40  295  
40  296  
40  297  
40  298  
40  299  
40  300  
40  301  
40  302  
40  303  
40  304  
40  305  
40  306  
40  307  
40  308  
40  309  
40  310  
40  311  
40  312  
40  313  
40  314  
40  315  
40  316  
40  317  
40  318  
40  319  
40  320  
40  321  
40  322  
40  323  
40  324  
40  325  
40  326  
40  327  
40  328  
40  329  
40  330  
40  331  
40  332  
40  333  
40  334  
40  335  
40  336  
40  337  
40  338  
40  339  
40  340  
40  341  
40  342  
40  343  
40  344  
40  345  
40  346  
40  347  
40  348  
40  349  
40  350  
40  351  
40  352  
40  353  
40  354  
40  355  
40  356  
41  357  
41  358  
66  288  
67  289  
67  290  
67  291  
67  292  
67  293  
67  294  
67  295  
67  296  
67  297  
67  298  
67  299  
67  300  
67  301  
67  302  
67  303  
67  304  
67  305  
67  306  
67  307  
67  308  
67  309  
67  310  
67  311  
67  312  
67  313  
67  314  
67  315  
67  316  
67  317  
67  318  
67  319  
67  320  
67  321  
67  322  
67  323  
67  324  
67  325  
67  326  
67  327  
55  293  
56  294  
56  295  
56  296  
56  297  
56  298  
56  299  
56  300  
56  301  
56  302  
56  303  
56  304  
56  305  
56  306  
56  307  
56  308  
56  309  
56  310  
56  311  
56  312  
56  313  
56  314  
56  315  
56  316  
56  317  
56  318  
56  319  
56  320  
56  321  
56  322  
56  323  
56  324  
56  325  
56  326  
56  327  
56  328  
56  329  
56  330  
44  297  
44  298  
44  299  
44  300  
44  301  
44  302  
44  303  
44  304  
44  305  
44  306  
44  307  
44  308  
44  309  
44  310  
44  311  
44  312  
44  313  
44  314  
44  315  
44  316  
44  317  
44  318  
44  319  
44  320  
44  321  
44  322  
44  323  
44  324  
44  325  
44  326  
44  327  
44  328  
44  329  
44  330  
44  331  
44  332  
45  333  
45  334  
45  335  
45  336  
45  337  
45  338  
45  339  
364  297  
363  298  
362  299  
361  300  
360  301  
360  302  
359  303  
358  304  
357  305  
357  306  
356  307  
355  308  
355  309  
354  310  
353  311  
353  312  
352  313  
351  314  
351  315  
350  316  
350  317  
349  318  
348  319  
52  299  
52  300  
52  301  
52  302  
52  303  
52  304  
52  305  
52  306  
52  307  
52  308  
52  309  
52  310  
52  311  
52  312  
52  313  
52  314  
52  315  
52  316  
52  317  
52  318  
52  319  
52  320  
52  321  
52  322  
52  323  
52  324  
52  325  
52  326  
52  327  
52  328  
52  329  
52  330  
52  331  
52  332  
52  333  
52  334  
52  335  
52  336  
122  299  
122  300  
122  301  
122  302  
122  303  
122  304  
122  305  
122  306  
122  307  
122  308  
122  309  
122  310  
122  311  
122  312  
122  313  
122  314  
122  315  
122  316  
122  317  
122  318  
122  319  
122  320  
126  301  
126  302  
126  303  
126  304  
126  305  
126  306  
126  307  
126  308  
127  309  
127  310  
127  311  
127  312  
126  313  
126  314  
127  315  
127  316  
127  317  
127  318  
127  319  
127  320  
127  321  
127  322  
128  323  
129  323  
377  307  
376  308  
375  309  
375  310  
374  311  
373  312  
372  313  
371  314  
370  315  
369  316  
368  317  
367  318  
367  319  
366  320  
365  321  
364  322  
363  323  
362  324  
361  325  
361  326  
360  327  
359  328  
358  329  
357  330  
356  331  
355  332  
354  333  
353  334  
352  335  
352  336  
351  337  
350  338  
349  339  
348  340  
347  341  
370  309  
369  310  
368  311  
367  312  
366  313  
365  314  
364  315  
363  316  
362  317  
362  318  
361  319  
360  320  
359  321  
358  322  
357  323  
357  324  
356  325  
355  326  
354  327  
353  328  
353  329  
352  330  
351  331  
350  332  
159  314  
160  314  
157  315  
158  315  
155  316  
156  316  
153  317  
154  317  
151  318  
152  318  
148  319  
149  319  
150  319  
146  320  
147  320  
144  321  
145  321  
141  322  
142  322  
143  322  
138  323  
139  323  
140  323  
135  324  
136  324  
137  324  
133  325  
134  325  
379  316  
378  317  
377  318  
376  319  
375  320  
374  321  
374  322  
373  323  
372  324  
371  325  
371  326  
370  327  
369  328  
368  329  
368  330  
367  331  
366  332  
365  333  
365  334  
364  335  
363  336  
362  337  
361  338  
276  320  
273  321  
274  321  
275  321  
270  322  
271  322  
272  322  
267  323  
268  323  
269  323  
264  324  
265  324  
266  324  
261  325  
262  325  
263  325  
258  326  
259  326  
260  326  
255  327  
256  327  
257  327  
252  328  
253  328  
254  328  
249  329  
250  329  
251  329  
246  330  
247  330  
248  330  
243  331  
244  331  
245  331  
240  332  
241  332  
242  332  
238  333  
239  333  
153  321  
154  321  
152  322  
149  323  
150  323  
151  323  
147  324  
148  324  
144  325  
145  325  
146  325  
142  326  
143  326  
139  327  
140  327  
141  327  
136  328  
137  328  
138  328  
133  329  
134  329  
135  329  
132  330  
382  321  
381  322  
381  323  
381  324  
380  325  
380  326  
380  327  
379  328  
379  329  
379  330  
378  331  
378  332  
377  333  
377  334  
376  335  
376  336  
375  337  
375  338  
375  339  
374  340  
374  341  
374  342  
373  343  
373  344  
373  345  
372  346  
372  347  
371  348  
371  349  
370  350  
370  351  
369  352  
369  353  
368  354  
368  355  
367  356  
367  357  
366  358  
366  359  
365  360  
364  361  
364  362  
363  363  
363  364  
362  365  
362  366  
361  367  
360  368  
360  369  
359  370  
359  371  
358  372  
358  373  
357  374  
357  375  
356  376  
356  377  
355  378  
355  379  
355  380  
355  381  
354  382  
354  383  
353  384  
283  326  
284  327  
284  328  
284  329  
284  330  
284  331  
284  332  
284  333  
284  334  
284  335  
285  336  
285  337  
285  338  
285  339  
285  340  
285  341  
285  342  
285  343  
285  344  
285  345  
285  346  
286  347  
286  348  
286  349  
286  350  
286  351  
286  352  
286  353  
286  354  
286  355  
286  356  
287  357  
287  358  
287  359  
287  360  
287  361  
287  362  
287  363  
287  364  
287  365  
287  366  
287  367  
288  368  
288  369  
288  370  
288  371  
288  372  
288  373  
369  335  
368  336  
367  337  
366  338  
366  339  
365  340  
364  341  
364  342  
363  343  
362  344  
362  345  
361  346  
360  347  
360  348  
359  349  
359  350  
358  351  
357  352  
357  353  
356  354  
356  355  
355  356  
354  357  
353  358  
353  359  
352  360  
352  361  
351  362  
351  363  
350  364  
349  365  
270  336  
271  336  
267  337  
268  337  
269  337  
264  338  
265  338  
266  338  
261  339  
262  339  
263  339  
258  340  
259  340  
260  340  
255  341  
256  341  
257  341  
252  342  
253  342  
254  342  
248  343  
249  343  
250  343  
251  343  
245  344  
246  344  
247  344  
242  345  
243  345  
244  345  
239  346  
240  346  
241  346  
237  347  
238  347  
371  338  
370  339  
370  340  
370  341  
369  342  
369  343  
368  344  
368  345  
368  346  
367  347  
367  348  
366  349  
366  350  
365  351  
365  352  
364  353  
364  354  
363  355  
363  356  
362  357  
361  358  
361  359  
360  360  
360  361  
359  362  
359  363  
358  364  
357  365  
357  366  
356  367  
356  368  
355  369  
355  370  
354  371  
225  345  
225  346  
225  347  
225  348  
225  349  
226  350  
226  351  
226  352  
226  353  
226  354  
226  355  
226  356  
226  357  
226  358  
226  359  
226  360  
227  361  
227  362  
227  363  
227  364  
227  365  
227  366  
227  367  
227  368  
227  369  
227  370  
227  371  
227  372  
227  373  
228  374  
228  375  
228  376  
228  377  
228  378  
228  379  
228  380  
228  381  
228  382  
228  383  
228  384  
228  385  
228  386  
228  387  
228  388  
229  389  
229  390  
229  391  
229  392  
229  393  
229  394  
229  395  
229  396  
229  397  
229  398  
229  399  
229  400  
229  401  
230  402  
230  403  
230  404  
230  405  
230  406  
230  407  
230  408  
230  409  
230  410  
230  411  
230  412  
230  413  
230  414  
231  415  
231  416  
231  417  
231  418  
231  419  
231  420  
231  421  
231  422  
231  423  
231  424  
231  425  
231  426  
231  427  
232  428  
232  429  
232  430  
232  431  
232  432  
232  433  
232  434  
75  347  
72  348  
73  348  
74  348  
69  349  
70  349  
71  349  
67  350  
68  350  
64  351  
65  351  
66  351  
61  352  
62  352  
63  352  
59  353  
60  353  
56  354  
57  354  
58  354  
53  355  
54  355  
55  355  
51  356  
52  356  
48  357  
49  357  
50  357  
45  358  
46  358  
47  358  
43  359  
44  359  
42  360  
256  347  
257  347  
258  347  
252  348  
253  348  
254  348  
255  348  
249  349  
250  349  
251  349  
246  350  
247  350  
248  350  
243  351  
244  351  
245  351  
240  352  
241  352  
242  352  
238  353  
239  353  
236  354  
237  354  
280  349  
280  350  
280  351  
280  352  
280  353  
280  354  
280  355  
280  356  
280  357  
280  358  
280  359  
280  360  
281  361  
281  362  
281  363  
281  364  
281  365  
281  366  
281  367  
281  368  
281  369  
281  370  
282  371  
282  372  
282  373  
282  374  
282  375  
282  376  
282  377  
282  378  
282  379  
283  380  
283  381  
283  382  
283  383  
283  384  
283  385  
283  386  
283  387  
283  388  
283  389  
284  390  
284  391  
284  392  
284  393  
284  394  
284  395  
284  396  
284  397  
284  398  
284  399  
284  400  
284  401  
285  402  
285  403  
285  404  
285  405  
285  406  
285  407  
405  351  
405  352  
405  353  
406  354  
406  355  
406  356  
406  357  
406  358  
406  359  
406  360  
406  361  
407  362  
407  363  
407  364  
407  365  
407  366  
407  367  
407  368  
407  369  
408  370  
408  371  
408  372  
408  373  
408  374  
408  375  
232  355  
232  356  
232  357  
232  358  
232  359  
232  360  
232  361  
232  362  
232  363  
232  364  
232  365  
232  366  
232  367  
232  368  
233  369  
233  370  
233  371  
233  372  
233  373  
233  374  
233  375  
233  376  
233  377  
233  378  
233  379  
233  380  
233  381  
234  382  
234  383  
234  384  
234  385  
234  386  
234  387  
234  388  
234  389  
234  390  
234  391  
234  392  
235  393  
235  394  
235  395  
235  396  
235  397  
235  398  
235  399  
235  400  
235  401  
235  402  
235  403  
235  404  
235  405  
235  406  
235  407  
236  408  
236  409  
236  410  
236  411  
236  412  
236  413  
236  414  
236  415  
410  355  
410  356  
410  357  
410  358  
410  359  
410  360  
411  361  
411  362  
411  363  
411  364  
411  365  
411  366  
411  367  
411  368  
411  369  
412  370  
412  371  
412  372  
412  373  
412  374  
412  375  
263  356  
263  357  
263  358  
263  359  
264  360  
264  361  
264  362  
264  363  
264  364  
264  365  
264  366  
264  367  
264  368  
264  369  
264  370  
264  371  
264  372  
265  373  
265  374  
265  375  
265  376  
265  377  
265  378  
265  379  
265  380  
265  381  
265  382  
265  383  
265  384  
265  385  
266  386  
266  387  
266  388  
266  389  
266  390  
266  391  
266  392  
266  393  
266  394  
266  395  
266  396  
267  397  
267  398  
267  399  
267  400  
267  401  
267  402  
267  403  
267  404  
267  405  
267  406  
164  357  
165  357  
166  357  
161  358  
162  358  
163  358  
158  359  
159  359  
160  359  
155  360  
156  360  
157  360  
152  361  
153  361  
154  361  
149  362  
150  362  
151  362  
147  363  
148  363  
144  364  
145  364  
146  364  
141  365  
142  365  
143  365  
138  366  
139  366  
140  366  
135  367  
136  367  
137  367  
132  368  
133  368  
134  368  
258  359  
258  360  
258  361  
258  362  
258  363  
258  364  
258  365  
259  366  
259  367  
259  368  
259  369  
259  370  
259  371  
259  372  
259  373  
259  374  
260  375  
260  376  
260  377  
260  378  
260  379  
260  380  
260  381  
260  382  
260  383  
260  384  
260  385  
260  386  
260  387  
260  388  
261  389  
261  390  
261  391  
261  392  
261  393  
261  394  
261  395  
261  396  
261  397  
261  398  
261  399  
262  400  
262  401  
262  402  
262  403  
262  404  
262  405  
262  406  
262  407  
262  408  
174  362  
174  363  
174  364  
174  365  
174  366  
174  367  
174  368  
174  369  
175  370  
175  371  
175  372  
175  373  
175  374  
175  375  
175  376  
175  377  
175  378  
175  379  
175  380  
175  381  
175  382  
175  383  
175  384  
175  385  
175  386  
175  387  
175  388  
175  389  
175  390  
176  391  
176  392  
176  393  
176  394  
176  395  
176  396  
176  397  
176  398  
176  399  
176  400  
176  401  
176  402  
176  403  
176  404  
176  405  
176  406  
176  407  
176  408  
177  409  
177  410  
177  411  
177  412  
177  413  
177  414  
177  415  
177  416  
177  417  
177  418  
177  419  
177  420  
177  421  
177  422  
177  423  
177  424  
177  425  
177  426  
178  427  
178  428  
178  429  
178  430  
178  431  
178  432  
178  433  
178  434  
178  435  
178  436  
178  437  
178  438  
178  439  
178  440  
178  441  
178  442  
178  443  
179  444  
179  445  
179  446  
179  447  
179  448  
179  449  
179  450  
179  451  
179  452  
179  453  
179  454  
242  362  
242  363  
242  364  
242  365  
242  366  
242  367  
242  368  
242  369  
242  370  
242  371  
243  372  
243  373  
243  374  
243  375  
243  376  
243  377  
243  378  
243  379  
243  380  
243  381  
243  382  
243  383  
243  384  
244  385  
244  386  
244  387  
244  388  
244  389  
244  390  
244  391  
244  392  
244  393  
244  394  
244  395  
244  396  
245  397  
245  398  
245  399  
245  400  
245  401  
245  402  
245  403  
245  404  
245  405  
245  406  
245  407  
245  408  
398  364  
398  365  
398  366  
398  367  
398  368  
399  369  
399  370  
399  371  
399  372  
399  373  
400  374  
400  375  
400  376  
400  377  
400  378  
401  379  
401  380  
401  381  
401  382  
401  383  
401  384  
402  385  
402  386  
402  387  
402  388  
402  389  
402  390  
402  391  
403  392  
403  393  
403  394  
403  395  
403  396  
403  397  
403  398  
404  399  
404  400  
404  401  
404  402  
404  403  
404  404  
404  405  
404  406  
404  407  
405  408  
405  409  
405  410  
405  411  
405  412  
162  371  
159  372  
160  372  
161  372  
156  373  
157  373  
158  373  
152  374  
153  374  
154  374  
155  374  
149  375  
150  375  
151  375  
146  376  
147  376  
148  376  
143  377  
144  377  
145  377  
140  378  
141  378  
142  378  
137  379  
138  379  
139  379  
136  380  
404  374  
404  375  
404  376  
404  377  
404  378  
405  379  
405  380  
405  381  
405  382  
405  383  
406  384  
406  385  
406  386  
406  387  
406  388  
406  389  
407  390  
407  391  
407  392  
407  393  
407  394  
407  395  
407  396  
407  397  
408  398  
408  399  
408  400  
408  401  
408  402  
408  403  
409  404  
409  405  
409  406  
409  407  
409  408  
325  375  
324  376  
324  377  
324  378  
323  379  
323  380  
322  381  
322  382  
321  383  
321  384  
320  385  
320  386  
319  387  
319  388  
319  389  
318  390  
318  391  
317  392  
317  393  
317  394  
316  395  
316  396  
316  397  
315  398  
315  399  
315  400  
314  401  
314  402  
314  403  
314  404  
314  405  
328  376  
328  377  
327  378  
327  379  
326  380  
326  381  
325  382  
325  383  
324  384  
324  385  
324  386  
323  387  
323  388  
322  389  
322  390  
322  391  
321  392  
321  393  
321  394  
320  395  
320  396  
319  397  
319  398  
319  399  
318  400  
318  401  
318  402  
317  403  
317  404  
316  405  
316  406  
316  407  
125  377  
125  378  
125  379  
125  380  
125  381  
125  382  
125  383  
125  384  
125  385  
125  386  
125  387  
125  388  
125  389  
125  390  
125  391  
125  392  
125  393  
125  394  
125  395  
125  396  
125  397  
125  398  
126  399  
126  400  
126  401  
126  402  
126  403  
126  404  
126  405  
126  406  
126  407  
126  408  
126  409  
126  410  
126  411  
126  412  
126  413  
126  414  
126  415  
126  416  
126  417  
126  418  
126  419  
126  420  
126  421  
126  422  
127  423  
127  424  
127  425  
127  426  
127  427  
127  428  
127  429  
127  430  
127  431  
127  432  
127  433  
127  434  
127  435  
127  436  
127  437  
127  438  
127  439  
127  440  
127  441  
127  442  
127  443  
127  444  
127  445  
127  446  
127  447  
127  448  
127  449  
127  450  
128  451  
128  452  
128  453  
128  454  
128  455  
128  456  
128  457  
128  458  
128  459  
128  460  
128  461  
128  462  
128  463  
128  464  
128  465  
289  379  
289  380  
289  381  
289  382  
289  383  
289  384  
289  385  
289  386  
289  387  
289  388  
289  389  
289  390  
290  391  
290  392  
290  393  
290  394  
290  395  
290  396  
290  397  
290  398  
290  399  
74  387  
75  387  
76  387  
71  388  
72  388  
73  388  
68  389  
69  389  
70  389  
65  390  
66  390  
67  390  
62  391  
63  391  
64  391  
59  392  
60  392  
61  392  
56  393  
57  393  
58  393  
53  394  
54  394  
55  394  
50  395  
51  395  
52  395  
48  396  
49  396  
131  388  
131  389  
131  390  
131  391  
131  392  
131  393  
131  394  
131  395  
131  396  
131  397  
131  398  
131  399  
131  400  
131  401  
131  402  
131  403  
131  404  
131  405  
131  406  
131  407  
131  408  
131  409  
131  410  
131  411  
131  412  
131  413  
131  414  
131  415  
131  416  
131  417  
131  418  
131  419  
132  420  
132  421  
132  422  
132  423  
132  424  
132  425  
132  426  
132  427  
132  428  
132  429  
132  430  
132  431  
132  432  
132  433  
132  434  
132  435  
132  436  
132  437  
132  438  
132  439  
132  440  
83  392  
83  393  
83  394  
83  395  
83  396  
84  397  
84  398  
84  399  
84  400  
84  401  
84  402  
84  403  
84  404  
84  405  
84  406  
84  407  
84  408  
84  409  
84  410  
84  411  
84  412  
84  413  
84  414  
84  415  
84  416  
84  417  
84  418  
84  419  
84  420  
84  421  
84  422  
84  423  
84  424  
84  425  
84  426  
84  427  
84  428  
84  429  
84  430  
84  431  
84  432  
84  433  
84  434  
84  435  
84  436  
84  437  
84  438  
85  439  
85  440  
85  441  
85  442  
85  443  
85  444  
85  445  
85  446  
85  447  
85  448  
85  449  
85  450  
85  451  
85  452  
85  453  
85  454  
85  455  
85  456  
85  457  
85  458  
85  459  
85  460  
85  461  
85  462  
85  463  
85  464  
85  465  
85  466  
85  467  
85  468  
85  469  
158  393  
158  394  
158  395  
158  396  
158  397  
158  398  
158  399  
158  400  
158  401  
158  402  
158  403  
158  404  
158  405  
158  406  
158  407  
158  408  
158  409  
158  410  
158  411  
158  412  
158  413  
158  414  
159  415  
159  416  
159  417  
159  418  
159  419  
159  420  
159  421  
159  422  
159  423  
159  424  
159  425  
159  426  
159  427  
159  428  
159  429  
159  430  
159  431  
159  432  
159  433  
159  434  
159  435  
160  436  
159  437  
159  438  
160  439  
160  440  
160  441  
160  442  
153  398  
153  399  
153  400  
153  401  
153  402  
153  403  
153  404  
153  405  
153  406  
153  407  
153  408  
154  409  
154  410  
154  411  
154  412  
154  413  
154  414  
154  415  
154  416  
154  417  
154  418  
154  419  
154  420  
154  421  
154  422  
154  423  
154  424  
154  425  
154  426  
154  427  
155  428  
155  429  
155  430  
155  431  
155  432  
155  433  
155  434  
155  435  
155  436  
155  437  
155  438  
155  439  
155  440  
155  441  
155  442  
155  443  
155  444  
171  399  
170  400  
170  401  
171  402  
171  403  
171  404  
171  405  
171  406  
171  407  
171  408  
171  409  
171  410  
171  411  
171  412  
171  413  
171  414  
171  415  
171  416  
172  417  
172  418  
172  419  
172  420  
172  421  
172  422  
172  423  
172  424  
172  425  
172  426  
172  427  
172  428  
172  429  
172  430  
172  431  
172  432  
172  433  
172  434  
173  435  
173  436  
173  437  
173  438  
173  439  
173  440  
173  441  
173  442  
173  443  
173  444  
71  400  
72  400  
68  401  
69  401  
70  401  
65  402  
66  402  
67  402  
62  403  
63  403  
64  403  
59  404  
60  404  
61  404  
56  405  
57  405  
58  405  
53  406  
54  406  
55  406  
52  407  
41  408  
41  409  
41  410  
41  411  
41  412  
41  413  
41  414  
41  415  
41  416  
41  417  
41  418  
41  419  
41  420  
41  421  
41  422  
41  423  
41  424  
41  425  
41  426  
41  427  
41  428  
41  429  
41  430  
41  431  
41  432  
41  433  
42  434  
42  435  
42  436  
42  437  
42  438  
42  439  
42  440  
42  441  
42  442  
42  443  
42  444  
42  445  
42  446  
42  447  
42  448  
42  449  
42  450  
42  451  
42  452  
42  453  
42  454  
42  455  
42  456  
42  457  
42  458  
42  459  
42  460  
42  461  
42  462  
42  463  
42  464  
42  465  
42  466  
42  467  
42  468  
42  469  
42  470  
42  471  
42  472  
42  473  
42  474  
42  475  
42  476  
42  477  
42  478  
42  479  
42  480  
42  481  
42  482  
42  483  
42  484  
42  485  
42  486  
343  408  
343  409  
343  410  
342  411  
342  412  
342  413  
342  414  
342  415  
341  416  
341  417  
341  418  
341  419  
341  420  
340  421  
340  422  
340  423  
340  424  
339  425  
339  426  
338  427  
338  428  
338  429  
338  430  
337  431  
337  432  
337  433  
337  434  
336  435  
69  410  
69  411  
69  412  
69  413  
69  414  
69  415  
70  416  
70  417  
70  418  
70  419  
70  420  
70  421  
70  422  
70  423  
70  424  
70  425  
70  426  
70  427  
70  428  
70  429  
70  430  
70  431  
70  432  
70  433  
70  434  
70  435  
70  436  
70  437  
70  438  
70  439  
70  440  
70  441  
70  442  
70  443  
70  444  
70  445  
70  446  
70  447  
70  448  
70  449  
70  450  
70  451  
71  452  
71  453  
71  454  
71  455  
71  456  
71  457  
71  458  
71  459  
71  460  
71  461  
71  462  
71  463  
71  464  
141  414  
141  415  
141  416  
141  417  
141  418  
141  419  
141  420  
141  421  
141  422  
141  423  
141  424  
141  425  
141  426  
141  427  
141  428  
141  429  
141  430  
141  431  
141  432  
141  433  
141  434  
142  435  
142  436  
142  437  
142  438  
53  416  
54  417  
54  418  
54  419  
54  420  
54  421  
54  422  
54  423  
54  424  
54  425  
54  426  
54  427  
55  428  
55  429  
55  430  
55  431  
55  432  
55  433  
55  434  
55  435  
55  436  
55  437  
55  438  
55  439  
55  440  
55  441  
55  442  
55  443  
55  444  
55  445  
55  446  
55  447  
55  448  
55  449  
55  450  
55  451  
55  452  
55  453  
55  454  
55  455  
55  456  
55  457  
55  458  
55  459  
55  460  
55  461  
55  462  
55  463  
55  464  
55  465  
55  466  
55  467  
55  468  
55  469  
413  420  
414  421  
415  421  
416  421  
417  421  
418  422  
419  422  
420  422  
421  422  
422  423  
423  423  
424  423  
425  424  
426  424  
427  424  
428  425  
429  425  
430  425  
431  425  
432  426  
433  426  
434  426  
435  427  
436  427  
437  427  
344  421  
344  422  
344  423  
344  424  
343  425  
343  426  
343  427  
343  428  
342  429  
342  430  
342  431  
341  432  
341  433  
341  434  
340  435  
340  436  
340  437  
339  438  
339  439  
338  440  
338  441  
337  442  
337  443  
66  428  
66  429  
66  430  
66  431  
66  432  
66  433  
66  434  
66  435  
66  436  
66  437  
66  438  
66  439  
66  440  
66  441  
66  442  
66  443  
66  444  
66  445  
66  446  
66  447  
66  448  
66  449  
66  450  
66  451  
66  452  
66  453  
66  454  
66  455  
66  456  
66  457  
66  458  
66  459  
66  460  
66  461  
66  462  
66  463  
66  464  
66  465  
66  466  
66  467  
267  430  
268  430  
269  430  
264  431  
265  431  
266  431  
261  432  
262  432  
263  432  
256  433  
257  433  
258  433  
259  433  
260  433  
253  434  
254  434  
255  434  
247  435  
248  435  
249  435  
250  435  
251  435  
252  435  
243  436  
244  436  
245  436  
246  436  
241  437  
242  437  
79  435  
79  436  
79  437  
80  438  
80  439  
80  440  
80  441  
80  442  
80  443  
80  444  
80  445  
80  446  
80  447  
80  448  
80  449  
80  450  
80  451  
80  452  
80  453  
80  454  
80  455  
80  456  
80  457  
80  458  
80  459  
80  460  
80  461  
80  462  
80  463  
170  454  
166  455  
167  455  
168  455  
169  455  
162  456  
163  456  
164  456  
165  456  
158  457  
159  457  
160  457  
161  457  
155  458  
156  458  
157  458  
151  459  
152  459  
153  459  
154  459  
147  460  
148  460  
149  460  
150  460  
143  461  
144  461  
145  461  
146  461  
139  462  
140  462  
141  462  
142  462  
137  463  
138  463  
310  463  
310  464  
310  465  
309  466  
309  467  
308  468  
308  469  
307  470  
307  471  
307  472  
306  473  
306  474  
306  475  
305  476  
305  477  
305  478  
304  479  
304  480  
304  481  
303  482  
303  483  
303  484  
319  468  
318  469  
317  470  
316  471  
315  472  
315  473  
314  474  
313  475  
312  476  
312  477  
311  478  
310  479  
309  480  
308  481  
307  482  
307  483  
306  484  
305  485  
305  486  
304  487  
302  488  
303  488  
420  469  
421  470  
422  470  
423  470  
424  470  
425  470  
426  471  
427  471  
428  471  
429  471  
430  471  
431  472  
432  472  
433  472  
434  472  
435  472  
436  472  
437  473  
438  473  
439  473  
440  473  
441  473  
442  474  
443  474  
444  474  
445  474  
446  475  
447  475  
448  475  
321  472  
320  473  
319  474  
318  475  
317  476  
317  477  
316  478  
315  479  
314  480  
314  481  
313  482  
312  483  
311  484  
310  485  
309  486  
308  487  
308  488  
307  489  
306  490  
305  491  
303  492  
304  492  
414  475  
414  476  
414  477  
414  478  
414  479  
414  480  
414  481  
414  482  
415  483  
415  484  
415  485  
415  486  
415  487  
415  488  
415  489  
415  490  
415  491  
416  492  
416  493  
416  494  
416  495  
416  496  
416  497  
416  498  
417  499  
417  500  
417  501  
417  502  
417  503  
417  504  
417  505  
418  506  
418  507  
418  508  
418  509  
418  510  
418  511  
418  512  
418  513  
419  514  
419  515  
419  516  
419  517  
419  518  
419  519  
419  520  
419  521  
420  522  
420  523  
420  524  
420  525  
420  526  
420  527  
420  528  
421  529  
421  530  
421  531  
421  532  
421  533  
421  534  
421  535  
422  536  
422  537  
422  538  
422  539  
422  540  
422  541  
422  542  
423  543  
423  544  
423  545  
423  546  
423  547  
423  548  
423  549  
423  550  
423  551  
424  552  
424  553  
424  554  
424  555  
424  556  
424  557  
424  558  
425  559  
425  560  
425  561  
425  562  
425  563  
425  564  
425  565  
75  478  
76  478  
77  478  
78  478  
71  479  
72  479  
73  479  
74  479  
67  480  
68  480  
69  480  
70  480  
63  481  
64  481  
65  481  
66  481  
59  482  
60  482  
61  482  
62  482  
55  483  
56  483  
57  483  
58  483  
51  484  
52  484  
53  484  
54  484  
47  485  
48  485  
49  485  
50  485  
45  486  
46  486  
44  487  
284  490  
285  490  
280  491  
281  491  
282  491  
283  491  
278  492  
279  492  
274  493  
275  493  
276  493  
277  493  
268  494  
269  494  
270  494  
271  494  
272  494  
273  494  
263  495  
264  495  
265  495  
266  495  
267  495  
259  496  
260  496  
261  496  
262  496  
255  497  
256  497  
257  497  
258  497  
420  491  
420  492  
420  493  
420  494  
420  495  
421  496  
421  497  
421  498  
421  499  
421  500  
421  501  
421  502  
422  503  
422  504  
422  505  
422  506  
422  507  
422  508  
422  509  
422  510  
423  511  
423  512  
423  513  
423  514  
423  515  
423  516  
423  517  
423  518  
424  519  
424  520  
424  521  
424  522  
424  523  
424  524  
424  525  
425  526  
425  527  
425  528  
425  529  
425  530  
425  531  
425  532  
426  533  
426  534  
426  535  
426  536  
426  537  
426  538  
426  539  
427  540  
427  541  
427  542  
427  543  
427  544  
427  545  
427  546  
427  547  
428  548  
428  549  
428  550  
428  551  
428  552  
428  553  
428  554  
428  555  
429  556  
429  557  
429  558  
429  559  
429  560  
429  561  
429  562  
237  494  
237  495  
237  496  
237  497  
237  498  
237  499  
237  500  
237  501  
237  502  
237  503  
237  504  
237  505  
238  506  
238  507  
238  508  
238  509  
238  510  
238  511  
238  512  
238  513  
238  514  
238  515  
238  516  
238  517  
239  518  
239  519  
239  520  
239  521  
239  522  
239  523  
239  524  
239  525  
239  526  
239  527  
239  528  
239  529  
239  530  
240  531  
240  532  
240  533  
240  534  
240  535  
240  536  
240  537  
240  538  
240  539  
240  540  
240  541  
240  542  
240  543  
240  544  
241  545  
241  546  
241  547  
241  548  
241  549  
241  550  
241  551  
241  552  
241  553  
241  554  
241  555  
241  556  
241  557  
241  558  
241  559  
241  560  
242  561  
242  562  
242  563  
242  564  
242  565  
242  566  
242  567  
242  568  
242  569  
243  570  
243  571  
243  572  
243  573  
243  574  
243  575  
243  576  
243  577  
243  578  
243  579  
243  580  
243  581  
243  582  
243  583  
243  584  
243  585  
244  586  
244  587  
244  588  
244  589  
244  590  
244  591  
244  592  
244  593  
244  594  
425  494  
425  495  
425  496  
425  497  
425  498  
426  499  
426  500  
426  501  
426  502  
426  503  
426  504  
426  505  
426  506  
426  507  
427  508  
427  509  
427  510  
427  511  
427  512  
427  513  
427  514  
427  515  
428  516  
428  517  
428  518  
428  519  
428  520  
428  521  
428  522  
429  523  
429  524  
429  525  
429  526  
429  527  
429  528  
429  529  
430  530  
430  531  
430  532  
430  533  
430  534  
430  535  
430  536  
430  537  
431  538  
431  539  
431  540  
431  541  
431  542  
431  543  
431  544  
432  545  
432  546  
432  547  
432  548  
432  549  
432  550  
432  551  
432  552  
433  553  
433  554  
433  555  
433  556  
428  494  
429  495  
429  496  
429  497  
429  498  
429  499  
429  500  
430  501  
430  502  
430  503  
430  504  
430  505  
430  506  
430  507  
431  508  
431  509  
431  510  
431  511  
431  512  
431  513  
431  514  
431  515  
432  516  
432  517  
432  518  
432  519  
432  520  
432  521  
433  522  
433  523  
433  524  
433  525  
433  526  
433  527  
433  528  
433  529  
434  530  
434  531  
434  532  
434  533  
434  534  
434  535  
434  536  
434  537  
435  538  
435  539  
435  540  
435  541  
435  542  
435  543  
435  544  
436  545  
436  546  
436  547  
436  548  
436  549  
436  550  
436  551  
436  552  
437  553  
437  554  
437  555  
437  556  
302  497  
302  498  
302  499  
302  500  
302  501  
302  502  
302  503  
302  504  
302  505  
302  506  
302  507  
302  508  
302  509  
302  510  
302  511  
302  512  
302  513  
302  514  
302  515  
302  516  
302  517  
302  518  
303  519  
303  520  
303  521  
303  522  
303  523  
303  524  
303  525  
303  526  
303  527  
303  528  
304  529  
304  530  
304  531  
304  532  
304  533  
304  534  
304  535  
304  536  
304  537  
304  538  
304  539  
305  540  
305  541  
305  542  
305  543  
305  544  
305  545  
305  546  
305  547  
305  548  
305  549  
305  550  
306  551  
306  552  
306  553  
306  554  
306  555  
306  556  
306  557  
306  558  
306  559  
306  560  
307  561  
307  562  
307  563  
307  564  
307  565  
307  566  
307  567  
307  568  
307  569  
307  570  
307  571  
308  572  
308  573  
308  574  
308  575  
308  576  
308  577  
308  578  
308  579  
308  580  
308  581  
308  582  
308  583  
309  584  
309  585  
309  586  
174  499  
170  500  
171  500  
172  500  
173  500  
165  501  
166  501  
167  501  
168  501  
169  501  
160  502  
161  502  
162  502  
163  502  
164  502  
156  503  
157  503  
158  503  
159  503  
151  504  
152  504  
153  504  
154  504  
155  504  
146  505  
147  505  
148  505  
149  505  
150  505  
142  506  
143  506  
144  506  
145  506  
138  507  
139  507  
140  507  
141  507  
299  500  
299  501  
299  502  
299  503  
299  504  
298  505  
298  506  
298  507  
298  508  
298  509  
298  510  
297  511  
297  512  
297  513  
297  514  
297  515  
297  516  
296  517  
296  518  
296  519  
296  520  
296  521  
296  522  
296  523  
296  524  
296  525  
296  526  
296  527  
296  528  
297  529  
297  530  
297  531  
297  532  
297  533  
297  534  
297  535  
297  536  
297  537  
297  538  
297  539  
298  540  
298  541  
298  542  
298  543  
298  544  
298  545  
298  546  
298  547  
298  548  
298  549  
299  550  
299  551  
299  552  
299  553  
299  554  
299  555  
299  556  
299  557  
299  558  
299  559  
299  560  
299  561  
300  562  
300  563  
300  564  
300  565  
300  566  
300  567  
300  568  
301  569  
301  570  
301  571  
301  572  
301  573  
182  505  
182  506  
182  507  
182  508  
182  509  
182  510  
182  511  
183  512  
183  513  
183  514  
183  515  
183  516  
183  517  
183  518  
183  519  
183  520  
183  521  
183  522  
183  523  
183  524  
183  525  
183  526  
183  527  
183  528  
184  529  
184  530  
184  531  
184  532  
184  533  
184  534  
184  535  
184  536  
184  537  
184  538  
184  539  
184  540  
184  541  
184  542  
184  543  
184  544  
184  545  
184  546  
185  547  
185  548  
185  549  
185  550  
185  551  
185  552  
185  553  
185  554  
185  555  
185  556  
185  557  
185  558  
185  559  
185  560  
185  561  
185  562  
186  563  
186  564  
186  565  
186  566  
186  567  
186  568  
186  569  
186  570  
186  571  
186  572  
186  573  
186  574  
186  575  
186  576  
186  577  
186  578  
186  579  
187  580  
187  581  
187  582  
187  583  
187  584  
187  585  
187  586  
187  587  
187  588  
187  589  
187  590  
187  591  
187  592  
187  593  
187  594  
187  595  
188  596  
188  597  
188  598  
188  599  
188  600  
188  601  
188  602  
188  603  
188  604  
188  605  
188  606  
188  607  
188  608  
255  506  
254  507  
253  508  
253  509  
254  510  
254  511  
254  512  
254  513  
254  514  
254  515  
254  516  
254  517  
254  518  
255  519  
255  520  
255  521  
255  522  
255  523  
255  524  
255  525  
255  526  
255  527  
255  528  
255  529  
255  530  
256  531  
256  532  
256  533  
256  534  
256  535  
256  536  
256  537  
256  538  
256  539  
256  540  
256  541  
256  542  
256  543  
256  544  
257  545  
257  546  
257  547  
257  548  
257  549  
257  550  
258  551  
258  552  
258  553  
258  554  
257  555  
257  556  
258  557  
258  558  
258  559  
258  560  
258  561  
258  562  
258  563  
258  564  
258  565  
258  566  
258  567  
259  568  
259  569  
259  570  
169  514  
170  514  
164  515  
165  515  
166  515  
167  515  
168  515  
159  516  
160  516  
161  516  
162  516  
163  516  
154  517  
155  517  
156  517  
157  517  
158  517  
149  518  
150  518  
151  518  
152  518  
153  518  
145  519  
146  519  
147  519  
148  519  
143  520  
144  520  
131  517  
131  518  
131  519  
131  520  
131  521  
131  522  
131  523  
131  524  
131  525  
131  526  
131  527  
131  528  
131  529  
131  530  
131  531  
131  532  
131  533  
131  534  
131  535  
131  536  
131  537  
131  538  
131  539  
131  540  
131  541  
131  542  
131  543  
131  544  
131  545  
132  546  
132  547  
132  548  
132  549  
132  550  
132  551  
132  552  
132  553  
132  554  
132  555  
132  556  
132  557  
132  558  
132  559  
132  560  
132  561  
132  562  
132  563  
132  564  
132  565  
132  566  
132  567  
132  568  
132  569  
132  570  
132  571  
132  572  
133  573  
133  574  
133  575  
133  576  
133  577  
133  578  
133  579  
133  580  
133  581  
133  582  
133  583  
133  584  
133  585  
133  586  
133  587  
133  588  
133  589  
133  590  
133  591  
133  592  
133  593  
133  594  
133  595  
133  596  
133  597  
134  598  
134  599  
134  600  
134  601  
134  602  
134  603  
134  604  
134  605  
134  606  
134  607  
134  608  
79  519  
80  519  
74  520  
75  520  
76  520  
77  520  
78  520  
69  521  
70  521  
71  521  
72  521  
73  521  
65  522  
66  522  
67  522  
68  522  
60  523  
61  523  
62  523  
63  523  
64  523  
55  524  
56  524  
57  524  
58  524  
59  524  
51  525  
52  525  
53  525  
54  525  
49  526  
50  526  
177  520  
177  521  
177  522  
177  523  
178  524  
178  525  
178  526  
178  527  
178  528  
178  529  
178  530  
178  531  
178  532  
178  533  
178  534  
178  535  
178  536  
178  537  
178  538  
179  539  
179  540  
179  541  
179  542  
179  543  
179  544  
179  545  
179  546  
179  547  
179  548  
179  549  
179  550  
179  551  
179  552  
179  553  
179  554  
179  555  
179  556  
180  557  
180  558  
180  559  
180  560  
180  561  
180  562  
180  563  
180  564  
180  565  
180  566  
180  567  
180  568  
180  569  
180  570  
180  571  
180  572  
180  573  
181  574  
181  575  
181  576  
181  577  
181  578  
181  579  
181  580  
181  581  
181  582  
181  583  
181  584  
181  585  
181  586  
181  587  
181  588  
181  589  
87  525  
87  526  
87  527  
87  528  
87  529  
87  530  
87  531  
87  532  
87  533  
87  534  
87  535  
87  536  
87  537  
87  538  
87  539  
87  540  
87  541  
87  542  
87  543  
87  544  
88  545  
88  546  
88  547  
88  548  
88  549  
88  550  
88  551  
88  552  
88  553  
88  554  
88  555  
88  556  
88  557  
88  558  
88  559  
88  560  
88  561  
88  562  
88  563  
88  564  
88  565  
88  566  
88  567  
88  568  
88  569  
88  570  
88  571  
88  572  
88  573  
88  574  
88  575  
88  576  
88  577  
88  578  
88  579  
88  580  
88  581  
88  582  
89  583  
89  584  
89  585  
89  586  
89  587  
89  588  
89  589  
89  590  
89  591  
89  592  
89  593  
89  594  
89  595  
89  596  
89  597  
89  598  
89  599  
89  600  
89  601  
89  602  
89  603  
89  604  
89  605  
89  606  
89  607  
89  608  
137  528  
137  529  
137  530  
137  531  
137  532  
137  533  
137  534  
137  535  
137  536  
137  537  
137  538  
137  539  
137  540  
137  541  
137  542  
137  543  
137  544  
137  545  
137  546  
137  547  
137  548  
137  549  
137  550  
137  551  
137  552  
137  553  
137  554  
137  555  
137  556  
138  557  
138  558  
138  559  
138  560  
138  561  
138  562  
138  563  
138  564  
139  565  
139  566  
139  567  
139  568  
139  569  
139  570  
139  571  
139  572  
139  573  
139  574  
139  575  
139  576  
139  577  
139  578  
139  579  
139  580  
139  581  
139  582  
139  583  
140  584  
140  585  
140  586  
164  528  
164  529  
164  530  
164  531  
165  532  
165  533  
165  534  
165  535  
165  536  
165  537  
165  538  
165  539  
165  540  
165  541  
165  542  
165  543  
165  544  
165  545  
165  546  
165  547  
165  548  
165  549  
165  550  
165  551  
165  552  
165  553  
165  554  
165  555  
166  556  
166  557  
166  558  
166  559  
166  560  
166  561  
166  562  
166  563  
166  564  
166  565  
166  566  
166  567  
166  568  
166  569  
166  570  
166  571  
166  572  
166  573  
167  574  
167  575  
167  576  
167  577  
167  578  
167  579  
167  580  
167  581  
167  582  
167  583  
167  584  
167  585  
167  586  
167  587  
167  588  
167  589  
279  528  
279  529  
279  530  
279  531  
279  532  
279  533  
279  534  
279  535  
279  536  
279  537  
280  538  
280  539  
280  540  
280  541  
280  542  
280  543  
280  544  
280  545  
280  546  
280  547  
280  548  
280  549  
280  550  
281  551  
281  552  
281  553  
281  554  
281  555  
281  556  
281  557  
281  558  
281  559  
281  560  
281  561  
281  562  
282  563  
282  564  
282  565  
282  566  
282  567  
282  568  
282  569  
282  570  
282  571  
282  572  
282  573  
282  574  
282  575  
160  529  
160  530  
160  531  
160  532  
160  533  
160  534  
160  535  
160  536  
160  537  
160  538  
160  539  
160  540  
160  541  
160  542  
160  543  
160  544  
160  545  
160  546  
160  547  
160  548  
160  549  
160  550  
160  551  
161  552  
161  553  
161  554  
161  555  
161  556  
161  557  
161  558  
161  559  
161  560  
161  561  
161  562  
161  563  
161  564  
161  565  
161  566  
161  567  
161  568  
161  569  
161  570  
161  571  
162  572  
162  573  
162  574  
162  575  
162  576  
162  577  
162  578  
162  579  
162  580  
162  581  
162  582  
162  583  
162  584  
162  585  
162  586  
162  587  
162  588  
162  589  
162  590  
162  591  
162  592  
162  593  
162  594  
162  595  
163  596  
74  533  
75  533  
76  533  
68  534  
69  534  
70  534  
71  534  
72  534  
73  534  
63  535  
64  535  
65  535  
66  535  
67  535  
58  536  
59  536  
60  536  
61  536  
62  536  
55  537  
56  537  
57  537  
43  534  
43  535  
43  536  
43  537  
43  538  
43  539  
43  540  
43  541  
43  542  
43  543  
43  544  
43  545  
43  546  
43  547  
43  548  
43  549  
43  550  
43  551  
43  552  
43  553  
43  554  
43  555  
43  556  
43  557  
43  558  
43  559  
43  560  
43  561  
43  562  
43  563  
43  564  
43  565  
43  566  
43  567  
43  568  
43  569  
43  570  
43  571  
43  572  
43  573  
43  574  
43  575  
43  576  
43  577  
43  578  
44  579  
44  580  
44  581  
44  582  
44  583  
44  584  
44  585  
44  586  
44  587  
44  588  
44  589  
44  590  
44  591  
44  592  
44  593  
44  594  
44  595  
44  596  
44  597  
44  598  
44  599  
44  600  
44  601  
44  602  
44  603  
44  604  
44  605  
44  606  
44  607  
44  608  
146  534  
146  535  
146  536  
146  537  
146  538  
146  539  
146  540  
146  541  
146  542  
146  543  
146  544  
146  545  
146  546  
146  547  
147  548  
147  549  
147  550  
147  551  
147  552  
147  553  
147  554  
147  555  
147  556  
147  557  
147  558  
147  559  
147  560  
147  561  
147  562  
147  563  
147  564  
147  565  
147  566  
147  567  
147  568  
147  569  
147  570  
147  571  
147  572  
148  573  
148  574  
148  575  
148  576  
148  577  
148  578  
148  579  
148  580  
148  581  
148  582  
148  583  
148  584  
148  585  
148  586  
148  587  
148  588  
148  589  
148  590  
148  591  
149  592  
149  593  
273  538  
273  539  
274  540  
274  541  
274  542  
274  543  
274  544  
274  545  
274  546  
274  547  
274  548  
274  549  
274  550  
274  551  
274  552  
275  553  
275  554  
275  555  
275  556  
275  557  
275  558  
275  559  
82  539  
82  540  
83  541  
83  542  
83  543  
83  544  
83  545  
83  546  
83  547  
83  548  
83  549  
83  550  
83  551  
83  552  
83  553  
83  554  
83  555  
83  556  
83  557  
83  558  
83  559  
83  560  
83  561  
83  562  
83  563  
83  564  
83  565  
83  566  
83  567  
83  568  
83  569  
83  570  
83  571  
83  572  
83  573  
83  574  
83  575  
83  576  
83  577  
83  578  
83  579  
83  580  
83  581  
83  582  
83  583  
83  584  
83  585  
83  586  
83  587  
83  588  
83  589  
83  590  
84  591  
84  592  
84  593  
84  594  
84  595  
84  596  
84  597  
84  598  
84  599  
84  600  
84  601  
84  602  
84  603  
84  604  
84  605  
84  606  
84  607  
84  608  
444  539  
444  540  
444  541  
444  542  
444  543  
444  544  
445  545  
445  546  
445  547  
445  548  
445  549  
445  550  
446  551  
446  552  
446  553  
446  554  
446  555  
446  556  
446  557  
446  558  
446  559  
447  560  
447  561  
447  562  
447  563  
447  564  
447  565  
447  566  
447  567  
448  568  
68  547  
68  548  
68  549  
68  550  
68  551  
68  552  
68  553  
68  554  
68  555  
68  556  
68  557  
68  558  
68  559  
68  560  
68  561  
68  562  
68  563  
68  564  
68  565  
68  566  
68  567  
69  568  
69  569  
69  570  
69  571  
69  572  
69  573  
69  574  
69  575  
69  576  
69  577  
69  578  
69  579  
69  580  
69  581  
69  582  
69  583  
69  584  
69  585  
69  586  
69  587  
69  588  
69  589  
69  590  
69  591  
69  592  
69  593  
69  594  
69  595  
69  596  
69  597  
73  548  
73  549  
73  550  
73  551  
73  552  
73  553  
73  554  
73  555  
73  556  
73  557  
73  558  
73  559  
73  560  
73  561  
73  562  
73  563  
73  564  
73  565  
73  566  
73  567  
73  568  
73  569  
73  570  
73  571  
73  572  
73  573  
73  574  
73  575  
73  576  
73  577  
73  578  
73  579  
73  580  
73  581  
73  582  
73  583  
73  584  
73  585  
74  586  
74  587  
74  588  
74  589  
74  590  
74  591  
74  592  
74  593  
74  594  
74  595  
74  596  
57  551  
57  552  
57  553  
57  554  
57  555  
57  556  
57  557  
57  558  
57  559  
57  560  
57  561  
57  562  
57  563  
57  564  
57  565  
57  566  
57  567  
57  568  
57  569  
57  570  
57  571  
57  572  
57  573  
57  574  
57  575  
57  576  
57  577  
57  578  
57  579  
57  580  
57  581  
57  582  
57  583  
57  584  
57  585  
57  586  
57  587  
57  588  
57  589  
57  590  
57  591  
57  592  
57  593  
57  594  
57  595  
58  596  
49  554  
49  555  
49  556  
49  557  
49  558  
49  559  
49  560  
49  561  
49  562  
49  563  
49  564  
49  565  
49  566  
49  567  
49  568  
49  569  
49  570  
49  571  
49  572  
49  573  
49  574  
49  575  
49  576  
49  577  
49  578  
49  579  
49  580  
49  581  
49  582  
49  583  
49  584  
49  585  
49  586  
49  587  
50  588  
50  589  
50  590  
50  591  
50  592  
50  593  
50  594  
50  595  
50  596  
50  597  
50  598  
293  588  
294  588  
295  588  
296  588  
286  589  
287  589  
288  589  
289  589  
290  589  
291  589  
292  589  
278  590  
279  590  
280  590  
281  590  
282  590  
283  590  
284  590  
285  590  
270  591  
271  591  
272  591  
273  591  
274  591  
275  591  
276  591  
277  591  
259  592  
260  592  
261  592  
262  592  
263  592  
264  592  
265  592  
266  592  
267  592  
268  592  
269  592  
258  593  
294  593  
295  593  
296  593  
297  593  
298  593  
299  593  
300  593  
301  593  
287  594  
288  594  
289  594  
290  594  
291  594  
292  594  
293  594  
279  595  
280  595  
281  595  
282  595  
283  595  
284  595  
285  595  
286  595  
273  596  
274  596  
275  596  
276  596  
277  596  
278  596  
265  597  
266  597  
267  597  
268  597  
269  597  
270  597  
271  597  
272  597  
256  598  
257  598  
258  598  
259  598  
260  598  
261  598  
262  598  
263  598  
264  598  
348  596  
349  596  
350  596  
351  596  
352  596  
353  596  
354  596  
355  596  
340  597  
341  597  
342  597  
343  597  
344  597  
345  597  
346  597  
347  597  
332  598  
333  598  
334  598  
335  598  
336  598  
337  598  
338  598  
339  598  
324  599  
325  599  
326  599  
327  599  
328  599  
329  599  
330  599  
331  599  
315  600  
316  600  
317  600  
318  600  
319  600  
320  600  
321  600  
322  600  
323  600  
307  601  
308  601  
309  601  
310  601  
311  601  
312  601  
313  601  
314  601  
298  602  
299  602  
300  602  
301  602  
302  602  
303  602  
304  602  
305  602  
306  602  
291  603  
292  603  
293  603  
294  603  
295  603  
296  603  
297  603  
281  604  
282  604  
283  604  
284  604  
285  604  
286  604  
287  604  
288  604  
289  604  
290  604  
271  605  
272  605  
273  605  
274  605  
275  605  
276  605  
277  605  
278  605  
279  605  
280  605  
265  606  
266  606  
267  606  
268  606  
269  606  
270  606  
256  607  
257  607  
258  607  
259  607  
260  607  
261  607  
262  607  
263  607  
264  607  
246  608  
247  608  
248  608  
249  608  
250  608  
251  608  
252  608  
253  608  
254  608  
255  608  
351  599  
352  599  
343  600  
344  600  
345  600  
346  600  
347  600  
348  600  
349  600  
350  600  
337  601  
338  601  
339  601  
340  601  
341  601  
342  601  
328  602  
329  602  
330  602  
331  602  
332  602  
333  602  
334  602  
335  602  
336  602  
320  603  
321  603  
322  603  
323  603  
324  603  
325  603  
326  603  
327  603  
312  604  
313  604  
314  604  
315  604  
316  604  
317  604  
318  604  
319  604  
303  605  
304  605  
305  605  
306  605  
307  605  
308  605  
309  605  
310  605  
311  605  
294  606  
295  606  
296  606  
297  606  
298  606  
299  606  
300  606  
301  606  
302  606  
287  607  
288  607  
289  607  
290  607  
291  607  
292  607  
293  607  
276  608  
277  608  
278  608  
279  608  
280  608  
281  608  
282  608  
283  608  
284  608  
285  608  
286  608  
169  603  
170  603  
171  603  
160  604  
161  604  
162  604  
163  604  
164  604  
165  604  
166  604  
167  604  
168  604  
172  604  
173  604  
153  605  
154  605  
155  605  
156  605  
157  605  
158  605  
159  605  
146  606  
147  606  
148  606  
149  606  
150  606  
151  606  
152  606  
