142  
75  20  20  175  33  156  46  25  55  70  29  62  57  24  58  50  55  33  24  72  24  41  34  27  25  64  28  21  25  31  31  34  28  28  56  36  50  53  50  71  36  74  42  46  47  41  24  31  43  25  42  24  21  21  32  39  21  39  24  26  43  20  46  40  26  29  69  32  24  20  23  25  27  71  88  37  43  68  34  30  23  24  21  20  44  21  31  35  50  42  30  40  47  21  25  29  28  22  27  23  23  36  35  24  41  29  29  20  24  22  25  21  29  28  20  45  21  48  40  67  42  43  20  27  24  22  20  37  37  37  34  22  25  47  22  38  43  44  31  50  24  84  
145  32  
145  33  
145  34  
145  35  
145  36  
145  37  
145  38  
145  39  
145  40  
145  41  
145  42  
145  43  
145  44  
145  45  
145  46  
145  47  
145  48  
145  49  
145  50  
145  51  
145  52  
145  53  
145  54  
145  55  
145  56  
145  57  
145  58  
145  59  
145  60  
145  61  
145  62  
145  63  
145  64  
145  65  
145  66  
145  67  
144  68  
144  69  
144  70  
144  71  
144  72  
144  73  
144  74  
144  75  
144  76  
144  77  
144  78  
144  79  
144  80  
144  81  
143  82  
143  83  
143  84  
143  85  
143  86  
143  87  
143  88  
143  89  
143  90  
143  91  
143  92  
143  93  
143  94  
143  95  
143  96  
143  97  
143  98  
143  99  
143  100  
143  101  
143  102  
143  103  
143  104  
143  105  
143  106  
223  32  
224  33  
224  34  
224  35  
224  36  
224  37  
223  38  
223  39  
223  40  
223  41  
223  42  
223  43  
223  44  
223  45  
222  46  
222  47  
222  48  
222  49  
222  50  
222  51  
230  32  
230  33  
230  34  
230  35  
230  36  
229  37  
229  38  
229  39  
229  40  
229  41  
229  42  
229  43  
229  44  
229  45  
228  46  
228  47  
228  48  
228  49  
228  50  
228  51  
448  34  
439  35  
440  35  
441  35  
442  35  
443  35  
444  35  
445  35  
446  35  
447  35  
426  36  
427  36  
428  36  
429  36  
430  36  
431  36  
432  36  
433  36  
434  36  
435  36  
436  36  
437  36  
438  36  
354  37  
355  37  
356  37  
357  37  
358  37  
359  37  
360  37  
361  37  
362  37  
363  37  
364  37  
365  37  
366  37  
367  37  
368  37  
369  37  
370  37  
371  37  
372  37  
373  37  
374  37  
375  37  
376  37  
377  37  
378  37  
379  37  
380  37  
381  37  
382  37  
383  37  
384  37  
385  37  
386  37  
387  37  
388  37  
389  37  
390  37  
391  37  
392  37  
393  37  
394  37  
395  37  
396  37  
397  37  
398  37  
399  37  
400  37  
401  37  
402  37  
403  37  
404  37  
405  37  
406  37  
407  37  
408  37  
409  37  
410  37  
411  37  
412  37  
413  37  
414  37  
415  37  
416  37  
417  37  
418  37  
419  37  
420  37  
421  37  
422  37  
423  37  
424  37  
425  37  
291  38  
292  38  
293  38  
294  38  
295  38  
296  38  
297  38  
298  38  
299  38  
300  38  
301  38  
302  38  
303  38  
304  38  
305  38  
306  38  
307  38  
308  38  
309  38  
310  38  
311  38  
312  38  
313  38  
314  38  
315  38  
316  38  
317  38  
318  38  
319  38  
320  38  
321  38  
322  38  
323  38  
324  38  
325  38  
326  38  
327  38  
328  38  
329  38  
330  38  
331  38  
332  38  
333  38  
334  38  
335  38  
336  38  
337  38  
338  38  
339  38  
340  38  
341  38  
342  38  
343  38  
344  38  
345  38  
346  38  
347  38  
348  38  
349  38  
350  38  
351  38  
352  38  
353  38  
274  39  
275  39  
276  39  
277  39  
278  39  
279  39  
280  39  
281  39  
282  39  
283  39  
284  39  
285  39  
286  39  
287  39  
288  39  
289  39  
290  39  
443  40  
444  40  
445  40  
446  40  
447  40  
448  40  
420  41  
421  41  
422  41  
423  41  
424  41  
425  41  
426  41  
427  41  
428  41  
429  41  
430  41  
431  41  
432  41  
433  41  
434  41  
435  41  
436  41  
437  41  
438  41  
439  41  
440  41  
441  41  
442  41  
416  42  
417  42  
418  42  
419  42  
403  41  
404  41  
405  41  
406  41  
253  42  
254  42  
335  42  
336  42  
337  42  
338  42  
339  42  
340  42  
341  42  
342  42  
343  42  
344  42  
345  42  
346  42  
347  42  
348  42  
349  42  
350  42  
351  42  
352  42  
353  42  
354  42  
355  42  
356  42  
357  42  
358  42  
359  42  
360  42  
361  42  
362  42  
363  42  
364  42  
365  42  
366  42  
367  42  
368  42  
369  42  
370  42  
371  42  
372  42  
373  42  
374  42  
375  42  
376  42  
377  42  
378  42  
379  42  
380  42  
381  42  
382  42  
383  42  
384  42  
385  42  
386  42  
387  42  
388  42  
389  42  
390  42  
391  42  
392  42  
393  42  
394  42  
395  42  
396  42  
397  42  
398  42  
399  42  
400  42  
401  42  
402  42  
407  42  
408  42  
255  43  
256  43  
257  43  
258  43  
259  43  
260  43  
292  43  
293  43  
294  43  
295  43  
296  43  
297  43  
298  43  
299  43  
300  43  
301  43  
302  43  
303  43  
304  43  
305  43  
306  43  
307  43  
308  43  
309  43  
310  43  
311  43  
312  43  
313  43  
314  43  
315  43  
316  43  
317  43  
318  43  
319  43  
320  43  
321  43  
322  43  
323  43  
324  43  
325  43  
326  43  
327  43  
328  43  
329  43  
330  43  
331  43  
332  43  
333  43  
334  43  
261  44  
262  44  
263  44  
264  44  
265  44  
266  44  
267  44  
268  44  
269  44  
270  44  
271  44  
272  44  
273  44  
274  44  
275  44  
276  44  
277  44  
278  44  
279  44  
280  44  
281  44  
282  44  
283  44  
284  44  
285  44  
286  44  
287  44  
288  44  
289  44  
290  44  
291  44  
233  55  
234  56  
234  57  
234  58  
234  59  
234  60  
234  61  
234  62  
234  63  
234  64  
234  65  
234  66  
234  67  
234  68  
234  69  
234  70  
234  71  
234  72  
234  73  
234  74  
234  75  
234  76  
234  77  
234  78  
234  79  
234  80  
234  81  
234  82  
234  83  
234  84  
234  85  
234  86  
234  87  
234  88  
234  89  
234  90  
234  91  
234  92  
234  93  
233  94  
234  95  
234  96  
234  97  
233  98  
233  99  
233  100  
374  58  
375  58  
376  58  
377  58  
378  58  
379  58  
380  58  
381  58  
382  58  
383  58  
384  58  
385  58  
386  58  
387  58  
388  58  
389  58  
390  58  
391  58  
392  58  
393  58  
394  58  
395  58  
396  58  
397  58  
398  58  
301  59  
302  59  
303  59  
304  59  
305  59  
306  59  
307  59  
308  59  
309  59  
310  59  
311  59  
312  59  
313  59  
314  59  
263  60  
264  60  
265  60  
266  60  
267  60  
268  60  
269  60  
270  60  
271  60  
272  60  
273  60  
274  60  
275  60  
276  60  
277  60  
278  60  
279  60  
280  60  
281  60  
282  60  
283  60  
284  60  
285  60  
286  60  
287  60  
288  60  
289  60  
290  60  
291  60  
292  60  
293  60  
294  60  
295  60  
296  60  
297  60  
298  60  
299  60  
300  60  
315  60  
316  60  
317  60  
367  65  
367  66  
367  67  
367  68  
367  69  
367  70  
367  71  
367  72  
367  73  
367  74  
367  75  
367  76  
367  77  
367  78  
367  79  
367  80  
367  81  
366  82  
366  83  
366  84  
366  85  
366  86  
366  87  
366  88  
366  89  
366  90  
366  91  
366  92  
366  93  
366  94  
366  95  
366  96  
366  97  
366  98  
366  99  
366  100  
366  101  
366  102  
366  103  
366  104  
366  105  
366  106  
366  107  
366  108  
366  109  
366  110  
366  111  
366  112  
366  113  
366  114  
366  115  
366  116  
366  117  
366  118  
366  119  
366  120  
366  121  
366  122  
366  123  
366  124  
366  125  
366  126  
366  127  
366  128  
366  129  
366  130  
366  131  
366  132  
366  133  
366  134  
408  68  
409  68  
385  69  
386  69  
387  69  
388  69  
389  69  
390  69  
391  69  
392  69  
393  69  
394  69  
395  69  
396  69  
397  69  
398  69  
399  69  
400  69  
401  69  
402  69  
403  69  
404  69  
405  69  
406  69  
407  69  
410  69  
411  69  
412  69  
413  69  
377  71  
377  72  
377  73  
377  74  
377  75  
377  76  
377  77  
377  78  
377  79  
377  80  
376  81  
376  82  
376  83  
376  84  
376  85  
376  86  
376  87  
376  88  
376  89  
376  90  
376  91  
376  92  
376  93  
376  94  
376  95  
376  96  
376  97  
376  98  
376  99  
376  100  
376  101  
376  102  
376  103  
376  104  
376  105  
376  106  
376  107  
376  108  
376  109  
376  110  
376  111  
376  112  
376  113  
376  114  
376  115  
376  116  
376  117  
376  118  
376  119  
376  120  
375  121  
375  122  
375  123  
375  124  
375  125  
375  126  
375  127  
375  128  
375  129  
375  130  
375  131  
375  132  
440  73  
440  74  
440  75  
439  76  
439  77  
439  78  
439  79  
439  80  
439  81  
439  82  
439  83  
439  84  
439  85  
439  86  
439  87  
439  88  
439  89  
439  90  
439  91  
439  92  
439  93  
439  94  
439  95  
439  96  
439  97  
439  98  
439  99  
439  100  
439  101  
439  102  
438  103  
438  104  
438  105  
438  106  
438  107  
438  108  
438  109  
438  110  
438  111  
438  112  
438  113  
438  114  
438  115  
438  116  
438  117  
438  118  
438  119  
438  120  
438  121  
438  122  
438  123  
438  124  
438  125  
438  126  
438  127  
438  128  
438  129  
393  74  
394  74  
395  74  
396  74  
397  74  
398  74  
399  74  
400  74  
401  74  
402  74  
403  74  
404  74  
405  74  
406  74  
407  74  
408  74  
409  74  
410  74  
411  74  
412  74  
413  74  
414  74  
415  74  
416  74  
382  75  
382  76  
382  77  
382  78  
382  79  
382  80  
382  81  
382  82  
382  83  
382  84  
382  85  
382  86  
382  87  
382  88  
382  89  
382  90  
382  91  
382  92  
382  93  
382  94  
382  95  
382  96  
382  97  
382  98  
382  99  
382  100  
382  101  
382  102  
382  103  
382  104  
382  105  
382  106  
382  107  
382  108  
382  109  
382  110  
382  111  
382  112  
381  113  
381  114  
381  115  
382  116  
381  117  
381  118  
381  119  
381  120  
381  121  
381  122  
381  123  
381  124  
381  125  
381  126  
381  127  
381  128  
381  129  
381  130  
381  131  
381  132  
152  79  
151  80  
151  81  
151  82  
151  83  
151  84  
151  85  
151  86  
151  87  
151  88  
151  89  
151  90  
151  91  
151  92  
151  93  
151  94  
151  95  
151  96  
151  97  
151  98  
151  99  
151  100  
151  101  
151  102  
151  103  
151  104  
151  105  
151  106  
151  107  
151  108  
151  109  
151  110  
151  111  
151  112  
151  113  
151  114  
151  115  
151  116  
151  117  
151  118  
151  119  
151  120  
151  121  
151  122  
151  123  
151  124  
151  125  
151  126  
151  127  
151  128  
327  82  
327  83  
327  84  
327  85  
327  86  
327  87  
327  88  
327  89  
327  90  
327  91  
327  92  
327  93  
327  94  
327  95  
327  96  
327  97  
327  98  
327  99  
326  100  
326  101  
326  102  
326  103  
326  104  
326  105  
326  106  
326  107  
326  108  
326  109  
326  110  
326  111  
326  112  
326  113  
326  114  
326  115  
326  116  
326  117  
326  118  
326  119  
326  120  
326  121  
326  122  
326  123  
326  124  
326  125  
326  126  
326  127  
326  128  
326  129  
326  130  
326  131  
326  132  
326  133  
326  134  
326  135  
326  136  
172  86  
173  87  
174  87  
175  87  
176  87  
177  87  
178  87  
179  87  
180  87  
181  87  
182  87  
183  87  
184  87  
185  87  
186  87  
187  87  
188  87  
189  87  
190  87  
191  87  
192  87  
193  87  
194  87  
195  87  
196  87  
197  87  
198  87  
199  87  
200  87  
201  87  
202  87  
203  87  
204  87  
225  89  
225  90  
225  91  
225  92  
225  93  
225  94  
225  95  
225  96  
225  97  
225  98  
225  99  
225  100  
225  101  
225  102  
225  103  
225  104  
225  105  
225  106  
225  107  
225  108  
226  109  
226  110  
226  111  
226  112  
132  94  
132  95  
132  96  
132  97  
132  98  
132  99  
132  100  
132  101  
133  102  
133  103  
133  104  
133  105  
133  106  
133  107  
133  108  
133  109  
133  110  
133  111  
134  112  
134  113  
134  114  
134  115  
134  116  
134  117  
134  118  
134  119  
134  120  
134  121  
134  122  
134  123  
134  124  
134  125  
134  126  
134  127  
134  128  
134  129  
134  130  
134  131  
134  132  
134  133  
135  134  
135  135  
135  136  
135  137  
135  138  
135  139  
135  140  
135  141  
135  142  
135  143  
135  144  
135  145  
135  146  
136  147  
136  148  
136  149  
136  150  
136  151  
136  152  
136  153  
136  154  
136  155  
136  156  
136  157  
136  158  
136  159  
136  160  
135  161  
135  162  
135  163  
135  164  
135  165  
165  95  
165  96  
165  97  
165  98  
165  99  
165  100  
165  101  
165  102  
165  103  
164  104  
164  105  
164  106  
164  107  
164  108  
164  109  
164  110  
164  111  
164  112  
164  113  
164  114  
164  115  
164  116  
164  117  
165  118  
176  101  
177  101  
178  101  
179  101  
180  101  
181  101  
182  101  
183  101  
184  101  
185  101  
186  101  
187  101  
188  101  
189  101  
190  101  
191  101  
192  101  
193  101  
194  101  
195  101  
196  101  
197  101  
198  101  
199  101  
200  101  
201  101  
202  101  
203  101  
204  101  
205  101  
206  101  
207  101  
208  101  
209  101  
210  101  
211  101  
172  102  
173  102  
174  102  
175  102  
212  102  
172  106  
173  106  
174  106  
175  106  
176  106  
177  106  
178  106  
179  106  
180  106  
181  106  
182  106  
183  106  
184  106  
185  106  
186  106  
187  106  
188  106  
189  106  
190  106  
191  106  
192  106  
193  106  
194  106  
195  106  
196  106  
197  106  
198  106  
199  106  
200  106  
201  106  
202  106  
203  106  
204  106  
205  106  
234  112  
234  113  
234  114  
234  115  
233  116  
233  117  
233  118  
233  119  
233  120  
233  121  
233  122  
233  123  
233  124  
233  125  
233  126  
233  127  
233  128  
233  129  
233  130  
233  131  
233  132  
233  133  
233  134  
233  135  
233  136  
233  137  
233  138  
384  112  
385  112  
386  112  
387  112  
388  112  
389  112  
390  112  
391  112  
392  112  
393  112  
394  112  
395  112  
396  112  
397  112  
398  112  
399  112  
400  112  
401  112  
402  112  
403  112  
404  112  
405  112  
406  112  
407  112  
408  112  
143  113  
143  114  
143  115  
143  116  
143  117  
143  118  
143  119  
143  120  
143  121  
143  122  
143  123  
143  124  
143  125  
143  126  
143  127  
143  128  
143  129  
143  130  
143  131  
143  132  
143  133  
143  134  
143  135  
143  136  
143  137  
144  138  
144  139  
144  140  
144  141  
144  142  
144  143  
144  144  
144  145  
144  146  
144  147  
144  148  
144  149  
144  150  
144  151  
144  152  
144  153  
144  154  
143  155  
143  156  
143  157  
143  158  
143  159  
143  160  
143  161  
143  162  
143  163  
143  164  
143  165  
143  166  
143  167  
143  168  
143  169  
143  170  
143  171  
143  172  
143  173  
143  174  
143  175  
143  176  
122  115  
122  116  
122  117  
122  118  
122  119  
123  120  
123  121  
123  122  
123  123  
123  124  
123  125  
123  126  
123  127  
123  128  
123  129  
123  130  
124  131  
124  132  
124  133  
124  134  
124  135  
124  136  
124  137  
124  138  
124  139  
124  140  
124  141  
124  142  
253  115  
253  116  
253  117  
253  118  
253  119  
253  120  
253  121  
253  122  
253  123  
253  124  
253  125  
253  126  
253  127  
253  128  
253  129  
253  130  
253  131  
253  132  
253  133  
253  134  
253  135  
385  115  
384  116  
386  116  
387  116  
388  116  
389  116  
390  116  
391  116  
392  116  
393  116  
394  116  
395  116  
396  116  
397  116  
398  116  
399  116  
400  116  
401  116  
402  116  
403  116  
404  116  
405  116  
406  116  
407  116  
408  116  
204  124  
205  124  
206  124  
207  124  
177  125  
178  125  
179  125  
180  125  
181  125  
182  125  
183  125  
184  125  
185  125  
186  125  
187  125  
188  125  
189  125  
190  125  
191  125  
192  125  
193  125  
194  125  
195  125  
196  125  
197  125  
198  125  
199  125  
200  125  
201  125  
202  125  
203  125  
279  133  
280  133  
281  133  
282  133  
283  133  
284  133  
285  133  
286  133  
287  133  
288  133  
289  133  
290  133  
291  133  
292  134  
293  134  
294  134  
295  134  
296  134  
297  134  
298  134  
299  134  
300  134  
301  134  
302  134  
303  134  
304  134  
305  134  
306  134  
307  134  
308  134  
309  134  
390  133  
391  133  
392  133  
393  133  
394  133  
395  133  
396  133  
397  133  
398  133  
399  133  
400  133  
401  133  
402  133  
384  134  
385  134  
386  134  
387  134  
388  134  
389  134  
374  135  
375  135  
376  135  
377  135  
378  135  
379  135  
380  135  
381  135  
382  135  
383  135  
369  136  
370  136  
371  136  
372  136  
373  136  
382  138  
383  138  
384  138  
385  138  
386  138  
387  138  
388  138  
389  138  
390  138  
391  138  
392  138  
393  138  
394  138  
395  138  
396  138  
397  138  
398  138  
399  138  
400  138  
401  138  
402  138  
403  138  
404  138  
405  138  
406  138  
407  138  
408  138  
409  138  
376  141  
377  141  
378  141  
379  141  
380  141  
381  142  
382  142  
383  142  
384  142  
385  142  
386  142  
387  142  
388  142  
389  142  
390  142  
391  142  
392  142  
393  142  
394  142  
395  142  
396  142  
397  142  
398  142  
399  142  
400  142  
401  142  
402  142  
403  142  
260  142  
261  142  
262  142  
263  142  
264  142  
265  142  
266  142  
267  142  
268  142  
269  142  
270  142  
271  142  
272  142  
273  142  
274  142  
275  142  
276  142  
277  142  
278  142  
279  142  
280  142  
281  142  
282  142  
283  142  
284  142  
285  142  
286  142  
287  142  
288  142  
289  142  
290  142  
291  142  
292  142  
293  142  
294  142  
295  142  
296  142  
297  142  
298  142  
299  142  
300  142  
301  142  
302  142  
303  142  
304  142  
305  142  
306  142  
307  142  
308  142  
309  142  
310  142  
311  142  
312  142  
313  142  
314  142  
315  142  
124  146  
124  147  
124  148  
124  149  
124  150  
124  151  
124  152  
123  153  
123  154  
123  155  
123  156  
123  157  
123  158  
122  159  
122  160  
122  161  
122  162  
122  163  
122  164  
121  165  
121  166  
121  167  
121  168  
121  169  
121  170  
121  171  
121  172  
121  173  
121  174  
121  175  
121  176  
121  177  
121  178  
121  179  
121  180  
121  181  
157  146  
158  146  
159  146  
160  146  
161  146  
162  146  
163  146  
164  146  
165  146  
166  146  
167  146  
168  146  
169  146  
170  146  
171  146  
172  146  
173  146  
174  146  
175  146  
176  146  
177  146  
178  146  
179  146  
180  146  
181  146  
182  146  
183  146  
184  146  
185  146  
186  146  
187  146  
188  146  
189  146  
190  146  
191  146  
192  146  
193  146  
194  146  
195  146  
196  146  
197  146  
198  146  
199  146  
200  146  
201  146  
202  146  
203  146  
204  146  
205  146  
206  146  
258  146  
259  146  
260  146  
261  146  
262  146  
263  146  
264  146  
265  146  
266  146  
267  146  
268  146  
269  146  
270  146  
271  146  
272  146  
273  146  
274  146  
275  146  
276  146  
277  146  
278  146  
279  146  
280  146  
281  146  
282  146  
283  146  
284  146  
285  146  
286  146  
287  146  
288  146  
289  146  
290  146  
291  146  
310  146  
292  147  
293  147  
294  147  
295  147  
296  147  
297  147  
298  147  
299  147  
300  147  
301  147  
302  147  
303  147  
304  147  
305  147  
306  147  
307  147  
308  147  
309  147  
377  146  
378  146  
379  146  
380  146  
381  146  
382  146  
383  146  
384  146  
385  146  
386  146  
387  146  
388  146  
389  146  
390  146  
391  146  
392  146  
393  146  
394  146  
395  146  
396  146  
397  146  
398  146  
399  146  
400  146  
401  146  
402  146  
403  146  
404  146  
405  146  
406  146  
407  146  
408  146  
409  146  
410  146  
411  146  
412  146  
413  146  
414  146  
415  146  
416  146  
417  146  
418  146  
419  146  
420  146  
421  146  
422  146  
423  146  
424  146  
425  146  
426  146  
151  153  
151  154  
151  155  
151  156  
151  157  
151  158  
151  159  
151  160  
151  161  
151  162  
151  163  
151  164  
151  165  
151  166  
151  167  
151  168  
151  169  
151  170  
151  171  
151  172  
151  173  
151  174  
151  175  
151  176  
151  177  
151  178  
151  179  
151  180  
151  181  
151  182  
151  183  
151  184  
151  185  
151  186  
151  187  
151  188  
151  189  
151  190  
151  191  
151  192  
151  193  
151  194  
151  195  
151  196  
151  197  
151  198  
151  199  
151  200  
151  201  
151  202  
151  203  
151  204  
151  205  
151  206  
151  207  
151  208  
151  209  
151  210  
151  211  
151  212  
151  213  
151  214  
151  215  
151  216  
151  217  
151  218  
151  219  
151  220  
151  221  
151  222  
151  223  
170  153  
171  153  
172  153  
173  153  
174  153  
175  153  
176  153  
177  153  
178  153  
179  153  
180  153  
181  153  
182  153  
183  153  
184  153  
185  153  
186  153  
187  153  
188  153  
189  153  
190  153  
191  153  
192  153  
193  153  
194  153  
195  153  
196  153  
197  153  
198  153  
199  153  
200  153  
201  153  
202  153  
203  154  
204  154  
205  154  
371  153  
370  154  
370  155  
370  156  
370  157  
370  158  
370  159  
370  160  
370  161  
370  162  
370  163  
370  164  
370  165  
370  166  
370  167  
370  168  
370  169  
370  170  
369  171  
369  172  
369  173  
369  174  
369  175  
369  176  
369  177  
369  178  
369  179  
369  180  
369  181  
369  182  
369  183  
369  184  
369  185  
369  186  
369  187  
369  188  
369  189  
369  190  
369  191  
369  192  
369  193  
369  194  
369  195  
369  196  
369  197  
369  198  
369  199  
369  200  
369  201  
369  202  
369  203  
369  204  
369  205  
369  206  
369  207  
369  208  
369  209  
369  210  
369  211  
369  212  
369  213  
369  214  
369  215  
369  216  
369  217  
369  218  
369  219  
369  220  
369  221  
369  222  
369  223  
369  224  
369  225  
369  226  
381  168  
382  168  
383  168  
384  168  
385  168  
386  168  
387  168  
388  168  
389  168  
390  168  
391  168  
392  168  
393  168  
394  168  
395  168  
396  168  
397  168  
398  168  
399  168  
400  168  
401  168  
402  168  
403  168  
404  168  
405  168  
406  168  
407  168  
408  168  
409  168  
410  168  
411  168  
412  168  
413  168  
414  168  
415  168  
416  168  
417  168  
418  168  
419  168  
420  168  
421  168  
422  168  
268  170  
269  170  
270  170  
271  170  
272  170  
273  170  
274  170  
275  170  
276  170  
277  170  
278  170  
279  170  
280  170  
281  170  
282  170  
283  170  
284  170  
285  170  
286  170  
287  170  
288  170  
289  170  
290  170  
291  170  
292  170  
293  170  
294  170  
295  170  
296  170  
297  170  
298  170  
299  170  
300  170  
301  170  
302  170  
303  170  
304  170  
305  170  
306  170  
307  170  
308  170  
309  170  
310  170  
311  170  
312  170  
313  170  
326  170  
326  171  
326  172  
326  173  
326  174  
326  175  
326  176  
326  177  
326  178  
326  179  
326  180  
326  181  
326  182  
326  183  
326  184  
326  185  
326  186  
326  187  
326  188  
326  189  
326  190  
326  191  
326  192  
326  193  
325  194  
325  195  
325  196  
325  197  
325  198  
325  199  
325  200  
325  201  
325  202  
325  203  
325  204  
325  205  
325  206  
325  207  
325  208  
325  209  
325  210  
325  211  
325  212  
325  213  
325  214  
325  215  
324  216  
438  170  
438  171  
438  172  
438  173  
438  174  
438  175  
438  176  
438  177  
438  178  
438  179  
438  180  
438  181  
438  182  
438  183  
437  184  
437  185  
437  186  
437  187  
437  188  
437  189  
437  190  
437  191  
437  192  
437  193  
437  194  
437  195  
437  196  
437  197  
437  198  
437  199  
437  200  
437  201  
437  202  
437  203  
437  204  
437  205  
437  206  
437  207  
437  208  
437  209  
437  210  
128  171  
129  172  
129  173  
129  174  
129  175  
129  176  
129  177  
129  178  
129  179  
130  180  
130  181  
130  182  
130  183  
130  184  
130  185  
131  186  
131  187  
131  188  
131  189  
131  190  
131  191  
131  192  
131  193  
131  194  
169  171  
169  172  
169  173  
169  174  
169  175  
169  176  
169  177  
169  178  
169  179  
169  180  
169  181  
169  182  
169  183  
169  184  
169  185  
169  186  
169  187  
169  188  
169  189  
169  190  
169  191  
169  192  
169  193  
169  194  
169  195  
169  196  
169  197  
169  198  
169  199  
169  200  
169  201  
164  173  
164  174  
164  175  
164  176  
164  177  
164  178  
164  179  
164  180  
164  181  
164  182  
164  183  
164  184  
164  185  
164  186  
164  187  
164  188  
164  189  
164  190  
164  191  
164  192  
164  193  
164  194  
164  195  
164  196  
164  197  
164  198  
164  199  
164  200  
164  201  
164  202  
164  203  
164  204  
164  205  
164  206  
164  207  
164  208  
164  209  
164  210  
164  211  
164  212  
164  213  
164  214  
164  215  
172  173  
173  173  
174  173  
175  173  
176  173  
177  173  
178  173  
179  173  
180  173  
181  173  
182  173  
183  173  
184  173  
185  173  
186  173  
187  173  
188  173  
189  173  
190  173  
191  173  
192  173  
193  173  
194  173  
195  173  
196  173  
379  173  
380  173  
381  173  
382  173  
383  173  
384  173  
385  173  
386  173  
387  173  
388  173  
389  173  
390  173  
391  173  
392  173  
393  173  
394  173  
395  173  
396  173  
397  173  
398  173  
399  173  
400  173  
401  173  
402  173  
403  173  
404  173  
405  173  
406  173  
407  173  
408  173  
409  173  
410  173  
411  173  
412  173  
413  173  
414  173  
415  173  
416  173  
417  173  
418  173  
419  173  
420  173  
260  178  
260  179  
260  180  
260  181  
260  182  
260  183  
260  184  
260  185  
260  186  
260  187  
260  188  
260  189  
260  190  
260  191  
260  192  
260  193  
260  194  
260  195  
260  196  
260  197  
260  198  
260  199  
260  200  
260  201  
202  180  
202  181  
202  182  
202  183  
202  184  
202  185  
202  186  
202  187  
202  188  
202  189  
202  190  
202  191  
202  192  
202  193  
202  194  
202  195  
202  196  
202  197  
202  198  
202  199  
202  200  
172  187  
173  187  
174  187  
175  187  
176  187  
177  187  
178  187  
179  187  
180  187  
181  187  
182  187  
183  187  
184  187  
185  187  
186  187  
187  187  
188  187  
189  187  
190  187  
191  187  
192  187  
277  188  
278  188  
279  188  
280  188  
281  188  
282  188  
283  188  
284  188  
285  188  
286  188  
287  188  
288  188  
289  188  
290  188  
291  188  
292  188  
293  188  
294  188  
295  188  
296  188  
297  188  
298  188  
299  188  
300  188  
301  188  
302  188  
303  188  
304  188  
305  188  
306  188  
307  188  
308  188  
380  188  
381  188  
382  188  
383  188  
384  188  
385  188  
386  188  
387  188  
388  188  
389  188  
390  188  
391  188  
392  188  
393  188  
394  188  
395  188  
396  188  
397  188  
398  188  
399  188  
400  188  
401  188  
402  188  
403  188  
404  188  
405  188  
406  188  
407  188  
408  188  
409  188  
410  188  
411  188  
412  188  
413  188  
414  188  
415  188  
416  188  
417  188  
418  188  
171  191  
172  191  
173  191  
174  191  
175  191  
176  191  
177  191  
178  191  
179  191  
180  191  
181  191  
182  191  
183  191  
184  191  
185  191  
186  191  
187  191  
188  191  
189  191  
190  191  
191  191  
381  193  
382  193  
383  193  
384  193  
385  193  
386  193  
387  193  
388  193  
389  193  
390  193  
391  193  
392  193  
393  193  
394  193  
395  193  
396  193  
397  193  
398  193  
399  193  
400  193  
401  193  
402  193  
403  193  
404  193  
405  193  
406  193  
407  193  
408  193  
409  193  
410  193  
411  193  
412  193  
413  193  
414  193  
415  193  
416  193  
417  193  
418  193  
419  193  
212  203  
213  203  
214  203  
215  203  
216  203  
217  203  
218  203  
219  203  
220  203  
221  203  
222  203  
223  203  
224  203  
225  203  
226  203  
227  203  
228  203  
229  203  
230  203  
231  203  
232  203  
233  203  
234  204  
234  205  
177  204  
173  205  
174  205  
175  205  
176  205  
178  205  
179  205  
180  205  
181  205  
182  205  
183  205  
184  205  
185  205  
186  205  
187  205  
188  205  
189  205  
190  205  
191  205  
192  205  
193  205  
194  205  
195  205  
196  205  
197  205  
198  205  
376  207  
377  207  
378  207  
379  207  
380  207  
381  207  
382  207  
383  207  
384  207  
385  207  
386  207  
387  207  
388  207  
389  207  
390  207  
391  207  
392  207  
393  207  
394  207  
395  207  
396  207  
397  207  
398  207  
399  208  
400  208  
401  208  
402  208  
403  208  
404  208  
405  208  
406  208  
407  208  
408  208  
409  208  
410  208  
411  208  
412  208  
413  208  
414  208  
415  208  
416  208  
417  208  
418  208  
178  209  
179  209  
180  209  
181  209  
182  209  
183  209  
184  209  
185  209  
186  209  
187  209  
188  209  
189  209  
190  209  
191  209  
192  209  
193  209  
194  209  
195  209  
196  209  
197  209  
268  209  
269  209  
270  209  
271  209  
272  209  
273  209  
274  209  
275  210  
276  210  
277  210  
278  210  
279  210  
280  210  
281  210  
282  210  
283  210  
284  210  
285  210  
286  210  
287  210  
288  210  
289  210  
290  210  
291  210  
292  210  
293  210  
294  210  
295  210  
296  210  
297  210  
298  210  
299  210  
300  210  
301  210  
302  210  
303  210  
304  210  
305  210  
306  210  
307  210  
308  210  
309  210  
310  210  
311  210  
312  210  
313  210  
376  212  
377  212  
378  212  
379  212  
380  212  
381  212  
382  212  
383  212  
384  212  
385  212  
386  212  
387  212  
388  212  
389  212  
390  212  
391  212  
392  212  
393  212  
394  212  
395  212  
396  212  
397  212  
398  212  
399  212  
400  212  
401  212  
402  212  
403  212  
404  212  
405  212  
406  212  
407  212  
408  212  
409  212  
410  212  
373  213  
374  213  
375  213  
411  213  
412  213  
172  223  
173  223  
174  223  
175  223  
176  223  
177  223  
178  223  
179  223  
180  223  
181  223  
182  223  
183  223  
184  223  
185  223  
186  223  
187  223  
188  223  
189  223  
190  223  
191  223  
192  223  
193  223  
194  223  
195  223  
196  223  
197  223  
204  225  
205  225  
206  225  
207  225  
208  225  
209  225  
210  225  
211  225  
212  225  
213  225  
214  225  
215  226  
216  226  
217  226  
218  226  
219  226  
220  226  
221  226  
222  226  
223  226  
224  226  
225  226  
226  226  
227  226  
228  226  
229  226  
230  226  
231  226  
232  226  
211  230  
212  230  
213  230  
214  230  
215  230  
216  230  
217  230  
218  230  
219  230  
220  230  
221  230  
222  230  
223  230  
224  230  
225  230  
226  230  
227  230  
159  231  
160  231  
161  231  
162  231  
163  231  
164  231  
165  231  
166  231  
167  231  
168  231  
169  231  
170  231  
171  231  
172  231  
173  231  
174  231  
175  231  
176  231  
177  231  
178  231  
179  231  
180  231  
181  231  
182  231  
183  231  
184  231  
185  231  
186  231  
187  231  
188  231  
189  231  
190  231  
191  231  
192  231  
193  231  
194  231  
195  231  
196  231  
197  231  
198  231  
199  231  
200  231  
201  231  
202  231  
203  231  
204  231  
205  231  
206  231  
207  231  
208  231  
209  231  
210  231  
281  232  
282  232  
283  232  
284  232  
285  232  
286  232  
287  232  
288  232  
289  232  
290  232  
291  232  
292  232  
293  232  
294  232  
295  232  
296  232  
297  232  
298  232  
299  232  
300  232  
301  232  
302  232  
303  232  
304  232  
280  233  
305  233  
306  233  
307  233  
308  233  
309  233  
310  233  
311  233  
399  233  
400  234  
401  234  
402  234  
403  234  
404  234  
405  234  
406  234  
407  234  
408  234  
409  234  
410  234  
411  234  
412  234  
413  234  
414  234  
415  234  
416  234  
417  234  
418  234  
419  234  
420  234  
421  234  
422  234  
321  234  
321  235  
321  236  
321  237  
321  238  
321  239  
321  240  
321  241  
321  242  
321  243  
321  244  
321  245  
321  246  
321  247  
321  248  
321  249  
321  250  
321  251  
321  252  
321  253  
233  241  
233  242  
233  243  
233  244  
233  245  
233  246  
233  247  
233  248  
233  249  
233  250  
233  251  
233  252  
233  253  
233  254  
233  255  
233  256  
233  257  
233  258  
233  259  
233  260  
233  261  
233  262  
233  263  
95  248  
96  248  
97  248  
98  248  
99  248  
100  248  
89  249  
90  249  
91  249  
92  249  
93  249  
94  249  
83  250  
84  250  
85  250  
86  250  
87  250  
88  250  
78  251  
79  251  
80  251  
81  251  
82  251  
76  252  
77  252  
106  248  
107  248  
108  248  
109  248  
110  248  
111  248  
112  248  
113  248  
114  248  
115  248  
116  249  
117  249  
118  249  
119  249  
120  249  
121  249  
122  249  
123  249  
124  249  
125  249  
126  250  
127  250  
128  250  
129  250  
130  250  
131  250  
132  250  
145  253  
146  253  
147  253  
148  253  
149  253  
150  253  
151  253  
152  254  
153  254  
154  254  
155  254  
156  254  
157  254  
158  254  
159  255  
160  255  
161  255  
162  255  
163  255  
164  255  
165  255  
166  255  
167  255  
168  255  
169  255  
170  255  
171  255  
172  255  
173  255  
174  256  
175  256  
176  256  
177  256  
178  256  
179  256  
180  256  
181  256  
182  256  
183  256  
184  256  
185  256  
186  256  
187  256  
188  256  
189  256  
190  256  
191  256  
192  256  
193  256  
194  256  
195  256  
196  256  
197  256  
198  256  
199  256  
200  256  
201  256  
202  256  
203  256  
204  256  
205  256  
206  256  
207  256  
208  256  
209  256  
210  256  
211  256  
212  256  
213  256  
214  256  
215  256  
70  260  
70  261  
70  262  
70  263  
70  264  
70  265  
70  266  
70  267  
70  268  
70  269  
70  270  
70  271  
70  272  
70  273  
70  274  
70  275  
70  276  
70  277  
70  278  
70  279  
70  280  
70  281  
70  282  
70  283  
70  284  
70  285  
70  286  
70  287  
70  288  
70  289  
70  290  
70  291  
70  292  
70  293  
70  294  
70  295  
70  296  
70  297  
71  298  
71  299  
71  300  
71  301  
71  302  
71  303  
71  304  
71  305  
71  306  
71  307  
71  308  
71  309  
71  310  
71  311  
71  312  
71  313  
71  314  
71  315  
71  316  
71  317  
71  318  
71  319  
71  320  
71  321  
71  322  
71  323  
71  324  
71  325  
71  326  
71  327  
71  328  
71  329  
71  330  
71  331  
71  332  
71  333  
71  334  
71  335  
71  336  
71  337  
71  338  
71  339  
71  340  
71  341  
71  342  
71  343  
71  344  
71  345  
71  346  
71  347  
411  267  
412  267  
413  267  
414  267  
415  267  
416  267  
417  267  
418  268  
419  268  
420  268  
421  268  
422  268  
423  268  
424  268  
425  268  
426  268  
427  268  
428  268  
429  268  
430  268  
431  268  
432  268  
433  268  
434  268  
435  268  
436  268  
437  268  
438  268  
439  268  
440  268  
441  269  
442  269  
443  269  
444  269  
445  269  
446  269  
447  269  
406  274  
407  274  
408  274  
409  274  
410  274  
411  274  
412  275  
413  275  
414  275  
415  275  
416  275  
417  275  
418  275  
419  275  
420  275  
421  275  
422  275  
423  275  
424  275  
425  275  
426  275  
427  275  
428  275  
429  275  
430  275  
431  275  
432  275  
433  275  
434  275  
435  275  
436  275  
437  275  
438  275  
439  275  
440  275  
441  275  
442  275  
443  275  
444  275  
445  275  
446  275  
447  275  
448  275  
398  281  
397  282  
397  283  
397  284  
397  285  
397  286  
397  287  
397  288  
397  289  
397  290  
397  291  
397  292  
397  293  
397  294  
397  295  
397  296  
397  297  
397  298  
397  299  
397  300  
397  301  
397  302  
397  303  
397  304  
397  305  
397  306  
397  307  
397  308  
397  309  
397  310  
397  311  
397  312  
397  313  
397  314  
397  315  
397  316  
397  317  
397  318  
397  319  
397  320  
397  321  
397  322  
397  323  
397  324  
397  325  
397  326  
396  327  
396  328  
396  329  
396  330  
396  331  
396  332  
396  333  
396  334  
396  335  
396  336  
396  337  
396  338  
396  339  
396  340  
396  341  
396  342  
396  343  
396  344  
396  345  
396  346  
396  347  
396  348  
125  290  
125  291  
125  292  
125  293  
125  294  
125  295  
125  296  
125  297  
125  298  
125  299  
125  300  
125  301  
125  302  
125  303  
125  304  
125  305  
125  306  
125  307  
125  308  
125  309  
125  310  
125  311  
125  312  
125  313  
126  314  
126  315  
126  316  
126  317  
126  318  
126  319  
126  320  
126  321  
126  322  
126  323  
118  292  
118  293  
118  294  
118  295  
118  296  
118  297  
118  298  
118  299  
119  300  
119  301  
119  302  
119  303  
119  304  
119  305  
119  306  
119  307  
119  308  
119  309  
119  310  
119  311  
119  312  
119  313  
119  314  
119  315  
119  316  
119  317  
119  318  
119  319  
119  320  
119  321  
298  293  
299  293  
300  293  
301  293  
302  293  
303  293  
304  293  
305  293  
306  293  
307  293  
308  293  
309  293  
310  293  
311  293  
312  293  
313  293  
314  293  
315  293  
316  293  
317  293  
318  293  
319  293  
320  293  
151  295  
151  296  
151  297  
151  298  
151  299  
151  300  
151  301  
151  302  
151  303  
151  304  
151  305  
151  306  
151  307  
151  308  
151  309  
151  310  
151  311  
151  312  
151  313  
151  314  
151  315  
151  316  
151  317  
151  318  
284  299  
284  300  
284  301  
284  302  
284  303  
284  304  
284  305  
284  306  
284  307  
284  308  
284  309  
284  310  
284  311  
284  312  
284  313  
284  314  
284  315  
284  316  
284  317  
284  318  
284  319  
267  302  
267  303  
267  304  
267  305  
267  306  
267  307  
267  308  
267  309  
267  310  
267  311  
267  312  
267  313  
267  314  
267  315  
267  316  
267  317  
267  318  
266  319  
266  320  
266  321  
405  324  
406  324  
407  324  
408  325  
409  325  
410  325  
411  325  
412  325  
413  325  
414  325  
415  325  
416  325  
417  325  
418  325  
419  325  
420  325  
421  325  
422  325  
423  325  
424  325  
425  325  
426  325  
427  325  
428  326  
429  326  
430  326  
431  326  
432  326  
433  326  
434  326  
435  326  
436  326  
437  326  
438  326  
439  326  
440  326  
441  326  
442  326  
443  326  
444  326  
445  326  
446  326  
447  326  
448  326  
298  326  
299  327  
300  327  
301  327  
302  327  
303  327  
304  327  
305  327  
306  327  
307  327  
308  327  
309  327  
310  327  
311  327  
312  327  
313  327  
314  327  
315  327  
316  327  
317  327  
318  327  
232  356  
233  357  
233  358  
233  359  
232  360  
232  361  
232  362  
232  363  
232  364  
232  365  
232  366  
232  367  
232  368  
232  369  
232  370  
232  371  
232  372  
232  373  
232  374  
232  375  
232  376  
232  377  
232  378  
232  379  
232  380  
232  381  
232  382  
232  383  
232  384  
232  385  
232  386  
181  358  
182  358  
183  358  
184  358  
185  358  
186  358  
187  359  
188  359  
189  359  
190  359  
191  359  
192  359  
193  359  
194  359  
195  359  
196  359  
197  359  
198  359  
199  359  
200  359  
201  359  
202  359  
203  359  
204  359  
205  359  
206  359  
207  359  
208  360  
209  360  
210  360  
211  360  
212  360  
213  360  
214  360  
215  360  
32  374  
32  375  
32  376  
32  377  
32  378  
32  379  
32  380  
32  381  
32  382  
32  383  
32  384  
32  385  
32  386  
32  387  
32  388  
32  389  
32  390  
32  391  
32  392  
32  393  
32  394  
32  395  
32  396  
32  397  
32  398  
32  399  
32  400  
32  401  
32  402  
32  403  
32  404  
32  405  
32  406  
32  407  
32  408  
32  409  
32  410  
32  411  
32  412  
32  413  
32  414  
32  415  
32  416  
32  417  
32  418  
32  419  
32  420  
32  421  
32  422  
32  423  
158  383  
159  383  
160  383  
161  383  
162  383  
163  383  
164  383  
165  383  
166  383  
167  383  
168  383  
169  383  
170  383  
171  383  
172  383  
173  383  
174  383  
175  383  
176  383  
177  383  
178  384  
179  384  
180  384  
181  384  
182  384  
183  384  
184  384  
185  384  
186  384  
187  384  
188  384  
189  384  
190  384  
191  384  
192  384  
193  384  
194  384  
195  384  
196  384  
197  384  
198  384  
199  384  
78  390  
79  391  
80  392  
81  393  
82  393  
83  394  
84  394  
85  395  
86  396  
87  397  
88  397  
89  398  
90  399  
91  400  
92  401  
93  402  
94  403  
95  403  
96  404  
97  405  
98  406  
99  407  
100  408  
101  408  
102  409  
103  410  
104  411  
105  412  
106  413  
107  414  
76  394  
77  394  
78  395  
79  396  
80  396  
81  397  
82  398  
83  398  
84  399  
85  400  
86  401  
87  402  
88  402  
89  403  
90  404  
91  405  
92  406  
93  407  
94  408  
95  408  
96  409  
97  410  
98  411  
99  411  
100  412  
101  413  
102  414  
103  415  
104  416  
105  417  
106  418  
107  418  
108  419  
109  420  
110  421  
111  422  
112  423  
113  423  
114  424  
115  425  
372  394  
373  394  
374  394  
375  394  
376  394  
377  394  
378  394  
379  394  
380  394  
381  394  
382  394  
383  394  
384  394  
385  394  
386  394  
387  395  
388  395  
389  395  
390  395  
391  395  
392  395  
393  395  
394  395  
395  395  
396  395  
397  395  
398  395  
399  395  
400  395  
401  395  
402  395  
403  395  
404  395  
405  395  
406  395  
407  395  
408  395  
409  396  
410  396  
411  396  
412  396  
413  396  
414  396  
415  396  
416  396  
417  396  
418  396  
312  409  
313  409  
314  409  
315  409  
316  410  
317  410  
318  410  
319  410  
320  410  
321  410  
322  410  
323  410  
324  410  
325  410  
326  410  
327  410  
328  410  
329  410  
330  410  
331  410  
332  410  
271  410  
272  410  
273  410  
274  410  
275  410  
276  410  
277  410  
278  410  
279  410  
280  410  
281  410  
282  410  
283  411  
284  411  
285  411  
286  411  
287  411  
288  411  
289  411  
290  411  
291  411  
292  411  
293  411  
294  412  
294  413  
308  412  
308  413  
308  414  
308  415  
307  416  
308  417  
309  417  
310  417  
311  417  
312  417  
313  417  
314  417  
315  417  
316  417  
317  417  
318  417  
319  417  
320  417  
321  418  
322  418  
323  418  
324  418  
325  418  
326  418  
327  418  
328  418  
329  418  
330  418  
331  418  
275  414  
276  414  
277  414  
278  414  
279  414  
280  414  
281  414  
282  414  
283  415  
284  415  
285  415  
286  415  
287  415  
288  415  
289  415  
290  415  
291  415  
292  415  
293  415  
294  415  
295  415  
296  415  
297  415  
298  415  
299  415  
300  415  
301  415  
302  415  
311  414  
312  414  
313  414  
314  414  
315  414  
316  414  
317  414  
318  415  
319  415  
320  415  
321  415  
322  415  
323  415  
324  415  
325  415  
326  415  
327  415  
328  415  
329  415  
330  415  
331  415  
332  415  
391  417  
392  417  
393  417  
394  417  
395  417  
396  417  
397  417  
398  417  
399  417  
400  417  
401  417  
402  417  
403  417  
404  417  
405  417  
406  417  
407  417  
408  417  
409  417  
410  417  
411  417  
412  417  
413  417  
414  418  
415  418  
416  418  
417  418  
208  418  
209  418  
210  418  
211  418  
212  418  
213  418  
214  418  
215  418  
216  418  
217  418  
218  418  
219  418  
220  418  
221  418  
222  419  
223  419  
224  419  
225  419  
226  419  
227  419  
228  419  
229  419  
230  419  
424  427  
424  428  
424  429  
423  430  
423  431  
423  432  
424  433  
424  434  
423  435  
423  436  
423  437  
423  438  
423  439  
423  440  
423  441  
423  442  
423  443  
423  444  
423  445  
423  446  
423  447  
423  448  
423  449  
431  427  
430  428  
430  429  
430  430  
430  431  
430  432  
430  433  
430  434  
430  435  
430  436  
430  437  
430  438  
430  439  
430  440  
430  441  
430  442  
430  443  
430  444  
430  445  
430  446  
430  447  
430  448  
430  449  
430  450  
430  451  
430  452  
430  453  
430  454  
430  455  
430  456  
430  457  
430  458  
430  459  
430  460  
429  461  
429  462  
377  432  
378  432  
379  432  
380  432  
381  433  
382  433  
383  433  
384  433  
385  433  
386  433  
387  433  
388  433  
389  433  
390  433  
391  433  
392  433  
393  433  
394  433  
395  433  
396  433  
397  433  
398  433  
399  433  
400  433  
401  433  
402  433  
403  433  
404  433  
405  433  
406  433  
407  433  
408  433  
409  433  
410  433  
411  433  
144  434  
144  435  
144  436  
144  437  
144  438  
144  439  
144  440  
144  441  
144  442  
144  443  
144  444  
144  445  
144  446  
144  447  
144  448  
144  449  
144  450  
144  451  
144  452  
145  453  
144  454  
144  455  
143  456  
143  457  
373  436  
374  436  
375  436  
376  436  
377  436  
378  436  
379  436  
380  436  
381  437  
382  437  
383  437  
384  437  
385  437  
386  437  
387  437  
388  437  
389  437  
390  437  
391  437  
392  437  
393  437  
394  437  
395  438  
396  438  
397  438  
398  438  
399  438  
400  438  
401  438  
402  438  
403  438  
404  438  
405  438  
406  438  
407  438  
408  438  
409  438  
410  438  
411  438  
412  438  
413  439  
33  442  
33  443  
33  444  
33  445  
33  446  
33  447  
33  448  
33  449  
33  450  
33  451  
33  452  
33  453  
33  454  
33  455  
33  456  
33  457  
33  458  
33  459  
33  460  
33  461  
33  462  
33  463  
33  464  
33  465  
33  466  
33  467  
33  468  
33  469  
33  470  
331  448  
332  448  
333  448  
334  449  
311  450  
312  450  
313  450  
314  450  
315  450  
316  450  
317  450  
318  450  
319  450  
335  450  
320  451  
321  451  
322  451  
323  451  
324  451  
325  451  
326  451  
327  451  
328  451  
329  451  
330  451  
331  451  
332  451  
333  451  
334  451  
396  455  
397  455  
398  455  
399  455  
400  455  
401  455  
402  455  
403  455  
404  455  
405  455  
406  455  
407  455  
408  456  
409  456  
410  456  
411  456  
412  456  
413  456  
414  456  
415  456  
173  456  
174  456  
175  456  
176  456  
177  456  
178  456  
179  456  
180  456  
181  456  
182  456  
183  456  
184  456  
185  456  
186  457  
187  457  
188  457  
189  457  
190  457  
191  457  
192  457  
193  457  
194  457  
195  457  
196  457  
307  458  
308  458  
309  458  
310  458  
311  458  
312  458  
313  458  
314  458  
315  458  
316  459  
317  459  
318  459  
319  459  
320  459  
321  459  
322  459  
323  459  
324  459  
325  459  
326  459  
327  459  
328  459  
308  460  
309  461  
310  461  
311  461  
312  461  
313  461  
314  461  
315  461  
316  461  
317  461  
318  461  
319  461  
320  462  
321  462  
322  462  
323  462  
324  462  
325  462  
326  462  
327  462  
328  462  
329  462  
330  462  
331  462  
332  462  
309  464  
310  464  
311  464  
312  464  
313  464  
314  464  
315  464  
316  464  
317  464  
318  464  
319  464  
320  464  
321  464  
322  464  
323  464  
324  465  
325  465  
326  465  
327  465  
328  465  
329  465  
165  466  
166  466  
167  466  
168  466  
169  466  
170  466  
171  466  
172  466  
173  466  
174  466  
175  466  
176  466  
177  466  
178  466  
179  466  
180  466  
181  466  
182  466  
183  466  
184  466  
185  466  
186  466  
187  467  
188  467  
189  467  
190  467  
191  467  
192  467  
193  467  
146  474  
146  475  
146  476  
146  477  
146  478  
146  479  
146  480  
146  481  
146  482  
146  483  
146  484  
146  485  
146  486  
146  487  
146  488  
146  489  
146  490  
146  491  
146  492  
146  493  
146  494  
146  495  
146  496  
146  497  
146  498  
146  499  
146  500  
146  501  
311  475  
312  475  
313  475  
314  475  
315  475  
316  475  
317  475  
318  475  
319  475  
320  475  
321  475  
322  475  
323  475  
324  475  
325  475  
326  475  
327  475  
328  476  
329  476  
330  476  
371  477  
372  477  
373  478  
374  478  
375  478  
376  478  
377  478  
378  478  
379  478  
380  478  
381  478  
382  478  
383  478  
384  478  
385  478  
386  478  
387  478  
388  478  
389  478  
390  478  
391  478  
392  478  
393  479  
394  479  
395  479  
396  479  
397  479  
398  479  
399  479  
400  479  
401  479  
402  479  
403  479  
404  479  
405  479  
406  479  
407  479  
408  479  
409  479  
410  479  
411  480  
412  480  
413  480  
414  480  
415  480  
312  483  
313  483  
314  483  
315  483  
316  483  
317  483  
318  484  
319  484  
320  484  
321  484  
322  484  
323  484  
324  484  
325  484  
326  484  
327  484  
328  484  
329  484  
330  484  
331  484  
332  484  
370  495  
371  495  
372  495  
373  495  
374  495  
375  495  
376  495  
377  495  
378  495  
379  495  
380  495  
381  496  
382  496  
383  496  
384  496  
385  496  
386  496  
387  496  
388  496  
389  496  
390  496  
391  496  
392  496  
393  496  
394  496  
395  496  
396  497  
397  497  
398  497  
399  497  
400  497  
401  497  
402  497  
403  497  
404  497  
405  497  
406  497  
407  497  
408  497  
409  497  
410  497  
411  497  
412  497  
413  498  
414  498  
415  498  
416  498  
417  498  
236  498  
236  499  
236  500  
236  501  
236  502  
236  503  
236  504  
236  505  
236  506  
236  507  
236  508  
236  509  
236  510  
236  511  
236  512  
236  513  
236  514  
236  515  
236  516  
236  517  
236  518  
236  519  
236  520  
236  521  
236  522  
236  523  
236  524  
236  525  
236  526  
236  527  
236  528  
236  529  
236  530  
236  531  
236  532  
236  533  
236  534  
236  535  
236  536  
236  537  
363  502  
363  503  
363  504  
363  505  
363  506  
363  507  
363  508  
363  509  
363  510  
363  511  
363  512  
363  513  
363  514  
363  515  
363  516  
362  517  
362  518  
362  519  
362  520  
362  521  
362  522  
362  523  
362  524  
362  525  
362  526  
362  527  
362  528  
362  529  
362  530  
362  531  
362  532  
362  533  
362  534  
362  535  
362  536  
362  537  
362  538  
362  539  
362  540  
362  541  
362  542  
362  543  
362  544  
362  545  
362  546  
362  547  
362  548  
362  549  
362  550  
362  551  
362  552  
362  553  
362  554  
362  555  
362  556  
362  557  
362  558  
362  559  
362  560  
362  561  
362  562  
362  563  
362  564  
362  565  
362  566  
362  567  
362  568  
373  516  
374  516  
375  516  
376  516  
377  516  
378  516  
379  516  
380  516  
381  516  
382  516  
383  516  
384  517  
385  517  
386  517  
387  517  
388  517  
389  517  
390  517  
391  517  
392  517  
393  517  
394  517  
395  517  
396  517  
397  517  
398  517  
399  518  
400  518  
401  518  
402  518  
403  518  
404  518  
405  518  
406  518  
407  518  
408  518  
409  518  
410  518  
411  518  
412  518  
413  518  
414  519  
428  516  
428  517  
428  518  
428  519  
428  520  
428  521  
428  522  
428  523  
428  524  
428  525  
428  526  
428  527  
428  528  
428  529  
428  530  
428  531  
428  532  
428  533  
428  534  
428  535  
428  536  
428  537  
428  538  
428  539  
428  540  
428  541  
428  542  
428  543  
428  544  
428  545  
428  546  
428  547  
428  548  
428  549  
427  550  
427  551  
427  552  
427  553  
427  554  
427  555  
427  556  
427  557  
427  558  
274  519  
275  519  
276  519  
277  519  
278  519  
279  519  
280  519  
281  519  
282  519  
283  519  
284  519  
285  519  
286  520  
287  520  
288  520  
289  520  
290  520  
291  520  
292  520  
293  521  
231  524  
231  525  
231  526  
231  527  
231  528  
231  529  
231  530  
231  531  
231  532  
231  533  
231  534  
231  535  
231  536  
231  537  
231  538  
231  539  
231  540  
231  541  
231  542  
231  543  
231  544  
231  545  
231  546  
231  547  
231  548  
231  549  
231  550  
278  526  
279  526  
280  526  
281  526  
282  526  
283  526  
284  526  
285  526  
286  526  
287  526  
288  526  
289  526  
290  526  
291  527  
292  527  
293  527  
294  527  
295  527  
296  527  
297  527  
298  527  
299  527  
300  527  
301  527  
224  529  
225  530  
225  531  
225  532  
225  533  
225  534  
225  535  
225  536  
225  537  
225  538  
225  539  
225  540  
226  541  
226  542  
226  543  
226  544  
226  545  
226  546  
226  547  
227  548  
227  549  
228  550  
421  529  
421  530  
421  531  
421  532  
421  533  
420  534  
420  535  
420  536  
420  537  
420  538  
420  539  
420  540  
420  541  
420  542  
420  543  
420  544  
420  545  
420  546  
420  547  
420  548  
373  532  
374  532  
375  532  
376  532  
377  532  
378  532  
379  532  
380  532  
381  532  
382  532  
383  532  
384  532  
385  532  
386  533  
387  533  
388  533  
389  533  
390  533  
391  533  
392  533  
393  533  
394  533  
395  533  
396  533  
397  533  
398  533  
399  533  
400  533  
401  533  
402  534  
403  534  
404  534  
405  534  
406  534  
407  534  
408  534  
409  534  
374  536  
375  536  
376  536  
377  536  
378  537  
379  537  
380  537  
381  537  
382  537  
383  537  
384  537  
385  537  
386  537  
387  537  
388  537  
389  537  
390  537  
391  537  
392  537  
393  538  
394  538  
395  538  
396  538  
397  538  
398  538  
399  538  
400  538  
401  538  
402  538  
403  538  
404  538  
405  538  
406  539  
407  539  
408  539  
409  539  
410  539  
373  550  
374  550  
375  550  
376  550  
377  550  
378  550  
379  550  
380  550  
381  550  
382  550  
383  551  
384  551  
385  551  
386  551  
387  551  
388  551  
389  551  
390  551  
391  551  
392  551  
393  551  
394  551  
395  552  
396  552  
397  552  
398  552  
399  552  
400  552  
401  552  
402  552  
403  552  
404  552  
405  552  
406  552  
407  552  
408  552  
409  552  
374  557  
375  557  
376  558  
377  558  
378  558  
379  558  
380  558  
381  558  
382  558  
383  558  
384  558  
385  558  
386  558  
387  558  
388  558  
389  558  
390  559  
391  559  
392  559  
393  559  
394  559  
395  559  
396  559  
397  559  
398  559  
399  559  
400  559  
401  559  
402  559  
403  559  
404  559  
405  559  
406  559  
407  559  
42  561  
43  561  
44  562  
45  562  
46  562  
47  563  
48  563  
49  563  
50  563  
51  564  
52  564  
53  564  
54  564  
55  564  
56  565  
57  565  
58  565  
59  565  
60  565  
61  566  
62  566  
63  566  
73  575  
74  575  
75  575  
76  575  
77  576  
78  576  
79  576  
80  576  
81  576  
82  577  
83  577  
84  577  
85  577  
86  578  
87  578  
88  578  
89  578  
90  578  
91  579  
92  579  
93  579  
94  579  
95  580  
96  580  
97  580  
371  577  
372  577  
373  577  
374  577  
375  577  
376  577  
377  577  
378  577  
379  577  
380  578  
381  578  
382  578  
383  578  
384  578  
385  578  
386  578  
387  578  
388  578  
389  578  
390  578  
391  578  
392  578  
393  578  
394  578  
395  579  
396  579  
397  579  
398  579  
399  579  
400  579  
401  579  
402  579  
403  579  
404  579  
405  579  
406  579  
407  579  
408  579  
409  579  
410  579  
411  579  
412  579  
413  579  
414  579  
416  579  
417  579  
415  580  
447  580  
448  580  
427  581  
428  581  
429  581  
430  581  
431  581  
432  581  
433  581  
434  581  
435  581  
436  581  
437  581  
438  581  
439  581  
440  581  
441  581  
442  581  
443  581  
444  581  
445  581  
446  581  
59  581  
60  581  
61  581  
62  581  
63  581  
64  581  
65  582  
66  582  
67  582  
68  582  
69  582  
70  582  
71  582  
72  583  
73  583  
74  583  
75  583  
76  583  
77  583  
78  583  
79  583  
80  583  
81  583  
82  584  
83  584  
84  584  
85  584  
86  584  
87  584  
88  584  
89  584  
90  584  
91  584  
92  584  
93  584  
94  584  
95  584  
96  584  
336  582  
337  582  
338  582  
339  582  
340  582  
341  582  
342  582  
321  583  
322  583  
323  583  
324  583  
325  583  
326  583  
327  583  
328  583  
329  583  
330  583  
331  583  
332  583  
333  583  
334  583  
335  583  
300  584  
301  584  
302  584  
303  584  
304  584  
305  584  
306  584  
307  584  
308  584  
309  584  
310  584  
311  584  
312  584  
313  584  
314  584  
315  584  
316  584  
317  584  
318  584  
319  584  
320  584  
371  582  
372  582  
373  582  
374  582  
375  582  
376  582  
377  582  
378  582  
379  582  
380  582  
381  582  
382  582  
383  582  
384  582  
385  582  
386  582  
387  582  
388  582  
389  582  
390  582  
391  582  
392  582  
393  582  
394  583  
395  583  
396  583  
397  583  
398  583  
399  583  
400  583  
401  583  
402  583  
403  583  
404  583  
405  583  
406  583  
407  583  
408  583  
409  583  
410  583  
411  583  
412  583  
413  583  
414  583  
410  595  
411  595  
412  596  
413  596  
414  596  
415  596  
416  596  
417  596  
418  596  
419  596  
420  596  
421  596  
422  596  
423  596  
424  596  
425  596  
426  596  
427  596  
428  596  
429  596  
430  596  
431  596  
432  596  
433  596  
434  596  
435  596  
436  596  
437  596  
438  596  
439  596  
440  596  
391  597  
392  597  
393  597  
394  598  
395  598  
396  598  
397  598  
398  598  
399  598  
400  598  
401  598  
402  598  
403  598  
404  598  
405  598  
406  598  
407  599  
408  599  
409  599  
410  599  
411  599  
412  599  
413  599  
414  599  
415  599  
416  599  
417  599  
418  599  
419  599  
420  599  
421  600  
422  600  
423  600  
424  600  
425  600  
426  600  
427  600  
428  600  
429  600  
430  600  
431  600  
432  600  
433  600  
434  600  
435  600  
436  600  
437  601  
438  601  
439  601  
440  601  
67  598  
68  598  
69  598  
70  598  
71  598  
72  598  
73  598  
74  598  
75  598  
76  598  
77  598  
78  598  
79  598  
80  598  
81  598  
58  599  
59  599  
60  599  
61  599  
62  599  
63  599  
64  599  
65  599  
66  599  
356  598  
357  598  
358  598  
359  598  
360  598  
361  599  
362  599  
363  599  
364  599  
365  599  
366  599  
367  599  
368  599  
369  599  
370  599  
371  599  
372  599  
373  600  
374  600  
375  600  
376  600  
377  600  
378  600  
379  600  
380  600  
381  600  
382  600  
383  600  
384  600  
385  600  
386  601  
387  601  
388  601  
389  601  
390  601  
391  601  
392  601  
393  601  
394  601  
395  601  
396  601  
397  601  
398  602  
399  602  
400  602  
401  602  
402  602  
403  602  
404  602  
405  602  
406  602  
407  602  
408  602  
409  603  
410  603  
411  603  
412  603  
413  603  
414  603  
415  603  
416  603  
417  603  
418  603  
419  603  
420  604  
421  604  
422  604  
423  604  
424  604  
425  604  
426  604  
427  604  
428  604  
429  604  
430  604  
431  604  
432  604  
433  605  
434  605  
435  605  
436  605  
437  605  
438  605  
439  605  
