114  43  
115  43  
116  43  
117  43  
118  43  
119  43  
120  43  
121  43  
122  43  
123  43  
124  43  
125  43  
126  43  
127  43  
128  43  
129  44  
130  44  
131  44  
132  44  
133  44  
134  44  
135  44  
136  44  
137  44  
138  44  
139  44  
140  44  
141  44  
142  44  
143  44  
144  44  
145  44  
146  44  
147  44  
148  44  
149  44  
150  44  
151  44  
152  44  
153  44  
154  44  
155  44  
156  44  
157  44  
158  44  
159  44  
160  44  
161  44  
162  44  
163  44  
164  44  
165  45  
166  45  
167  45  
168  45  
169  45  
170  45  
171  45  
172  45  
173  45  
174  45  
175  45  
176  45  
177  45  
178  45  
179  45  
180  45  
181  45  
182  45  
183  45  
184  45  
185  45  
186  45  
187  45  
188  45  
189  45  
190  45  
191  45  
192  45  
193  45  
194  46  
195  46  
196  46  
197  46  
198  46  
199  46  
200  46  
201  46  
202  46  
203  46  
204  46  
205  46  
206  46  
207  46  
208  46  
209  46  
210  46  
211  46  
212  46  
213  46  
214  46  
215  46  
216  46  
217  46  
218  46  
219  46  
220  46  
221  47  
222  47  
223  47  
224  47  
225  47  
226  47  
227  47  
228  47  
229  47  
230  47  
231  47  
232  47  
233  47  
234  47  
235  47  
236  47  
237  47  
238  47  
239  47  
240  47  
241  47  
242  47  
243  47  
244  47  
245  47  
246  47  
247  47  
248  48  
249  48  
250  48  
251  48  
252  48  
253  48  
254  48  
255  48  
256  48  
257  48  
258  48  
259  48  
260  48  
261  48  
262  48  
263  48  
264  48  
265  48  
266  48  
267  48  
268  48  
269  48  
270  48  
271  48  
272  48  
273  48  
274  48  
275  48  
276  48  
277  48  
278  48  
279  49  
280  49  
281  49  
332  51  
333  51  
334  51  
335  51  
336  51  
337  51  
338  51  
339  52  
340  52  
341  52  
342  52  
343  52  
344  52  
345  52  
346  52  
347  52  
348  52  
349  52  
350  52  
351  52  
352  52  
353  52  
354  52  
355  52  
356  52  
357  52  
358  52  
359  53  
360  53  
361  53  
362  53  
363  53  
364  53  
365  53  
366  53  
367  53  
368  53  
369  53  
370  53  
371  53  
372  53  
373  53  
374  53  
375  53  
376  53  
377  53  
378  53  
379  54  
380  54  
381  54  
382  54  
383  54  
384  54  
385  54  
386  54  
387  54  
388  54  
263  52  
264  52  
265  52  
266  52  
267  52  
268  52  
269  52  
270  52  
271  52  
272  52  
273  52  
274  52  
275  52  
276  53  
277  53  
278  53  
279  53  
280  53  
281  53  
282  53  
283  53  
127  68  
128  68  
129  68  
130  68  
131  68  
132  68  
133  68  
134  68  
135  68  
136  68  
137  68  
138  68  
139  68  
140  68  
141  68  
142  68  
143  68  
144  68  
145  68  
146  68  
147  69  
148  69  
149  69  
150  69  
151  69  
152  69  
153  69  
115  73  
116  73  
117  73  
118  73  
119  73  
120  73  
121  73  
122  73  
123  73  
124  73  
125  73  
126  73  
127  73  
128  73  
129  73  
130  73  
131  73  
132  73  
133  74  
134  74  
135  74  
136  74  
137  74  
138  74  
139  74  
140  74  
141  74  
142  74  
143  74  
144  74  
145  74  
146  74  
147  74  
148  74  
149  74  
150  74  
151  74  
152  74  
153  74  
154  74  
155  74  
156  74  
157  74  
158  74  
159  74  
160  74  
161  74  
162  74  
163  74  
164  74  
165  74  
166  74  
167  74  
168  74  
169  74  
170  74  
171  74  
172  74  
173  74  
174  75  
175  75  
176  75  
177  75  
178  75  
179  75  
180  75  
181  75  
182  75  
183  75  
184  75  
185  75  
186  75  
187  75  
188  75  
189  75  
190  75  
191  75  
192  75  
193  75  
194  75  
195  75  
196  75  
197  75  
198  75  
199  75  
200  75  
201  75  
202  75  
203  75  
204  75  
205  75  
206  76  
207  76  
208  76  
209  76  
210  76  
211  76  
212  76  
213  76  
214  76  
215  76  
216  76  
217  76  
218  76  
219  76  
220  76  
221  76  
222  76  
223  76  
224  76  
225  76  
226  76  
227  76  
228  76  
229  76  
230  76  
231  76  
232  76  
233  76  
234  76  
235  76  
236  76  
237  76  
238  76  
239  77  
240  77  
241  77  
242  77  
243  77  
244  77  
245  77  
246  77  
247  77  
248  77  
249  77  
250  77  
251  77  
252  77  
253  77  
254  77  
255  77  
256  77  
257  77  
258  77  
259  78  
260  78  
261  78  
262  78  
263  78  
264  78  
265  78  
266  78  
267  78  
268  78  
269  78  
270  78  
271  78  
272  78  
273  78  
274  78  
275  78  
276  78  
277  78  
278  78  
279  78  
280  78  
281  78  
282  78  
283  78  
288  78  
308  78  
284  79  
285  79  
286  79  
287  79  
289  79  
290  79  
291  79  
292  79  
293  79  
294  79  
295  79  
296  79  
297  79  
298  79  
299  79  
300  79  
301  79  
302  79  
303  79  
304  79  
305  79  
306  79  
307  79  
317  79  
318  79  
319  79  
320  79  
321  79  
322  79  
323  79  
324  79  
325  79  
326  79  
327  79  
328  79  
329  79  
330  79  
331  79  
332  79  
333  79  
334  79  
335  79  
336  79  
337  79  
338  79  
339  80  
340  80  
341  80  
342  80  
343  80  
344  80  
345  80  
346  80  
347  80  
348  80  
349  80  
350  80  
351  80  
352  80  
353  80  
354  80  
355  80  
356  80  
357  80  
358  80  
359  80  
360  80  
361  80  
362  80  
363  80  
364  81  
365  81  
366  81  
367  81  
368  81  
369  81  
370  81  
371  81  
372  81  
373  81  
374  81  
375  81  
376  81  
377  81  
378  81  
379  81  
380  81  
381  81  
382  81  
383  81  
384  81  
385  81  
386  81  
116  82  
117  82  
118  82  
119  83  
120  83  
121  83  
122  83  
123  83  
124  83  
125  83  
126  83  
127  83  
128  83  
129  83  
130  83  
131  83  
132  83  
133  83  
134  83  
135  83  
136  83  
137  83  
138  83  
139  83  
140  83  
141  83  
142  83  
143  83  
144  83  
145  83  
146  83  
147  83  
148  83  
149  83  
150  83  
151  83  
152  83  
153  83  
154  83  
155  83  
156  83  
269  97  
270  97  
271  97  
272  97  
273  97  
274  97  
275  97  
276  97  
277  97  
278  97  
279  97  
280  97  
281  97  
282  97  
283  97  
284  97  
285  97  
286  97  
287  97  
288  97  
291  97  
292  97  
293  97  
294  97  
295  97  
296  97  
297  97  
298  97  
299  97  
300  97  
301  97  
302  97  
303  97  
304  97  
305  97  
306  97  
307  98  
308  98  
309  98  
310  98  
311  98  
312  98  
313  98  
314  98  
315  98  
316  98  
317  98  
318  98  
319  98  
320  98  
321  98  
322  98  
323  98  
324  98  
325  98  
326  98  
327  98  
328  98  
329  98  
330  98  
331  98  
360  99  
361  99  
362  99  
363  99  
364  99  
365  99  
366  99  
367  99  
368  99  
369  99  
370  99  
371  99  
372  99  
373  99  
374  99  
375  99  
376  99  
377  99  
378  99  
379  99  
380  99  
381  99  
382  99  
213  104  
214  104  
215  104  
216  104  
217  104  
218  104  
219  104  
220  104  
221  104  
222  104  
223  104  
224  104  
225  104  
226  104  
227  104  
228  104  
229  104  
230  104  
231  104  
232  104  
233  104  
234  104  
235  104  
236  104  
237  104  
238  104  
239  104  
92  105  
93  105  
94  105  
95  105  
96  105  
97  105  
98  105  
99  105  
100  105  
101  105  
102  105  
103  105  
104  105  
105  105  
106  105  
107  105  
108  105  
109  105  
110  105  
111  105  
112  105  
96  108  
97  108  
98  108  
99  108  
100  108  
101  108  
102  108  
103  108  
104  108  
105  108  
106  108  
107  108  
108  108  
109  108  
110  108  
111  108  
112  108  
113  108  
114  108  
115  108  
116  108  
117  108  
118  108  
119  108  
120  108  
121  108  
122  108  
123  108  
124  108  
125  108  
126  108  
127  108  
128  108  
129  108  
130  108  
131  108  
132  108  
133  108  
134  108  
135  108  
136  108  
137  108  
138  108  
139  108  
140  108  
141  108  
142  108  
143  108  
144  108  
145  108  
146  108  
147  108  
148  108  
149  108  
150  108  
151  108  
152  108  
153  108  
154  108  
155  108  
156  108  
157  108  
158  108  
159  108  
160  108  
161  108  
162  108  
163  108  
164  108  
165  108  
166  108  
167  108  
168  109  
169  109  
170  109  
171  109  
172  109  
173  109  
174  109  
175  109  
176  109  
177  109  
178  109  
179  109  
180  109  
181  109  
182  109  
183  109  
184  109  
185  109  
186  109  
187  109  
188  109  
189  109  
190  109  
191  109  
192  109  
193  109  
194  109  
195  109  
196  109  
197  109  
198  109  
199  109  
200  109  
201  109  
202  109  
203  109  
204  109  
205  109  
206  109  
207  109  
208  109  
209  109  
210  109  
211  109  
212  109  
213  109  
214  109  
215  109  
216  109  
217  110  
218  110  
219  110  
220  110  
221  110  
222  110  
223  110  
224  110  
225  110  
226  110  
227  110  
228  110  
229  110  
230  110  
231  110  
232  110  
233  110  
234  110  
235  110  
236  110  
237  110  
238  110  
239  110  
240  110  
241  110  
242  110  
243  110  
244  110  
245  110  
246  110  
247  110  
248  110  
249  110  
250  110  
251  110  
252  110  
253  110  
254  110  
255  110  
256  110  
257  110  
258  110  
259  110  
260  110  
261  110  
262  110  
263  110  
264  110  
265  110  
266  111  
267  111  
268  111  
269  111  
270  111  
271  111  
272  111  
273  111  
274  111  
275  111  
276  111  
277  111  
278  111  
279  111  
280  111  
281  111  
282  111  
283  111  
284  111  
285  111  
286  111  
287  111  
288  111  
289  111  
290  111  
291  111  
292  111  
293  111  
294  111  
295  111  
296  111  
297  111  
298  111  
299  111  
300  111  
301  111  
302  111  
303  111  
304  111  
305  111  
306  111  
307  111  
308  111  
309  111  
310  112  
311  112  
312  112  
313  112  
314  112  
315  112  
316  112  
317  112  
318  112  
319  112  
320  112  
321  112  
322  112  
323  112  
324  112  
325  112  
326  112  
327  112  
328  112  
329  112  
330  112  
331  112  
332  112  
333  112  
334  112  
335  112  
336  112  
337  112  
338  112  
339  112  
340  112  
341  112  
342  112  
343  113  
344  113  
345  113  
346  113  
347  113  
348  113  
349  113  
350  113  
351  113  
352  113  
353  113  
354  113  
355  113  
356  113  
357  113  
358  113  
359  113  
360  113  
361  113  
362  113  
363  113  
364  113  
365  113  
366  113  
367  113  
368  113  
369  113  
370  113  
371  113  
372  113  
373  113  
374  113  
375  113  
376  113  
377  113  
378  114  
379  114  
380  114  
381  114  
382  114  
383  114  
384  114  
385  114  
386  114  
387  114  
388  114  
389  114  
390  114  
391  114  
392  114  
92  125  
93  125  
94  125  
95  125  
96  125  
97  125  
98  125  
99  125  
100  125  
101  125  
102  125  
103  125  
104  125  
105  125  
106  125  
107  125  
108  125  
109  125  
110  125  
111  125  
112  125  
113  125  
114  125  
115  125  
116  125  
117  125  
118  125  
119  125  
120  125  
121  125  
122  125  
123  125  
124  125  
125  125  
126  125  
143  126  
144  126  
145  126  
146  126  
147  126  
148  126  
149  126  
150  126  
151  126  
152  126  
153  126  
154  126  
155  126  
156  126  
157  126  
158  126  
159  126  
160  126  
161  126  
162  126  
163  126  
164  126  
165  127  
166  127  
167  127  
168  127  
169  127  
170  127  
171  127  
172  127  
173  127  
174  127  
175  127  
176  127  
177  127  
178  127  
179  127  
180  127  
181  127  
182  127  
183  127  
184  127  
185  127  
186  127  
187  127  
188  127  
189  127  
190  127  
191  127  
192  127  
193  127  
194  127  
195  127  
196  127  
197  127  
198  127  
199  127  
200  127  
201  127  
202  127  
203  127  
204  127  
205  127  
206  127  
207  127  
208  127  
209  127  
210  127  
211  127  
212  127  
213  127  
214  127  
215  127  
216  127  
217  127  
218  127  
219  127  
220  127  
221  127  
222  127  
223  127  
224  127  
225  127  
226  127  
227  127  
228  127  
229  127  
230  127  
231  127  
232  128  
233  128  
234  128  
235  128  
236  128  
237  128  
238  128  
239  128  
240  128  
241  128  
242  128  
243  128  
244  128  
245  128  
246  128  
247  128  
248  128  
249  128  
250  128  
251  128  
252  128  
253  128  
254  128  
255  128  
256  128  
257  128  
258  128  
259  128  
260  128  
261  128  
262  128  
263  128  
264  128  
265  128  
266  128  
267  128  
268  128  
269  128  
270  128  
271  128  
272  128  
273  128  
274  128  
275  128  
276  128  
277  128  
278  128  
279  128  
280  128  
281  128  
282  128  
283  128  
284  128  
285  128  
286  128  
287  128  
288  129  
289  129  
290  129  
291  129  
292  129  
293  129  
294  129  
295  129  
296  129  
297  129  
298  129  
299  129  
300  129  
301  129  
302  129  
315  129  
316  129  
317  129  
318  129  
319  129  
320  129  
321  129  
322  129  
323  129  
324  129  
325  129  
326  129  
327  129  
328  129  
329  129  
330  129  
331  129  
332  129  
333  129  
334  130  
335  130  
336  130  
337  130  
338  130  
339  130  
340  130  
341  130  
342  130  
343  130  
344  130  
345  130  
346  130  
347  130  
348  130  
349  130  
350  130  
351  130  
352  130  
353  130  
354  130  
355  130  
356  130  
357  130  
358  130  
359  130  
360  130  
368  131  
369  131  
370  131  
371  131  
372  131  
373  131  
374  131  
375  131  
376  131  
377  131  
378  131  
379  131  
380  131  
381  131  
382  131  
383  131  
384  131  
385  131  
386  131  
387  131  
388  131  
389  131  
390  131  
391  131  
392  131  
393  131  
394  131  
395  131  
396  132  
156  134  
157  134  
158  134  
159  134  
160  134  
161  134  
162  134  
163  135  
164  135  
165  135  
166  135  
167  135  
168  135  
169  135  
170  135  
171  135  
172  135  
173  135  
174  135  
175  135  
176  135  
177  136  
178  136  
179  136  
180  136  
181  136  
182  136  
183  136  
184  136  
185  136  
186  136  
187  136  
188  136  
189  136  
190  136  
191  136  
192  136  
193  136  
194  136  
195  136  
196  136  
197  136  
198  136  
199  136  
200  136  
201  136  
202  137  
203  137  
204  137  
205  137  
206  137  
296  137  
297  137  
298  137  
299  137  
300  137  
301  137  
302  137  
303  137  
304  137  
305  137  
306  137  
307  137  
308  137  
309  137  
310  137  
311  137  
312  137  
287  138  
288  138  
289  138  
290  138  
291  138  
292  138  
293  138  
294  138  
295  138  
284  139  
285  139  
286  139  
316  137  
317  137  
318  137  
319  137  
320  137  
321  137  
322  137  
323  137  
324  137  
325  137  
326  137  
327  137  
328  137  
329  137  
330  138  
331  138  
332  138  
333  138  
334  138  
335  138  
336  138  
337  138  
338  138  
339  138  
340  138  
341  138  
342  138  
343  139  
344  139  
345  139  
346  139  
347  139  
348  139  
349  139  
350  139  
351  139  
352  139  
353  139  
354  139  
355  139  
356  139  
357  139  
358  139  
359  139  
360  139  
361  139  
362  139  
363  139  
364  139  
365  139  
366  139  
367  139  
368  139  
369  139  
370  139  
371  139  
372  139  
373  139  
374  139  
375  139  
376  139  
377  139  
378  139  
379  139  
380  139  
381  139  
382  139  
383  139  
384  139  
385  139  
386  139  
387  139  
388  139  
95  141  
96  141  
97  141  
98  141  
99  141  
100  141  
101  141  
102  141  
103  141  
104  141  
105  141  
106  141  
107  141  
108  141  
109  141  
110  141  
111  141  
112  141  
113  141  
114  141  
115  141  
116  141  
117  141  
118  141  
119  141  
120  141  
121  141  
122  141  
123  141  
124  141  
125  141  
126  141  
127  141  
128  141  
129  141  
130  141  
131  141  
132  141  
133  141  
134  141  
135  141  
136  141  
137  141  
138  141  
139  141  
140  141  
141  141  
148  141  
149  141  
150  141  
151  141  
152  141  
153  141  
154  141  
155  141  
156  141  
157  141  
158  141  
159  141  
160  141  
161  141  
162  141  
163  141  
164  141  
165  141  
166  141  
167  141  
168  141  
169  141  
170  141  
171  141  
172  141  
173  141  
174  141  
175  141  
176  141  
177  141  
178  141  
179  141  
180  141  
181  141  
182  141  
183  141  
184  141  
185  141  
186  141  
187  141  
188  141  
189  141  
190  141  
191  141  
192  141  
193  141  
194  141  
195  141  
196  141  
197  141  
198  141  
199  141  
200  141  
201  141  
202  141  
203  141  
204  141  
205  142  
214  142  
215  142  
216  142  
217  142  
218  142  
219  142  
220  142  
221  142  
222  142  
223  142  
224  142  
225  142  
226  142  
227  142  
228  142  
229  142  
230  142  
231  142  
232  142  
233  142  
234  142  
235  142  
236  142  
237  142  
238  142  
239  142  
240  142  
241  142  
242  142  
243  142  
244  142  
245  142  
246  142  
247  142  
248  142  
249  142  
250  142  
251  142  
252  142  
253  142  
254  142  
255  142  
256  142  
257  143  
283  143  
284  143  
285  143  
286  143  
287  143  
288  143  
289  143  
290  143  
291  143  
292  143  
293  143  
294  143  
295  143  
296  143  
297  143  
298  143  
299  143  
300  143  
301  143  
302  143  
303  143  
304  143  
305  143  
306  143  
307  143  
308  143  
309  143  
310  143  
311  143  
312  143  
313  143  
314  143  
315  143  
316  143  
317  143  
318  143  
319  143  
320  143  
321  143  
322  143  
323  143  
324  143  
325  143  
326  143  
327  143  
328  143  
329  143  
330  143  
331  143  
332  143  
333  143  
334  143  
335  143  
336  143  
337  143  
338  143  
339  143  
340  143  
341  143  
342  143  
343  144  
344  144  
345  144  
346  144  
347  144  
348  144  
349  144  
350  144  
351  144  
352  144  
353  144  
354  144  
355  144  
356  144  
357  144  
358  144  
359  144  
360  144  
361  144  
362  144  
363  144  
364  144  
365  144  
366  144  
367  144  
368  144  
369  144  
370  144  
371  144  
372  144  
373  144  
374  144  
375  144  
376  144  
377  144  
378  144  
379  144  
380  144  
381  144  
382  144  
383  144  
384  144  
385  144  
386  144  
387  144  
388  144  
389  144  
225  158  
226  158  
227  158  
228  158  
229  158  
230  158  
231  158  
232  158  
233  158  
234  158  
235  158  
236  158  
237  158  
238  158  
239  158  
240  158  
241  158  
242  158  
243  158  
125  159  
126  159  
127  159  
128  159  
129  159  
130  159  
131  159  
132  159  
133  159  
134  159  
135  159  
136  159  
137  159  
138  159  
139  159  
140  159  
141  159  
142  159  
143  159  
144  159  
145  159  
146  159  
147  159  
148  159  
149  159  
150  159  
151  159  
152  159  
153  159  
154  159  
155  159  
156  159  
157  159  
158  159  
159  159  
160  159  
161  159  
162  159  
163  159  
164  159  
165  159  
166  159  
167  159  
168  159  
169  159  
170  159  
171  159  
172  159  
173  159  
174  159  
175  159  
176  159  
177  159  
178  159  
179  159  
180  159  
181  159  
182  159  
183  159  
184  159  
185  159  
186  159  
187  159  
188  159  
189  159  
190  159  
191  159  
192  159  
193  159  
194  159  
195  159  
196  159  
197  159  
198  159  
199  159  
200  159  
201  159  
202  159  
203  159  
204  159  
205  159  
206  159  
207  159  
208  159  
209  159  
210  159  
211  159  
212  159  
213  159  
214  159  
215  159  
216  159  
217  159  
218  159  
219  159  
220  159  
221  159  
222  159  
223  159  
224  159  
244  159  
245  159  
246  159  
247  159  
248  159  
249  159  
250  159  
251  159  
252  159  
253  159  
254  159  
255  159  
256  159  
257  159  
258  159  
259  159  
260  159  
261  159  
262  159  
263  159  
264  159  
265  159  
266  159  
267  159  
268  159  
269  159  
270  159  
271  159  
272  159  
273  159  
274  159  
275  159  
276  159  
277  159  
278  159  
279  159  
280  159  
281  159  
282  159  
283  159  
284  159  
285  159  
286  159  
287  159  
288  159  
289  159  
290  159  
291  159  
292  159  
293  159  
294  159  
295  159  
296  159  
297  159  
298  159  
299  159  
300  159  
301  159  
302  159  
303  159  
304  159  
305  159  
306  159  
307  159  
308  159  
309  159  
310  159  
311  159  
312  159  
313  159  
314  159  
315  159  
316  159  
317  159  
318  159  
319  159  
320  159  
321  159  
322  159  
323  159  
324  159  
325  159  
326  159  
327  159  
328  159  
329  159  
330  159  
331  159  
332  159  
96  160  
97  160  
98  160  
99  160  
100  160  
101  160  
102  160  
103  160  
104  160  
105  160  
106  160  
107  160  
108  160  
109  160  
110  160  
111  160  
112  160  
113  160  
114  160  
115  160  
116  160  
117  160  
118  160  
119  160  
120  160  
121  160  
122  160  
123  160  
124  160  
333  160  
334  160  
335  160  
336  160  
337  160  
338  160  
339  160  
340  160  
341  160  
342  160  
343  160  
344  160  
345  160  
346  160  
347  160  
348  160  
349  160  
350  160  
351  160  
355  160  
356  160  
357  160  
358  160  
359  160  
360  160  
361  160  
362  160  
363  160  
364  160  
365  160  
366  160  
367  160  
368  160  
369  160  
370  160  
371  160  
372  160  
373  160  
374  160  
375  160  
376  160  
377  161  
378  161  
379  161  
380  161  
381  161  
382  161  
383  162  
384  162  
385  162  
386  162  
387  162  
214  163  
215  163  
216  163  
217  163  
218  163  
219  163  
220  163  
221  163  
222  163  
223  163  
224  163  
225  163  
226  163  
227  163  
228  163  
229  163  
230  163  
231  163  
232  163  
233  163  
234  163  
235  163  
236  163  
237  163  
238  163  
239  163  
240  163  
241  163  
242  163  
243  163  
244  163  
245  163  
246  163  
247  163  
248  163  
249  163  
102  164  
103  164  
104  164  
105  164  
106  164  
107  164  
108  164  
109  164  
110  164  
111  164  
112  164  
113  164  
114  164  
115  164  
116  164  
117  164  
118  164  
119  164  
120  164  
121  164  
122  164  
123  164  
124  164  
125  164  
126  164  
127  164  
128  164  
129  164  
130  164  
131  164  
132  164  
133  164  
134  164  
135  164  
136  164  
137  164  
138  164  
139  164  
140  164  
141  164  
142  164  
143  164  
144  164  
145  164  
146  164  
147  164  
148  164  
149  164  
150  164  
151  164  
152  164  
153  164  
154  164  
155  164  
156  164  
157  164  
158  164  
159  164  
160  164  
161  164  
162  164  
163  164  
164  164  
165  164  
166  164  
167  164  
168  164  
169  164  
170  164  
171  164  
172  164  
173  164  
174  164  
175  164  
176  164  
177  164  
178  164  
179  164  
180  164  
181  164  
182  164  
183  164  
184  164  
185  164  
186  164  
187  164  
188  164  
189  164  
190  164  
191  164  
192  164  
193  164  
194  164  
195  164  
196  164  
197  164  
198  164  
199  164  
200  164  
201  164  
202  164  
203  164  
204  164  
205  164  
206  164  
207  164  
208  164  
209  164  
210  164  
211  164  
212  164  
213  164  
250  164  
251  164  
252  164  
253  164  
254  164  
255  164  
256  164  
257  164  
258  164  
259  164  
260  164  
261  164  
262  164  
263  164  
264  164  
265  164  
266  164  
267  164  
268  164  
269  164  
270  164  
271  164  
272  164  
273  164  
274  164  
275  164  
276  164  
277  164  
278  164  
279  164  
280  164  
281  164  
282  164  
283  164  
284  164  
285  164  
286  164  
287  164  
288  164  
289  164  
290  164  
291  164  
292  164  
293  164  
294  164  
295  164  
296  164  
297  164  
298  164  
299  164  
300  164  
301  164  
302  164  
303  164  
304  164  
305  164  
306  164  
307  164  
308  164  
309  164  
310  164  
311  164  
312  164  
313  164  
314  164  
315  164  
316  164  
317  164  
318  164  
319  164  
320  164  
321  164  
322  164  
323  164  
324  164  
325  164  
326  164  
327  164  
328  164  
329  164  
330  164  
331  164  
332  164  
333  164  
334  164  
335  164  
336  164  
337  164  
338  164  
339  164  
340  164  
341  164  
342  164  
343  164  
344  164  
345  164  
346  164  
347  164  
348  164  
349  164  
350  164  
351  164  
352  164  
353  164  
354  164  
355  164  
356  164  
357  164  
358  164  
359  164  
360  164  
361  164  
362  164  
363  164  
364  164  
365  164  
366  164  
367  164  
368  165  
369  165  
370  165  
371  165  
372  165  
373  165  
374  165  
375  165  
376  165  
377  165  
378  165  
379  165  
380  165  
381  165  
382  165  
383  165  
384  165  
385  165  
386  165  
387  165  
388  165  
389  166  
390  166  
391  166  
254  177  
255  177  
256  177  
257  177  
258  177  
259  177  
260  177  
261  177  
262  177  
263  177  
264  177  
265  177  
266  177  
267  177  
268  177  
269  177  
144  178  
145  178  
146  178  
147  178  
148  178  
149  178  
150  178  
151  178  
152  178  
153  178  
154  178  
155  178  
156  178  
157  178  
158  178  
159  178  
160  178  
161  178  
162  178  
163  178  
164  178  
165  178  
166  178  
167  178  
168  178  
169  178  
170  178  
171  178  
172  178  
173  178  
174  178  
175  178  
176  178  
177  178  
178  178  
179  178  
180  178  
181  178  
182  178  
183  178  
184  178  
185  178  
186  178  
187  178  
188  178  
189  178  
190  178  
191  178  
192  178  
193  178  
194  178  
195  178  
196  178  
197  178  
198  178  
199  178  
200  178  
201  178  
202  178  
203  178  
204  178  
205  178  
206  178  
207  178  
208  178  
209  178  
210  178  
211  178  
212  178  
213  178  
214  178  
215  178  
216  178  
217  178  
218  178  
219  178  
220  178  
221  178  
222  178  
223  178  
224  178  
225  178  
226  178  
227  178  
228  178  
229  178  
230  178  
231  178  
232  178  
233  178  
234  178  
235  178  
236  178  
237  178  
238  178  
239  178  
240  178  
241  178  
242  178  
243  178  
244  178  
245  178  
246  178  
247  178  
248  178  
249  178  
250  178  
251  178  
252  178  
253  178  
270  178  
271  178  
292  177  
293  177  
294  177  
295  177  
296  177  
297  177  
298  177  
299  177  
300  177  
301  177  
302  177  
303  177  
304  177  
305  177  
306  177  
307  177  
308  177  
309  177  
310  177  
311  177  
312  177  
313  177  
314  177  
315  177  
358  177  
359  177  
360  177  
361  177  
362  177  
363  177  
364  177  
365  177  
366  177  
367  177  
368  177  
369  177  
370  177  
371  177  
372  177  
373  177  
374  177  
375  177  
376  177  
377  177  
378  177  
379  177  
380  177  
381  177  
382  177  
279  178  
280  178  
281  178  
282  178  
283  178  
284  178  
285  178  
286  178  
287  178  
288  178  
289  178  
290  178  
291  178  
316  178  
317  178  
318  178  
319  178  
320  178  
321  178  
322  178  
323  178  
324  178  
325  178  
326  178  
327  178  
328  178  
329  178  
330  178  
331  178  
332  178  
333  178  
334  178  
335  178  
336  178  
337  178  
338  178  
339  178  
340  178  
341  178  
342  178  
343  178  
344  178  
345  178  
346  178  
347  178  
348  178  
349  178  
350  178  
351  178  
352  178  
353  178  
354  178  
355  178  
356  178  
357  178  
383  178  
384  178  
385  178  
386  178  
387  178  
388  178  
389  178  
390  178  
391  178  
392  178  
393  178  
394  178  
395  178  
128  181  
129  181  
134  181  
135  181  
136  181  
137  181  
138  181  
139  181  
140  181  
141  181  
142  181  
143  181  
144  181  
145  181  
146  181  
147  181  
148  181  
149  181  
150  181  
151  181  
99  182  
100  182  
101  182  
102  182  
103  182  
104  182  
105  182  
106  182  
107  182  
108  182  
109  182  
110  182  
111  182  
112  182  
113  182  
114  182  
115  182  
116  182  
117  182  
118  182  
119  182  
120  182  
121  182  
122  182  
123  182  
124  182  
125  182  
126  182  
127  182  
130  182  
131  182  
132  182  
133  182  
153  181  
154  181  
155  181  
156  181  
157  181  
158  181  
159  181  
160  181  
161  181  
162  181  
163  181  
164  181  
165  181  
166  181  
167  181  
168  181  
169  181  
170  181  
171  181  
172  181  
173  181  
174  181  
175  181  
177  181  
178  181  
179  181  
180  181  
181  181  
182  181  
183  181  
184  181  
185  181  
186  181  
187  181  
188  181  
189  181  
190  181  
191  181  
192  181  
193  181  
194  181  
195  181  
196  181  
197  181  
198  181  
199  181  
200  181  
201  181  
202  181  
203  181  
204  181  
205  181  
206  181  
207  181  
208  181  
209  181  
210  181  
211  181  
212  181  
213  181  
214  181  
215  181  
216  181  
217  181  
218  181  
219  181  
220  181  
221  181  
222  181  
223  181  
224  181  
225  181  
226  181  
227  181  
228  181  
229  181  
230  181  
231  181  
232  181  
233  181  
234  181  
235  181  
236  181  
237  181  
238  181  
239  181  
240  181  
241  181  
242  181  
243  181  
244  181  
245  181  
246  181  
247  181  
248  181  
249  181  
250  181  
251  181  
252  181  
253  181  
254  181  
255  181  
256  181  
257  181  
258  181  
259  181  
260  181  
261  181  
262  181  
263  181  
264  181  
265  181  
266  181  
267  181  
268  181  
269  181  
270  181  
271  181  
272  181  
273  181  
274  181  
275  181  
276  181  
277  181  
278  181  
279  181  
280  181  
281  181  
282  181  
283  181  
284  181  
285  181  
286  181  
287  181  
288  181  
289  181  
290  181  
291  181  
292  181  
293  181  
294  181  
295  181  
296  181  
297  181  
298  181  
299  181  
300  181  
301  181  
302  181  
303  181  
304  181  
305  181  
306  181  
307  181  
308  181  
309  181  
310  181  
311  181  
312  181  
313  181  
314  181  
315  181  
316  181  
317  181  
318  181  
319  181  
320  181  
321  181  
322  181  
323  181  
324  181  
325  181  
326  181  
327  181  
328  181  
329  181  
330  181  
331  181  
332  181  
333  181  
334  181  
335  181  
336  181  
337  181  
338  181  
339  181  
340  181  
341  181  
342  181  
343  181  
344  181  
345  181  
346  181  
347  181  
348  181  
349  181  
350  181  
351  181  
352  181  
353  181  
354  181  
355  181  
356  181  
357  181  
358  181  
359  181  
360  181  
361  181  
362  181  
363  181  
364  181  
365  181  
366  181  
367  181  
368  181  
369  181  
370  181  
371  181  
372  181  
373  181  
374  181  
375  181  
376  181  
377  181  
378  181  
379  181  
380  181  
381  181  
382  181  
383  181  
384  181  
385  181  
386  181  
387  181  
388  181  
389  181  
390  181  
391  181  
392  181  
393  181  
394  181  
395  181  
396  182  
304  201  
305  201  
306  201  
307  201  
308  201  
309  201  
310  201  
311  201  
312  201  
313  201  
314  201  
315  201  
316  201  
317  201  
318  201  
319  201  
320  201  
321  201  
93  202  
94  202  
95  202  
96  202  
97  202  
98  202  
99  202  
100  202  
101  202  
102  202  
103  202  
104  202  
105  202  
106  202  
107  202  
108  202  
109  202  
110  202  
111  202  
112  202  
113  202  
114  202  
115  202  
116  202  
117  202  
118  202  
119  202  
120  202  
121  202  
122  202  
123  202  
124  202  
125  202  
126  202  
127  202  
128  202  
129  202  
130  202  
131  202  
132  202  
133  202  
134  202  
135  202  
136  202  
137  202  
138  202  
139  202  
140  202  
141  202  
142  202  
143  202  
144  202  
145  202  
146  202  
147  202  
148  202  
149  202  
150  202  
151  202  
152  202  
153  202  
154  202  
155  202  
156  202  
157  202  
158  202  
159  202  
160  202  
161  202  
162  202  
163  202  
164  202  
165  202  
166  202  
167  202  
168  202  
169  202  
170  202  
171  202  
172  202  
173  202  
174  202  
175  202  
176  202  
177  202  
178  202  
179  202  
180  202  
181  202  
182  202  
183  202  
184  202  
185  202  
186  202  
187  202  
188  202  
189  202  
190  202  
191  202  
192  202  
193  202  
194  202  
195  202  
196  202  
197  202  
198  202  
199  202  
200  202  
201  202  
202  202  
203  202  
204  202  
205  202  
206  202  
207  202  
208  202  
209  202  
210  202  
211  202  
212  202  
213  202  
214  202  
215  202  
216  202  
217  202  
218  202  
219  202  
220  202  
221  202  
222  202  
223  202  
224  202  
225  202  
226  202  
227  202  
228  202  
229  202  
230  202  
231  202  
232  202  
233  202  
234  202  
235  202  
236  202  
237  202  
238  202  
239  202  
240  202  
241  202  
242  202  
243  202  
244  202  
245  202  
246  202  
247  202  
248  202  
249  202  
250  202  
251  202  
252  202  
253  202  
254  202  
255  202  
256  202  
257  202  
258  202  
259  202  
260  202  
261  202  
262  202  
263  202  
264  202  
265  202  
266  202  
267  202  
268  202  
269  202  
270  202  
271  202  
272  202  
273  202  
274  202  
275  202  
276  202  
277  202  
278  202  
279  202  
280  202  
281  202  
282  202  
283  202  
284  202  
285  202  
286  202  
287  202  
288  202  
289  202  
290  202  
291  202  
292  202  
293  202  
294  202  
295  202  
296  202  
297  202  
298  202  
299  202  
300  202  
301  202  
302  202  
303  202  
322  202  
323  202  
365  201  
366  201  
367  201  
368  201  
369  201  
370  201  
371  201  
372  201  
373  201  
374  201  
375  201  
376  201  
377  201  
378  201  
379  201  
380  201  
381  201  
382  201  
383  201  
384  201  
385  201  
386  201  
387  201  
388  201  
389  201  
390  201  
391  201  
392  201  
393  201  
394  201  
395  201  
396  201  
397  201  
363  202  
364  202  
124  206  
125  206  
126  206  
127  206  
128  206  
129  206  
130  206  
131  206  
132  206  
133  206  
134  206  
135  206  
136  206  
137  206  
138  206  
139  206  
140  206  
141  206  
142  206  
143  206  
144  206  
145  206  
146  206  
147  206  
148  206  
149  206  
150  206  
151  206  
152  206  
153  206  
154  206  
155  206  
156  206  
157  206  
158  206  
159  206  
160  206  
161  206  
162  206  
163  206  
164  206  
165  206  
166  206  
167  206  
168  206  
169  206  
170  206  
171  206  
172  206  
173  206  
174  206  
175  206  
176  206  
177  206  
178  206  
179  206  
180  206  
181  206  
182  206  
183  206  
184  206  
185  206  
186  206  
187  206  
188  206  
189  206  
190  206  
191  206  
192  206  
193  206  
194  206  
195  206  
196  206  
197  206  
198  206  
199  206  
200  206  
201  206  
202  206  
203  206  
204  206  
205  206  
206  206  
207  206  
208  206  
209  206  
210  206  
211  206  
212  206  
213  206  
214  206  
215  206  
216  206  
217  206  
218  206  
219  206  
220  206  
221  206  
222  206  
223  206  
224  206  
225  206  
226  206  
227  206  
228  206  
229  206  
230  206  
231  206  
232  206  
233  206  
234  206  
235  206  
236  206  
237  207  
238  207  
239  207  
240  207  
241  207  
242  207  
243  207  
244  207  
245  207  
246  207  
247  207  
248  207  
249  207  
250  207  
251  207  
252  207  
253  207  
254  207  
255  207  
256  207  
257  207  
258  207  
259  207  
260  207  
261  207  
262  207  
263  207  
264  207  
265  207  
266  207  
267  207  
268  207  
269  207  
270  207  
271  207  
272  207  
273  207  
274  207  
275  207  
276  207  
277  207  
278  207  
279  207  
280  207  
281  207  
282  207  
283  207  
284  207  
285  207  
286  207  
287  207  
288  207  
289  207  
290  207  
291  207  
292  207  
293  207  
294  207  
295  207  
296  207  
297  207  
298  207  
299  207  
300  207  
301  207  
302  207  
303  207  
304  207  
305  207  
306  207  
307  207  
308  207  
309  207  
310  207  
311  207  
312  207  
313  207  
314  207  
315  207  
316  207  
317  207  
318  207  
319  207  
320  207  
321  207  
322  207  
323  207  
324  207  
325  207  
326  207  
327  207  
328  208  
329  208  
330  208  
331  208  
332  208  
333  208  
334  208  
335  208  
336  208  
337  208  
338  208  
339  208  
340  208  
341  208  
342  208  
343  208  
344  208  
345  208  
346  208  
347  208  
348  208  
349  208  
350  208  
351  208  
352  208  
353  208  
354  208  
355  208  
356  208  
357  208  
358  208  
359  208  
360  208  
361  208  
362  208  
363  208  
364  208  
365  208  
366  208  
367  208  
368  208  
369  208  
370  208  
371  208  
372  208  
373  208  
374  208  
375  208  
376  208  
377  208  
378  208  
379  208  
380  208  
381  209  
382  209  
383  209  
384  209  
385  209  
386  209  
387  209  
388  209  
389  209  
390  209  
391  209  
392  209  
393  209  
394  209  
395  209  
396  209  
397  209  
398  209  
399  209  
400  209  
401  209  
402  209  
403  209  
93  210  
93  211  
94  212  
95  213  
95  214  
96  215  
97  216  
97  217  
98  218  
99  219  
100  220  
100  221  
101  222  
102  223  
103  224  
103  225  
104  226  
105  227  
106  228  
106  229  
107  230  
108  231  
109  232  
110  233  
110  234  
111  235  
111  236  
112  237  
113  238  
114  239  
115  240  
115  241  
116  242  
266  215  
267  215  
268  215  
269  215  
270  215  
271  215  
272  215  
273  215  
274  215  
275  215  
276  215  
277  215  
278  215  
279  215  
280  215  
281  215  
282  215  
283  215  
284  215  
285  215  
286  215  
287  215  
288  215  
289  215  
290  215  
291  215  
292  215  
293  215  
294  215  
295  215  
296  215  
297  215  
298  215  
257  224  
258  224  
259  224  
260  224  
261  224  
262  224  
263  224  
264  224  
265  224  
266  224  
267  224  
268  224  
269  224  
270  224  
271  224  
272  224  
273  224  
274  224  
275  224  
276  224  
277  224  
278  224  
279  224  
280  224  
281  224  
282  224  
283  224  
284  224  
285  224  
286  224  
287  224  
288  224  
289  224  
290  224  
291  224  
292  224  
293  224  
294  224  
295  224  
296  224  
297  224  
298  224  
299  224  
300  224  
301  224  
302  224  
303  224  
304  224  
305  224  
306  224  
307  224  
308  224  
309  224  
310  224  
311  224  
423  230  
423  231  
423  232  
424  233  
424  234  
424  235  
424  236  
424  237  
425  238  
425  239  
425  240  
425  241  
426  242  
426  243  
426  244  
426  245  
426  246  
427  247  
427  248  
427  249  
427  250  
427  251  
428  252  
428  253  
428  254  
428  255  
429  256  
429  257  
429  258  
429  259  
429  260  
430  261  
430  262  
430  263  
430  264  
430  265  
431  266  
431  267  
431  268  
431  269  
431  270  
432  271  
432  272  
432  273  
432  274  
123  233  
124  233  
125  233  
126  233  
127  233  
128  233  
129  233  
130  233  
131  233  
132  233  
133  233  
134  233  
135  233  
136  233  
137  233  
138  233  
139  233  
140  233  
141  233  
142  233  
143  233  
144  233  
145  233  
146  233  
147  233  
148  233  
149  233  
150  233  
151  233  
152  233  
153  233  
154  233  
155  233  
156  233  
157  233  
158  233  
159  233  
160  233  
161  233  
162  233  
163  233  
164  233  
165  233  
166  233  
167  233  
168  233  
169  233  
170  233  
171  233  
172  233  
173  233  
174  233  
175  233  
176  233  
177  233  
178  233  
179  233  
180  233  
181  233  
182  233  
183  233  
184  233  
185  233  
186  233  
187  233  
188  233  
189  233  
190  233  
191  233  
192  233  
193  233  
194  233  
195  233  
196  233  
197  233  
198  233  
199  233  
200  233  
201  233  
202  233  
203  233  
204  233  
205  233  
206  233  
207  233  
208  233  
209  233  
210  233  
211  233  
212  233  
213  233  
214  233  
215  233  
216  233  
217  233  
218  233  
219  233  
220  233  
221  233  
222  233  
223  233  
224  233  
225  233  
226  233  
227  233  
228  233  
229  233  
230  233  
231  233  
232  233  
233  233  
234  233  
235  233  
236  233  
237  233  
238  233  
239  233  
240  233  
241  233  
242  233  
243  233  
244  233  
245  233  
246  233  
247  233  
248  233  
249  233  
250  233  
251  233  
252  233  
253  233  
254  233  
255  233  
256  233  
257  233  
258  233  
259  233  
260  233  
261  233  
262  233  
263  233  
264  233  
265  233  
266  233  
267  233  
268  233  
269  233  
270  233  
271  233  
272  233  
273  233  
274  233  
275  233  
276  233  
277  233  
278  233  
279  233  
280  233  
281  233  
282  233  
283  233  
284  233  
285  233  
286  233  
287  233  
288  233  
289  233  
290  233  
291  233  
292  233  
293  233  
294  233  
295  233  
296  233  
297  233  
298  233  
299  233  
300  233  
301  233  
302  233  
303  233  
304  233  
305  233  
306  233  
307  233  
308  233  
309  233  
310  233  
311  233  
312  233  
313  233  
314  233  
315  233  
316  233  
317  233  
318  233  
319  233  
320  233  
321  233  
322  233  
323  233  
324  233  
325  233  
326  233  
327  233  
328  233  
329  233  
330  233  
331  233  
332  233  
333  233  
334  233  
335  233  
336  233  
337  233  
338  233  
339  233  
340  233  
341  233  
342  233  
343  233  
344  233  
345  233  
346  233  
419  233  
420  234  
420  235  
420  236  
420  237  
420  238  
421  239  
421  240  
421  241  
421  242  
422  243  
422  244  
422  245  
422  246  
423  247  
423  248  
423  249  
423  250  
424  251  
424  252  
424  253  
424  254  
424  255  
425  256  
425  257  
425  258  
425  259  
426  260  
426  261  
426  262  
426  263  
426  264  
427  265  
427  266  
427  267  
427  268  
427  269  
428  270  
428  271  
428  272  
428  273  
428  274  
429  275  
429  276  
429  277  
429  278  
429  279  
429  280  
430  281  
430  282  
430  283  
430  284  
430  285  
430  286  
430  287  
431  288  
431  289  
431  290  
431  291  
431  292  
431  293  
432  294  
432  295  
432  296  
432  297  
432  298  
432  299  
432  300  
432  301  
433  302  
433  303  
433  304  
433  305  
433  306  
433  307  
433  308  
434  309  
434  310  
434  311  
434  312  
434  313  
434  314  
434  315  
435  316  
435  317  
435  318  
435  319  
435  320  
241  244  
242  244  
243  244  
244  244  
245  244  
246  244  
247  244  
248  244  
249  244  
250  244  
251  244  
252  244  
253  244  
254  244  
255  244  
256  244  
257  244  
258  244  
259  244  
260  244  
261  244  
262  244  
263  245  
263  246  
263  247  
126  245  
127  246  
128  247  
128  248  
129  249  
129  250  
130  251  
130  252  
131  253  
131  254  
132  255  
132  256  
133  257  
133  258  
134  259  
135  260  
135  261  
136  262  
137  263  
137  264  
138  265  
139  266  
139  267  
140  268  
140  269  
141  270  
142  271  
142  272  
143  273  
143  274  
144  275  
144  276  
145  277  
145  278  
146  279  
147  280  
147  281  
148  282  
269  246  
270  246  
271  246  
272  246  
273  246  
274  246  
275  246  
276  246  
277  246  
278  246  
279  246  
280  246  
281  246  
282  246  
283  246  
284  246  
285  246  
286  246  
287  246  
288  246  
289  246  
290  246  
291  246  
292  246  
293  246  
294  246  
295  246  
296  246  
297  247  
298  247  
299  247  
300  247  
301  247  
302  247  
303  247  
304  247  
305  247  
306  247  
307  247  
308  247  
309  247  
310  247  
311  247  
312  247  
313  247  
314  247  
315  247  
316  247  
317  247  
318  247  
319  247  
320  247  
321  247  
322  247  
323  247  
336  246  
337  246  
338  246  
339  246  
340  246  
341  246  
342  246  
343  246  
344  246  
345  246  
346  246  
347  246  
348  246  
349  246  
350  246  
351  246  
352  246  
353  246  
354  246  
355  246  
356  246  
357  246  
358  246  
359  246  
328  247  
329  247  
330  247  
331  247  
332  247  
333  247  
334  247  
335  247  
398  246  
398  247  
398  248  
398  249  
398  250  
398  251  
398  252  
398  253  
398  254  
398  255  
398  256  
399  257  
399  258  
399  259  
399  260  
399  261  
399  262  
400  263  
400  264  
400  265  
400  266  
400  267  
400  268  
373  248  
373  249  
372  250  
372  251  
372  252  
372  253  
372  254  
372  255  
372  256  
372  257  
372  258  
372  259  
372  260  
372  261  
372  262  
372  263  
372  264  
372  265  
372  266  
372  267  
372  268  
372  269  
372  270  
372  271  
372  272  
372  273  
373  274  
373  275  
373  276  
373  277  
373  278  
373  279  
387  248  
388  249  
388  250  
388  251  
388  252  
389  253  
389  254  
389  255  
390  256  
390  257  
390  258  
390  259  
390  260  
391  261  
391  262  
391  263  
391  264  
392  265  
392  266  
392  267  
392  268  
393  269  
393  270  
393  271  
393  272  
393  273  
394  274  
394  275  
394  276  
394  277  
394  278  
395  279  
395  280  
395  281  
395  282  
396  283  
396  284  
396  285  
396  286  
396  287  
397  288  
397  289  
397  290  
397  291  
397  292  
398  293  
398  294  
398  295  
398  296  
398  297  
399  298  
399  299  
399  300  
399  301  
399  302  
350  250  
351  250  
352  250  
353  250  
354  250  
355  250  
356  250  
357  250  
336  251  
337  251  
338  251  
339  251  
340  251  
341  251  
342  251  
343  251  
344  251  
345  251  
346  251  
347  251  
348  251  
349  251  
301  252  
302  252  
303  252  
304  252  
305  252  
306  252  
307  252  
308  252  
309  252  
310  252  
311  252  
312  252  
313  252  
314  252  
315  252  
316  252  
317  252  
295  253  
296  253  
297  253  
298  253  
299  253  
300  253  
404  254  
404  255  
404  256  
405  257  
405  258  
406  259  
406  260  
406  261  
406  262  
406  263  
407  264  
407  265  
407  266  
407  267  
408  268  
408  269  
408  270  
409  271  
409  272  
409  273  
410  274  
410  275  
410  276  
411  277  
411  278  
411  279  
412  280  
412  281  
412  282  
412  283  
413  284  
413  285  
413  286  
413  287  
414  288  
414  289  
414  290  
414  291  
415  292  
415  293  
415  294  
416  295  
416  296  
416  297  
417  298  
417  299  
417  300  
418  301  
418  302  
418  303  
418  257  
418  258  
419  259  
419  260  
419  261  
420  262  
420  263  
420  264  
421  265  
421  266  
421  267  
422  268  
422  269  
422  270  
423  271  
423  272  
423  273  
424  274  
424  275  
424  276  
424  277  
425  278  
425  279  
425  280  
324  259  
324  260  
324  261  
324  262  
324  263  
324  264  
325  265  
325  266  
325  267  
325  268  
325  269  
326  270  
326  271  
326  272  
326  273  
326  274  
326  275  
327  276  
327  277  
327  278  
327  279  
327  280  
327  281  
327  282  
327  283  
328  284  
328  285  
328  286  
328  287  
328  288  
328  289  
329  290  
329  291  
329  292  
329  293  
329  294  
329  295  
330  296  
330  297  
330  298  
330  299  
330  300  
330  301  
331  302  
331  303  
331  304  
331  305  
331  306  
331  307  
331  308  
331  309  
332  310  
332  311  
332  312  
332  313  
332  314  
332  315  
333  316  
333  317  
333  318  
333  319  
333  320  
333  321  
333  322  
334  323  
334  324  
334  325  
334  326  
334  327  
334  328  
334  329  
335  330  
335  331  
335  332  
335  333  
335  334  
335  335  
335  336  
336  337  
336  338  
336  339  
336  340  
336  341  
336  342  
336  343  
337  344  
337  345  
337  346  
337  347  
337  348  
337  349  
337  350  
338  351  
338  352  
338  353  
338  354  
338  355  
338  356  
338  357  
339  358  
339  359  
339  360  
339  361  
339  362  
339  363  
339  364  
340  365  
340  366  
340  367  
340  368  
340  369  
340  370  
340  371  
341  372  
341  373  
341  374  
341  375  
341  376  
341  377  
342  378  
342  379  
342  380  
342  381  
342  382  
342  383  
342  384  
343  385  
343  386  
343  387  
343  388  
343  389  
343  390  
343  391  
343  392  
344  393  
328  259  
328  260  
328  261  
328  262  
328  263  
329  264  
329  265  
329  266  
329  267  
329  268  
330  269  
330  270  
330  271  
330  272  
331  273  
331  274  
331  275  
331  276  
331  277  
331  278  
332  279  
332  280  
332  281  
332  282  
332  283  
332  284  
333  285  
333  286  
333  287  
333  288  
333  289  
333  290  
334  291  
334  292  
334  293  
334  294  
334  295  
334  296  
335  297  
335  298  
335  299  
335  300  
335  301  
335  302  
335  303  
336  304  
336  305  
336  306  
336  307  
336  308  
336  309  
337  310  
337  311  
337  312  
337  313  
337  314  
337  315  
337  316  
338  317  
338  318  
338  319  
338  320  
338  321  
338  322  
339  323  
339  324  
339  325  
339  326  
339  327  
339  328  
339  329  
340  330  
340  331  
340  332  
340  333  
340  334  
340  335  
341  336  
341  337  
341  338  
341  339  
341  340  
341  341  
341  342  
342  343  
342  344  
342  345  
342  346  
342  347  
342  348  
342  349  
343  350  
343  351  
343  352  
343  353  
343  354  
343  355  
343  356  
343  357  
343  358  
343  359  
344  360  
344  361  
344  362  
344  363  
344  364  
344  365  
344  366  
344  367  
388  266  
388  267  
388  268  
388  269  
389  270  
389  271  
389  272  
390  273  
390  274  
390  275  
390  276  
390  277  
391  278  
391  279  
391  280  
391  281  
391  282  
392  283  
392  284  
392  285  
392  286  
392  287  
393  288  
393  289  
393  290  
393  291  
393  292  
364  269  
364  270  
364  271  
364  272  
364  273  
364  274  
365  275  
365  276  
365  277  
365  278  
365  279  
366  280  
366  281  
366  282  
366  283  
366  284  
366  285  
367  286  
367  287  
367  288  
367  289  
367  290  
367  291  
367  292  
368  293  
368  294  
368  295  
368  296  
368  297  
368  298  
369  299  
369  300  
369  301  
369  302  
369  303  
370  304  
370  305  
370  306  
370  307  
370  308  
371  309  
371  310  
371  311  
371  312  
371  313  
371  314  
372  315  
372  316  
372  317  
372  318  
372  319  
372  320  
373  321  
373  322  
373  323  
373  324  
373  325  
417  271  
417  272  
417  273  
418  274  
418  275  
418  276  
418  277  
419  278  
419  279  
419  280  
419  281  
419  282  
420  283  
420  284  
420  285  
421  286  
421  287  
421  288  
421  289  
421  290  
422  291  
422  292  
422  293  
422  294  
423  295  
423  296  
423  297  
423  298  
423  299  
423  300  
424  301  
424  302  
424  303  
424  304  
425  305  
425  306  
425  307  
425  308  
425  309  
425  310  
426  311  
426  312  
426  313  
426  314  
426  315  
426  316  
280  274  
267  275  
268  275  
269  275  
270  275  
271  275  
272  275  
273  275  
274  275  
275  275  
276  275  
277  275  
278  275  
279  275  
254  276  
255  276  
256  276  
257  276  
258  276  
259  276  
260  276  
261  276  
262  276  
263  276  
264  276  
265  276  
266  276  
237  277  
238  277  
239  277  
240  277  
241  277  
242  277  
243  277  
244  277  
245  277  
246  277  
247  277  
248  277  
249  277  
250  277  
251  277  
252  277  
253  277  
223  278  
224  278  
225  278  
226  278  
227  278  
228  278  
229  278  
230  278  
231  278  
232  278  
233  278  
234  278  
235  278  
236  278  
220  279  
221  279  
222  279  
292  277  
292  278  
292  279  
292  280  
292  281  
292  282  
293  283  
293  284  
293  285  
293  286  
293  287  
293  288  
293  289  
293  290  
294  291  
294  292  
294  293  
294  294  
294  295  
294  296  
294  297  
295  298  
295  299  
295  300  
295  301  
295  302  
295  303  
295  304  
295  305  
296  306  
296  307  
296  308  
296  309  
296  310  
296  311  
296  312  
296  313  
297  314  
297  315  
297  316  
297  317  
297  318  
297  319  
297  320  
297  321  
298  322  
298  323  
298  324  
298  325  
298  326  
298  327  
298  328  
298  329  
299  330  
299  331  
299  332  
299  333  
299  334  
299  335  
299  336  
299  337  
300  338  
300  339  
300  340  
300  341  
300  342  
300  343  
300  344  
301  345  
301  346  
301  347  
301  348  
301  349  
301  350  
301  351  
301  352  
302  353  
302  354  
302  355  
302  356  
302  357  
302  358  
302  359  
302  360  
303  361  
303  362  
303  363  
303  364  
303  365  
303  366  
303  367  
303  368  
303  369  
303  370  
303  371  
303  372  
304  373  
304  374  
304  375  
304  376  
304  377  
304  378  
304  379  
304  380  
305  381  
305  382  
305  383  
305  384  
305  385  
305  386  
305  387  
305  388  
306  389  
306  390  
306  391  
306  392  
306  393  
306  394  
306  395  
306  396  
306  397  
307  398  
307  399  
306  400  
403  278  
403  279  
404  280  
404  281  
404  282  
404  283  
405  284  
405  285  
405  286  
405  287  
406  288  
406  289  
406  290  
406  291  
407  292  
407  293  
407  294  
407  295  
408  296  
408  297  
408  298  
408  299  
409  300  
409  301  
409  302  
409  303  
410  304  
410  305  
410  306  
410  307  
410  308  
410  309  
411  310  
411  311  
411  312  
411  313  
411  314  
412  315  
412  316  
412  317  
412  318  
412  319  
413  320  
413  321  
413  322  
413  323  
414  324  
414  325  
414  326  
414  327  
414  328  
415  329  
415  330  
415  331  
415  332  
415  333  
415  334  
416  335  
416  336  
416  337  
416  338  
416  339  
416  340  
416  341  
417  342  
417  343  
417  344  
417  345  
417  346  
417  347  
418  348  
418  349  
418  350  
418  351  
418  352  
418  353  
418  354  
418  355  
419  356  
419  357  
419  358  
419  359  
419  360  
419  361  
419  362  
420  363  
420  364  
420  365  
420  366  
420  367  
420  368  
420  369  
421  370  
421  371  
421  372  
421  373  
421  374  
421  375  
421  376  
422  377  
422  378  
422  379  
422  380  
422  381  
422  382  
423  383  
423  384  
423  385  
423  386  
423  387  
424  388  
424  389  
424  390  
424  391  
425  392  
425  393  
425  394  
270  279  
270  280  
270  281  
270  282  
270  283  
270  284  
270  285  
270  286  
270  287  
270  288  
271  289  
271  290  
271  291  
271  292  
271  293  
271  294  
271  295  
272  296  
272  297  
272  298  
272  299  
272  300  
289  282  
289  283  
289  284  
289  285  
289  286  
289  287  
289  288  
289  289  
290  290  
290  291  
290  292  
290  293  
290  294  
290  295  
290  296  
291  297  
291  298  
291  299  
291  300  
291  301  
291  302  
291  303  
291  304  
292  305  
292  306  
292  307  
292  308  
292  309  
292  310  
292  311  
293  312  
293  313  
293  314  
293  315  
293  316  
293  317  
293  318  
293  319  
294  320  
294  321  
294  322  
294  323  
294  324  
294  325  
294  326  
294  327  
295  328  
295  329  
295  330  
295  331  
295  332  
295  333  
295  334  
295  335  
296  336  
296  337  
296  338  
296  339  
296  340  
296  341  
296  342  
296  343  
297  344  
297  345  
297  346  
297  347  
297  348  
297  349  
297  350  
297  351  
298  352  
298  353  
298  354  
298  355  
298  356  
298  357  
201  283  
202  283  
203  283  
204  283  
205  283  
206  283  
207  283  
208  283  
209  283  
189  284  
190  284  
191  284  
192  284  
193  284  
194  284  
195  284  
196  284  
197  284  
198  284  
199  284  
200  284  
178  285  
179  285  
180  285  
181  285  
182  285  
183  285  
184  285  
185  285  
186  285  
187  285  
188  285  
168  286  
169  286  
170  286  
171  286  
172  286  
173  286  
174  286  
175  286  
176  286  
177  286  
160  287  
161  287  
162  287  
163  287  
164  287  
165  287  
166  287  
167  287  
158  288  
159  288  
386  286  
386  287  
386  288  
386  289  
386  290  
387  291  
387  292  
387  293  
387  294  
388  295  
388  296  
388  297  
388  298  
388  299  
389  300  
389  301  
389  302  
389  303  
390  304  
390  305  
390  306  
215  294  
215  295  
216  296  
216  297  
216  298  
216  299  
216  300  
216  301  
216  302  
216  303  
216  304  
216  305  
216  306  
216  307  
216  308  
216  309  
217  310  
217  311  
217  312  
217  313  
217  314  
217  315  
217  316  
217  317  
217  318  
217  319  
217  320  
217  321  
217  322  
217  323  
218  324  
218  325  
218  326  
218  327  
218  328  
218  329  
218  330  
218  331  
218  332  
218  333  
218  334  
219  335  
219  336  
219  337  
219  338  
219  339  
219  340  
219  341  
219  342  
219  343  
219  344  
219  345  
219  346  
220  347  
220  348  
220  349  
220  350  
220  351  
220  352  
220  353  
220  354  
220  355  
220  356  
221  357  
221  358  
221  359  
221  360  
221  361  
221  362  
221  363  
221  364  
221  365  
221  366  
221  367  
394  294  
394  295  
394  296  
394  297  
394  298  
394  299  
395  300  
395  301  
395  302  
395  303  
395  304  
395  305  
395  306  
396  307  
396  308  
396  309  
396  310  
396  311  
396  312  
396  313  
397  314  
397  315  
397  316  
397  317  
397  318  
397  319  
397  320  
398  321  
398  322  
398  323  
398  324  
398  325  
398  326  
399  327  
399  328  
399  329  
399  330  
399  331  
399  332  
399  333  
400  334  
400  335  
400  336  
400  337  
400  338  
400  339  
400  340  
400  341  
400  342  
400  343  
401  344  
401  345  
401  346  
401  347  
401  348  
401  349  
401  350  
189  301  
189  302  
189  303  
189  304  
189  305  
189  306  
189  307  
190  308  
190  309  
190  310  
190  311  
190  312  
190  313  
190  314  
190  315  
190  316  
190  317  
190  318  
190  319  
190  320  
190  321  
190  322  
190  323  
191  324  
191  325  
191  326  
191  327  
191  328  
191  329  
191  330  
191  331  
191  332  
191  333  
191  334  
191  335  
192  336  
192  337  
400  304  
400  305  
400  306  
400  307  
400  308  
400  309  
401  310  
401  311  
401  312  
401  313  
401  314  
401  315  
401  316  
401  317  
402  318  
402  319  
402  320  
402  321  
402  322  
402  323  
402  324  
403  325  
403  326  
403  327  
403  328  
403  329  
403  330  
404  331  
404  332  
404  333  
404  334  
404  335  
404  336  
405  337  
405  338  
405  339  
405  340  
405  341  
391  310  
391  311  
391  312  
391  313  
391  314  
391  315  
391  316  
391  317  
392  318  
392  319  
392  320  
392  321  
392  322  
392  323  
393  324  
393  325  
393  326  
393  327  
393  328  
393  329  
394  330  
394  331  
394  332  
394  333  
395  334  
395  335  
395  336  
395  337  
395  338  
396  339  
396  340  
397  341  
397  342  
422  314  
422  315  
422  316  
423  317  
423  318  
423  319  
424  320  
424  321  
424  322  
424  323  
425  324  
425  325  
425  326  
425  327  
425  328  
425  329  
426  330  
426  331  
426  332  
426  333  
441  330  
441  331  
441  332  
441  333  
442  334  
442  335  
442  336  
442  337  
442  338  
442  339  
442  340  
442  341  
443  342  
443  343  
443  344  
443  345  
443  346  
443  347  
443  348  
444  349  
444  350  
444  351  
444  352  
444  353  
444  354  
444  355  
444  356  
445  357  
445  358  
445  359  
445  360  
445  361  
445  362  
446  363  
446  364  
446  365  
446  366  
446  367  
446  368  
447  369  
447  370  
447  371  
447  372  
447  373  
448  374  
448  375  
448  376  
448  377  
448  378  
448  379  
427  336  
427  337  
427  338  
427  339  
427  340  
427  341  
428  342  
428  343  
428  344  
428  345  
428  346  
428  347  
429  348  
429  349  
429  350  
429  351  
429  352  
429  353  
430  354  
430  355  
430  356  
430  357  
430  358  
430  359  
430  360  
431  361  
431  362  
431  363  
431  364  
431  365  
431  366  
431  367  
431  368  
432  369  
432  370  
432  371  
432  372  
432  373  
432  374  
432  375  
433  376  
433  377  
433  378  
433  379  
433  380  
433  381  
434  382  
434  383  
434  384  
434  385  
434  386  
435  387  
435  388  
435  389  
435  390  
436  391  
436  392  
436  393  
436  394  
437  395  
437  396  
437  397  
438  398  
438  399  
438  400  
439  401  
439  402  
439  403  
439  404  
440  405  
440  406  
440  407  
441  408  
441  409  
441  410  
441  411  
442  412  
442  413  
406  343  
406  344  
406  345  
406  346  
406  347  
406  348  
407  349  
407  350  
407  351  
407  352  
407  353  
407  354  
408  355  
408  356  
408  357  
408  358  
408  359  
408  360  
408  361  
409  362  
409  363  
409  364  
409  365  
409  366  
409  367  
409  368  
410  369  
410  370  
410  371  
410  372  
410  373  
410  374  
410  375  
411  376  
411  377  
411  378  
411  379  
411  380  
411  381  
411  382  
411  383  
412  384  
412  385  
412  386  
412  387  
412  388  
412  389  
412  390  
413  391  
413  392  
413  393  
413  394  
413  395  
413  396  
413  397  
413  398  
414  399  
414  400  
414  401  
414  402  
414  403  
414  404  
414  405  
414  406  
414  407  
439  347  
439  348  
439  349  
439  350  
439  351  
439  352  
440  353  
440  354  
440  355  
440  356  
440  357  
440  358  
440  359  
440  360  
441  361  
441  362  
441  363  
441  364  
441  365  
441  366  
441  367  
441  368  
441  369  
441  370  
442  371  
442  372  
442  373  
442  374  
442  375  
442  376  
442  377  
442  378  
442  379  
442  380  
442  381  
443  382  
443  383  
443  384  
443  385  
443  386  
443  387  
443  388  
443  389  
444  390  
444  391  
444  392  
444  393  
444  394  
444  395  
445  396  
445  397  
445  398  
445  399  
445  400  
446  401  
446  402  
446  403  
447  404  
447  405  
447  406  
448  407  
448  408  
448  409  
448  410  
403  358  
403  359  
403  360  
403  361  
403  362  
403  363  
403  364  
403  365  
403  366  
403  367  
404  368  
404  369  
404  370  
404  371  
404  372  
404  373  
404  374  
404  375  
405  376  
405  377  
405  378  
405  379  
405  380  
405  381  
405  382  
405  383  
406  384  
406  385  
406  386  
406  387  
406  388  
406  389  
406  390  
406  391  
407  392  
407  393  
407  394  
407  395  
407  396  
407  397  
408  398  
408  399  
408  400  
408  401  
408  402  
408  403  
409  404  
409  405  
409  406  
286  365  
287  365  
288  365  
289  365  
290  365  
291  365  
270  366  
271  366  
272  366  
273  366  
274  366  
275  366  
276  366  
277  366  
278  366  
279  366  
280  366  
281  366  
282  366  
283  366  
284  366  
285  366  
258  367  
259  367  
260  367  
261  367  
262  367  
263  367  
264  367  
265  367  
266  367  
267  367  
268  367  
269  367  
247  368  
248  368  
249  368  
250  368  
251  368  
252  368  
253  368  
254  368  
255  368  
256  368  
257  368  
238  369  
239  369  
240  369  
241  369  
242  369  
243  369  
244  369  
245  369  
246  369  
227  370  
228  370  
229  370  
230  370  
231  370  
232  370  
233  370  
234  370  
235  370  
236  370  
237  370  
296  368  
296  369  
296  370  
296  371  
296  372  
296  373  
296  374  
296  375  
296  376  
297  377  
297  378  
297  379  
297  380  
297  381  
297  382  
297  383  
297  384  
298  385  
298  386  
298  387  
298  388  
298  389  
298  390  
299  391  
299  392  
299  393  
299  394  
299  395  
299  396  
299  397  
300  398  
345  369  
345  370  
345  371  
345  372  
345  373  
346  374  
346  375  
346  376  
346  377  
346  378  
346  379  
347  380  
347  381  
347  382  
347  383  
347  384  
347  385  
347  386  
347  387  
347  388  
347  389  
347  390  
347  391  
426  396  
426  397  
427  398  
427  399  
427  400  
428  401  
428  402  
428  403  
429  404  
429  405  
429  406  
430  407  
430  408  
430  409  
430  410  
431  411  
431  412  
431  413  
431  414  
432  415  
432  416  
432  417  
432  418  
334  399  
335  399  
336  399  
337  399  
338  399  
339  399  
323  400  
324  400  
325  400  
326  400  
327  400  
328  400  
329  400  
330  400  
331  400  
332  400  
333  400  
313  401  
314  401  
315  401  
316  401  
317  401  
318  401  
319  401  
320  401  
321  401  
322  401  
305  402  
306  402  
307  402  
308  402  
309  402  
310  402  
311  402  
312  402  
299  403  
300  403  
301  403  
302  403  
303  403  
304  403  
288  404  
289  404  
290  404  
291  404  
292  404  
293  404  
294  404  
295  404  
296  404  
297  404  
298  404  
334  425  
327  426  
328  426  
329  426  
330  426  
331  426  
332  426  
333  426  
321  427  
322  427  
323  427  
324  427  
325  427  
326  427  
318  428  
319  428  
320  428  
314  429  
315  429  
316  429  
317  429  
311  430  
312  430  
313  430  
307  431  
308  431  
309  431  
310  431  
282  473  
283  473  
284  473  
285  474  
286  474  
287  474  
288  475  
289  475  
290  475  
291  475  
292  476  
293  476  
294  476  
295  476  
296  477  
297  477  
298  477  
299  477  
300  477  
301  478  
302  478  
303  478  
304  478  
305  478  
306  478  
307  479  
308  479  
309  479  
310  479  
311  479  
312  479  
313  480  
314  480  
360  520  
361  521  
362  522  
363  523  
364  524  
364  525  
365  526  
366  527  
367  528  
368  529  
369  530  
370  531  
371  532  
372  533  
373  534  
374  535  
374  536  
375  537  
376  538  
377  539  
378  540  
378  541  
379  542  
379  543  
380  544  
381  545  
315  521  
316  521  
309  522  
310  522  
311  522  
312  522  
313  522  
314  522  
295  523  
296  523  
297  523  
298  523  
299  523  
300  523  
301  523  
302  523  
303  523  
304  523  
305  523  
306  523  
307  523  
308  523  
287  524  
288  524  
289  524  
290  524  
291  524  
292  524  
293  524  
294  524  
307  527  
308  527  
309  527  
310  527  
311  527  
312  527  
313  527  
314  527  
289  528  
290  528  
291  528  
292  528  
293  528  
294  528  
295  528  
296  528  
297  528  
298  528  
299  528  
300  528  
301  528  
302  528  
303  528  
304  528  
305  528  
306  528  
281  529  
282  529  
283  529  
284  529  
285  529  
286  529  
287  529  
288  529  
269  554  
269  555  
269  556  
269  557  
269  558  
269  559  
268  560  
268  561  
268  562  
268  563  
268  564  
268  565  
268  566  
268  567  
268  568  
268  569  
268  570  
268  571  
269  572  
269  573  
269  574  
269  575  
269  576  
269  577  
270  578  
314  556  
314  557  
314  558  
314  559  
314  560  
314  561  
314  562  
315  563  
315  564  
315  565  
315  566  
315  567  
315  568  
315  569  
315  570  
315  571  
315  572  
315  573  
315  574  
315  575  
315  576  
315  577  
315  578  
315  579  
315  580  
315  581  
315  582  
315  583  
316  584  
316  585  
316  586  
316  587  
316  588  
316  589  
316  590  
316  591  
316  592  
316  593  
316  594  
316  595  
317  596  
317  597  
317  598  
317  599  
317  600  
317  601  
317  602  
318  603  
318  604  
318  605  
318  606  
318  607  
318  608  
321  557  
321  558  
322  559  
322  560  
322  561  
322  562  
322  563  
322  564  
322  565  
322  566  
322  567  
322  568  
322  569  
322  570  
322  571  
322  572  
322  573  
322  574  
322  575  
323  576  
323  577  
323  578  
323  579  
323  580  
323  581  
323  582  
323  583  
323  584  
323  585  
323  586  
323  587  
323  588  
323  589  
323  590  
323  591  
323  592  
323  593  
323  594  
323  595  
324  596  
324  597  
324  598  
324  599  
324  600  
324  601  
324  602  
324  603  
324  604  
324  605  
324  606  
324  607  
324  608  
271  586  
272  587  
272  588  
272  589  
272  590  
272  591  
272  592  
273  593  
273  594  
273  595  
274  596  
274  597  
274  598  
274  599  
275  600  
275  601  
275  602  
275  603  
275  604  
275  605  
276  606  
276  607  
277  608  
